timstamp,smoothx,smoothy,rawx,rawy,fixation
610512953,970.0871876048801,529.4004377064624,1010.7943,497.7972,1
610512970,968.718026790362,525.6112129713529,924.4477,454.6573,1
610512986,969.2242282430395,525.3296550906987,967.3459,503.8514,1
610513003,968.9041793667709,524.6843439729981,948.0728,495.2489,1
610513020,970.0030855207411,525.471220990853,986.0137,521.0616,1
610513036,970.5282328079267,527.1634894315943,972.5542,533.6373,1
610513053,970.3146636713882,524.9370398124572,955.1364,470.1569,1
610513070,970.7591808052233,524.2984648622987,974.475,496.6611,1
610513086,972.0868894626691,523.628963232786,1002.8551,499.3982,1
610513103,973.77198569652,523.7053918752938,1016.2214,513.2357,1
610513120,973.1026744058023,524.4650222784722,944.7565,514.5347,1
610513136,973.8390488689307,524.9948723973084,990.1936,517.1383,1
610513153,977.125918755156,527.7033362628584,1073.3378,568.1468,1
610513170,980.7683254559984,531.1807029368997,1088.3585,585.3389,1
610513186,982.8947753519732,532.4854463046858,1043.39,540.5283,1
610513203,982.5727251274515,531.7126341741968,965.7223,491.6776,1
610513220,984.250302671164,531.1384962157244,1034.7222,505.4207,1
610513236,985.1469578523945,530.3351524281329,1010.957,497.8745,1
610513253,985.0487400813937,531.2818442097542,966.8221,525.6268,1
610513270,984.9835042276771,529.6928192429962,973.3496,482.6156,1
610513286,985.4324598667629,530.0321169979649,988.3921,515.4896,1
610513303,986.3143909986054,527.336890346407,1011.4036,463.8859,1
610513320,988.5228559846421,525.0213011569654,1057.9202,476.668,1
610513336,990.127016628725,523.3117242895605,1048.2645,485.742,1
610513353,989.1279054206777,523.5302121133769,972.2779,510.846,1
610513369,988.8254085226862,523.0647872980915,986.7369,504.0847,1
610513386,989.0935222458704,524.3005443828087,1019.9414,535.0139,1
610513403,989.1782469370994,520.1175754220092,1003.2284,430.5928,1
610513419,989.2321986269316,517.9605393302161,1002.4005,470.2223,1
610513437,989.667912110267,520.7275587439726,1014.2623,561.2139,1
610513454,988.7813098478764,519.4417130013205,973.0323,479.0514,1
610513470,987.5530371146192,518.6770199304825,952.9143,482.3617,1
610513487,987.8131558488584,516.7754654675559,1009.9667,473.4191,1
610513504,986.2275274458714,515.0696241732976,945.7551,466.3329,1
610513520,980.7404550231664,518.5477067011076,814.4938,545.8116,1
610513537,975.8801179181112,523.0196282672209,833.1235,567.4758,1
610513553,878.5223663480059,539.4878723510132,788.17,493.3102,0
610513570,869.8895618238042,597.690942179795,769.3359,553.264,0
610513587,852.0660991042774,599.4330135997845,699.8287,547.0105,0
610513603,871.6647658095274,590.0204181569821,849.7924,536.4319,0
610513620,866.9619947919977,587.5791195927972,736.6483,530.0262,0
610513637,878.3145916188411,574.6486109814879,875.0098,489.2417,0
610513653,881.8180248454303,566.106093372075,827.0767,483.74,1
610513670,876.3274755975551,565.2591213436642,719.6553,507.4742,1
610513687,873.2619463613256,566.2705920395995,736.3984,523.5236,1
610513703,875.1288157500652,571.9874132834361,806.5126,578.5056,1
610513720,873.7967500685492,570.3769392428877,756.4496,507.8426,1
610513736,875.5458002198393,569.5565118827808,812.8311,521.7671,1
610513753,874.862148193209,567.5158559383112,767.0912,499.5773,1
610513770,874.8996923917333,566.1243555721919,781.2938,506.4985,1
610513786,878.4785795449776,557.9370252319621,868.3503,427.8741,1
610513803,876.2506111946182,557.3172560725483,729.4518,500.9025,1
610513820,879.6172101025081,556.2676031837133,870.2897,513.9043,1
610513836,884.7305239492863,551.2929762017995,926.5381,461.8549,1
610513853,890.2299225470931,541.676096404448,949.9483,387.8342,1
610513870,896.7887675050022,537.8177466284523,988.1873,474.9455,1
610513886,900.221093424043,533.7693778977157,907.5864,455.8309,1
610513903,904.0094252319614,528.4766668837848,925.7722,433.1789,1
610513919,908.9681750762634,521.3567303030788,970.0589,403.0709,1
610513936,911.7285298279902,516.5908056528425,907.9999,428.6808,1
610513953,915.3342153503309,512.7300795439717,940.4484,444.4583,1
610513969,919.0247544156787,508.67461732441,950.0297,437.9736,1
610513986,921.5440552475975,506.2638895337223,917.4285,458.6604,1
610514003,925.1367801893638,503.5603626790076,959.1034,455.545,1
610514019,926.1245830515569,499.4032232685379,879.3903,413.3629,1
610514035,923.1368691776581,497.7914771171981,748.8174,437.7398,1
610514052,919.2656591773399,497.47987970087064,720.8374,454.5764,1
610514069,914.8875645271194,496.33054969902804,696.7709,443.1862,1
610514085,911.7031181213697,495.58424177711936,734.0763,452.05,1
610514102,907.0675886006371,496.0418298671559,702.9666,462.783,1
610514119,902.6635829959948,497.77535502562705,699.0269,483.9073,1
610514135,898.3348483066142,498.3036515730638,717.1483,454.871,1
610514152,894.2902458742471,496.87250888759456,720.8484,417.2159,1
610514168,890.4884071577992,498.14008305876735,714.2139,469.4626,1
610514185,886.7361475969951,497.13988358250225,717.1917,426.9709,1
610514202,883.2064330578913,496.3204296496376,728.7198,434.9247,1
610514218,880.2280106258079,497.73377423334415,736.2645,469.4798,1
610514235,803.4685357910054,751.1663497899732,634.5848,699.1146,0
610514335,806.2514141453544,669.658308801141,642.8218,612.5453,0
610514351,813.4020386081803,641.5657575855032,672.5959,556.4151,0
610514368,819.9770178139669,597.2762293415728,700.4999,448.3059,0
610514385,824.1766936741333,559.675359364515,709.3763,384.5644,0
610514401,826.7591584290077,546.8314519398522,707.9566,437.4667,0
610514418,852.9055105623563,463.10134453193723,740.8794,404.2663,0
610514435,831.9890992437661,515.5026871209465,698.3049,454.5583,0
610514451,839.1746500982524,514.0214475409214,726.3804,455.412,0
610514468,852.1628747032092,514.2658859860868,787.8846,466.6454,0
610514485,887.9275037707528,518.778521713442,1012.9492,517.7597,0
610514501,919.8283983162395,510.71420464406884,1112.2507,474.7395,0
610514518,1045.0646557094321,545.9452321356226,1112.5366,546.9281,0
610514534,1043.640754442242,470.783055160467,1112.3556,465.9799,0
610514551,1042.6034680332364,490.7150107333828,1106.9434,508.0654,0
610514568,1047.4830769596733,497.67488477138556,1137.3522,513.3114,0
610514584,1040.884517046172,498.03311880806586,1067.7537,489.8252,0
610514601,1037.764163887846,497.2264643621121,1076.4916,485.6562,0
610514618,1041.6233342178864,491.44884334331965,1145.8103,462.6182,1
610514634,1038.8411960133928,496.93169484537714,1069.6655,522.3671,1
610514651,1038.4354709712795,493.6590073200961,1097.4437,464.6951,1
610514668,1038.9071588465613,496.24389293923787,1109.082,513.9778,1
610514684,1039.6729961181068,499.80792618848216,1115.449,529.3051,1
610514701,1040.4962788387975,499.7259559059439,1119.9763,496.3804,1
610514718,1040.7328573042057,500.2442732376465,1109.7509,501.8279,1
610514734,1039.629971422447,500.7132097359822,1080.3169,497.8251,1
610514751,1040.8995982410959,503.3582457702226,1132.813,534.6366,1
610514768,1041.011725036568,503.5330760534732,1108.0197,500.7141,1
610514784,1039.9892669590336,504.06149771921076,1078.6226,501.9286,1
610514801,1039.522547708075,507.1636378113949,1090.2749,542.7897,1
610514817,1041.9474454947244,508.1054112045267,1171.1431,524.5646,1
610514834,1044.719644322961,507.90524412350976,1185.9624,509.7453,1
610514851,1132.9221627478862,681.634315325077,1279.0869,716.9767,0
610514868,1071.075087336824,487.4681850616425,1165.249,491.5533,0
610514885,1079.7341966426475,493.80841245198457,1198.5221,509.9751,0
610514902,1076.6924185798193,489.50008578949263,1164.5563,484.3885,0
610514918,1081.5720149500335,503.51139681023994,1211.9185,560.2974,0
610514935,1083.3704110421718,528.4592563020369,1197.91,645.3828,0
610514951,1079.3619622867145,532.0742283565432,1140.8745,553.2695,1
610514968,1080.2327301380246,535.5255195790027,1190.7548,566.4615,1
610514985,1080.5260448831468,537.6425507351444,1185.2997,561.3734,1
610515001,1082.2366414865235,537.8638467427518,1210.2141,551.6146,1
610515018,1081.1509190854292,528.5875945926123,1167.9585,450.7587,1
610515035,1080.698074813176,527.6317726149023,1174.7122,526.5992,1
610515051,1073.02182238428,539.5239645664345,1016.1915,652.134,1
610515068,1068.7859694703498,549.4780821651003,1072.5137,654.3433,1
610515085,981.5747991584072,721.9018552833502,982.7224,717.693,0
610515101,1008.0345431603546,693.8819057286445,1035.2593,695.0841,0
610515367,737.6099863161402,439.9233535806899,0.0,0.0,0
610515401,631.4028882871379,671.0242943215321,-122.5953,999.7443,0
610515418,719.1536968848374,673.8857629941073,985.4741,673.1328,0
610515434,774.4720955450064,673.5750849005766,1004.4938,665.0375,0
610515451,889.6170140385423,575.4257624092361,808.553,534.9346,0
610515467,936.4840221608121,627.01567613849,898.1158,603.3632,0
610515484,944.4222751985914,652.1092058499414,927.2894,661.5247,0
610515501,949.8131772029355,625.1268100622315,946.8164,550.4675,0
610515517,949.7366026489456,629.7700096776136,922.6873,624.9878,0
610515534,949.3850644000339,617.3999259535785,922.3477,544.3772,0
610515550,950.9517388824162,604.7771907076121,943.8379,520.7128,1
610515567,946.6770551430952,613.4541298802496,868.1526,640.1671,1
610515584,943.6664856377332,612.7798084443507,874.1265,580.5185,1
610515600,938.490510786897,602.3716666373873,831.0323,483.8757,1
610515617,936.9936688134737,606.8935012606382,876.9885,621.777,1
610515634,936.1582771207748,602.6873877610464,888.0905,536.0395,1
610515650,934.1136142365375,601.6144952396684,859.016,561.511,1
610515667,927.1095236587526,601.3678865745609,741.5342,553.0614,1
610515684,925.0315462328531,616.2179588889256,833.6465,763.6017,1
610515833,818.925884889322,690.9402913938195,666.7897,638.9064,0
610515850,877.9264405547185,558.258222877004,786.3607,513.2587,0
610515867,880.5369271746447,522.4532457076825,798.9918,438.0764,0
610515883,866.5247620111302,507.0165252575525,712.6619,414.6541,0
610515900,872.3389765511619,509.25482819062285,810.9,471.6172,0
610515916,875.0629786465756,512.9969378573243,802.6996,483.051,0
610515933,874.8661796021286,509.8834581689514,780.4933,444.1805,1
610515950,874.8363528315836,514.6718445722607,780.3464,495.6213,1
610515966,874.1326350823523,526.2398046635748,768.106,558.9224,1
610515983,873.2929116494255,527.3867589511747,765.8735,484.553,1
610516000,873.8284740846508,529.4324758746643,787.8032,498.821,1
610516016,871.5158083440323,532.7886082511171,732.8283,508.7022,1
610516033,872.0588607021325,531.2792147774497,788.0016,465.4285,1
610516050,873.9575602200013,534.6995004518369,817.998,528.7746,1
610516066,874.3864070968779,530.913211589372,790.8617,435.498,1
610516083,873.5829048038175,533.3985868787513,758.6093,512.3143,1
610516100,874.0712769129865,535.2190774257471,790.6195,510.6522,1
610516116,872.734027064819,534.0575795176583,743.6714,461.7448,1
610516133,871.2357007309591,534.2886438043962,735.9514,481.1934,1
610516150,872.54687792806,532.3698150389785,815.2368,458.8917,1
610516166,871.4173127511486,533.0764003437241,743.6995,490.0434,1
610516183,870.8403866555948,532.2122970345383,759.5126,466.81,1
610516200,871.0805756187237,533.6849090450371,782.5717,509.5884,1
610516216,871.9365472624391,533.1454597991057,803.1218,478.681,1
610516233,804.6104283328016,1151.2883862491858,623.0004,1128.233,0
610516367,859.0374881057622,616.8743684528997,747.5232,570.7794,0
610516383,880.0567799490166,594.8781838360441,830.8682,535.4666,0
610516400,881.9088034671922,597.3084132010183,799.5699,562.5215,0
610516416,889.0701178977143,588.8290173927764,849.0089,528.199,0
610516433,895.2067216501914,591.1001695060182,864.8585,569.8558,0
610516450,906.9441548137431,568.9341504237686,842.5475,532.8362,0
610516466,917.8721356406203,562.7987094276253,864.0578,529.3252,0
610516483,910.5089047409892,566.1488296957456,835.1616,532.3726,0
610516500,905.9715770275418,575.7300076083541,822.2594,557.7156,0
610516516,899.3765814082192,578.0887673759811,789.3456,542.3935,0
610516533,898.9077752126158,582.1624626497186,822.8825,561.2162,0
610516550,887.4597124253145,580.7724696527266,696.5247,516.8425,1
610516566,890.913360882016,584.4587880605517,851.1318,573.3756,1
610516583,894.8410571950219,584.0921547909722,870.9692,549.9047,1
610516600,895.1772604957206,567.3674227577116,829.325,393.4465,1
610516616,895.3537620496875,572.7072356193258,821.3086,584.0548,1
610516650,897.4345286375147,570.0908128372566,861.7589,512.3663,1
610516666,894.2969463659152,573.4540398421785,755.5399,562.5441,1
610516683,891.5182887842896,573.5618378885703,756.1064,527.2651,1
610516700,892.2993391022601,572.998601084766,833.5675,529.7164,1
610516716,893.1433042833783,570.5352982703554,837.7348,503.3659,1
610516733,892.7009862267059,567.2997122578217,806.5099,484.639,1
610516749,894.2036272235642,563.5920976159531,858.3729,481.1796,1
610516766,894.0299988606217,563.7601389835456,812.5154,530.2243,1
610516916,878.0746368393463,996.3527525414304,771.529,982.7924,0
610516932,926.3067591963338,766.259433814039,873.4745,749.7327,0
610516949,930.5395005456561,673.8420169739883,896.324,554.274,0
610516966,916.6109490924016,628.8483558255276,808.3997,496.6647,0
610516982,907.8457592430833,597.2273133137838,796.2477,456.9346,0
610516999,907.292436727209,582.3227515084627,841.3517,486.3156,0
610517015,938.877869447367,570.4069211192143,904.7352,543.3686,0
610517032,895.2053880516124,465.2567628158318,823.2471,418.4369,0
610517049,902.6590885904862,493.02487540839707,850.3501,482.0521,0
610517065,909.4958509078533,514.3635626958759,874.3522,524.1641,0
610517082,910.836914973533,522.2971453557961,858.4234,509.7363,0
610517099,917.5586618327894,542.6141080489414,912.4848,599.6685,0
610517115,918.9056593936685,535.845511424453,879.9827,465.3666,1
610517132,918.3135672720102,543.0198563621011,856.4061,550.3328,1
610517149,920.6550677477788,548.3354485835349,898.2264,554.8492,1
610517165,921.4219605611411,550.1192710574727,880.7318,529.9131,1
610517182,920.3816276165171,555.2215060156343,849.2725,561.9872,1
610517199,919.9832703752579,554.1409459114337,860.6879,505.2378,1
610517215,921.8618612589654,561.722068641183,904.491,611.0255,1
610517232,921.5761318505271,562.2585379546731,863.575,529.5206,1
610517248,920.7023666482661,560.2199413471473,850.0721,494.9647,1
610517265,917.7732670829957,563.1089007749816,794.8073,552.4774,1
610517282,918.8863373531335,563.6351827162443,894.3654,536.8442,1
610517298,921.5523355500177,563.774465918273,938.7767,538.5175,1
610517315,923.4287956841002,563.6065488485862,922.0067,531.9797,1
610517332,922.0176396523818,564.7298272279832,830.1377,539.6188,1
610517348,923.2344252965394,564.7734213722907,906.3785,534.414,1
610517365,923.381466081786,566.0216341149753,875.3077,550.6177,1
610517382,923.5933789199614,565.8337780356168,878.5391,527.9554,1
610517398,922.519866884454,565.5102715058383,838.691,520.2415,1
610517415,927.0644531065954,563.880772716428,1018.2637,523.2747,1
610517432,930.5319637434823,565.5249608246592,986.1045,576.8351,1
610517448,932.2687695489703,560.1364545002513,937.058,443.31,1
610517465,932.7904395090346,562.2755728652415,894.8198,573.2213,1
610517498,936.7118018809631,559.8592163764943,1012.9875,506.7197,1
610517515,939.4880529739428,558.4015371766847,977.5665,518.7195,1
610517531,942.519197889087,558.4906317392705,988.6783,548.7305,1
610517548,1178.860736087603,397.7486216045899,1378.4189,425.6263,0
610517565,1000.9623726809498,448.96039158318814,1029.929,430.6264,0
610517581,995.9620306156057,515.0511358736488,1005.9063,569.3002,0
610517598,991.1452276706111,522.5463738270955,989.1459,519.6605,0
610517614,979.2519216945989,520.0387258815161,916.9048,482.4117,0
610517631,969.4542590502011,525.6375864254702,891.0633,516.4766,0
610517648,959.6707905006733,507.13526472665285,947.4442,481.3926,0
610517664,960.8921848395124,531.5044834275194,948.9836,507.8508,0
610517681,973.371632773396,527.2840703012077,997.8573,505.8062,0
610517699,979.9049207943033,550.8401342367193,1008.9371,587.7167,0
610517715,981.1379263875417,569.3575851321214,992.0641,613.5464,0
610517732,981.2547918911577,603.8351575770873,982.05,735.2135,0
610518248,923.1487276350422,735.7945105092465,868.371,716.1989,0
610518281,881.5132728060593,656.2524802136322,711.7672,522.6116,0
610518314,908.9499486835318,604.1072294080969,955.4847,475.8167,0
610518331,912.7405108667801,592.6213487363287,875.66,527.7146,0
610518347,914.479732001269,580.5604650348656,871.1006,500.1122,0
610518364,947.1938137577986,383.571496870743,927.3914,345.4747,0
610518381,954.5073371479626,517.1680402451568,937.0344,490.6966,0
610518397,944.1845861473788,555.9910084230935,894.1714,568.0199,0
610518414,943.6515301189686,576.245746568151,910.4919,593.6083,0
610518431,963.3757937271856,595.1138000845152,1063.7976,652.5388,0
610518447,954.3623727303572,580.8942221234843,866.5339,487.9491,0
610518464,951.7768067929696,571.0911744223225,906.8557,492.7419,1
610518480,923.5341883934623,537.8378065759589,875.9546,504.163,0
610518497,922.1798886186704,545.0342850237314,873.0667,511.4955,0
610518514,940.9031672729511,582.9260107277473,943.3445,603.0933,0
610518530,936.5457870675532,578.9075024423471,883.1167,540.6058,0
610518547,929.2294935979461,571.6122038052396,844.3135,512.5507,0
610518564,931.7155367927082,563.409130540973,911.5159,502.2508,0
610518580,933.9312784205063,560.9858211658003,916.9388,522.8298,1
610518597,929.4587637645386,556.6545139491677,837.1616,492.6232,1
610518614,927.3720166278766,562.5838797039058,854.7931,571.417,1
610518630,925.0099567895007,558.5063239162356,845.8024,489.3945,1
610518647,928.0042416952407,540.1410522544055,940.2931,352.3576,1
610518663,926.3071572769213,539.4687877624119,851.9155,500.7779,1
610518680,927.14813751988,543.3733462765271,898.8206,559.5724,1
610518697,925.7178053998929,549.2924887384564,849.0547,583.0654,1
610518713,823.3737226570759,668.3495809219784,676.2382,615.9438,0
610518730,829.6695897566657,677.087698015056,688.2072,627.0735,0
610518747,805.6633970883088,703.4141525952405,592.9357,669.9828,0
610518763,801.7748715756901,699.0072174508564,618.5667,631.0811,0
610518780,803.7425220080636,696.5367514421978,648.9752,634.4143,0
610518797,801.4906795274111,695.5336494133027,615.7852,632.2881,0
610518813,801.6865350517091,695.6733222045657,635.2879,640.2679,1
610518830,802.4134479015222,697.6014152240102,642.5581,654.6354,1
610518847,802.1867862505273,700.6534361546737,630.416,665.8535,1
610518863,801.9201241911888,700.6846686726597,629.6829,643.7328,1
610518880,803.5396589787874,699.2666830291905,663.5308,634.1375,1
610518896,802.3214577078936,698.9490274191172,612.3302,636.3579,1
610518913,802.2149036255672,700.7693451295117,631.465,663.5433,1
610518930,802.4614663728228,701.4400420788388,639.446,653.2169,1
610518946,795.7142115131946,708.7285841495152,471.3338,716.7581,1
610518963,607.7604656477416,885.7098204732032,248.5078,788.4249,0
