timstamp,smoothx,smoothy,rawx,rawy,fixation
610392966,915.4924745404353,525.2566431990713,904.8553,481.8563,1
610392982,919.9918148537494,527.562210534066,970.6829,558.6586,1
610392999,924.4401237961896,527.1193619398744,983.3381,501.9402,1
610393016,927.8435221247722,524.7404563174748,947.3961,468.1016,1
610393034,930.8582905081387,522.6502315323143,943.2729,467.8068,1
610393050,934.5658779467985,521.4813144076834,967.6705,485.8137,1
610393067,937.522290589858,520.2853611460256,942.9401,484.8997,1
610393084,940.1703205679264,519.18110525244,934.443,486.7798,1
610393100,943.5185385081252,518.2524356102856,967.7245,494.8478,1
610393117,945.6759024900841,514.827294915899,941.9745,438.5089,1
610393134,948.3533527423334,515.7610297806751,956.394,518.0663,1
610393150,949.3945210592494,513.6120079688782,910.8024,454.147,1
610393167,950.9115462313165,513.7269992902529,940.0705,497.7324,1
610393183,962.2466747119781,510.7765331671344,952.3389,486.0171,0
610393200,954.7365209732263,534.9339223724218,936.8679,509.8,0
610393217,967.6871438574838,523.6357470227132,988.0638,492.8684,0
610393233,963.9539128453201,523.2638803004442,940.6711,497.0488,0
610393250,959.4032276234195,532.0270304939455,918.8552,532.1154,0
610393267,958.5228234881463,541.2811615584309,936.2982,555.4367,0
610393283,961.1644696039366,538.0866979127179,975.212,501.2831,1
610393300,962.0797319139766,536.9723275975896,961.5928,508.1895,1
610393317,965.065518282954,543.1631390637248,993.809,570.9324,1
610393333,965.4001996311871,537.6173543968164,962.9369,470.4673,1
610393350,964.4423052413417,533.9948627765145,940.2631,476.7159,1
610393366,963.8146550662235,532.7871110787972,943.2279,497.272,1
610393383,969.4534324179973,534.7841937685228,1072.5673,551.2899,1
610393400,968.0952066645762,530.2130424626571,933.5124,452.8083,1
610393416,970.83133629288,525.9363479971388,1027.3914,463.6198,1
610393433,971.6569346907153,526.1097278263912,984.832,512.8911,1
610393450,971.825895815012,523.6789614416365,971.0996,473.5195,1
610393466,971.7470998911527,521.2112153630197,965.212,469.0857,1
610393483,975.0986005725566,519.6682508973242,1060.9321,494.1907,1
610393500,975.0664710385315,518.9925839768821,969.4196,492.9027,1
610393516,1087.715846629686,700.8055956872655,1190.3185,724.8463,0
610393533,875.4404402773954,539.0345222864753,782.179,491.9602,0
610393550,867.5228303962092,528.0172768885233,752.1151,463.9421,0
610393566,855.0242966132116,522.3780668823999,695.0161,449.4819,0
610393583,849.3194096613598,523.2769698390332,699.1982,466.0767,0
610393599,844.3888606085757,532.0415311070732,683.7626,507.4239,0
610393616,837.077219299465,567.7766954633319,706.4174,512.0054,0
610393633,838.5581233774923,558.5100814047989,709.6235,502.4899,0
610393649,839.1724229533472,564.2805715294456,711.6173,515.1863,0
610393666,839.3244369320934,574.1858501170552,710.4802,540.652,0
610393682,832.0142180172232,574.4740495922969,654.0463,512.4094,0
610393699,828.5062687394313,571.8964934752412,663.5094,499.1803,0
610393716,831.5631780564423,569.216145824368,725.7871,502.2549,1
610393732,829.0071407289516,568.3065381310059,662.3626,500.7429,1
610393749,829.0220149976974,573.2027619942398,690.3583,550.8885,1
610393766,828.9023966869831,569.3337864760546,690.4274,479.6701,1
610393782,828.219585664823,567.4970780842075,679.3364,491.618,1
610393799,827.5259634137847,564.9252836913829,677.3376,480.2212,1
610393816,827.3404012994426,563.7994046798318,685.5721,494.0989,1
610393832,828.3823158228757,563.5671048735328,712.2434,507.2458,1
610393849,830.2184198149353,563.157150002296,733.7751,507.5924,1
610393866,835.8879586585832,558.0833663155905,835.7122,457.4413,1
610393882,939.360163233238,512.3639461032242,907.6785,481.301,0
610393899,950.7240163060613,490.07321521065194,930.5959,460.5991,0
610393916,959.3893518839357,470.88591841610713,965.6528,424.3799,0
610393932,973.3940352554431,505.1298504167674,1026.0659,563.9172,0
610393949,978.0074291426276,498.5924039356681,1010.3203,459.9213,0
610393966,973.7112247984434,486.96636330646436,943.4722,409.7477,0
610393982,971.5471337803319,484.26039795186995,950.9928,443.4987,1
610393999,968.9618699873806,484.4065224022931,937.1956,456.9518,1
610394015,969.7312804872975,482.6992413881613,978.7752,447.9156,1
610394032,977.7556273812469,477.5733164209729,1102.7351,431.2593,1
610394048,1115.1028785876902,525.9444405216225,1249.7308,545.1323,0
610394065,1067.7040633710299,516.8676851731536,1157.6642,522.1146,0
610394081,1054.5816593906943,483.09471276997255,1108.9067,442.4704,0
610394098,1065.8347852642983,503.9076502283462,1196.7499,558.4999,0
610394115,1077.176624416791,507.20036266406385,1241.4575,534.1139,0
610394131,1078.010327410903,498.5367078047628,1185.082,469.4551,0
610394148,1080.2048284865136,498.42265316218277,1202.5554,508.3219,1
610394165,1083.010050863185,502.1067469250573,1217.6396,537.9668,1
610394181,1077.6025892207304,492.594878390301,1108.123,420.4802,1
610394198,1080.3253262425583,488.735342022541,1223.7965,471.3011,1
610394215,1082.6895937341365,485.10023449011305,1226.2181,467.0087,1
610394231,1078.831577607114,487.2489130596635,1109.3008,506.814,1
610394248,1076.6239178357407,483.4907721365964,1135.12,444.9857,1
610394265,1073.3799174531882,485.04872012714617,1103.8889,500.6031,1
610394281,924.392428889897,514.3867628016745,878.4367,479.2719,0
610394298,869.5622469864651,532.5952371870104,770.9447,483.4112,0
610394314,854.8702200678913,526.3273310977484,714.1805,461.7655,0
610394331,842.5396551870163,530.2745756544566,670.4719,474.9376,0
610394348,836.0464869116552,531.3399766645099,668.5457,470.6977,0
610394364,835.9054001937385,532.1171386760975,705.0535,476.6362,0
610394381,838.1396362845361,535.0291673808163,731.1682,495.451,1
610394398,836.2134270141992,532.9527800278756,685.188,458.2199,1
610394414,836.2829320297187,534.9856949715493,707.2928,491.3047,1
610394431,833.9143997961592,536.8038189656755,666.9982,487.308,1
610394449,833.8158227648928,535.8411524939861,701.3619,467.5925,1
610394465,833.5611985834373,537.7342709074194,696.9554,496.4009,1
610394482,834.2971741585008,537.1695772786104,717.8458,473.8234,1
610394499,834.4184650174675,541.2575860193954,704.1322,528.7641,1
610394515,835.8293055856576,541.0900027730667,736.5381,483.5581,1
610394532,837.7844365282848,541.705201909507,753.0779,496.6116,1
610394548,838.6755317567532,545.067193407046,728.4933,533.4329,1
610394565,838.5774760658062,555.5002643353071,700.1852,638.939,1
610394582,811.7719603400259,773.3658947635098,650.0019,725.2334,0
610394598,821.8604544155925,799.7053148207042,668.7552,756.2893,0
610394615,822.5854509170434,809.704407985039,670.8882,778.0994,0
610394632,824.1871907082731,797.8159182367592,680.3691,730.4351,0
610394648,819.871051766122,801.8514261040697,639.3939,767.3959,0
610394665,818.4221807760987,797.3304923186018,651.864,732.2064,0
610394682,815.8468148349945,798.0036684063201,632.8977,753.0696,1
610394698,811.5246309513312,794.8629791693694,601.4375,722.0491,1
610394715,810.9966748398306,796.4715330343159,641.9651,761.0004,1
610394731,808.6709274433169,794.6357319929932,611.2482,727.9892,1
610394748,807.8327031793104,789.7539378150934,631.8042,697.106,1
610394765,809.203033842888,791.218910401166,670.6249,763.3712,1
610394781,812.9608564272844,789.85899605635,725.8416,740.6565,1
610394798,989.314732536808,756.4632448307561,996.6146,756.9016,0
610394815,1119.6297966136017,794.8683171898339,1249.272,834.5989,0
610394831,1173.3194427492854,825.9554944012764,1456.1436,931.2146,0
610394848,1168.92975570692,800.5990076233218,1329.3718,797.8702,0
610394865,1165.5142142443397,791.3112513254024,1319.6393,811.4937,0
610394881,1158.333871342529,788.2016497265788,1270.2366,817.8389,0
610394898,1150.3290842937045,768.4168095793922,1310.0176,814.8596,0
610394914,1142.7759642956203,759.1289221234847,1295.6172,802.7882,0
610394931,1148.6350369492359,776.9934383744246,1317.1952,844.3105,0
610394948,1151.8231155911585,780.4220881754353,1324.5732,837.1175,0
610394964,1149.6519763396586,784.6860726470865,1295.0088,843.675,0
610394981,1141.8670943374302,790.1543189863727,1232.4778,849.9277,0
610394998,1134.8955440039279,795.6682373330166,1212.7438,858.5071,1
610395014,1132.4660773183944,796.4241726520306,1248.4717,839.8803,1
610395031,1119.6979019396047,795.4865153556053,1086.0759,804.0416,1
610395048,1123.9455649070323,797.0353835114487,1324.6749,859.4556,1
610395064,1124.7062316306233,798.8877400171599,1274.5665,858.0931,1
610395081,1367.471080871736,918.6083971655014,1728.0417,1036.7009,0
610395097,1135.950990707657,715.8363343911564,1283.8096,754.4792,0
610395114,1123.7016921563709,777.8228962453878,1231.8496,880.3075,0
610395131,1126.1654059953771,782.011210761412,1271.8406,832.6267,0
610395147,1122.2297969670706,829.2215410598424,1225.6414,1018.4711,0
610395164,1124.3717833371315,824.5832564919889,1274.8363,848.7612,0
610395181,1178.0521353271636,714.9255284879825,1365.8958,765.3081,0
610395197,1214.889958760805,721.6646742429866,1437.4598,782.8594,0
610395214,1203.8246463229073,699.4536720237427,1395.9135,729.1167,0
610395231,1209.6934919094783,686.2947537590364,1452.2921,718.8794,0
610395247,1210.3202232188185,678.0371329904774,1434.4487,709.4313,0
610395264,1215.0938715279563,687.4998431989037,1474.1486,791.9288,0
610395281,1220.115968940211,701.8655952447989,1492.9557,844.8105,1
610395297,1218.515856023219,706.7097839403848,1424.8472,793.9998,1
610395314,1216.4710527964849,697.8206124539824,1416.0267,688.8286,1
610395331,1217.838479946487,695.36666279973,1464.4316,738.3414,1
610395347,1219.4669554845113,690.7623311310635,1474.4283,713.8665,1
610395364,1218.1520558484287,696.3620961458889,1418.2561,808.8953,1
610395380,1221.1449497229112,699.3528577551892,1506.1145,800.0847,1
610395397,1222.000881849678,701.4796349062003,1466.6267,788.2511,1
610395414,1223.1345686638028,702.2922173062516,1476.0297,775.4855,1
610395430,1227.4895038800453,698.8945201359094,1561.0017,730.9807,1
610395447,1228.5840789717731,701.0100862898058,1483.8914,794.9773,1
610395464,1225.8950490571565,701.337605979081,1385.1901,756.6019,1
610395480,1113.6505810974247,617.7754590558957,1243.7308,643.1375,0
610395497,989.2324137444296,654.6406111406612,999.9685,647.7584,0
610395514,994.3700770636787,659.817044500056,1019.6127,661.7166,0
610395530,990.0229099449747,656.5375112131933,984.781,640.5707,0
610395547,996.3046117237546,683.3780268439228,1046.3872,771.0707,0
610395563,999.7051735171476,689.9134399313822,1044.0251,718.8491,0
610395580,1002.964542159603,680.4472549327652,1057.7501,633.1306,1
610395613,981.7232240952258,645.1012299991289,985.6624,635.4298,0
610395630,993.1981028885023,685.1581964772183,1006.6443,681.5751,0
610395647,989.8710587717262,655.1654251116901,995.7599,615.5089,0
610395663,987.8876286850999,642.7998908705437,990.9494,607.4189,0
610395680,991.395266437278,635.0626791904656,1025.9971,606.0905,0
610395697,992.9433478285905,621.0973772301058,1021.9567,556.4013,0
610395713,990.1695143195587,612.7884382896647,978.0402,557.3668,1
610395730,992.9137424657108,616.1226127950312,1038.7723,634.5337,1
610395746,984.7791759555096,621.0365366918761,885.3208,631.802,1
610395763,813.2358007661294,714.4979244860784,654.8867,662.5569,0
610395779,783.3676027851657,786.1621652896018,594.2004,730.9823,0
610395796,793.5643317034354,772.8672720603145,634.813,708.2341,0
610395813,794.3172133885266,770.803196609428,619.0257,713.6737,0
610395829,798.5070174498479,763.4726623945244,649.3248,691.1918,0
610395846,798.5838603125692,766.5486633355333,624.332,727.5361,0
610395864,797.0750183378577,766.8320278777794,606.8712,713.6431,1
610395880,800.6706413975782,764.8165751046473,669.3981,706.4225,1
610395897,800.255985529358,762.9894876294233,622.1204,697.2997,1
610395914,799.0680443290526,761.2456590297527,608.03,692.6367,1
610395930,802.0229907594373,759.2947252744904,679.6738,697.7429,1
610395947,803.0058846653692,757.5549156965972,649.9957,692.4166,1
610396047,810.4089493131354,1100.6417766432153,636.0497,1075.5825,0
610396064,764.7474983586972,891.6597970629527,554.2688,838.8198,0
610396081,784.2395786843045,800.4395284797914,636.4406,654.47,0
610396097,782.3215135637004,757.2895442680199,588.4803,607.2479,0
610396113,785.3674694241831,746.4720460204046,618.0037,658.3372,0
610396130,787.9173600770511,734.8570013743085,625.5617,632.689,0
610396147,796.8410326633226,673.5015967622501,624.3484,614.0254,0
610396163,778.8270539748112,724.787921340665,587.4692,663.9363,0
610396180,773.2005703400796,713.0980593588771,566.371,635.7616,0
610396197,778.0070699644143,714.5329973076139,604.7968,658.5223,0
610396213,777.4632706093531,721.5167599246669,580.9794,681.8109,0
610396230,780.1570071006599,714.5303535438276,611.9187,626.7035,0
610396246,784.517874921208,718.6096288314584,639.1029,686.2568,1
610396263,786.8508346395199,719.876296550473,628.3676,672.2714,1
610396280,787.1633383903403,717.5545669132769,607.2184,642.0784,1
610396296,789.1991947024186,719.2369476031133,635.8544,678.5861,1
610396313,790.8451725398161,719.8076229163469,635.6426,670.3844,1
610396330,789.4083918944737,722.2595630178423,579.4545,683.7255,1
610396346,786.5427509460548,721.5059844753201,546.329,645.5494,1
610396363,786.9821125392066,721.7004521289908,612.4459,665.7262,1
610396380,789.761477776695,714.1980187390833,672.3799,573.8052,1
610396396,789.2296790944558,715.6562252287629,593.0908,675.6811,1
610396429,789.9517590314813,712.7451870786364,626.6215,619.4587,1
610396446,790.8052321127319,713.2264830497187,630.3256,667.1652,1
610396463,793.0702475766918,706.0032605038169,675.4186,555.033,1
610396479,797.565847150142,698.5450340491702,744.2848,553.9337,1
610396496,799.7805115145009,691.9408631777325,684.3024,552.1035,1
610396513,803.1977693759585,686.5114005192064,724.3047,571.3194,1
610396529,806.5300798924832,678.2581347214816,728.9167,518.6138,1
610396546,809.080994358501,671.2555355445719,709.1559,530.5562,1
610396563,811.9325507973409,666.7431663659111,721.9518,570.2795,1
610396579,814.2145388830298,661.9415328970454,708.4752,558.3938,1
610396596,817.0458888133687,655.8158532240352,731.6309,532.7855,1
610396612,819.3767035299618,653.0818451789086,717.8574,587.4336,1
610396629,821.7965741583349,649.7587829188344,725.6799,573.3536,1
610396646,823.7897038096957,646.496146388824,715.8551,568.5641,1
610396662,826.709866427794,642.7751255128377,752.0384,560.6862,1
610396679,829.2224809263696,639.1205195359281,732.7883,563.876,1
610396696,830.6226727285933,635.2253714689052,698.3374,546.7307,1
610396712,831.4514541493315,632.0900861539452,687.8933,556.5037,1
610396729,832.7470040508116,629.0483186505479,706.0406,558.6354,1
610396746,833.338510501993,625.3235142312574,690.521,532.422,1
610396762,833.4168853462653,622.2596230176067,679.569,544.7162,1
610396779,834.3596894388356,622.2688065825814,709.4355,600.5538,1
610396796,834.7080935642108,619.7607634576411,691.954,543.7255,1
610396812,837.8012777437519,614.3250198307762,793.235,503.008,1
610396829,976.2265473260925,519.3889000975355,979.2883,499.1666,0
610396845,984.374222969859,461.7070063886136,997.1589,439.6353,0
610396862,987.2598916190617,463.1192627398643,1008.2955,444.2746,0
610396879,990.2362905670935,492.68020229724254,1016.9871,539.0756,0
610396895,985.2204316330416,476.30249500212,970.8987,398.8093,0
610396912,968.6164511851812,478.8517771225169,838.684,446.1161,0
610396929,595.4673943690082,610.3577404448802,234.0523,489.8918,0
610396962,569.9079086907573,444.61738875708176,189.9575,305.1063,0
610396979,809.5613055477988,485.3941794426477,1120.1211,526.6178,0
610396995,907.5042391415726,519.9834339323425,1219.9536,608.2151,0
610397012,946.1900382729667,488.0455437406275,1143.4452,386.3186,0
610397029,963.77172939148,469.9679106998963,1086.3115,385.2365,0
610397045,1038.6230087627903,398.35390473340095,1105.0759,386.9529,0
610397078,1057.4688166752096,403.53481195501263,1141.6274,397.7894,0
610397095,1043.4067303755678,405.0100341174789,1086.7816,393.0714,0
610397112,1043.6797190033465,408.9113849568014,1115.4957,408.1579,0
610397128,1017.8352563165618,428.21257354026,912.3569,452.9077,0
610397145,1015.2482562957719,421.22009819533923,1041.541,372.1946,0
610397161,1015.7523115513873,419.41502993802663,1066.7009,394.3538,1
610397178,1024.347817142274,427.83662299927596,1173.0122,480.6837,1
610397195,1024.6286782748743,433.1560359138493,1079.0007,457.7536,1
610397211,1028.2101009143157,434.41816519736733,1135.5073,438.6072,1
610397228,1165.0938082855514,575.7320859401949,1345.4443,612.5054,0
610397245,1063.370184089232,492.27519553905466,1150.0663,494.5444,0
610397261,1041.1450537710305,440.14073114660977,1067.1376,370.4973,0
610397279,1043.6161538331633,430.5665156986699,1124.1335,404.1751,0
610397295,1059.7840995796967,458.2966152967296,1234.9592,559.1184,0
610397312,1055.0877285516588,447.81151044812594,1100.1676,394.7223,0
610397329,1012.1122074447873,410.4497300551607,1052.9891,392.4821,0
610397346,1087.5980121285954,563.3681815108997,1194.8324,577.5259,0
610397379,1082.8500678525459,561.5514849894752,1176.4736,570.978,0
610397396,1061.2150763601217,535.5590834249099,1062.4042,472.9301,0
610397412,1050.2933848432413,518.818736373603,1062.9391,457.5877,0
610397429,1046.1573456287947,508.65181323125205,1086.9668,461.101,0
610397462,1043.5747703244256,493.78792991618405,1091.068,411.3394,1
610397479,1042.4256062504726,482.9776109457906,1100.6755,412.8032,1
610397495,1045.2940451959855,492.9289168043816,1151.7401,570.4739,1
610397512,915.6186766804998,581.5772390285109,859.0177,548.8177,0
610397529,859.7550917759484,660.0594421416893,747.4313,617.2607,0
610397545,860.041511472782,709.7324377743148,745.1218,723.7515,0
610397562,848.9176933184344,717.1170634237101,680.7542,684.6274,0
610397579,845.2030106262497,726.6787706071932,694.6649,711.5271,0
610397595,848.2747232781649,736.8409652785384,745.0809,741.8435,0
610397612,848.9301028179905,738.484602481165,729.825,706.5668,1
610397628,847.6260276124144,747.6016534506863,704.4361,760.7241,1
610397645,845.9355834784402,748.5762955778035,695.7178,709.8918,1
610397662,845.9663899840691,748.6180640752423,718.7877,706.5688,1
610397678,852.4158550141753,771.352142185401,729.286,734.4717,0
610397695,855.6930233743327,705.3410592628355,737.9515,664.6486,0
610397712,858.2950174428446,724.8420618447277,746.7366,707.8499,0
610397728,856.6494450017519,736.7325955913233,731.5205,722.8551,0
610397745,855.831210841472,731.6874065523867,733.1331,675.9199,0
610397762,857.153615502801,736.5536528953922,749.2511,720.3125,0
610397778,859.2018280098962,737.5343571225573,762.8807,707.6499,1
610397795,858.6786559343639,742.3393829306575,735.314,733.5356,1
610397811,861.5509113111455,753.302969918104,782.2586,800.3024,1
610397828,862.3734561782331,754.3150943055101,760.1735,726.3035,1
610397845,860.6286101496069,756.4768142973254,715.7891,733.3556,1
610397861,859.9893302639518,753.5953743929871,733.8827,684.941,1
610397878,858.829495211571,749.2317238878721,721.7667,661.4498,1
610397895,858.6223649813903,745.3610108646304,740.0057,663.7037,1
610397911,855.2204289592529,745.8493973045323,662.014,704.166,1
610397928,853.9102926962242,748.0095395965361,705.0833,734.0403,1
610397945,854.1449177511123,747.814901188065,743.1287,708.4011,1
610397961,853.773039046456,751.3586956486662,725.2117,761.452,1
610397978,853.8018349102234,751.2521568930816,737.1245,710.6371,1
610397994,856.9896754778678,755.6379745775986,825.5828,794.8861,1
610398011,856.6077958097128,754.5723255743444,727.6027,695.8089,1
610398028,853.5071354114044,750.9633852375221,646.0219,640.9875,1
610398044,852.2644645554545,748.5483099067576,698.6344,666.5577,1
610398061,849.4248221780297,746.8145870362512,646.1768,669.349,1
610398078,847.9600340260807,743.4287645316641,687.5535,645.0418,1
610398094,844.1644026074995,741.9843617631666,608.7091,666.5028,1
610398111,842.6553813755831,738.8358353502393,680.5586,644.8601,1
610398128,841.7127242875583,736.0303197376433,696.6681,651.6171,1
610398144,840.2868790480343,733.3977903511021,678.2393,650.3654,1
610398161,839.6831365208725,735.5102781696744,700.6813,740.2155,1
610398178,837.5708491204113,735.5094163478802,648.5833,692.558,1
610398194,835.9151781478813,735.5561127863127,665.3313,691.618,1
610398211,834.5304573570843,733.608840844972,673.9325,659.1761,1
610398227,832.7915326562158,731.9906979600877,657.2626,663.4954,1
610398244,831.8844629684022,731.3744052738467,682.3433,679.6154,1
610398261,830.3872218646167,729.766090937008,661.7133,661.4308,1
610398277,830.6086672850548,727.8276256533928,718.6469,660.4279,1
610398294,829.5280249012146,726.6958462213115,668.0797,669.9547,1
610398311,828.5938773428521,724.1680414300752,676.1752,649.1512,1
610398327,827.258624616164,726.355657280607,654.4251,724.7234,1
610398344,826.8207912835062,724.0368122387949,680.5534,643.8995,1
610398360,825.0510114290546,724.9006415621359,633.3661,690.2816,1
610398377,824.5391805902549,722.630457633351,674.655,634.6243,1
610398394,824.6719639871184,718.145179301686,697.8103,596.0421,1
610398410,825.2235989798655,711.0939545230397,703.7237,553.3165,1
610398427,827.620571695214,702.7750571903109,770.9182,539.6843,1
610398444,830.3935020797703,693.1215896854294,787.4472,511.0599,1
610398460,857.7418671574314,615.2271116338387,745.0549,568.6508,0
610398494,838.3195856939474,628.5068936030596,706.7427,577.4364,0
610398510,856.6970676340522,628.1085728345068,778.314,586.8765,0
610398527,862.7804105754635,625.1527677026545,778.1159,577.7715,0
610398543,855.6149022760954,625.2624826690222,698.7911,573.1997,0
610398660,776.8724262412285,536.1806104707263,0.0,0.0,0
610398676,792.3949698322097,738.7429949472198,613.4313,682.6959,0
610398694,842.5616030353041,736.7852900840358,711.2732,694.6644,0
610398711,854.8823003391502,615.868271031066,767.5741,442.7291,0
610398727,874.8037850761547,580.6712893592842,858.9327,473.1821,0
610398744,870.9415690671798,541.9040328842952,754.2185,368.5087,0
610398761,872.3029254805541,518.1652401093055,789.8701,372.7302,0
610398777,868.6526760177013,436.90897631208,772.4745,380.6122,0
610398794,889.7991985784387,358.38759763571557,816.399,302.3927,0
610398810,874.3347593143709,415.63753824619334,752.2488,416.2809,0
610398827,877.2875782400209,403.04039952109025,802.9362,321.2659,0
610398844,883.9186260148336,424.72283252207336,838.8103,446.1393,0
610398860,902.0009454648101,463.11510685020056,969.3771,598.5807,0
610398877,942.6992684151019,559.8684914665419,912.5468,533.1464,0
610398894,1006.8722910889344,602.7887165913802,1036.1381,597.1365,0
610398910,998.869886694906,574.7563938006006,1006.9172,532.6483,0
610398927,998.6913630567125,568.5693665803544,1021.1815,545.0581,0
610398944,1001.6772030441382,579.8886151610616,1042.972,609.8438,0
610398960,992.4872132205865,586.9897228918626,937.3011,595.7921,0
610398977,987.9960752484176,583.8869875606322,958.7621,548.9145,1
