timstamp,smoothx,smoothy,rawx,rawy,fixation
610288046,913.1719019041398,515.6497354300038,823.7628,475.201,1
610288063,913.3176388226883,516.2274662636462,855.1685,492.0328,1
610288079,913.6527698952804,517.8142727528837,862.4979,508.8535,1
610288096,913.4874479999664,517.753111640544,852.2682,477.5436,1
610288113,912.8863006317019,516.4310230333439,834.5775,449.1562,1
610288130,913.5796132773853,515.8677874151113,881.9986,474.0728,1
610288147,913.1520868181245,516.3213573039811,836.4604,487.0792,1
610288163,912.2379333653465,517.1419699013425,827.1168,491.0323,1
610288180,911.1075425610298,517.5093006068925,816.3603,479.3582,1
610288198,909.9274185068224,516.5227099386909,815.7556,454.5656,1
610288215,908.6732289500411,516.70221452161,811.9415,477.1219,1
610288231,909.2445684617895,517.3928187214909,871.0147,495.8764,1
610288248,909.9348146852635,518.9916879142527,881.0686,511.2298,1
610288265,909.244440810199,521.8851924301376,824.6827,527.8077,1
610288281,908.5599084926221,521.2550908730592,835.829,458.8488,1
610288298,907.8393609474198,523.2878447420716,827.5446,507.6719,1
610288315,906.6465992775633,523.6302503219117,808.658,482.5223,1
610288331,905.4216992009071,523.8991364125193,807.3432,480.2383,1
610288348,905.3866845592996,523.5849702171487,848.3593,476.8091,1
610288364,905.0068840754495,524.9517121906003,837.8915,502.0765,1
610288381,905.547283186422,525.2105369692221,865.6883,488.7237,1
610288398,905.6732939336628,527.2153238447473,850.9472,521.6035,1
610288414,904.5192153198079,530.0347577363722,805.3881,524.9985,1
610288431,904.7915435939008,531.5490694609616,852.8115,511.6443,1
610288448,905.5905962351851,530.5653222683517,870.5007,468.5638,1
610288464,905.6690705798237,532.0587840939734,846.0134,512.8312,1
610288481,905.8047134113008,531.6521904155043,849.3226,475.5498,1
610288498,906.4220380480859,530.3385425023555,863.2259,465.9255,1
610288514,907.5971066237383,530.4920561590859,888.2776,501.9405,1
610288531,907.0136768855069,530.4775845394379,824.9066,487.3223,1
610288548,907.3422288254675,528.0914694711778,850.8533,445.5136,1
610288564,910.8754185588704,523.4950005244635,964.8901,422.0078,1
610288581,914.4938237749084,518.3736547033814,969.3743,414.1502,1
610288598,918.6679443966302,511.6641124413532,989.2565,383.2483,1
610288614,922.0244662499059,504.85626667380154,961.7006,373.7646,1
610288631,926.2721725740656,496.76231029928744,1000.3508,355.6273,1
610288647,930.2661002411672,490.5483739964295,988.7463,388.7979,1
610288664,933.9094217973197,483.4557224397189,980.5077,368.2999,1
610288681,1017.4939432023249,387.28415806838234,1064.2776,369.1653,0
610288697,993.7401645153836,430.2458153384693,1016.4989,408.5455,0
610288714,991.4262295497825,412.8113373094498,1008.6926,369.9291,0
610288730,990.7998528271326,423.89651186367183,1007.8208,424.2739,0
610288747,1028.0551434811355,385.1832140728051,1304.1993,277.7686,0
610288764,1025.260801048744,347.8117928417845,1062.2975,169.6359,0
610288780,1026.111125694784,189.61006034645916,1087.895,159.7404,0
610288797,1017.5780666737455,183.94117486459,1071.4598,151.2726,0
610288814,1024.8250890591412,186.24698632450873,1099.5138,160.2672,0
610288830,1031.9784442539963,183.8661472938205,1127.3269,154.1229,0
610288847,1032.105297162363,175.77197610438546,1101.3348,120.9665,0
610288863,1034.5265332824456,164.16717173638955,1124.9758,88.9343,0
610288880,1032.6593297851252,166.26591378302882,1082.8821,145.7682,1
610288897,1034.1276494041115,165.50223498227658,1120.786,134.4721,1
610288913,1045.8175446565206,156.96676323545964,1280.5544,91.889,1
610288930,1206.7106589579023,49.604891418995486,1444.7141,60.3406,0
610288947,1140.110998450829,97.41814486157753,1313.2617,92.9063,0
610288963,1131.7318689600033,95.23498141408294,1280.792,83.5401,0
610288980,1127.9948960706527,86.00902407817055,1276.2822,55.5747,0
610288997,1127.731388141247,86.35744009756927,1288.1436,78.6579,0
610289013,1130.3259226540004,78.77580848261942,1315.9033,41.3274,0
610289030,1129.770904083938,80.5974769249416,1288.0525,81.2506,1
610289047,1128.9967928536798,78.78558981713863,1283.9026,57.7408,1
610289063,1129.4726385845079,79.64376079308701,1299.272,78.4703,1
610289080,1126.7677065000141,82.6660117928602,1247.4333,92.3929,1
610289096,1128.1982646785114,80.5609557534073,1315.3389,56.0498,1
610289113,1128.7439872440339,78.48380399966818,1302.3826,50.9139,1
610289130,1129.501761656988,77.5883996406825,1308.0901,62.1481,1
610289146,1130.8773971225319,72.44565084949078,1325.7742,10.5898,1
610289162,1133.1243431307994,69.45495564064832,1349.3486,34.7568,1
610289178,1134.5692923666484,69.48084272335721,1333.6824,69.8319,1
610289195,1134.2440681080382,68.27962388290126,1291.6467,45.945,1
610289212,1138.2419022459032,62.11244143913407,1410.4318,-12.736,1
610289228,1140.5340563213254,59.82319802038868,1369.0254,34.2829,1
610289245,1141.0873396637094,62.365459433897016,1321.1412,101.4896,1
610289262,1141.5449848677536,63.54602798123481,1320.5453,80.8064,1
610289278,1139.3576800864657,63.71297415225552,1242.4028,53.0289,1
610289295,1137.070512068063,66.20554715727566,1235.9219,91.4425,1
610289311,1134.991381070201,66.97890144502257,1241.2299,63.5091,1
610289328,1133.9131491258245,67.40583535061332,1271.5398,61.8989,1
610289345,1133.2472308568083,67.20681920993349,1284.3506,52.5172,1
610289361,1133.3077298171845,66.7812551351898,1307.7009,51.4988,1
610289378,1132.1191369726535,67.44599084832149,1265.5156,65.0763,1
610289395,1131.357063778404,67.08457509146758,1279.3536,48.2015,1
610289411,1129.1716184423967,70.34368861151741,1228.2927,108.1616,1
610289428,960.2560335236265,306.50644916488284,955.5094,266.5491,0
610289445,921.7149027736316,335.4037870502454,879.3957,286.7107,0
610289461,911.1174588946625,362.2353826923032,836.2898,338.2113,0
610289478,900.8181297748268,385.23735212851693,795.5877,377.3745,0
610289494,913.9929310716877,389.63184660270053,938.5706,367.1169,0
610289511,916.6082562267524,381.891462916877,888.5408,304.7238,0
610289528,914.8455423961934,382.81241691248925,846.9012,337.6824,1
610289544,915.5189500238198,390.83997268090417,871.0446,394.8329,1
610289561,916.7264887841607,392.088223563646,882.667,356.0342,1
610289578,920.9833766997949,399.23417035563233,935.4835,420.0086,1
610289594,918.4687082558012,399.85805945215327,827.8788,351.8279,1
610289612,922.3236430674309,415.3540745727605,940.3693,530.8339,1
610289629,986.2384636530148,662.9622984402823,993.8461,655.837,0
610289645,941.5296764192883,599.4165841017921,908.9023,575.2009,0
610289662,943.4869158195229,564.9074998600067,918.9009,502.4267,0
610289678,955.7131135820702,589.3076048593385,982.5504,627.3072,0
610289695,957.6323050744392,589.3970605554082,951.3401,570.5929,0
610289712,948.6743391620807,584.9902649594385,854.927,533.0722,0
610289728,949.9001050981568,591.413893039044,936.4229,604.2032,1
610289745,947.9336882905852,588.7358962108493,900.3817,545.3499,1
610289762,944.9063771941055,591.8881255516168,876.3365,584.8352,1
610289778,944.7191252533587,595.3837068232554,912.9803,599.0931,1
610289795,943.1228813886095,595.0399251671669,887.7668,563.1707,1
610289812,945.7306755107713,591.5476940510522,966.6335,539.7734,1
610289828,949.6102040437352,590.0459207094631,1000.4023,562.283,1
610289845,950.4734725254419,587.122575892704,943.9288,534.2662,1
610289861,952.7954436107715,587.0559780398287,979.7429,572.6787,1
610289878,953.1098442504648,594.6836564857713,932.0717,671.5318,1
610289895,954.0927520825737,594.714913182372,953.5522,574.9587,1
610289912,955.5411282741443,597.0522789460208,967.3116,611.5062,1
610289928,956.9662002724715,599.2413100427029,969.7537,612.1896,1
610289945,956.7041247112647,602.8692831999957,923.2972,630.7593,1
610289961,958.9082225757476,604.7747979687788,997.126,616.8022,1
610289978,960.1215285610785,896.109635439074,934.8975,898.3706,0
610290111,762.6482033644196,326.2362389747745,569.6925,232.2845,0
610290128,765.4824429231634,319.58995970098425,581.1844,219.6449,0
610290144,760.9644142620173,303.92983479522655,550.7262,172.0699,0
610290161,768.5809967221087,302.94626825950786,626.2646,212.4991,0
610290178,772.1213065063334,308.6810749358007,614.7136,244.4083,0
610290194,807.694503825718,372.0649674162754,655.9056,294.0285,0
610290211,816.6003407638964,351.8791011285657,673.9597,274.8931,0
610290228,805.1248810116942,327.45529127428273,630.9694,216.1841,0
610290244,799.0037097001291,330.0336540793416,616.6412,248.777,0
610290261,801.952714422433,332.8697095883381,663.1053,262.0066,0
610290278,803.0140827795381,312.90691194701225,659.7601,146.5362,0
610290294,877.2970040840086,471.1996772986559,788.1387,419.7843,0
610290311,954.9488036088568,611.8306213218484,934.6276,592.2673,0
610290328,960.8068471485724,574.7699376995542,959.988,516.2159,0
610290344,960.0727258235632,582.8420642790148,942.1531,579.613,0
610290361,960.8595428403295,588.1731712190129,950.9271,586.2249,0
610290378,959.6147503582521,593.6320738910491,934.0127,595.5444,0
610290394,956.7720553152124,600.8236438339397,910.467,614.1971,1
610290411,949.0534417989437,661.6386822830459,921.4185,643.992,0
610290427,955.1806862970601,631.3250632572102,934.4067,613.2239,0
610290444,952.4026443889741,611.0413215501108,924.9902,568.2484,0
610290461,949.3680209372214,618.2831084265947,911.3014,611.4635,0
610290477,946.9258449072535,608.8035693947945,906.0707,554.634,0
610290494,946.6884971931843,600.1060589831742,918.5421,540.8753,0
610290511,948.3631753743502,598.1339263026039,938.7156,568.5328,1
610290527,947.3340914712277,601.3188202051365,907.9265,597.7917,1
610290544,945.9023279719057,598.76351567688,899.6603,555.3533,1
610290561,948.3891147405691,603.0639268334166,957.9633,621.7746,1
610290577,949.1658593377928,599.2269235586381,937.2355,544.7224,1
610290594,949.2395138362444,595.2474727724768,926.0422,535.0431,1
610290610,949.3176673681128,592.1450081179581,926.2518,538.8376,1
610290627,950.97182608882,592.3837768244101,960.7053,580.4172,1
610290644,953.9725240336619,590.8520691940909,997.704,562.7157,1
610290660,957.7827265740735,586.2351898197747,1026.6613,522.2091,1
610290677,961.6630236855876,592.1244929510793,1032.6615,668.0045,1
610290694,963.9968368995933,592.9815757283216,1001.6162,594.9078,1
610290710,961.9247424723154,593.1092331731351,883.9745,567.4431,1
610290727,959.7874380322648,587.4336829340243,882.2092,474.827,1
610290744,958.5140733348887,584.5485988874033,903.7274,518.2761,1
610290760,958.8293796845596,580.5366211122615,951.2273,503.5385,1
610290777,960.9010366521785,584.6143894013837,1002.1039,645.5342,1
610290793,959.2184035743938,580.7627351895504,891.2589,493.7358,1
610290810,957.1115447841247,576.4065883404963,876.8748,479.9436,1
610290827,955.5156661932537,573.296184193022,891.2115,501.2892,1
610290843,955.0608687577818,566.342656946944,929.7622,434.6932,1
610290860,955.0530522280676,562.8967145010456,942.2319,496.6621,1
610290877,953.8747474773816,559.1676620722429,903.1161,482.9006,1
610290893,952.2861064570457,555.5272159043769,888.3561,479.3638,1
610290910,949.8290561060518,553.7346341857567,856.543,506.3448,1
610290927,985.0689238628261,1036.658736081809,978.6688,1055.9878,0
610291060,935.2840702695979,504.0610239652295,900.0208,471.2601,0
610291077,937.6497866459212,513.4443942382901,908.5838,492.6712,0
610291094,939.4432557147641,494.598753601788,916.6707,423.095,0
610291110,940.6800470052538,579.5662612097132,906.3001,824.9093,0
610291227,959.254566050514,628.3453187658104,1077.8527,834.2786,0
610291243,975.7662506304615,777.2814688557396,969.4902,775.4129,0
610291277,1033.6716038529792,524.5437122036479,1091.0703,520.7982,0
610291293,1020.6572681983423,516.4245644870197,1040.9651,496.1292,0
610291310,1013.5583006938708,535.1059185317055,1022.8546,562.3707,0
610291327,1005.2339175960421,546.9777992467622,985.9009,567.4537,0
610291343,1003.0187034036605,561.3940439780589,1011.9917,609.3727,0
610291360,984.5205357682602,580.9926473434473,993.327,567.511,0
610291377,979.0085136762798,505.2274777112622,985.1991,484.7703,0
610291393,974.4156562139808,526.9883261314963,965.8188,528.7794,0
610291410,977.1193327121175,560.8479549143873,987.7957,617.3539,0
610291426,972.4411214095779,565.3911976889076,942.8137,557.2813,0
610291443,963.626607562781,570.8900546059232,885.0497,563.4937,0
610291460,483.7469074431423,779.4714494345297,10.4732,639.7997,0
610291476,382.19029381133487,685.7551102009463,-184.2252,510.8908,0
610291493,650.0288000178605,655.1624628836357,860.5836,595.4141,0
610291510,772.4828044169518,569.406396576301,1057.9935,381.0238,0
610291526,810.942191243722,577.1426047862308,870.3367,571.9207,0
610291543,817.8352531421989,573.703962179525,713.5717,506.1604,0
610291560,901.1410277325178,624.7329046279206,829.3114,591.0068,0
610291576,910.6898240455903,549.2517878372586,850.5271,512.7935,0
610291593,878.855426366311,607.0607322247652,722.6099,618.71,0
610291610,871.4076217130663,589.5692545296229,745.2517,503.3151,0
610291626,889.1930070749556,568.7303993805093,913.3821,476.2689,0
610291643,893.0749509482165,577.2536681653312,843.2253,578.5526,0
610291676,893.6580303188401,581.3654869380504,820.167,564.7102,1
610291693,904.4914709009446,566.5971612859288,961.7857,455.5034,1
610291709,910.7217395333143,567.7224710677465,927.4573,553.2619,1
610291726,909.0450984782535,568.6189450694252,817.3416,537.3528,1
610291743,905.6813990554018,573.671315814617,780.1227,575.2335,1
610291759,906.3383777460539,573.0728901070484,850.823,532.488,1
610291776,907.0326960080597,575.733242513487,852.5193,569.7423,1
610291793,905.8433552615079,581.8462201264549,810.8329,610.5978,1
610291809,908.5882544682328,583.2480918807048,903.0132,570.8877,1
610291826,909.5511091463168,585.3137674656251,865.126,576.5836,1
610291842,908.1561254369856,583.0477194354833,808.2007,508.9387,1
610291859,907.1996493623769,583.3732788772604,816.308,546.4245,1
610291876,907.0689106117673,585.1867673105425,837.0677,572.9495,1
610291892,907.4427025425712,584.4078794361063,852.8367,535.9944,1
610291909,906.2931974834506,588.7864871358076,805.8933,613.1227,1
610291926,904.75905060351,592.7141643214609,792.8545,607.5743,1
610291942,904.0091393883386,594.1376192350995,816.3823,571.5923,1
610291959,903.8205198970139,595.0874353578888,833.2778,567.422,1
610291976,902.9454868519159,597.8360981242868,809.866,597.1725,1
610291992,901.153480086281,598.6153232430424,780.0895,559.9049,1
610292009,900.1232318339358,598.1330633610113,803.8652,541.7969,1
610292026,899.1649398847889,599.5729683905224,803.7037,577.8007,1
610292042,897.1908473518401,599.2198061862867,769.3113,541.1789,1
610292059,896.7920917542004,599.5190678971625,819.9767,561.5139,1
610292076,895.9748126789264,600.7513159952028,803.8187,577.7114,1
610292092,895.319644213621,601.8836683536538,811.0101,572.3632,1
610292109,895.1557306357986,602.7596487458813,813.1876,582.1403,1
610292125,894.528218263848,604.7033016854685,799.1523,588.0994,1
610292142,892.5936982115393,605.7329401529781,771.7485,563.6439,1
610292158,891.5486991324617,605.518707226417,792.4816,557.0585,1
610292175,891.4390283609247,608.371222687044,817.9933,617.8307,1
610292192,890.0821752580466,611.732295207657,787.866,610.8276,1
610292209,888.7142194266117,612.0355316806723,782.1321,565.8652,1
610292225,887.7622083049154,611.1326778167742,782.859,544.5933,1
610292242,887.4353418465712,609.8039573068725,799.2786,544.4445,1
610292258,886.9192087484273,610.0520018335092,798.2068,568.8375,1
610292275,887.5020868660578,608.3171963469518,835.0356,541.6353,1
610292292,886.0313973100224,604.7632759124258,760.4734,501.7382,1
610292308,887.1400961635956,602.9942827108464,855.3298,542.8457,1
610292325,890.0457366195916,601.6982390895591,910.0402,560.5732,1
610292342,892.9950719332121,603.2781294833344,903.0291,607.0552,1
610292358,896.4026015437894,603.8763024459142,920.4631,595.1432,1
610292375,900.514835379896,602.8914337028635,948.3798,571.6213,1
610292392,903.3691809849576,605.5684307235604,906.3616,629.7572,1
610292408,906.7647445791229,603.1672204689218,924.8474,545.6333,1
610292425,908.792994311932,600.6245383039064,880.2001,535.0198,1
610292443,912.0902998694224,601.2828104024024,927.3667,596.7023,1
610292459,915.9856204821281,599.1053355990053,954.6816,546.1376,1
610292476,919.0798554149499,601.3344665972387,926.2941,627.5339,1
610292492,920.6338583159784,600.6865649808199,877.343,562.1903,1
610292509,925.1485388246447,604.4204644422897,982.9098,657.0978,1
610292526,929.5731086406083,601.2202861283312,989.0798,531.6276,1
610292542,932.213276579708,600.0690049526758,929.2861,557.9249,1
610292559,933.7578856181584,599.7685372379563,902.9402,571.3581,1
610292576,939.1230902137161,599.9840137657275,1036.2535,601.7749,1
610292592,942.4439436845212,603.2874107606971,971.5658,649.2207,1
610292609,944.7480693727155,598.9304042177929,947.9437,502.7831,1
610292626,947.118354648451,596.0059759446146,954.0045,530.9797,1
610292642,949.791875914289,598.0911877528487,964.7605,623.7161,1
610292659,950.3377882947327,596.11746981984,903.5251,537.3416,1
610292675,950.4477189817921,595.3657223990726,896.4398,564.7491,1
610292692,950.9996989148409,594.9022649149168,913.2731,571.1217,1
610292709,951.1831981601342,595.6306128383005,904.4745,586.7069,1
610292725,950.8819425412778,595.7191390828641,893.0521,570.5983,1
610292742,949.7836856175657,595.9714060412099,871.5351,570.3788,1
610292759,948.3029914360734,595.6480601429446,861.8907,560.7378,1
610292775,947.1383182919797,597.2376088327088,877.6292,595.3281,1
610292792,946.2687033636454,597.7976106256406,882.0134,573.9506,1
610292809,943.80582542772,598.9789278000115,838.8807,582.899,1
610292825,941.5110348740238,597.1702058698075,851.6409,529.9326,1
610292842,939.5110687611135,596.7612006944059,858.4772,562.0774,1
610292858,936.4524676795301,595.7243304685746,822.746,543.0267,1
610292875,933.0743383236502,594.9117780710709,811.9765,542.4788,1
610292892,933.564627100486,598.6803172930363,932.9521,652.2353,1
610292908,931.3898706225876,597.6465018626283,844.2207,539.763,1
610292925,929.9816760529866,595.3153257400567,863.306,518.3877,1
610292942,927.7863180910197,594.6247848745926,837.5842,551.4875,1
610292958,925.7574057673036,593.699590635496,842.5331,541.7941,1
610292975,923.9444912404109,594.1789678759851,842.0649,576.932,1
610292992,922.6894784399308,593.9353293616075,852.824,557.9789,1
610293008,921.7697839759943,589.9637455864963,874.1031,499.0073,1
610293025,1062.8355532071316,538.3838607940183,1147.4329,543.8077,0
610293042,920.4508006395868,526.3818104762329,870.3405,491.0214,0
610293058,912.2289489856532,554.9115001486238,836.366,547.4874,0
610293075,908.152989001906,562.279152745786,828.9267,539.3198,0
610293091,921.76881871613,574.5359076176054,948.8733,593.0123,0
610293124,921.5063608890661,593.6460059003708,864.9032,642.7456,0
610293141,1021.2437815274609,651.3717353364269,1062.4712,653.2311,0
610293158,915.0032890011039,599.2572870281688,857.2081,567.5923,0
610293174,949.9354721682151,603.9081318018879,992.879,597.1127,0
610293191,944.7524648052489,606.6421796914095,894.3276,586.7078,0
610293208,944.2610479344197,603.6704505296078,911.3593,570.5793,0
610293224,946.3464063076519,600.8700272839915,934.4182,568.6321,0
610293241,946.9329910878562,596.3573673717366,925.5059,550.8467,1
610293258,949.0078133326451,592.9967469526738,947.2917,553.4431,1
610293274,948.2701875159958,594.5866294618447,911.4429,582.6329,1
610293291,949.4049349742218,588.5112639675075,942.2095,519.762,1
610293308,950.7778399131594,581.5947071243617,950.8336,501.7477,1
610293324,948.7200896427182,582.3730115757378,885.2947,564.1548,1
610293341,948.5310769366965,582.1445812169198,919.1698,558.3842,1
610293358,951.461292068391,587.3645533097746,986.5898,635.1542,1
610293374,951.6181755165273,588.8208902444561,929.7771,584.9382,1
610293391,952.6048733437003,587.4900068973045,952.1272,551.6519,1
610293408,955.4539848519553,589.9960253305926,1001.2242,612.0944,1
610293424,955.4579144957572,583.4873883060942,934.7468,470.7943,1
610293441,954.1592068073912,583.731635567556,895.588,562.4536,1
610293457,955.9206928802761,584.4478894515805,981.5572,582.3541,1
610293474,959.618166657575,587.5638192240427,1040.717,630.5067,1
610293491,959.3508065359314,587.8105994739547,928.026,568.6664,1
610293507,958.7545374367726,583.3538031027488,920.8,487.4561,1
610293524,959.977986446451,583.1884069102015,975.7942,567.0034,1
610293541,959.2788544192123,580.059205975491,917.9811,505.9897,1
610293557,958.6296865489048,576.5353776888928,919.9805,497.2822,1
610293574,958.8264295706024,573.2715273309044,947.781,503.8779,1
610293590,959.0307586553232,571.7659378007052,947.7849,534.0586,1
610293607,958.7203295695923,571.4610329013052,930.5715,552.345,1
610293624,958.3592100951247,568.9890526070369,930.5264,510.8775,1
610293640,957.9206809391743,568.0824866239113,927.2548,538.069,1
610293657,958.9050316577991,565.5151745015651,968.3142,514.907,1
610293673,957.1722706387551,564.691280639797,890.1677,535.6156,1
610293823,956.9577685838435,564.3359893313528,930.8569,548.6855,1
610293840,956.0868339176701,564.3202254841111,910.7046,548.3763,1
610293857,952.4030797172117,564.7025349321738,817.3773,540.3882,1
610293874,952.6699418605123,558.7314473424979,953.8629,437.8447,1
610293891,950.9315271858069,554.8184317378746,885.8533,465.4394,1
610293907,949.9703139891765,554.2970206324605,905.3257,533.7672,1
610293924,950.0782650386761,553.3494618197934,944.0483,522.3895,1
610293941,945.4254070767564,553.9353160759891,780.772,524.6349,1
610293957,942.6103709224736,556.5637631600589,833.4474,576.9686,1
610293974,942.9081266869193,557.3670063993114,942.1592,555.6108,1
610293991,943.3536716344998,554.1267052964986,954.1316,487.0312,1
610294007,942.0101651086158,553.4144641370494,883.0414,517.9174,1
610294024,940.4427954671278,551.887857657405,876.0962,496.5765,1
610294041,938.8653364837787,553.0944926285675,876.542,552.5116,1
610294057,938.7858741077383,552.7447398306728,918.4097,514.5916,1
610294074,939.9608517746537,556.1555342612542,952.6566,600.5383,1
610294091,940.4630635152286,554.9880856196418,939.8792,512.85,1
610294107,940.8889903322731,556.9098289193353,939.0594,574.1362,1
