timstamp,smoothx,smoothy,rawx,rawy,fixation
610545351,917.0571600409999,546.3944922216433,891.8803,514.9916,0
610545368,921.3841771268387,551.8130729784422,887.5231,532.4706,0
610545385,921.6777625713784,556.6949739160091,872.6142,539.4822,0
610545402,926.6387965092193,565.6104607195095,917.513,577.4736,0
610545418,927.7265259711507,572.1461615444822,891.4282,576.8384,1
610545435,931.0861828625056,570.2119502222707,926.9189,533.1268,1
610545452,931.0585145879102,568.7857239156965,888.0526,528.0562,1
610545468,932.3600586868388,572.8506490332205,908.5361,578.7035,1
610545485,930.6733373582417,572.5665588686231,859.6777,535.2955,1
610545502,929.1984245706752,571.1268033911896,859.1927,522.2623,1
610545518,927.1862526429175,574.1862421893013,842.034,570.0205,1
610545535,926.1275943821123,572.406814536574,859.7376,517.2707,1
610545551,925.9472365547224,568.9643058451345,878.6065,495.7647,1
610545568,926.2613619614559,567.840936697296,889.5585,524.7319,1
610545585,927.0906490780793,569.578574093071,902.324,566.2869,1
610545601,925.7498223533585,566.4535054683523,847.621,487.8358,1
610545618,984.0864937979132,351.78503686601977,1000.392,321.7547,0
610545635,956.0772735027097,303.01610384428074,947.4855,261.6369,0
610545651,941.6070433258247,352.42596022411936,887.7462,359.2996,0
610545668,936.3128806186884,366.6004549212856,885.4438,351.2264,0
610545685,935.7020748284813,371.6894977514689,901.666,344.7295,0
610545701,953.9976357594601,385.34148176880404,1079.0298,426.2342,0
610545718,950.7656395734456,380.5541230139539,903.2302,312.3373,1
610545735,948.923068154538,383.7280045970573,908.4662,361.7272,1
610545751,944.5917165640425,380.39702386880475,866.478,308.194,1
610545768,944.6386791636601,380.6354668811813,923.7433,343.0285,1
610545784,947.0985239633042,374.87890175006703,969.6294,289.9516,1
610545801,946.3091562981813,374.14092671870543,911.7924,326.486,1
610545818,947.4195335913114,370.64428128716247,950.6852,298.7385,1
610545834,946.9719066049249,373.002111619629,916.6069,361.1331,1
610545851,945.8472588890464,373.4851400919061,900.1056,337.4932,1
610545868,946.3976223732332,373.4953861861437,939.3132,337.2315,1
610545884,945.2408674862247,372.8636135920739,896.4437,321.8094,1
610545901,944.4370559389827,373.65106351034376,902.9081,343.1412,1
610545918,945.9196074329328,372.09750380230844,966.3289,316.8896,1
610545934,947.3520830829723,365.41861056930514,970.0764,234.3022,1
610545951,949.6427306565804,357.64653631611384,998.5319,214.4268,1
610545967,950.66513639052,349.3357783854177,964.1033,193.7175,1
610545984,951.3929046915526,344.3498497176257,955.0498,242.2705,1
610546001,951.751009922461,340.77000122233324,944.041,260.5946,1
610546017,952.0389205928527,338.37781677707335,942.1038,277.6363,1
610546035,951.8375740493368,338.06424662287685,925.9423,309.5235,1
610546052,953.9715976535629,334.6046218933754,1004.8878,261.7819,1
610546068,953.9249591302261,331.94780915685067,934.3699,262.9592,1
610546085,956.3611225585437,330.1561266397145,1017.8307,287.8612,1
610546101,956.1437298673753,328.96541896544215,930.2777,283.641,1
610546118,957.9901538241379,321.6485772532359,1005.1061,176.8126,1
610546135,1014.1155568879889,118.02935501502887,1066.9863,79.6661,0
610546151,1050.1965071202628,168.85631347745317,1135.5535,144.2527,0
610546168,1035.3807350691195,183.58902067799892,1076.8599,167.4916,0
610546185,1035.4883770857716,173.97832342399238,1107.9353,125.1505,0
610546201,1035.6984290295698,172.72056735405383,1108.6438,140.6046,0
610546218,1035.858847979916,181.01727335098457,1107.4138,188.4704,0
610546235,1040.03310214777,184.04456826299497,1154.3892,178.8382,1
610546251,1037.365260356335,184.71963843957005,1079.3593,156.889,1
610546268,1038.8942399468262,182.3863430467339,1133.4923,141.1894,1
610546285,1037.621179489445,176.04162106152546,1093.4723,94.4011,1
610546301,1039.6431345685485,169.89266075601995,1149.5446,93.191,1
610546318,1038.9389133441687,165.95745223675814,1101.6689,99.9228,1
610546334,1041.7716023053072,158.22112961265805,1175.9304,59.8625,1
610546351,1042.7857521262163,148.59234753555162,1144.0531,19.8784,1
610546368,1047.3072188591416,135.50210657159352,1231.8885,-26.9161,1
610546434,1064.4923315943527,2.9523294540228875,1104.4117,27.6654,0
610546450,1059.7126871702167,5.9891750079404655,1132.0903,-22.352,0
610546467,1057.4419211112324,16.955543974407583,1136.6365,26.6642,0
610546484,1056.9607342445938,18.47581131259065,1149.906,-8.7326,1
610546500,1054.0680854773448,25.28900570898755,1114.9792,27.8972,1
610546517,1051.5274468589316,33.72079550687452,1109.3002,53.5493,1
610546534,1049.0261066185421,38.745077483592254,1101.8817,36.9549,1
610546550,1050.4964858312424,39.305896305922424,1167.0459,10.6017,1
610546567,1051.722411588109,36.742282515031825,1167.6527,-22.1178,1
610546584,1052.7867367085232,33.898836067621794,1167.9132,-29.2373,1
610546600,1054.4435793903772,34.82517501394014,1182.6619,15.5472,1
610546617,1056.4451634094894,38.59375084710935,1193.7977,55.9133,1
610546633,1050.0225262997578,37.87336037360401,990.6218,-29.8197,1
610546650,878.522603702584,135.37332513344987,802.1182,60.2334,0
610546667,930.9294190510451,24.30134859000342,908.0922,-44.1043,0
610546683,892.6422621052354,29.260583369253506,758.6978,-54.9323,0
610546700,884.2618290790243,47.847334928341944,782.9691,2.986,0
610546717,874.1084848057553,42.87318017609539,739.1787,-64.6152,0
610546733,866.3370169908804,66.06578544160335,719.3741,71.5463,0
610546750,864.5647281219093,78.11656532192438,760.0192,54.2394,1
610546767,858.4394414820545,88.2882774190878,695.7917,55.1999,1
610546783,854.1997340238642,84.30868514006364,705.677,-40.4456,1
610546800,1278.8858393819908,29.97819510606931,1586.0603,59.5449,0
610546817,859.2290835539213,156.07480067201672,763.8008,77.0087,0
610546850,868.131820034824,80.34262905828786,803.6803,-80.1179,0
610546883,836.0529262945065,70.89482533101797,597.8683,-58.3729,0
610546917,821.8298077091792,60.14756811183205,613.9787,-81.5682,0
610546933,876.8791907206362,65.00549428881105,1223.4,66.4983,0
610546950,917.0699713683994,189.63150017615848,875.374,129.1887,0
610546966,849.3877131181904,178.67570426215482,743.84,98.4699,0
610546983,814.866976577348,100.36284428455716,614.8492,-88.5015,0
610546999,813.5835785594145,90.52832943723723,673.1309,-27.2203,0
610547016,816.9668206354073,102.91476441744514,701.9017,50.9838,0
610547033,814.5429423287602,108.24537244150906,659.2558,33.1622,0
610547049,789.5319788243878,64.54031979371642,631.121,-40.6287,0
610547066,819.3730589999129,25.127844206429366,690.6413,-74.4985,0
610547083,823.5586229942195,10.821542313947777,707.9219,-102.7785,0
610547099,821.8446603141389,52.181239065617746,685.0054,42.3883,0
610547116,820.5431404455564,78.05018859877248,680.957,63.0592,0
610547133,820.711451172562,94.85585648389336,689.9853,70.073,0
610547149,814.7986875250692,94.49876269700003,623.4932,-13.6096,1
610547166,818.2950310042385,88.76325834367479,727.8149,-38.4652,1
610547182,831.8995475280042,86.9316765912351,890.1087,6.159,1
610547199,836.0348848356786,72.05484696581172,782.5911,-132.0868,1
610547216,845.5728749380542,65.12032263795457,892.4195,-62.8996,1
610547433,1136.5627101914965,71.49896113589351,1307.2407,64.1346,0
610547450,1152.6303504233535,118.62696551188633,1336.9298,119.1455,0
610547466,1161.832783205003,105.39365513848115,1373.6674,95.9722,0
610547500,1180.9361479964182,101.19515350262644,1466.8854,110.1634,0
610547516,1162.9363900597418,81.17530354820275,1255.7003,3.3772,0
610547533,1151.0506674482192,70.78049120210764,1246.3831,11.4639,0
610547599,1138.937452592279,55.73600246069875,1201.639,-45.4834,1
610547633,1139.6561335605975,46.80356272176744,1327.139,-12.6823,1
610547683,1303.1229488151187,119.11845589563653,1630.2216,161.8697,0
610547699,1154.9148947152785,128.28547710256774,1341.049,130.1368,0
610547716,1164.9280689163159,69.01990548501112,1384.1162,8.8806,0
610547732,1171.2474667131976,73.29787700953761,1398.8531,88.7276,0
610547749,1172.7805102622087,54.74292531599319,1388.8724,-1.137,0
610547816,1186.1808722059238,74.94580862335792,1503.1979,182.2395,0
610547832,1203.6107194937485,62.31106756027672,1603.9152,30.5178,1
610547849,1158.7928716631059,13.887826994482545,1352.5555,8.6278,0
610547882,783.5399731478145,22.683287187905215,620.8873,-87.1657,0
610547899,771.0297670656284,42.78559200263158,570.7991,-51.1412,0
610547916,772.6494407931899,54.21939765456175,604.189,-31.2612,0
610547932,768.4277960562963,57.26019896355503,565.6198,-48.4777,0
610547949,766.1227934320005,61.92405959603162,567.6539,-33.2544,0
610547965,731.1814131916062,62.0009626288215,517.4839,-59.7113,0
610547982,781.9296298044198,86.1889587540022,615.5569,-19.5602,0
610547999,777.9219423696529,85.21695912509848,600.022,-23.8854,0
610548015,777.7776238105622,75.48257500890331,607.9819,-52.9992,0
610548032,778.2698155625748,67.9401233963951,612.7073,-63.5282,0
610548049,781.4950258296296,56.087265723725096,642.025,-97.8409,0
610548065,781.4135663283447,46.82259266605434,616.3625,-109.3125,1
610548082,779.4013821978557,47.87637729014708,588.7603,-56.3974,1
610548098,781.4208232061674,45.03329435345325,642.9183,-78.7754,1
610548115,780.945395487311,37.465290427702385,609.8741,-132.1373,1
610548132,782.0933187296417,44.74900414402552,633.5067,6.7617,1
610548148,783.5327483507498,46.18712602792098,644.424,-43.031,1
610548165,785.5641288373721,42.69706343146986,662.9177,-95.6368,1
610548182,784.1800150857108,41.708324566013225,591.0594,-80.3622,1
610548198,783.8519965782941,39.70031105648072,613.1415,-92.1157,1
610548215,785.0529471992807,39.553771862086656,649.7979,-64.1029,1
610548265,798.1504322922972,75.44567093135016,647.5419,-26.5252,0
610548282,824.4669160951482,69.26556047851027,750.4185,-25.0152,0
610548298,814.7454125224094,59.68038479212791,643.1722,-64.6019,0
610548315,812.3396737797467,52.62928601369535,662.8304,-71.2074,0
610548331,803.2558401937586,49.82139214791591,589.4333,-73.9259,0
610548348,800.5229579290769,31.30548934881212,653.6894,-73.1636,0
610548365,789.1814331575947,36.83557152255961,631.394,-70.4173,0
610548381,797.5117865756733,9.023525881467013,665.7415,-125.2864,0
610548398,812.3168365597876,10.304544006532119,734.569,-81.2456,0
610548415,811.0752620797259,8.84666065799523,667.4857,-99.8838,0
610548431,812.5568522239902,5.410587584718561,689.3981,-110.2528,0
610548448,811.7215967766689,15.310665079768697,665.9185,-36.4461,1
610548465,810.1734729553356,19.057520575739172,654.3441,-63.4004,1
610548481,808.9536522550052,17.92697754139622,654.9476,-96.3269,1
610548498,817.6375296041633,15.977100186207382,815.3885,-82.8134,1
610548514,816.0159526756134,22.52976334552631,653.4653,-24.2221,1
610548531,810.8336980580098,19.239270501342336,581.6209,-130.4225,1
610548548,809.2253118835721,23.31784917318207,639.477,-41.3907,1
610548564,810.793880278018,24.92373750884714,707.1779,-56.066,1
610548581,810.0262406383566,29.014127895469002,654.6489,-28.6472,1
610548598,809.5152702678331,30.495345071609087,660.1377,-58.1148,1
610548614,806.9462027061523,36.38303805314606,603.3203,-0.8859,1
610548631,808.5870597987814,32.96753311500193,715.8198,-116.4187,1
610548681,807.5958327424261,32.570802120712955,643.8082,-83.315,1
610548697,809.5300478711979,33.34347970440387,725.5628,-52.924,1
610548714,809.42515099032,32.1543178930695,669.1588,-91.9932,1
610548747,808.5020114617715,35.4952242506016,641.726,-20.6999,1
610548764,809.2565990242082,35.02830457813172,694.2574,-75.3175,1
610548797,809.1673341859525,38.79554150507671,666.0685,-5.5318,1
610548814,809.3658525672377,36.364973195288655,678.5107,-110.5004,1
610548831,808.2744752118188,35.756965800810676,635.7453,-84.6363,1
610548847,807.6730628801857,35.64259598658485,650.5303,-73.3409,1
610548865,807.4633715769851,37.65954093857924,661.6173,-32.2988,1
610548881,806.782706933294,38.441550864855024,646.1558,-56.2014,1
610548898,808.8771088514571,37.30205549090748,740.2476,-77.7241,1
610548915,810.4967603951885,34.15225391364948,726.1156,-117.3161,1
610548931,808.9313544325497,32.57138568945938,613.194,-103.9355,1
610548948,806.7322016884059,32.13592745274991,595.1035,-91.0912,1
610548965,808.4553248049681,31.401506000943563,735.2545,-72.4151,1
610548981,807.4776405628055,32.838646665182544,634.2173,-47.1165,1
610548998,805.7199192570267,37.38796129177183,608.0231,6.2334,1
610549015,933.4971078205677,60.09527908042696,911.8612,-5.0251,0
610549048,1102.9287862052256,58.384841005664676,1242.1411,40.6498,0
610549065,1168.6712792575802,84.32904106536338,1496.2891,133.0069,0
610549081,1154.0938133563852,75.42102547587098,1284.7778,45.9248,0
610549114,1145.3051361479093,69.34658014947361,1273.986,37.6502,0
610549131,1134.105161790708,64.68032900863108,1217.9548,24.4336,0
610549164,1182.0840551390645,61.85093018198322,1396.2944,66.5591,0
610549181,1120.7083937554985,78.88938299865298,1276.0857,67.6092,0
610549231,1194.6493297983952,58.669956451784806,1565.3328,65.7399,0
610549264,1189.080203127361,54.39117046275487,1388.177,48.3153,0
610549281,1175.4556479774596,72.35648882500996,1301.8937,121.8077,0
610549381,1193.6097378031159,87.38396141427316,1554.9719,179.9692,0
610549397,1203.5751845060809,72.3661013380778,1533.3428,17.7776,1
610549414,1206.0156755617336,54.52410846644642,1471.3661,-41.4467,1
610549430,1203.0325107998663,58.6944898429121,1394.2799,94.7145,1
610549447,1206.4558047012238,53.855048695356736,1493.0549,34.0622,1
610549464,1205.2226612186946,47.90140605520304,1420.2418,3.7647,1
610549480,1209.1120702789742,54.08795131116454,1513.5471,138.9519,1
610549514,1210.9270495092123,55.62292915059481,1482.7135,90.0654,1
610549530,1215.355419697996,62.69694801484379,1544.422,169.8701,1
610549564,1211.710336781492,64.81100247771626,1366.4913,89.2906,1
610549597,1208.653519792949,65.63356880588253,1373.3101,75.3567,1
610549614,1204.4621715890637,69.15381402711442,1336.0444,109.857,1
610549630,1204.9515910266402,69.88899361274636,1455.2087,89.635,1
610549647,1205.2359548242755,69.92731292129108,1450.7784,79.2747,1
610549663,1201.0495513886608,73.42256301595783,1320.7739,115.9109,1
610549680,1196.999500091669,74.85632452793745,1318.9879,85.4335,1
610549697,1195.6730472353242,73.829357547474,1396.3965,57.0659,1
610549713,1196.9374234721445,73.9266584072838,1473.3811,87.1452,1
610549730,1195.1863164450062,73.67481093102859,1379.2727,68.1256,1
610549747,1193.8775309026278,74.97248627574862,1389.7925,97.401,1
610549763,1192.8241531459637,74.86168956701609,1396.5403,74.3443,1
610549780,1093.6248114398136,109.01989325859931,1222.2601,92.305,0
610549796,1076.9919544664479,91.496922288254,1190.4476,68.8624,0
610549813,1084.1552252481147,66.46534912127419,1220.0599,19.2916,0
610549830,1088.1539176337028,80.01383210866477,1227.0823,90.8946,0
610549846,1094.052497481311,73.4971376746755,1258.8838,38.4431,0
610549863,1100.5883756179073,75.93872042382598,1286.106,76.3152,0
610549880,1107.73781404683,99.15207957130923,1312.8315,216.2361,1
610549896,1105.995473246666,100.58026826101244,1224.7085,90.6217,1
610549913,1106.4684439568332,99.93751453584824,1252.2537,80.3077,1
610549930,1107.1066666565525,99.32300092572275,1256.6891,80.0914,1
610549946,1102.8723509160016,103.82419111973485,1168.7173,117.7687,1
610549963,1104.4872313574956,104.21208565134583,1272.124,95.661,1
610549979,1103.997719218076,107.78292570759305,1231.2571,127.6675,1
610549996,1103.4835738226252,108.58071356228469,1230.366,98.7404,1
610550013,1102.3247734405322,108.91124737418225,1213.9683,91.6334,1
610550029,1102.8417569180558,108.82711691488056,1253.1091,92.2657,1
610550046,1103.3433590169568,108.59005939539539,1253.946,90.3675,1
610550063,1102.8161289146647,108.99954520585321,1226.8988,96.1415,1
610550079,1102.97295664574,107.89437720727834,1245.7566,76.1876,1
610550096,1104.233924900862,104.14277882780861,1279.2036,38.1015,1
610550113,1105.1663115403016,103.64772162654148,1269.9182,86.851,1
610550129,1104.163193343607,102.60268780617866,1213.0718,69.1427,1
610550146,1104.6187283474037,100.64505827270564,1257.4944,59.199,1
610550162,1102.7026329164366,100.48126231576501,1182.5042,78.2387,1
610550179,1098.4695758322,96.45999228574055,1108.6044,-0.8401,1
610550196,1001.54755159724,59.432429279902315,1044.5138,13.3456,0
610550212,1000.0221501063812,36.43634246803358,1042.3345,-11.7263,0
610550246,1002.189611201631,11.625270128386758,1075.7375,-5.1193,0
610550262,999.6336722572272,1.5134448010095147,1028.8804,-83.547,0
610550330,993.9108090343296,12.29417184032977,982.152,34.4031,1
610550347,989.3596366504005,23.417227534896877,961.9298,40.9709,1
610550363,986.1196164710921,27.87708382084412,969.6766,1.6721,1
610550380,976.3119388270633,25.301969753862597,841.866,-79.2828,1
610550396,786.2227556651656,133.73922408660937,622.283,32.6017,0
610550413,755.8419982685325,155.25691671625452,562.3285,47.1429,0
610550430,770.2052057623566,161.61272271284835,617.8065,68.7926,0
610550446,774.5301419393654,159.4415349473835,615.3668,54.5985,0
610550463,772.2497056396451,167.7264886559412,579.5862,89.496,0
610550480,766.3772331362266,171.17439818517113,536.808,74.912,0
610550496,768.7500686165707,172.19529869873327,609.6753,77.095,1
610550513,765.146558571069,172.37465349982816,539.3906,62.8804,1
610550530,764.6798889338309,171.58555897448537,573.9302,60.2299,1
610550546,766.050743253197,174.62438861550893,601.7282,97.8543,1
610550563,764.6938887257432,165.6281897387395,560.2417,-23.4626,1
610550580,760.5246403197482,160.66129930627596,499.802,-3.5546,1
610550596,760.866480126899,160.21055321314654,581.3854,52.8163,1
610550613,762.2069559754251,161.13120748778556,604.0834,72.3082,1
610550630,758.1966771767726,153.7198352166951,483.9215,-52.9755,1
610550646,756.9527382177802,149.89747367359206,541.7042,-5.3392,1
610550663,760.723285606401,148.02474409209253,668.2581,35.8064,1
610550696,763.35620923483,147.64070689697618,644.427,52.0093,1
610550713,764.4889473228337,149.19938377724952,606.4693,75.6293,1
610550729,765.8792899625385,150.25302465344006,616.1049,69.9689,1
610550746,766.5494442830964,147.71277251530836,599.0027,9.2343,1
610550763,768.2804133350392,142.72190460759612,633.718,-29.2982,1
610550779,770.1599659940878,137.1541212070004,641.3812,-42.312,1
610550813,770.8781021073804,138.52575577784455,603.8467,68.4416,1
610550846,874.331268016808,166.63059353428235,792.8705,92.5556,0
610550862,1048.2214418740623,171.02106844716536,1131.6294,146.0188,0
610550879,1116.16198230331,152.11649375930642,1397.4263,143.6035,0
610550896,1141.93152726365,147.50735342276633,1414.5347,151.6452,0
610550912,1152.6292528059491,154.4138759112689,1395.3748,188.3037,0
610550929,1164.366558854439,150.17236804662596,1447.0662,150.9806,0
610550946,1200.446221113313,143.124495145481,1429.277,158.8061,0
610550962,1186.5691778233088,140.62882059793696,1402.3169,152.2405,0
610550979,1189.5436731183163,137.63485784079325,1414.1029,147.4975,0
610550996,1192.5586050317293,143.0666918625142,1425.1809,169.7928,0
610551012,1192.7262386417292,142.4210596594091,1415.1746,153.887,0
610551029,1194.115916170369,147.2268740490602,1426.6541,183.1015,0
610551046,1193.1686430864993,147.89248220019277,1405.5942,163.7144,1
610551062,1190.48630335952,148.74845266772098,1379.21,162.6334,1
610551079,1189.6580273377488,148.18628734082782,1397.8921,155.286,1
610551095,1189.898294153759,147.7307642439785,1412.8263,157.3908,1
610551112,1191.6590069236618,144.00517554847298,1442.2695,128.0241,1
610551129,1191.770505337491,145.82788113002496,1413.4696,177.8913,1
610551145,1192.3403348935535,146.375272571375,1423.8486,167.4321,1
610551162,1189.9188599411461,147.13630195775497,1358.1411,161.4627,1
610551179,1189.9117112459194,145.8721093236535,1409.9797,143.4775,1
610551195,1189.8432054308967,146.99867844402002,1407.3828,174.3211,1
610551212,1190.051747513742,146.4060751703919,1415.121,152.1406,1
610551228,1187.4585618712242,150.46536950986982,1337.5952,209.7482,1
610551245,1186.654238801264,152.49876751571136,1383.3767,189.3981,1
610551262,1183.757411931016,154.67785344862568,1321.3286,184.9187,1
610551278,1180.9838359344672,157.9467734877295,1319.3334,204.6196,1
610551295,1179.888525829494,159.78224792475606,1366.2087,190.3826,1
610551312,1178.5673224550799,159.31247565334624,1358.2024,151.7117,1
610551328,1176.4765597186247,160.22286996597484,1330.7119,172.0346,1
610551345,1174.0766798291663,161.9107202430921,1317.0427,184.9315,1
610551362,1173.2282399002884,165.07746319571189,1362.8738,219.5705,1
610551378,1171.2439762824856,167.783224209965,1323.5264,207.802,1
610551395,1170.4364072016374,168.3845658428795,1360.5935,176.6502,1
610551411,1170.048373448269,170.18745811377613,1371.5232,201.7609,1
610551428,1168.7026950380273,171.4647396568822,1337.374,188.7615,1
610551445,1168.9782470600348,170.67227114089803,1391.0631,159.2209,1
610551461,1167.8280561223523,170.721174927644,1343.7881,166.0753,1
610551478,1167.9140083490258,171.80826413874698,1383.9143,192.2678,1
610551495,1167.99888732934,173.21140342096425,1382.3115,201.6376,1
610551511,1162.7300335887346,175.13379269747043,1196.7123,184.4732,1
610551528,933.5056947639771,226.9459212628839,906.1192,173.7859,0
610551545,735.3687306435252,227.81462538307807,519.922,119.1601,0
610551578,730.4703425153242,219.62626111469862,501.4169,98.8885,0
610551611,742.7587820783349,220.93764951481052,582.1154,123.5541,0
610551628,754.8730756301424,221.0956307784234,627.8334,127.978,0
610551644,760.100313371856,208.30502051286447,609.4987,57.0139,0
610551661,753.2335629102532,275.8788100293052,553.0815,175.6782,0
610551677,792.0328505080104,222.74936685196553,630.5347,129.6202,0
610551695,785.2956418890332,210.90613895533923,605.1232,100.4952,0
610551712,783.4363869760094,214.81838124910905,606.6486,126.0802,0
610551728,774.5389130419626,215.85565517888253,545.2812,113.2438,0
610551745,771.6334798923159,204.9279028766633,571.2846,55.7012,0
610551762,773.3048025800721,205.60858739691048,611.2321,112.4982,1
610551778,771.2984961417828,210.44791912228263,567.6155,137.8903,1
610551795,771.1813061298019,214.2926334530919,588.7762,142.0018,1
610551812,770.2538570129645,219.54001389364743,574.2621,159.8689,1
610551828,773.6313239700895,218.6752620527946,651.0905,118.9177,1
610551845,773.5425011694405,216.45256513991933,593.6906,94.4963,1
610551861,777.3967501762786,216.42642361973833,675.9236,128.4252,1
610551878,779.1640651279363,218.06578527928505,638.9852,143.7774,1
610551895,780.1697679213345,218.71496471486367,625.9205,131.3186,1
610551911,781.8482109845671,213.48151067685424,647.8404,54.4924,1
610551928,784.2415598327752,206.53413447690147,671.4457,26.8385,1
610551945,785.7530996785085,202.33234168618824,651.9072,56.939,1
610551961,785.2086917515719,194.32272899477042,599.8835,-14.0636,1
610551978,786.3728277246835,189.37379344140592,647.4351,33.2086,1
610551995,786.311958311665,182.08018368510875,615.0742,-14.9348,1
610552011,786.188821192033,176.58121419388658,613.0536,7.8435,1
610552028,786.4294222373247,170.7989569034382,625.1542,-0.6898,1
610552044,785.1737303089797,161.34975831385623,581.2426,-76.323,1
610552061,786.1761620024861,154.89825114108277,651.329,-20.984,1
610552078,788.9272266284413,147.11889946519386,710.5048,-42.3174,1
610552094,788.287938145968,141.40916206197878,601.2133,-27.2307,1
610552111,788.3066351684989,136.02126264445587,623.4213,-24.0377,1
610552128,787.8412916714939,135.00283243955462,605.5761,48.3739,1
610552144,786.9129731365981,132.1175155989793,591.6396,7.1582,1
610552178,785.46366490127,129.70723675408254,573.8948,8.6524,1
610552194,789.0685691378751,126.38186184908785,747.2557,22.0819,1
610552211,794.2162914128584,126.29974741950527,795.5974,81.7398,1
610552228,797.9102447621929,124.13203545250452,749.1265,33.5482,1
610552244,800.0012702632985,123.4248068612307,689.7518,47.0597,1
610552261,805.5572308738076,120.9017621645801,814.5665,20.2417,1
610552277,808.5978624991465,120.44874880380873,735.3002,49.5117,1
610552294,811.9489508881431,117.87712267309549,746.0993,10.6612,1
610552311,817.7658562320652,116.56166418255202,835.6396,43.2604,1
610552327,821.191523608515,116.14722395130254,757.0173,47.2245,1
610552344,921.6217525758924,82.05822490224624,887.9582,15.1821,0
610552361,828.3177622033085,149.51242038135942,703.7814,61.3086,0
610552377,843.470067963843,158.20191444593024,762.1705,88.3959,0
610552394,846.3871669905845,142.91841883583234,751.4249,28.3157,0
610552411,848.5997751884214,133.2457401310628,757.4069,20.839,0
610552427,851.1160325595011,128.71033811721816,768.4227,29.5571,0
610552444,860.3827276275952,122.86082270634974,855.3937,24.5378,1
610552460,858.0910811403751,130.07235061609717,733.3328,90.6389,1
610552477,856.1831111351513,138.48576011308145,730.4039,113.9185,1
610552494,862.4500285247407,133.1479000046598,863.1608,22.6075,1
610552510,862.6549685109502,132.4069393105935,772.0615,46.1702,1
610552527,870.4957893910328,123.95802799997455,925.7999,-16.7583,1
610552544,979.8719770536379,0.9463808482437341,1004.2869,-55.4098,0
610552560,914.7743352096028,49.559919339207184,875.7343,-21.5653,0
610552577,927.8600927938326,56.317334127593774,926.2115,0.2286,0
610552593,930.8340984686005,45.62354439188173,919.2947,-42.4536,0
610552627,941.4721875226561,26.71958921062697,991.7387,-89.6667,0
610552677,945.0063123097569,20.060857538230486,962.757,-68.1979,0
610552693,941.1595103644003,36.9412878407914,887.1228,55.9426,1
610552710,937.0470562400429,45.62066387241051,870.711,27.1547,1
610552727,934.8316175890268,47.991545702363986,885.9029,-6.0186,1
610552760,936.515973279351,56.04022223390536,941.3431,58.376,1
610552776,937.8736726582218,58.72734667940924,942.0704,19.0195,1
610552793,939.2243570378807,63.62015952574204,945.173,48.117,1
610552810,940.256558212043,65.12246648238767,943.413,16.3782,1
610552826,939.2853452977688,71.42751642510882,899.3193,72.1556,1
610552843,938.2491897930137,75.50530096286428,895.9811,51.8159,1
610552860,937.1095384843927,79.12204724545951,890.9575,50.6597,1
610552876,937.4936988308799,82.77633282566558,927.8468,61.5855,1
610552893,942.8621577166301,77.34900844276206,1067.4622,-48.9461,1
610552910,1045.375830361629,96.94247414341321,1128.6401,65.8332,0
610552926,1053.5556498413148,55.377024626812755,1146.0171,23.5824,0
610552943,1045.4384921534217,78.1481656140652,1112.8469,67.7802,0
610552959,1058.2241466377668,84.14942091969695,1203.3174,75.5194,0
610552976,1069.9804092215688,82.49078680615567,1244.8997,61.4865,0
610552993,1077.2168379164186,79.36270794332891,1246.1083,50.4283,0
610553009,1071.5450578401196,85.21390401365346,1123.666,83.1357,1
610553026,1071.3677840234416,84.20837563838148,1177.1698,52.4083,1
610553043,1077.7999396494095,93.64548240423609,1272.5411,150.3104,1
610553059,1075.7759002869307,92.03354007409743,1156.6097,49.9097,1
610553076,1074.951723752937,91.27695878585033,1171.8301,57.8906,1
610553093,1072.3774084256083,95.90929300928158,1133.1353,109.6814,1
610553110,1070.931561716105,97.66674796689318,1150.384,86.1698,1
610553127,1069.617944637873,98.0773531224159,1149.8635,72.1933,1
610553144,1070.3938793780146,97.92640272028724,1196.2419,72.2651,1
610553160,1071.713337418841,98.07162445481109,1211.4727,78.5218,1
610553177,1071.75011492344,99.48492308063145,1180.4609,92.6552,1
610553194,1072.5072718618499,98.23014748807063,1201.2167,57.6665,1
610553210,1077.4834203054315,102.0219065829426,1318.1382,151.3147,1
610553227,1081.334130310704,102.87373454958441,1295.9785,105.2853,1
610553244,1083.1235815353914,104.07685414533579,1241.4226,104.29,1
610553260,1084.5226887901872,103.6204595705858,1233.7815,76.7973,1
610553277,1085.0546373504606,104.36690664582592,1209.0625,93.8799,1
610553293,1084.8630666134115,104.64303270179367,1188.1831,83.6056,1
610553327,1085.1124767390347,106.22203434281795,1202.4175,109.2762,1
610553343,1085.740400727198,109.44731575678045,1215.0292,141.8768,1
610553360,1086.3911416597189,109.55997652575996,1219.1702,88.0912,1
610553377,1088.5607560976164,106.95119364320034,1272.7844,46.6736,1
610553393,1094.0971824718422,104.78243507642888,1387.9397,71.0674,1
610553410,1098.5256094467725,103.7702638510373,1354.6743,87.5741,1
610553426,1201.8033233246292,38.57890441051461,1435.5303,47.1484,0
610553443,1194.4955125181864,65.20670651116814,1420.3684,73.6355,0
610553460,1190.0664683672376,69.21175546656234,1402.8501,79.7281,0
610553476,1189.98286572684,75.3616434950956,1410.5211,96.2884,0
610553493,1192.059699574963,75.82611975013049,1427.2566,87.4208,0
610553510,1190.187495166817,69.14164479878781,1398.3486,46.3264,0
610553526,1190.335513228224,70.43635137028754,1413.3623,85.261,1
610553543,1187.344862819321,72.79329799968444,1372.1147,89.635,1
610553559,1186.2928000055076,76.96370477430199,1390.032,111.6834,1
610553576,1186.2046022361335,74.48656795439848,1404.1705,60.5521,1
610553593,1183.887757432122,74.92376789137722,1362.5664,79.4413,1
610553609,1181.0958504462074,76.72874647994578,1345.5654,92.6178,1
610553626,1178.2987975249914,78.27500973012727,1337.2365,91.3292,1
610553643,1176.4176009246705,77.45692056059275,1350.7974,66.3468,1
610553659,1174.5351827421787,78.75445048265523,1344.7815,92.1076,1
610553676,1172.4719191440624,77.99874143075441,1336.2141,64.4304,1
610553693,1172.6162103043969,76.28994950818445,1388.9728,57.4844,1
610553709,1173.1483475465625,73.00525024721573,1399.9977,33.6556,1
610553726,1175.2872441050465,73.72931970353702,1443.4714,98.3293,1
610553743,1173.6988076961306,75.0635855718924,1339.0154,93.6428,1
610553759,1173.6148749171189,74.510648207179,1381.4485,70.0447,1
610553776,1171.5656056280916,74.88996920825953,1320.8008,76.4391,1
610553793,1171.1637211510463,75.02703275702063,1368.5789,79.4068,1
610553809,1165.2950805809558,76.7964621324718,1194.4087,82.792,1
610553826,870.4352855008244,130.00706694835597,786.5413,52.2149,0
610553842,794.7805626747206,62.71337382139567,641.4135,-41.1149,0
610553859,836.0663573109146,118.58161444795121,798.2882,101.6004,0
610553876,833.7973882804706,111.6453369445511,707.0581,5.8655,0
610553892,830.7088932286218,109.52882524207497,691.8651,9.6047,0
610553909,822.2670599667105,102.51262088729742,629.8494,-29.6877,0
610553926,827.2765486621868,104.31911281366125,751.1531,29.1904,1
610553942,831.334005453086,117.43390081884307,753.7692,115.6271,1
610553959,828.7123713451081,106.30107014836942,673.7851,-70.6244,1
610553975,820.4504577933529,106.9559418736158,568.7171,1.6723,1
610553992,820.7477287187708,111.42882327124532,696.4005,59.5136,1
610554009,817.1757347736401,107.31791797845604,623.8366,-36.6447,1
610554025,821.4133914421255,110.24296319038244,775.7377,60.6675,1
610554042,821.9449440653589,109.26920590384094,705.3814,6.6239,1
610554059,820.350503721455,106.68041518002511,656.9272,-22.8692,1
610554075,821.7880885992317,114.42330080193305,724.0215,125.4747,1
610554092,821.1422174856671,112.51692740898345,677.0609,-10.2573,1
610554108,824.8354783049525,111.99346833957192,792.2317,24.8967,1
610554125,823.7662169833529,110.44393736923256,666.6503,-9.4598,1
610554142,819.6541204901807,111.40758825574477,575.9612,16.0561,1
610554158,816.9832386384195,111.809581864579,612.2051,13.0046,1
610554192,812.5088770233895,114.09292954516116,552.3713,36.2754,1
610554208,810.641370652079,117.5739878600789,625.7614,69.0744,1
610554225,811.846256367294,123.01844636646469,718.1511,119.0503,1
610554258,807.9040984828493,124.43144319922823,555.9034,28.1503,1
610554275,805.4493040161274,122.67932871094925,601.0663,-20.5837,1
610554291,806.3179853710175,118.85344951303941,707.8135,-42.8692,1
610554308,806.4276390841293,119.09433887698208,679.2465,26.6108,1
610554325,804.7413872595812,117.99942747905234,618.3878,-6.3291,1
610554341,804.0857330089976,120.10972789255054,648.6916,57.8293,1
610554358,802.5863930877026,122.84770918100439,617.5836,66.0689,1
610554375,800.9586227075853,123.3921124646073,611.0719,18.3079,1
610554391,800.6580861470293,124.84533148295796,669.6171,57.4431,1
610554408,802.5490182908295,128.5397484902426,729.4186,99.5554,1
610554425,803.4257305833088,128.4413725529085,693.4799,25.0851,1
610554441,804.9032841498777,124.89904633201849,708.1615,-39.2338,1
610554458,805.6946610845889,127.45702115587608,693.1158,78.6784,1
610554474,807.3711208749835,126.2721658604175,723.9452,22.1564,1
610554508,809.5025141060665,125.28320937013146,729.9613,8.5011,1
610554525,810.608456343708,125.84737491687567,684.1103,41.7563,1
610554542,811.2449969612444,125.40732909524516,683.9721,27.2281,1
610554559,850.2201383497601,336.50266052498574,740.0151,267.8415,0
610554575,822.9329254019597,52.56424468632372,696.6325,-44.0976,0
610554592,834.0653257744596,87.19484095410554,737.5838,36.2679,0
610554609,840.7752066339489,105.22502128788916,754.2375,59.2748,0
610554625,831.2623678416599,121.22591910148488,653.6048,74.2289,0
610554642,821.4258264323479,126.01716190941417,615.5588,42.583,0
610554658,805.6994678383684,110.60512498095899,661.0414,13.2708,0
610554675,813.319017467628,124.22949618004813,675.4216,30.0081,0
610554692,819.1070758287586,157.2295797832009,695.6795,103.89,0
610554708,813.8871289088984,150.8603074796796,655.7771,42.0462,0
610554725,819.0518436941765,141.6578691651581,716.876,25.2903,0
610554742,813.7301642523012,131.0997322445969,636.498,-12.5812,0
610554758,806.303357173469,130.22814296882484,591.5844,20.6231,1
610554775,802.5145730698098,126.97131425241015,613.604,4.6454,1
610554792,812.1109834545246,133.97479217296544,797.6568,109.4342,1
610554808,814.0859125354087,133.5291677248833,705.1239,40.8024,1
610554825,810.4977423670339,130.5097712776763,611.2615,0.6591,1
610554858,808.7286833879823,127.92010558503777,636.0923,3.7632,1
610554875,806.0921242595028,121.96806025255638,613.9946,-42.8399,1
610554891,803.4699771967229,115.20443838323024,607.6116,-62.9668,1
610554908,800.9593560785024,114.28080162129534,601.1877,2.7781,1
610554925,800.2188296000925,110.22800062770912,640.3691,-36.1964,1
610554941,796.3592747583634,113.88333103520173,553.8562,56.6443,1
610554958,794.3907432515795,120.28500030327015,595.001,107.2823,1
610554975,792.470129287756,118.71290234114093,595.6262,-9.3244,1
610554991,788.7449785604283,111.57712954482254,542.3331,-107.2731,1
610555008,786.0899861042008,112.86479311811256,562.771,26.638,1
610555024,782.1491033614597,118.80012316664495,516.136,98.1906,1
610555041,787.0968749508573,79.4270048622547,625.8612,-25.3579,0
610555058,764.7915599180208,90.04970640021966,582.0217,-20.2282,0
610555074,756.6257664752177,152.91172781988672,545.8984,109.7613,0
610555091,742.1803626082515,185.9511676602855,476.5176,138.1923,0
610555108,738.4883940147181,205.52812692341672,503.968,154.4827,0
610555124,733.1319441586531,219.34053678193663,473.768,160.2766,0
610555141,728.277567980157,233.30758462806176,458.8299,187.2386,1
610555158,723.2616112695747,249.4181183601947,437.8613,227.5955,1
610555174,724.6489740778818,252.02161853928325,518.5054,158.8827,1
610555191,667.4217434487592,287.9494909510578,385.4184,164.5527,0
610555208,754.0915823610793,216.43311415749704,556.8055,112.2127,0
610555224,750.855419514063,197.04251719198885,545.544,68.8926,0
610555241,744.0674132576735,219.91230022851468,509.3167,158.1642,0
610555274,738.7022095684384,230.44893481576744,494.4893,151.7003,0
610555291,738.3791596087045,239.81254026292922,522.1933,171.3672,0
610555308,738.1655330981054,244.88127141957804,522.4979,163.3598,1
610555324,743.5009658796288,245.8058737891123,595.6304,153.7268,1
610555341,747.9793332315505,243.61255096266677,602.1119,130.7836,1
610555357,748.0770987089688,244.90025034086557,543.5884,150.2621,1
610555391,746.9251463674253,247.79918997070428,520.6619,165.4877,1
610555407,747.0558607888688,252.23390820450095,541.7379,190.2111,1
610555424,747.5532297301287,255.73586757986675,550.0361,187.7866,1
610555440,746.8892617599798,262.4470597083146,523.9459,229.3545,1
610555457,745.6712778331307,271.46824183382125,507.8909,267.1695,1
610555474,746.7835299996462,274.23143677011416,565.4071,201.8235,1
610555490,747.6762843077369,279.0401766535293,561.1747,234.6576,1
610555507,748.8235902202174,284.68389931141576,569.3961,254.5899,1
610555524,749.3436563800566,291.5478456236074,553.3821,278.0525,1
610555540,749.458104112555,297.0689641891615,543.251,263.0847,1
610555557,749.1916696315633,303.4698302477546,531.74,282.1621,1
610555574,748.2167999203988,309.0005039902984,510.3881,271.4243,1
610555590,748.1227476351006,312.35832552077505,537.5306,244.291,1
610555607,747.9137158591403,316.5015015623587,533.3491,261.8395,1
610555624,746.7776773434814,320.585917601644,503.4634,261.4074,1
610555640,746.060702591857,326.46528808956583,514.8365,300.0185,1
610555657,745.2331172142698,329.9491556420444,511.7304,261.7577,1
610555674,743.9662350308905,337.3361673207994,493.9059,335.308,1
610555707,741.6972230307049,343.7976997353397,459.5474,319.2703,1
610555723,741.5423051093298,350.10714875461974,528.9409,332.1902,1
610555757,740.6402986285424,355.5019311015032,503.0569,317.0849,1
610555773,739.2378684098483,361.46686796847,487.6035,315.5169,1
610555790,737.9430405651515,368.3188596221347,487.9345,334.8267,1
610555807,736.9825006521725,371.35284918232105,496.2919,281.3167,1
610555823,734.8475545399097,374.46195385686167,453.5821,282.0104,1
610555840,735.3663678002399,373.8756037105028,547.4374,233.477,1
610555857,735.9464710488825,374.7684557766203,546.8071,265.4628,1
610555873,735.7379545158022,373.5922219454235,526.9555,226.5298,1
610555890,734.6774336523963,371.9625815193861,496.3585,215.7762,1
610555907,734.4525845629961,372.39344861221394,515.1335,264.1868,1
610555923,733.9382114249888,372.16140676635246,501.9012,254.9252,1
610555941,733.53331688944,370.96955575403337,507.2528,242.3544,1
610555957,731.8380955642157,369.9563067382906,462.7976,240.6597,1
610555974,731.563350696646,367.7955989126497,507.623,231.4745,1
610555991,731.0454162378708,366.3860461889771,496.1699,248.2036,1
610556007,731.6859321855769,362.17793745342215,542.1527,194.2191,1
610556024,731.7928708653706,362.70880572225974,519.1652,283.279,1
610556041,731.6079094251947,360.44631746494974,510.5126,230.7187,1
610556057,731.301706032421,357.6507313100712,503.9107,221.1492,1
610556074,730.5508003189823,356.8508112254255,485.7673,252.8069,1
610556090,731.0371822674299,353.3958443911244,527.6163,209.3619,1
610556107,732.3606081468788,349.2829282903695,553.9242,197.868,1
610556124,733.7086832713303,344.82931773671345,557.8606,186.6404,1
610556140,734.8697840498432,340.47968224901103,551.0551,187.333,1
610556157,736.8104108624347,334.2464646455435,576.0384,153.2709,1
610556174,739.6151704739302,327.7781938101279,607.8134,154.0511,1
610556190,741.969872172879,321.5544895592429,593.4098,148.715,1
610556207,744.401299581576,315.74619958997334,595.7987,160.6985,1
610556224,745.4119029774257,310.90928549884217,545.9393,165.3914,1
610556240,746.7964120314673,304.47995601390784,569.7216,134.0487,1
610556257,747.2659444060455,299.54908938416503,537.2876,151.0181,1
610556274,748.8970276934006,291.99474944362726,579.4017,102.6159,1
610556290,751.151030397926,286.8383859565679,602.0502,147.3373,1
610556307,753.8967473642639,285.02981622536674,620.6172,201.403,1
610556323,755.5628987060909,280.2583021486532,584.5724,136.3134,1
610556340,758.918189141158,272.3755394454518,657.1987,77.1126,1
610556356,761.498756847794,265.8797997239427,632.6969,98.5203,1
610556373,765.844350349847,257.9794226456468,694.6264,72.2608,1
