timstamp,smoothx,smoothy,rawx,rawy,fixation
610474694,979.7495797876959,373.9263522960159,962.6188,326.6731,0
610474712,977.3218528250629,379.14683219423915,967.3076,368.5602,0
610474728,974.4377229648885,381.03752655638914,953.4792,356.1699,1
610474745,975.1292133175216,381.35069150918633,990.5842,353.7522,1
610474761,975.0051675830825,380.4622469723267,981.0775,343.0923,1
610474778,975.2222654938648,379.90948902274874,986.2338,345.2817,1
610474794,976.323846691435,379.0887327771358,1003.0697,344.0504,1
610474811,975.3037818462965,374.6500675024292,965.962,298.0123,1
610474828,975.2242134996261,371.47810799087927,982.5637,308.0339,1
610474844,977.1456889669688,369.28594375117484,1026.9943,321.707,1
610474861,977.0203726420935,365.6862657583277,984.0554,293.8436,1
610474877,979.6432740413406,362.94861865456517,1051.9813,310.493,1
610474894,979.1640449978808,363.34517202200885,975.923,340.8994,1
610474911,979.9233346378589,363.1032114086563,1008.815,336.2162,1
610474927,981.7305735992647,362.6828929155327,1039.8135,337.3055,1
610474944,982.3256571370603,363.87117175244475,1007.5,357.455,1
610474961,983.535875065167,364.29430632921947,1027.3669,348.4759,1
610474977,983.9266313675778,364.25607957943595,1004.9736,337.5247,1
610474994,982.8407680000944,365.33278508965907,959.7445,349.6993,1
610475010,982.6945390340906,364.96774871248016,989.3431,329.2892,1
610475027,982.1368717617161,364.62908760964456,976.4644,327.4423,1
610475044,982.5603650740553,362.5570424376755,1009.1716,300.6735,1
610475061,982.0937984170229,362.66614641772566,979.4303,334.72,1
610475077,981.9911991488036,363.5856176135252,991.0424,350.9536,1
610475094,982.2585391875713,362.30624726966715,1004.939,312.3315,1
610475110,982.0716280009912,362.274716162233,989.2832,332.6924,1
610475127,982.4010601463034,363.5831697650414,1006.1628,359.9808,1
610475144,981.1921957756232,364.9227260871978,955.3862,354.094,1
610475160,980.960324340158,365.7885868346387,987.017,349.8661,1
610475177,981.1935637862505,365.307095303498,1004.756,328.5185,1
610475194,980.1058125531026,365.5673444394403,955.2859,332.2178,1
610475211,980.767875016804,366.023791985964,1015.4058,348.948,1
610475228,981.7956674588571,366.6600067384537,1026.4557,352.5548,1
610475244,979.4935206451698,369.73223654877427,915.9827,381.5793,1
610475261,974.2832008245637,373.65038025884587,815.3791,382.3612,1
610475278,871.0408134773159,494.2752899672468,775.149,442.7595,0
610475294,874.8436878590225,514.1907660785077,781.8734,465.1686,0
610475311,867.3599738694559,507.69510271240716,753.187,447.0724,0
610475328,859.7155563362069,517.0650350795971,722.1108,479.7484,0
610475344,858.9117010934123,521.535444723557,745.7679,482.0329,0
610475361,861.2295348587742,516.269161099353,774.056,443.7706,0
610475378,866.9225351225277,520.7689728545236,819.5118,501.252,1
610475394,867.3089495610758,525.57041155179,769.4878,505.1671,1
610475411,866.390128656193,526.2810169440451,752.151,478.1726,1
610475427,867.9920872745911,523.9110842831499,791.7567,457.004,1
610475444,868.888908077133,522.2652725452053,784.0186,458.9926,1
610475461,867.0282296848028,523.3388566063072,731.7035,478.2684,1
610475477,867.8596594826478,522.6072597385928,783.7957,466.4615,1
610475494,864.746870397825,521.5497619471606,697.7166,448.9528,1
610475511,865.2312862436062,520.9593479408086,774.9056,464.6868,1
610475527,864.7662001389118,518.4198577844824,753.2781,433.9686,1
610475544,865.2984858626621,517.4469351232524,777.517,456.7722,1
610475560,864.833424393007,517.8090818393443,751.0302,471.6729,1
610475577,865.2112770200833,518.5488177399633,773.455,480.989,1
610475594,863.0976684969739,518.8326245557961,702.5098,464.127,1
610475610,861.4634503108609,519.8850281139868,712.7898,478.3131,1
610475627,859.6537521574545,519.8245912146614,705.4209,459.3994,1
610475644,857.1017201184468,521.9197155509663,678.5065,492.2417,1
610475660,856.8814384519706,520.9367307293712,749.9548,450.3469,1
610475677,855.1609487766956,520.831864349939,700.4472,458.2139,1
610475694,853.2528945453785,523.2227250380183,690.4181,501.4504,1
610475710,851.3540575140971,524.757831929388,688.4764,486.8302,1
610475727,850.4426176355067,521.3392973483118,721.3962,401.6215,1
610475744,849.6772041612306,518.2251057516631,724.0335,406.6216,1
610475760,846.9759609767489,518.5728038330313,654.6404,460.1733,1
610475777,844.6034806593676,520.4171551760056,661.824,489.2295,1
610475793,843.1336558870308,523.1297779509694,695.3113,509.8043,1
610475810,841.5845801641634,524.3717237026715,687.4349,479.8803,1
610475827,838.2045410641335,527.9190410752886,617.9137,517.4684,1
610475843,836.9568281117685,528.4903496095454,691.8919,472.3901,1
610475860,836.500098920608,533.1069493458331,715.9424,547.9855,1
610475877,835.1187215644717,530.4966576124953,689.8597,415.0794,1
610475893,834.9023668384419,529.0139837051279,719.6152,442.273,1
610475910,832.8845973159092,527.1853157576693,653.7456,424.1301,1
610475927,832.4735080834887,524.5513556368198,710.015,414.921,1
610475943,831.8027783229907,522.0061375971809,697.0537,415.6901,1
610475960,831.7102221617505,519.2104527401438,708.6406,415.6187,1
610475976,831.5262747414841,515.8173123955436,709.2118,402.0957,1
610475993,831.393761068055,513.1295003621135,699.3774,412.9192,1
610476010,831.7568095180317,510.39087643171837,723.0443,415.0933,1
610476026,832.1592406390993,509.2793014644829,719.2862,441.1982,1
610476043,831.655826158931,507.8407553181853,689.8718,431.8666,1
610476060,830.8155246067017,506.14173844500243,674.4963,425.2902,1
610476076,829.5672045919197,504.2478914174121,662.098,418.7061,1
610476093,830.4133843578161,500.90136689621227,725.7464,397.9924,1
610476110,830.2041709819508,499.0280849141123,689.9908,419.7897,1
610476126,832.3363529099107,498.11263888551724,768.1092,444.907,1
610476143,833.1468762517962,496.3974936246394,721.1852,424.8156,1
610476160,832.6219406940185,497.2842320342542,682.308,460.2515,1
610476176,835.5703676471138,493.3194555773327,798.0648,385.7473,1
610476193,839.2262122195988,487.8292477399611,822.8489,363.3147,1
610476209,844.2312156253494,484.0426464226286,869.0071,397.6838,1
610476226,846.658395340824,478.02056931128,788.3455,332.2974,1
610476243,850.5953382704608,475.12517599386905,840.3906,397.2096,1
610476276,854.4063983628622,471.8112736411663,832.2233,392.4104,1
610476293,857.3372639645622,467.8225384044985,807.8923,375.7817,1
610476309,859.1565167531436,466.92169017349534,776.3104,426.9937,1
610476326,860.0767362841738,462.6770704336993,751.3156,353.8277,1
610476343,864.2081828620426,455.20056123062386,859.8214,310.1864,1
610476359,865.6467841074339,454.07700709311365,777.5934,407.6341,1
610476376,867.9171116195802,451.4708000832698,813.7728,388.7304,1
610476393,871.8431442730422,445.992014069925,873.412,325.9304,1
610476409,876.8573354837238,444.41339365558525,915.9486,404.9832,1
610476426,971.9563025989106,434.1150174143851,973.9088,406.5839,0
610476443,995.6947153985434,387.6143075771899,1021.7797,363.4067,0
610476459,1012.2199832689946,374.2721092063915,1087.0323,344.1016,0
610476476,1019.1446601990993,371.5264376237276,1094.8826,350.8013,0
610476509,1013.7747527984204,387.8674029204759,1023.9423,416.2633,0
610476542,1018.74105935578,399.1348496545896,1102.7313,434.6526,0
610476559,1019.2630144704368,408.1104285821483,1069.9655,438.396,1
610476576,737.5154284498719,376.6570723058412,518.9687,279.2718,0
610476592,1017.2872571274413,487.85606529598124,1060.4036,476.8871,0
610476610,1015.8911621980817,471.3563366511124,1056.1062,440.7858,0
610476626,1015.9961036188657,470.2822871357179,1058.9846,455.5544,0
610476643,1017.8231190151819,474.66705001310197,1072.0178,478.4593,0
610476660,1016.1433590729048,472.73053487164094,1046.0149,450.3114,0
610476676,1022.6582476934484,495.7227669541022,1070.6001,486.8236,0
610476693,1031.5528811444965,461.00856723225206,1089.1338,452.1155,0
610476710,981.1451920414562,379.75686400320456,898.4973,249.9554,0
610476726,988.3288907808922,413.13334043129237,1032.5608,464.2874,0
610476743,983.9497352442511,387.22420799812494,976.5316,273.6732,0
610476760,990.6695832066226,384.7332169903488,1064.3231,356.6262,0
610476776,996.3128693938246,388.5958351287104,1075.6204,393.2708,1
610476793,1112.9617799341618,248.64262527353088,1255.1287,247.3563,0
610476826,873.7263993412357,263.51259948863844,788.3478,196.2114,0
610476843,958.6900555489968,346.04431937150963,1113.423,420.4655,0
610476859,975.1773902405545,367.4375202549711,1044.0558,390.2114,0
610476876,989.5280521676596,376.4631980322221,1090.8573,389.3576,0
610476909,1002.7111711008541,347.65150115218756,1139.4972,214.5168,0
610476926,1141.8855951823955,149.38422019048446,1314.9268,149.0943,0
610476943,1028.7084192114896,408.74238574517625,1085.3939,395.3059,0
610476959,1030.9728008937084,399.64645524537895,1094.8362,377.1033,0
610476976,1030.2429735066532,409.5517007745483,1084.8267,417.3381,0
610477009,1027.2408139478623,415.21071966166073,1064.3875,417.1985,0
610477042,1027.7054926040187,405.5351594850072,1088.5999,351.1385,0
610477076,1043.7189218852259,447.18843077582056,1113.3223,440.7162,0
610477109,1030.5711094743847,466.0422918941072,1087.0466,457.2347,0
610477142,1038.6709933498705,418.1115476706058,1121.8839,359.1704,0
610477159,1004.6155246710412,353.2192927362207,912.8114,172.1172,0
610477176,1010.6325821016111,364.04646709000247,1086.2467,383.176,0
610477192,1018.1656443385182,359.2969216628296,1125.3397,328.6826,0
610477209,1037.1246728190708,399.38699186890085,1102.12,387.6399,0
610477242,1060.9629243897184,427.7794033448874,1147.6006,424.7513,0
610477275,1037.1432546995336,436.31705600550055,1054.2816,429.6862,0
610477292,1014.7598891545717,405.5998177256295,973.9641,310.1225,0
610477309,1004.2131467431561,411.7709062796674,976.8525,403.1009,0
610477325,1015.1624871626888,421.6905321576228,1142.4299,459.6115,0
610477342,1010.4589735712345,412.9142603974169,1006.9747,342.2785,1
610477358,1005.4017145364753,413.2053335425195,983.8506,387.7139,1
610477375,1003.2985456943643,410.1382655827584,1011.1923,364.5062,1
610477392,999.3531981425094,415.9634420934139,971.0835,434.4879,1
610477408,996.5437936489957,419.32422463492645,979.379,421.254,1
610477425,994.6418765721471,419.5583356934367,989.3308,394.3961,1
610477442,994.7719656161481,412.49003445367526,1029.1312,315.3921,1
610477458,992.6437446733217,412.6933100861811,975.8892,387.2325,1
610477475,991.685372406102,410.872060020271,998.6169,364.2145,1
610477492,988.4783851929359,416.6235821355925,936.5799,456.9796,1
610477508,880.5681419489426,481.34095320587045,794.1641,431.5696,0
610477525,861.8667670658967,368.17003898851095,761.6213,305.0441,0
610477541,862.9611552484732,430.49353983362766,761.5853,439.067,0
610477558,855.0910110552464,436.7969390974372,715.1313,385.389,0
610477575,853.4904494844276,439.9208439118471,733.4866,387.7805,0
610477591,858.4532608235047,427.4499631255307,792.8985,320.1476,0
610477608,855.271855227335,416.92007776269895,718.5206,296.3535,1
610477625,857.9727568183014,408.3593889208033,784.9973,299.4326,1
610477641,855.7566974834854,410.25192700882974,718.7485,359.6326,1
610477674,858.1763929295699,401.0924047230848,791.3289,272.2873,1
610477691,857.9395185305181,404.03129703348617,747.4631,371.0519,1
610477724,855.6663797816964,408.1679102490107,706.1169,382.9519,1
610477741,853.9448794048279,411.04818631911576,711.4136,375.5775,1
610477758,851.0353065860847,413.2086787330984,680.1133,366.4183,1
610477774,851.6258950251636,412.6857572861858,756.5613,345.2718,1
610477791,851.8682947080315,413.29521077357356,748.6559,358.9898,1
610477807,850.6516695811099,417.4009917606134,709.4438,404.3058,1
610477824,850.0205054441811,419.5527537571457,723.3085,381.8902,1
610477841,849.7467069362232,423.16485173090234,731.0104,407.9769,1
610477857,849.2177131912409,430.5616604840843,720.8159,470.4966,1
610477874,848.736929763935,434.98757132969394,722.3759,429.2026,1
610477891,849.1449252579537,439.00560436872576,748.2788,430.4369,1
610477907,849.4142861293753,442.73397001984887,744.1522,428.8328,1
610477924,849.6129154614504,446.0811850231595,741.97,425.5725,1
610477941,849.4287813364921,446.939501144277,730.9054,383.4354,1
610477957,847.9461257187447,448.09893639208144,688.064,384.75,1
610477974,846.961684123435,450.67560353475824,701.9323,414.6741,1
610477990,845.937825924989,453.805008953251,698.996,427.2079,1
610478007,845.4847521347974,448.69301809044185,721.6406,281.078,1
610478025,847.3991777015351,452.02203532764156,795.5538,449.3265,1
610478041,848.1885586451108,455.19163549374537,757.6918,443.4136,1
610478058,848.3881067657722,457.6867609295248,740.8084,421.0656,1
610478075,848.50608691514,461.98185636783256,736.2536,470.9416,1
610478091,847.6137349029743,465.916852463398,696.8927,455.1196,1
610478108,846.664246433849,468.88533783821157,697.4981,439.3964,1
610478125,845.4261186832977,472.05792850308427,693.2272,437.4626,1
610478141,847.3205893381689,475.06557332060515,790.9305,450.8121,1
610478158,846.5201145963028,477.2786172983025,706.4928,426.9241,1
610478175,849.0019733585693,480.60828225703074,809.7356,473.533,1
610478191,852.3330075332256,485.9642217980506,844.9735,509.4387,1
610478208,986.6322026507386,569.9572371942502,997.8235,556.2768,0
610478224,989.9972857116381,570.7110569994474,1004.356,558.0282,0
610478241,981.254966793518,575.5900924920279,969.9857,563.5759,0
610478258,983.0535241646592,568.8297862549115,998.4047,540.6557,0
610478274,981.4586099273299,570.3951089613038,978.3783,559.0306,0
610478291,980.7630477766709,573.9401719698925,980.5699,573.093,0
610478308,981.4745505593963,576.6089985758143,994.0286,576.7081,1
610478324,985.3524445754301,577.2024236331978,1038.6985,573.285,1
610478341,985.1264313620908,577.9007487987795,990.8521,568.4153,1
610478357,985.3815292691799,576.9615327204286,998.5298,555.8326,1
610478374,992.7673266327339,577.5744589608599,1128.4563,588.4561,1
610478391,997.0375608984714,581.9306046044768,1088.4993,624.4517,1
610478407,1002.4834392136447,588.3937023664562,1124.9045,661.2939,1
610478424,1008.4143087785383,591.699957125827,1152.0083,635.9429,1
610478441,1013.164111079241,595.151374526446,1139.6013,640.9818,1
610478457,1017.6134388457167,595.7859246150884,1145.4263,607.9575,1
610478474,1019.4885749374669,598.5564824513456,1088.4788,631.6096,1
610478491,1021.1880743187589,600.8022024613753,1089.03,627.4691,1
610478507,1023.5856071614546,601.876267698734,1113.7002,615.8436,1
610478524,1026.6929623432557,605.3880910817426,1138.6575,659.876,1
610478541,1029.5036008765044,607.7642070967687,1137.1455,644.9149,1
610478557,1032.0939604683067,609.873137226447,1136.6721,643.1294,1
610478574,1033.9717951298428,611.3676880193691,1120.5928,632.809,1
610478590,1036.299988509749,615.772486776287,1137.7788,687.9128,1
610478607,1037.4025007237087,617.7278116605063,1104.9414,643.6506,1
610478624,1039.8969124629402,618.9385194854536,1154.2468,639.7744,1
610478640,1042.0215321382616,619.021535513726,1147.6296,620.3633,1
610478657,1043.6833513190272,618.98013555276,1136.8738,618.0061,1
610478674,1044.0499402314908,619.4286044464666,1097.359,622.7537,1
610478690,1043.7800820119087,618.8244690742977,1079.7717,602.0602,1
610478707,1044.437420108416,618.9127288138689,1113.6036,620.9982,1
610478723,1045.5348829048917,618.4301879325373,1121.2202,607.2762,1
610478740,1047.433014505708,619.2832240046888,1148.2556,639.0176,1
610478757,1049.0336251562437,620.2879148067418,1145.2836,640.0967,1
610478774,1052.2815224328317,621.7227832156071,1202.7178,660.2231,1
610478790,1056.249947343303,620.550098397379,1232.9661,618.2605,1
610478807,1058.1708657410645,620.5690246240578,1168.1458,632.3319,1
610478823,1060.2363994291677,619.9376103254708,1181.9233,621.7814,1
610478840,1062.6846987470547,618.7037468527129,1193.7423,613.0211,1
610478857,1065.5574004426549,618.6565369682587,1212.2639,636.9792,1
610478873,1068.2152044367697,619.3645572089385,1221.5836,654.3237,1
610478890,1069.49448233875,619.6833086541895,1173.2117,644.3928,1
610478907,1070.1849343385425,621.8095258602001,1158.8555,678.9476,1
610478923,1073.1207917234608,621.3592915786071,1241.9319,638.8068,1
610478940,1074.5187102015532,622.4437962567671,1189.8296,660.609,1
610478957,1073.5759199832241,620.8447518822156,1115.2864,595.8921,1
610478973,1075.1491404330106,621.4211200583609,1196.2983,651.8517,1
610478990,1075.5286619148571,622.8577431011228,1158.5814,661.887,1
610479006,1076.5307460864858,623.7082111145443,1185.7227,653.2056,1
610479023,1076.6117005483804,622.6848543617485,1160.6852,618.8035,1
610479040,1078.1962586515563,623.7913500195302,1212.4421,664.443,1
610479056,1077.5488124905196,624.5543108464727,1138.8525,647.2283,1
610479073,1074.603158752627,625.3118666817409,1061.1189,635.2861,1
610479090,916.8696719105072,662.1576788683052,858.6747,635.524,0
610479106,876.6267026713564,710.3667596721237,778.5776,675.9042,0
610479123,856.6986582984513,715.3361494906122,700.6548,675.3807,0
610479140,856.7804630967446,711.6952499079896,740.6154,664.0555,0
610479156,863.3183534779474,711.5617229137616,790.5778,678.5239,0
610479173,863.8174608774485,706.8754349638378,757.9893,649.418,0
610479190,863.5343658010304,705.6715913905845,750.4914,660.7894,1
610479206,861.2189744922912,703.484745439554,722.9531,647.2656,1
610479223,862.3905872398475,706.2854104908598,765.7753,690.3356,1
610479240,862.1482276502013,703.0474286774031,747.8562,637.606,1
610479256,862.546777211501,701.3602917934088,758.4074,648.9266,1
610479273,863.0846365783455,698.697142466326,762.8026,636.0516,1
610479289,858.8501049467957,702.7370524938564,661.2796,695.256,1
610479306,854.8935805248938,708.1136145185368,655.1556,717.0022,1
610479323,852.0976052566104,712.4355472822466,672.5446,713.3273,1
610479339,848.4840138324848,714.4301337659352,646.0048,683.3276,1
610479356,845.7323061739778,717.7634097184639,659.1771,707.0957,1
610479373,843.5308326788755,718.700624660762,668.7241,676.7943,1
610479389,840.8142178445398,720.4663078926799,648.854,688.0748,1
610479406,838.3173325496509,725.9478682270025,647.4579,749.1398,1
610479423,836.0337641503402,727.9222686144113,650.2184,697.6462,1
610479440,834.2789750607453,731.0899787073275,660.7648,721.4767,1
610479457,832.2542668410724,735.6232081338228,647.6299,746.1052,1
610479473,829.3809628506519,738.3715038866202,617.5763,714.8,1
610479490,827.6000507305312,740.6956927430007,647.5973,714.5444,1
610479507,826.5886127798799,742.2607315260019,668.9589,706.7025,1
610479523,825.8732160695499,742.2925456506656,676.2626,682.2509,1
610479540,823.939191981488,741.1163351357122,633.5279,655.603,1
610479557,822.2840222839426,742.0170824011827,637.8635,695.7635,1
610479573,821.6228394152931,743.015518744601,667.7628,703.6146,1
610479590,820.5133140131368,743.3760837669995,649.8997,690.7732,1
610479607,817.6709579381372,743.2188379219813,599.5748,671.6642,1
610479623,816.0348767348579,744.2037041662538,627.6525,700.0031,1
610479640,813.2259271419418,743.7309064433892,589.4904,666.927,1
610479656,812.4755449046759,743.5255295096117,660.4104,684.46,1
610479673,810.2471432714701,745.9785587180043,600.7706,724.5488,1
610479690,809.0359886412525,747.3858059100788,631.3435,712.0861,1
610479706,808.4308425756531,749.1466864708632,645.2856,721.0651,1
610479723,806.6677945192107,750.2921443084462,607.5773,709.211,1
610479740,805.6789208434307,752.5345128935357,627.8395,728.4827,1
610479756,803.9434116657684,753.1663587895825,601.3454,697.0353,1
610479773,804.1272044602871,755.7974569766643,662.5759,743.4019,1
610479790,806.4895483619441,754.6323661956508,725.5953,690.2324,1
610479806,810.8510615011478,756.757603671235,789.8661,763.9106,1
610479823,815.6362139594178,758.6298835926119,805.8952,760.9716,1
610479839,820.4753748859748,760.4054510171213,805.4764,756.8883,1
610479856,824.39638949552,760.3713585395064,778.364,722.2229,1
610479873,828.1421312981871,764.1674107475246,773.3239,790.8971,1
610479889,832.3335800808466,765.8043305823609,790.5637,755.5967,1
610479906,943.0865671693438,738.5607710257217,907.1342,724.7539,0
610479923,1066.4859015580748,824.0710228653757,1144.6871,850.9932,0
610479939,1078.8339807139796,823.2539335698871,1192.8147,856.1599,0
610479956,1084.1466556987737,796.3942758425136,1202.3606,772.0286,0
610479973,1096.5366103213737,779.5726662304972,1277.8114,768.9866,0
610479989,1092.3681735191874,772.1917575118215,1165.0151,767.8484,0
610480006,1084.4419167915555,767.9325011174759,1181.6208,795.8661,0
610480022,1074.962964593398,734.8333299319938,1164.2888,757.7369,0
610480039,1075.3011362932905,752.0955491334217,1164.415,794.8778,0
610480056,1072.419058089377,752.575196002511,1147.5223,775.3584,0
610480072,1073.4691481128514,744.257381265968,1168.0552,741.7759,0
610480089,1070.5948180419814,750.0102324774944,1132.4993,793.9816,0
610480106,1069.4355948760044,730.3164960286728,1146.2886,647.0406,1
610480122,1063.3753309077563,714.6765604126549,1077.71,627.7463,1
610480139,1057.6554071291464,702.1953159181458,1061.8512,621.4524,1
610480156,1053.9112213703786,695.3550984317762,1074.4807,651.7345,1
610480172,1052.011122393466,689.4683715225583,1095.9086,652.0394,1
610480189,1050.080995601285,685.3570252595638,1089.0029,660.0831,1
610480205,1050.0519468873363,682.8822351130539,1122.8556,677.03,1
610480222,1051.0258010408459,674.7677259658522,1147.3389,606.3494,1
610480239,1046.2937949816323,671.8866434764661,1012.3271,643.3406,1
610480272,1046.4680592756013,663.6593210940499,1125.1919,581.4281,1
610480289,1045.9275323036893,659.6672860768011,1104.8518,628.2284,1
610480305,1045.4504970313146,658.7535321918978,1103.5828,668.2842,1
610480322,1046.0561519841467,660.8256064763825,1130.9017,716.1069,1
610480338,1045.8734861749526,660.1617060032432,1110.0017,670.3121,1
610480355,1045.9460156679659,654.6092086887209,1119.2844,589.9563,1
610480372,1046.1400722189207,653.2391838063369,1120.4192,654.317,1
610480388,1045.2470832897122,649.3240651382138,1087.9915,603.7381,1
610480405,1045.2515216438171,645.8429101109745,1114.5398,611.0225,1
610480422,1046.0799891563138,637.8687109420647,1143.0134,532.0217,1
610480438,1045.5056417550463,627.1920376235835,1099.5593,471.2929,1
610480455,1047.1483603656004,622.6213043111176,1168.1549,584.587,1
610480471,1046.7060106137374,611.978305974154,1103.5869,459.2791,1
610480488,1027.322416277798,449.4817801697994,1081.2865,438.5764,0
610480505,1038.8457778291556,479.58903414325033,1102.7063,474.0725,0
610480522,1034.023342370819,505.6887917589522,1082.1332,527.2409,0
610480538,1022.6692226262489,493.9435067011148,1027.5631,453.4438,0
610480555,1026.3349999199222,488.91278317848366,1100.0757,467.7264,0
610480572,1030.7961295832426,489.4517727526185,1120.8799,489.7957,0
610480588,1028.8960182567694,498.66822571734616,1062.8184,537.3074,1
610480605,1014.8112149139034,496.4935039715289,897.1956,448.6363,1
610480621,1003.4966261289619,486.8385252921438,891.7242,382.02,1
610480638,1000.5846593570396,500.54304482695073,986.7656,591.791,1
610480655,992.0949151325707,506.89294467573177,877.4503,526.5487,1
610480688,986.9364651033911,511.53524503174,916.8997,524.4731,1
610480721,979.4165259554536,509.75639191188304,853.6879,448.1077,1
610480738,973.4428565229616,506.0527203546356,867.88,423.764,1
610480754,968.4144853971349,502.01232377561365,874.191,415.16,1
610480771,963.3502409779959,499.69826194062273,859.2931,431.506,1
610480788,958.5058527126766,498.6734543423744,851.5665,446.0936,1
610480804,953.277854258047,496.83875332952056,829.6726,429.6697,1
610480821,951.4920217409075,495.66324052385886,913.3735,449.8824,1
610480838,946.1604054594179,494.8788212959858,805.4163,439.2951,1
610480855,940.0932192507653,496.79127189561893,770.9452,477.5095,1
610480889,842.1480436597262,519.9412562806083,717.9514,462.1635,0
610480905,864.4067560267874,586.5117915787799,759.0358,539.7463,0
610480922,860.0561844024593,570.1583980176027,743.2264,502.3035,0
610480938,861.3295699212199,563.3240539252153,759.2796,500.283,0
610480955,862.4947439733744,570.7764419388895,761.8206,547.1907,0
610480972,785.3542865767821,611.3167329958003,8.5044,629.7271,0
610480988,898.4892124450844,563.2000362152564,826.2668,524.3204,0
610481005,880.286265880351,572.2112445110397,790.4784,528.8734,0
610481022,882.3853367118847,559.3027103926378,799.5399,502.4169,0
610481038,884.8693857670048,559.7630982438882,809.407,519.2501,0
610481055,882.5460710218883,559.921867088358,781.7714,514.9577,0
610481072,888.3631785820669,568.2457163155474,849.7674,568.3598,0
610481088,886.9151176255266,571.4542923395329,788.6599,544.2064,1
610481105,893.8003746699966,569.724749418073,894.4709,529.7733,1
610481122,891.5391810236049,569.9435942118798,781.4855,526.2838,1
610481138,891.5530293411894,570.2446359648442,811.6562,531.8022,1
610481155,898.2904651207106,572.064276526221,933.3817,565.111,1
610481171,1023.6478122242761,601.6484528333319,1068.8728,600.6183,0
610481188,1035.0810128814353,580.031582534881,1091.9021,580.658,0
610481205,1004.6230916432876,572.4891124327802,973.8488,547.4539,0
610481221,1010.9358738062695,584.3409319547505,1068.632,607.3491,0
610481238,1020.9723923946568,598.3115782771838,1120.4491,648.8848,0
610481254,1027.7279636449925,604.9392489932293,1127.0273,639.9336,0
610481271,1029.5572349551303,611.2767307177534,1095.2422,647.0233,1
610481288,1027.3657082646237,613.9751346860966,1049.1868,626.4347,1
610481304,1026.5347505432878,620.7048243397614,1060.697,666.5576,1
610481321,1030.6104848607276,634.9038795067275,1136.7191,758.4306,1
610481338,1030.4827319812794,637.5060098608425,1076.4199,658.7074,1
610481354,1031.1366284795822,640.3783999188145,1091.2649,668.4331,1
610481371,1030.9539454957392,640.6088102668223,1076.4548,640.4229,1
610481388,1030.8233149572748,641.2810593702008,1077.054,646.7136,1
610481404,1033.4067390563484,638.9130874359464,1142.4756,617.6528,1
610481421,1034.2383943122536,640.3933094151816,1103.6431,662.2758,1
610481437,1035.6476201281644,638.7264312869947,1122.1619,621.9897,1
610481454,1037.3850879706724,638.2167787630973,1133.769,639.4453,1
610481471,1038.6367663754509,638.631398261982,1123.47,652.0801,1
610481487,1038.086687044985,639.2311544868394,1074.1755,648.7039,1
610481504,1039.6684124491728,642.0435826463016,1135.7361,694.6068,1
610481521,1038.4201870403754,641.9804074264725,1054.3932,637.4545,1
610481537,1038.383528632818,641.3039658979923,1091.1802,632.6803,1
610481554,1038.5132637525478,642.3427411641576,1095.9792,663.1728,1
610481571,1038.1054019198054,644.868673857504,1078.5935,687.9379,1
610481587,982.4977638618775,863.5720564977614,979.6316,869.7753,0
610481737,809.5833847049935,1115.6871787164066,633.9214,1091.4747,0
610481754,809.1195651356567,1071.648053697619,635.1519,996.9444,0
610481770,790.0304400391044,985.0307063276296,532.3237,751.1029,0
610481787,809.5148699640456,948.9901320592147,756.3228,816.2211,0
610481803,812.8681258542688,921.5657594403895,675.7174,775.3788,0
610481820,839.9397664468448,826.6454883219727,703.0618,790.2296,0
610481837,855.6073625790762,877.7897256179449,731.8326,849.4324,0
610481853,851.893518433012,925.3859196745625,714.0931,949.2371,0
610481870,851.3803686964334,929.004001837503,719.636,910.2982,0
610481887,853.087847843621,944.4892276565812,732.9623,970.5178,0
610481903,852.21207912752,945.8780542421587,715.9547,925.5195,0
610481920,852.6680361592896,936.3155378811795,730.0721,861.2713,1
610481937,852.9552075225042,936.7499803708587,727.7465,914.9532,1
610481953,853.6372637843101,936.6231261554937,734.7577,912.1838,1
610481970,854.3387897049168,929.6598681434831,739.3827,850.0192,1
610481986,855.1883367566819,920.4045727219387,745.4669,815.5552,1
610482003,855.6259989490202,917.6723674024123,738.2199,869.6967,1
610482020,852.4238763833929,916.9419751472559,662.1108,877.5573,1
610482037,853.556383901202,920.759153094062,748.9196,945.1594,1
610482053,854.6463644065666,922.7514426129256,751.4183,926.8394,1
610482070,854.3230553061645,910.9700527008157,724.8608,736.0065,1
610482086,854.5692308095383,908.3390839530687,735.2455,854.0899,1
610482103,854.3937802418269,904.4522438893042,725.1149,830.3995,1
610482136,848.6586798956976,909.7149695388994,565.0529,943.9384,1
610482170,742.9816636662912,1064.2252240005025,505.8914,1017.6497,0
610482186,756.3676742551424,1096.9599890841669,530.8508,1056.4839,0
610482203,745.2109731509298,1098.237335087018,487.3295,1052.9696,0
610482220,746.2677480348406,1102.2891332432764,514.9078,1068.5903,0
610482236,745.1910668315004,1091.7995068028406,504.1774,1013.537,0
610482253,749.9910287041823,1095.4583908320806,554.8231,1074.0415,0
610482270,753.3959634749833,1104.1761706139007,555.2876,1113.4783,1
610482287,754.7617043167403,1099.8422300862742,543.0729,1033.7786,1
610482304,755.0712326631483,1098.1608423401171,531.6436,1045.7046,1
610482320,756.7421186003877,1095.7167011709387,555.616,1039.0634,1
610482337,759.4961366664916,1092.2444383804802,581.1828,1028.0879,1
610482354,759.4050149247876,1092.424204915797,532.6473,1054.8958,1
610482370,756.3763209302148,1095.0782277710875,469.5888,1074.9071,1
610482387,757.2676016544169,1090.4627044836368,552.1981,1000.5827,1
610482404,757.3066441044491,1087.5390885731883,533.8768,1013.4824,1
610482420,755.9604795138797,1085.517809615541,499.3199,1016.8899,1
610482437,754.6813959431662,1084.8536580218574,497.6014,1033.4287,1
610482453,753.1138143614972,1083.0746035599855,487.7464,1014.343,1
610482470,752.6333669352723,1085.0683313217783,513.2781,1074.0767,1
610482487,752.1758600855961,1085.4543489592738,513.7211,1050.1558,1
610482503,750.2986059716571,1084.2852133371857,471.6074,1018.7391,1
610482520,750.9942458958711,1084.3227674105447,545.8875,1048.3666,1
610482537,749.8912218080196,1082.1762859739492,492.0051,1003.0207,1
610482553,749.1418503063738,1081.1877533008876,500.8362,1022.6711,1
610482570,748.440671364503,1082.9553777473925,499.5393,1070.1709,1
610482586,747.0804050005289,1081.4357968734057,478.7695,1008.7809,1
610482603,747.4844354262551,1082.7150277844144,533.2583,1066.3058,1
610482620,748.3244254630877,1085.4047309188472,546.3928,1094.1809,1
610482636,748.2566774497001,1088.3878324936766,515.6416,1095.9114,1
610482653,748.8309480163158,1092.3759842576205,536.0189,1118.5087,1
610482969,864.2205226937015,534.5053396363056,760.4678,483.9604,0
610482986,882.4950523135434,471.8472556344428,835.9307,360.0693,0
610483002,897.924118286611,457.22767574885546,889.3948,388.3706,0
610483019,905.2160324797939,441.621898055409,886.6537,352.8754,0
610483036,911.7754568952516,436.73584019047007,906.286,380.0923,0
610483052,948.0093586030517,403.3658856500266,928.2977,366.9164,0
610483069,942.4111480153025,417.67983925778833,916.8928,380.6865,0
610483086,937.9075864469454,422.9848184170961,898.9945,389.5199,0
610483102,938.2765592109943,428.7686415775933,909.5297,403.912,0
610483119,941.344098601277,428.27051648781315,932.2592,392.5873,0
610483135,943.3843397143789,425.5734374002726,934.345,380.1957,0
610483152,944.0859031536115,425.0009512660135,926.3083,386.9688,1
610483169,943.2486657131276,420.6413551861972,909.4362,355.7846,1
610483185,942.3911695158318,423.69653318109033,904.5507,407.8453,1
610483202,941.5180428181366,425.7995350231064,901.5328,404.3232,1
610483219,938.587504125728,424.42925188068557,862.3595,367.5596,1
610483235,938.1246230978493,423.0805045707001,901.9886,371.1812,1
610483252,935.6075116673392,428.7990517171161,854.6515,444.5974,1
610483269,934.1920535236566,431.3337797831461,873.3715,416.4752,1
610483285,932.6861033894995,430.55486549064597,868.6725,376.0638,1
610483302,931.5769681374782,430.6940846614385,874.3073,388.5799,1
610483318,929.7743465246741,430.0307708665533,853.8275,374.3972,1
610483335,930.1531921194359,429.7429704230355,908.4515,387.2206,1
610483352,929.8580847437375,432.09672687400996,888.5586,424.953,1
610483368,930.803736218257,433.24600320544545,923.8134,413.2825,1
610483385,927.190452383071,440.93965917467557,786.5261,501.6874,1
610483402,789.5352281710569,808.7339046291577,605.442,756.9011,0
610483418,756.4485686539485,1110.1679133449372,530.5526,1070.6611,0
610483435,768.1151181206964,1156.1141597955204,572.8032,1175.548,0
610483451,782.2471828851903,1177.0003081023815,631.724,1201.6075,0
610483485,768.9762118100242,1185.1996003058846,474.3513,1168.9429,0
610483535,764.2151938461619,1188.2307325447098,506.4506,1163.2115,0
610483551,791.2076783073973,1213.910427112298,594.7172,1191.585,0
610483601,794.6572559828338,1170.1661694084883,602.9502,1145.6729,0
610483618,782.7805700084986,1172.1115210858914,556.58,1143.1852,0
610483635,785.8532866922442,1173.4355528916426,597.6066,1151.2463,0
610483651,776.8571207660401,1158.365023192384,518.2533,1072.6487,0
610483668,773.377032110459,1150.908335546733,537.0634,1084.4067,0
610483684,774.6077507262914,1158.3620500738812,575.5352,1168.8829,1
610483702,775.2645281276049,1160.2092091934933,573.179,1142.3826,1
610483719,775.9001794354637,1152.3365011438505,577.5698,1066.4087,1
610483735,773.6262496078496,1156.5993864331665,528.33,1155.9004,1
610483752,772.6780314234713,1158.4632801508628,545.6099,1141.8262,1
610483769,770.778345019583,1155.7985234964226,525.3986,1092.8286,1
610483785,769.4199865291166,1156.5944579470208,530.0547,1129.5461,1
610483802,766.9513801848444,1154.998243140341,502.1645,1097.0288,1
610483819,764.054014496097,1153.6440082715128,485.3923,1095.4727,1
610483835,759.6875772182224,1150.7018024705144,442.2651,1065.5457,1
610483852,758.3279888569589,1149.4407062566181,509.5271,1095.6094,1
610483868,757.5932773830802,1147.9008738481316,523.1128,1091.7695,1
610483885,757.4673063610581,1146.0634790778547,538.1704,1087.4836,1
610483902,756.0927613806261,1143.5000154697443,501.6033,1068.5895,1
610483918,755.6742569771208,1144.0516289655563,525.2505,1120.2278,1
610483935,754.7175246974856,1142.8995598030576,508.2901,1089.2683,1
610483952,753.9111740119381,1142.7149853032952,510.1797,1104.7545,1
610483968,751.1991922829125,1141.2191200122948,448.9064,1072.4963,1
610483985,751.8865508023505,1140.1400248325835,553.3759,1093.463,1
610484002,750.6852257272315,1139.7236147990868,491.097,1095.2073,1
610484018,751.7089149067234,1141.0929391579955,560.8499,1136.7859,1
610484035,750.7341250460516,1140.9145509261984,494.9364,1098.8755,1
610484052,751.8532989084064,1138.7838440829312,564.4322,1072.166,1
610484068,751.3383876603303,1132.9643014196674,511.059,994.5006,1
610484085,750.8573849191271,1133.628658976107,507.1914,1113.2764,1
610484101,750.1155609864464,1134.0717103857382,505.9329,1111.9706,1
610484118,750.5357641912111,1134.9024493062873,538.4149,1122.8842,1
610484135,751.798712790716,1134.5106066920669,570.7362,1103.4669,1
610484151,751.5696095859998,1134.2579535513482,510.5172,1089.4614,1
610484168,749.7386487193289,1134.0398764754837,457.9804,1083.3341,1
610484185,749.5887042795786,1135.7191678184906,517.4321,1135.1531,1
610484201,749.2630168827842,1137.4818595517006,510.1428,1131.7212,1
610484218,748.047922623372,1137.864074046042,480.3095,1093.2061,1
610484234,748.3169604573378,1136.7269341893182,525.7472,1081.6692,1
610484251,747.1081958717505,1134.4388503811779,477.7829,1050.7544,1
610484268,743.0963240426248,1136.8232739261923,377.2107,1118.7915,1
610484284,741.9048319990454,1136.026282484873,474.8009,1076.9988,1
610484301,742.1522876615243,1132.6389614845712,521.3167,1031.9912,1
610484318,741.6589705928279,1129.1108409170765,493.7798,1025.5304,1
610484334,741.5466420836017,1130.5268537147995,498.842,1116.3597,1
610484351,740.317612193931,1132.4052466995697,467.3533,1122.5137,1
610484368,738.1952032544666,1132.5021184846223,438.1944,1084.0542,1
610484384,739.054780595542,1136.2747196485182,537.1288,1166.5693,1
610484401,738.9450738323792,1135.755586499051,501.1884,1079.6772,1
610484417,739.9486294745899,1137.0020607128158,539.1414,1123.6722,1
610484434,739.3923570929787,1136.2177477299033,484.2838,1074.6235,1
610484451,739.0492122336365,1139.112594507073,488.5272,1146.1196,1
610484467,739.2782591129669,1140.0139703971818,502.0096,1108.4696,1
610484484,737.8790921286914,1139.0357019911432,458.3126,1068.2234,1
610484501,738.359776849312,1138.837243292626,513.7843,1092.4921,1
610484517,737.5777990762759,1138.2384231335884,477.5173,1083.2815,1
610484534,737.8467627544244,1138.783352539433,504.3123,1105.5767,1
610484551,737.9293043316779,1139.014352771226,504.689,1096.3533,1
610484567,738.4747489931208,1136.2811940353033,515.4469,1036.0664,1
610484584,737.1571352507987,1132.9777038130608,451.7625,1029.8425,1
610484600,736.8980574764157,1131.467016918217,486.2377,1067.7185,1
610484617,737.1392317450212,1131.0221739460508,505.5351,1090.3315,1
610484634,737.6888251936853,1130.476106184018,518.5876,1086.9678,1
610484650,737.7578677364701,1130.6372947885352,494.7581,1095.6863,1
610484667,737.696587626993,1129.7960670740756,485.7177,1075.2146,1
610484684,738.0342784191364,1128.3837955200581,506.444,1071.2666,1
610484700,737.1472213186449,1129.6538029237527,462.4157,1113.7463,1
610484717,736.4611343052649,1128.831604600899,467.5151,1070.6368,1
610484734,735.1116634394284,1131.9054895048348,447.5279,1138.5439,1
610484750,734.9517990180942,1132.6189799555948,483.9711,1096.9524,1
610484767,734.7830265900163,1131.945752303195,474.4151,1078.2567,1
610484783,735.0670790617208,1134.591488982672,499.0089,1137.6293,1
610484800,734.1207479718959,1135.2697277819477,462.8154,1090.4919,1
610484817,736.9660873771202,1136.768865609089,587.3451,1124.6433,1
610484833,739.9858272462908,1133.9453040520298,596.0068,1054.9556,1
610484850,744.2357600024932,1130.5809588377354,635.0442,1051.1548,1
610484867,749.6614856407055,1127.7384285550982,672.9508,1062.2539,1
610484883,753.648806107939,1126.7142987732125,635.3668,1097.4443,1
610484900,758.6785022508193,1127.0281967213364,668.066,1117.5054,1
610484917,762.6953932355847,1127.2769497753418,640.5882,1115.984,1
610484933,766.1014049084348,1127.4330323550957,617.6244,1106.0444,1
610484950,769.9853182193244,1125.3791951765586,640.2961,1074.8877,1
610484966,774.627949295342,1125.1777578750443,671.3663,1108.9321,1
610484983,779.634701957028,1125.4042531071354,684.4738,1114.8336,1
610485000,783.0067857247503,1125.093132705709,641.4431,1100.113,1
610485016,784.5012406921378,1123.985757873851,580.6278,1075.6853,1
610485033,787.3945769800931,1121.3285192164064,638.5587,1056.4491,1
610485050,787.9862079219629,1116.121507589425,568.2661,996.777,1
610485066,791.2867256241913,1114.0116658301647,665.7294,1061.7418,1
610485083,793.3883799905059,1111.8185484994024,624.5858,1054.1635,1
610485100,794.6254115564258,1109.4213909993664,605.6661,1050.2083,1
610485117,795.5866435001888,1109.688894078133,602.6701,1100.3337,1
610485134,796.0445317575923,1107.4759058963255,593.7573,1050.1677,1
610485150,796.8904594383342,1108.478553061288,607.3961,1111.9988,1
610485167,797.0869271586739,1108.0037899494969,590.0522,1078.0118,1
610485184,796.2226879853196,1105.894676151472,561.4935,1041.1409,1
610485200,796.176219765112,1107.332741526852,586.2131,1114.8678,1
610485217,796.2336275806705,1105.8228559853706,595.5974,1054.5425,1
610485234,796.1804258318446,1106.7503045965063,591.2986,1105.6923,1
610485250,794.7583491555168,1104.9013600977028,552.8619,1041.3027,1
610485267,795.8607057697202,1101.606595141657,640.1163,1023.8485,1
610485284,797.0376176200908,1101.5367964340167,644.5178,1089.6235,1
610485300,796.0417357896335,1101.8594157938364,567.6625,1079.8701,1
610485317,795.5242767987422,1102.3860648982295,597.4596,1088.6208,1
610485333,796.2197877239814,1104.876183316661,637.2981,1122.9827,1
610485350,797.403303031856,1107.575382832377,656.5389,1128.968,1
610485367,796.5157388195134,1108.1387745753482,589.8025,1080.4395,1
610485383,795.4234185078656,1109.1174185193534,576.9836,1091.1123,1
610485400,795.4801454993437,1111.0430082157031,617.5181,1116.3625,1
610485417,794.7337546396061,1113.0563963548434,585.783,1113.7646,1
610485433,793.7699519681922,1116.5812231655304,574.0847,1140.0898,1
610485450,793.0704473961508,1114.0394281383228,588.2274,1025.5303,1
610485467,792.0160316127464,1115.5562717994064,575.7081,1104.1743,1
610485483,792.1170297993185,1114.3377799298273,616.3225,1059.8606,1
610485500,791.6904260911028,1114.9014036784013,591.3174,1089.5515,1
610485517,792.5095320286033,1115.7627951429295,626.4652,1099.4102,1
610485533,794.4369652218361,1112.8582180090102,672.3495,1033.5901,1
610485550,798.4944306383685,1109.3774814242997,737.4913,1028.4012,1
610485566,803.6713031456894,1108.545346317005,784.8722,1091.552,1
610485583,808.3308339230729,1107.2439993823093,763.9114,1079.8672,1
610485600,812.7150030463619,1105.3696303692393,755.0372,1067.8309,1
610485616,817.3034745511652,1103.6251657703567,764.6914,1076.6279,1
610485633,820.5237613820786,1099.1635674785596,722.781,1013.5751,1
610485650,823.5538610468328,1096.4382593913037,721.1719,1051.2959,1
610485666,825.7723634175982,1097.9721677077723,693.9767,1122.217,1
610485683,829.7759671445774,1098.4672895490835,757.5688,1107.1484,1
610485699,833.9934225606784,1099.304155936018,772.9751,1122.0229,1
