timstamp,smoothx,smoothy,rawx,rawy,fixation
610417290,975.182563563475,548.7270079215399,962.5354,532.1411,1
610417307,975.3417422842558,549.8812518509172,973.6586,544.5331,1
610417324,974.9079056728124,549.6510929566945,959.0831,523.2641,1
610417340,976.7428428839564,553.1967706424713,1020.3217,590.3228,1
610417357,978.5132510691944,552.7161043818406,1024.1733,530.4905,1
610417374,976.3675115985966,551.3303739569236,912.3367,499.5116,1
610417390,972.9898773323484,550.2560439688978,872.4847,498.1728,1
610417407,972.9557248912337,548.7041427394439,972.1788,503.8188,1
610417424,973.8367936787852,548.5852179655218,1000.4456,531.9636,1
610417440,972.6231034456188,548.9540013645191,934.3357,531.0984,1
610417457,972.7516752329319,548.2611089996377,977.539,518.5625,1
610417473,972.8848530633003,549.3175526744518,976.8838,549.9337,1
610417490,974.1939157646145,548.3542365612493,1017.2031,519.1827,1
610417507,973.4191274001763,549.2681826969708,947.259,543.5364,1
610417523,973.9709575561919,547.814066333573,993.1031,506.2804,1
610417540,973.9553057408601,545.9306377079068,974.4099,495.129,1
610417557,974.6701600027849,546.9575950280965,993.7986,551.4789,1
610417573,974.0779194441301,549.3834958741579,947.1678,570.5741,1
610417590,975.7737806728726,549.2710429343041,1029.653,537.6431,1
610417606,977.4504990502093,549.3640337076387,1033.2307,533.3468,1
610417623,977.8626072253915,550.1143091444254,991.0284,552.0523,1
610417640,979.0889315059023,551.6729476072611,1016.9283,564.9471,1
610417656,978.5695838354376,551.933590573902,954.5908,531.3264,1
610417673,978.3931247363801,553.1007222736298,968.6317,551.0704,1
610417690,976.8717321995672,552.1132826793445,923.0125,505.6999,1
610417706,976.4203907551612,553.0589614404308,965.5284,545.6258,1
610417723,975.0522967917718,550.2223641034661,937.2069,477.3952,1
610417740,973.5837003283098,549.7129605463225,935.2069,519.9594,1
610417756,973.1236635624845,549.8460169371419,967.462,530.0779,1
610417773,973.1360026238594,547.3701957290062,983.4604,489.2368,1
610417789,971.780009226917,547.7260098223596,928.0269,531.7197,1
610417806,970.9871306392897,544.7906058687242,950.1069,473.9918,1
610417823,969.7272399099477,543.0893971076175,931.5022,492.0499,1
610417839,967.1135026436725,543.5920532740191,889.8373,532.8524,1
610417856,969.4353105513916,548.1664851256845,1053.7054,625.4396,1
610417873,968.8707623570714,546.2426598812619,946.5868,486.4802,1
610417889,968.8419282574771,546.7671550142386,959.459,534.9493,1
610417906,968.9880900239443,546.598181937855,976.4199,523.5498,1
610417923,968.9853152129762,547.6583772790453,972.4456,548.631,1
610417939,968.1079226850419,546.7071663603643,935.9363,506.3264,1
610417956,968.3376132202883,544.4954711825395,978.3172,486.5995,1
610417972,967.6692098431104,543.162332796543,946.1956,501.5119,1
610417989,967.1287982650917,545.0816100169696,951.7108,558.9216,1
610418006,966.8086953730063,545.5255490256078,951.5252,534.5516,1
610418022,964.6922824196196,551.3906394700988,891.4432,622.7219,1
610418039,960.8355152321506,554.867293700645,830.6227,568.7876,1
610418056,959.1149511492788,561.4395110185206,901.8973,643.5483,1
610418072,958.9799245139105,564.6275870061878,951.0414,590.3823,1
610418089,957.9670725403473,568.5871127721043,927.6342,597.8182,1
610418106,955.853606869331,574.1058028374906,887.0002,622.6414,1
610418122,953.3861515933262,578.9052940509519,868.4002,611.34,1
610418139,952.4690222644456,581.7743332289197,922.5259,586.2564,1
610418155,949.8825043367145,585.0077476199697,856.4819,583.7281,1
610418172,948.1590313251302,588.4893785539704,885.0349,597.4735,1
610418189,946.6682720731067,591.5525480773099,886.0802,588.9644,1
610418205,946.3702242525927,594.9977095581553,928.6298,609.4938,1
610418222,945.1020500691119,597.9338697532924,890.4012,591.3751,1
610418239,943.3292673511527,600.0565229371035,871.2603,582.0764,1
610418255,942.5388632219237,600.949173864459,906.2276,568.241,1
610418272,942.1531876844133,604.2933437126468,917.1774,614.9233,1
610418289,940.668953051363,606.8122876409625,871.7405,601.9451,1
610418305,941.9632072551495,610.17582433282,965.7123,628.3245,1
610418322,942.9820425983893,609.8194855304058,954.4111,562.9717,1
610418338,943.6318290922048,613.5462931175625,933.5902,644.7408,1
610418355,925.4298298239621,981.6764850093624,864.3304,980.3425,0
610418455,831.6736670210735,905.2112688575118,684.2396,872.1083,0
610418472,807.1049836684235,796.0956833226794,596.1159,624.7746,0
610418488,854.0927076969542,803.7088968693708,913.1328,812.641,0
610418505,827.8137101090949,733.7745146296344,536.7913,443.5656,0
610418522,829.5626477403255,716.0996523839078,702.748,599.182,0
610418539,848.1601232561669,727.4027240667483,722.5085,686.1792,0
610418556,860.8076107903306,704.2483627021904,747.9575,664.9117,0
610418572,858.9856506838153,693.803874318894,741.5846,641.5337,0
610418589,863.7084844954903,690.0449113550953,772.6679,645.1891,0
610418606,863.844034319251,684.7944937790088,755.7426,628.4458,0
610418622,865.3274298114937,680.2666594802298,769.4185,623.3313,0
610418639,862.8969673526556,676.1191005249541,730.38,610.8981,1
610418656,858.8125895054791,675.7506491128516,699.2164,625.7501,1
610418672,860.2889704282981,674.6309270732546,768.243,628.7477,1
610418689,857.7404235213401,670.4385878352036,707.3973,589.7427,1
610418705,860.3063880866449,662.8980238528575,793.4104,561.0247,1
610418722,862.0860992663631,651.9907120449827,787.3361,510.6981,1
610418739,863.608368224239,640.629888489317,787.8018,487.7552,1
610418755,864.5028137852619,632.0122068374293,777.3801,502.6823,1
610418772,865.7756377189912,627.895734199279,787.2543,550.2289,1
610418789,866.5520275124841,623.1521068761297,778.5552,534.0978,1
610418805,867.124035025616,620.8584981038258,774.2502,561.8621,1
610418822,869.3506300268514,616.2376406580212,821.6,530.2247,1
610418839,869.434731268244,613.528984585659,765.5364,545.5723,1
610418855,868.4050822712295,610.5685630254162,734.2735,533.0525,1
610418872,868.6343054975631,607.5250164918313,770.446,532.7572,1
610418888,869.3212311736091,606.0245423174874,784.3179,556.4708,1
610418905,870.6558631647454,605.3316740673496,805.3026,570.4413,1
610418922,872.6072798092695,604.2392011252933,827.072,564.3851,1
610418938,872.4600338150229,601.9218682533248,763.4045,531.1708,1
610418955,874.6256528853585,599.6698377175863,839.0861,540.2321,1
610418972,877.9954952943564,597.2996184907572,881.3952,541.2981,1
610418988,882.0349315620609,598.604181531373,905.1276,609.2175,1
610419005,885.7652800147423,599.2478750669504,899.3527,594.7883,1
610419022,888.6931525522594,597.3326719516734,877.9771,542.5831,1
610419038,891.8501311785434,596.0324533875545,889.3488,553.7291,1
610419055,892.5423894589491,593.5553757646371,803.4725,529.3694,1
610419071,895.3903840902921,593.6224995063795,878.6127,582.4779,1
610419088,898.1118755632295,589.6491679274403,884.1086,504.7997,1
610419105,898.7979600702281,582.6165131877444,819.0917,434.1815,1
610419121,898.8451189261933,574.0349206707342,803.9967,399.821,1
610419138,899.4439654123654,563.9129350837676,823.6287,370.2678,1
610419155,930.9542335630828,372.7411983709271,896.1144,329.3147,0
610419171,942.4227834369769,400.4254728285877,917.511,362.1988,0
610419188,933.338187094105,415.70611311912376,881.0911,389.8206,0
610419205,928.1385739292757,422.8219785267813,868.363,394.3825,0
610419221,921.0352420339975,430.8438093175991,833.1607,408.2196,0
610419238,921.0762232896757,436.16253293168165,874.9296,416.5711,0
610419254,922.30831769583,457.8156131885554,885.0205,531.957,1
610419271,926.8118246391725,483.36430993281124,930.3265,609.7972,1
610419288,968.0958534831603,705.1566962976406,957.03,695.9683,0
610419304,961.8519622145304,651.202572776814,946.7229,636.3966,0
610419321,966.7536116418522,649.6169130947582,965.9144,635.7476,0
610419338,968.840142607633,662.3690322893458,967.1156,678.6455,0
610419354,962.1354611405533,660.5736677310399,908.2936,635.0282,0
610419371,959.6471257865903,662.9974755090382,922.9461,655.7791,0
610419388,962.0184688664365,660.9961902732769,970.0447,639.5585,1
610419405,961.6659199162987,662.2792858515634,941.9236,655.5151,1
610419421,960.3280344433223,662.3828042373099,926.2158,645.9986,1
610419438,952.6685078450706,667.0605551459294,815.5598,672.1783,1
610419454,952.7327787145344,665.7354054741957,932.8951,637.1373,1
610419471,953.0582480670962,662.5435976156755,938.8193,615.5062,1
610419488,954.6786437742496,667.4701653840656,964.0768,708.7046,1
610419504,955.7897895904129,667.7718812665817,958.5359,658.0391,1
610419521,956.5859356680704,667.730790225879,953.932,653.3945,1
610419538,958.8070120142467,668.0830629649539,991.0732,664.1897,1
610419554,960.2253174086161,668.8382527706094,974.9446,668.1951,1
610419571,960.4439371667531,666.2708545283313,947.1026,615.5869,1
610419588,960.9147792253796,665.9222186565084,953.6953,648.1857,1
610419604,961.8705216267804,665.7899145933098,968.5676,653.4804,1
610419621,962.6009230190059,663.9195588994143,964.595,624.4261,1
610419637,962.5842755779332,661.3598756570616,943.7891,608.3962,1
610419654,961.8494171976403,658.3225104994092,922.2855,595.1747,1
610419671,961.6863818717791,653.5692820850664,940.8369,565.7585,1
610419687,962.1578559072162,650.0547633657942,960.7003,587.2505,1
610419704,961.284314607361,645.3545577394526,918.6216,557.3715,1
610419721,961.3882718089519,641.9852799653451,949.6465,582.7841,1
610419737,961.7422880705835,638.0557399009571,958.6854,571.1319,1
610419754,960.7952168209854,634.2853156416011,915.6145,564.8982,1
610419771,960.3909980294349,630.8803835514127,933.4917,571.2515,1
610419787,960.9532828531247,627.2873303298932,966.4246,569.4376,1
610419804,960.0729042450469,627.9899303958894,915.1995,642.4832,1
610419821,958.5883603130429,625.9135980185517,898.3416,584.7827,1
610419837,959.6666861324039,622.5888220427187,985.846,575.5898,1
610419854,959.3696922060057,618.7458203837233,933.0593,551.3741,1
610419870,959.4136469814713,613.2283266419339,947.6089,520.9971,1
610419904,955.1319343394033,293.8327322148572,945.96,251.5303,0
610419920,960.0961691149668,260.1409260771694,956.7981,216.8158,0
610419938,945.0685889638543,267.3169968391019,897.8007,223.7603,0
610419954,948.6069873320512,270.3391514163279,947.701,232.9138,0
610419971,948.239296397378,276.0896222614741,930.47,248.4656,0
610419988,944.6621547034275,276.76997749482797,898.7598,228.9739,0
610420004,940.5625483745577,276.89754696744035,879.684,224.1314,1
610420021,937.8147341236112,275.8091278696436,883.1006,216.016,1
610420038,939.0251351719878,274.19417775413933,932.8017,216.7512,1
610420054,940.5074140725966,275.04451087342153,940.6731,237.4873,1
610420071,938.3461165144548,275.318306947777,879.3246,224.3897,1
610420088,939.0382765177797,272.9370869039134,929.7,203.2528,1
610420104,939.3221407058563,273.45422969737973,922.0497,232.1264,1
610420121,939.9277646221509,273.48771544786916,930.1421,228.061,1
610420138,940.9855911138903,271.3174455733017,943.2882,201.1074,1
610420154,941.8322802467684,270.91731437602147,939.8498,222.0415,1
610420171,944.3745182264364,273.8610110602959,984.3156,275.9076,1
610420188,944.7716553337261,274.9769758789535,932.4907,244.4973,1
610420204,943.760299583431,273.8810959056515,895.1331,206.16,1
610420221,947.1499020854039,277.87670602645727,1017.7568,303.7724,1
610420237,947.4689049206548,277.76468721680726,934.6598,228.2907,1
610420254,947.2864559639318,281.2388563312242,918.471,286.0258,1
610420271,946.5980022997663,281.20147488885993,904.9066,226.8589,1
610420287,945.5535458424417,280.50215529069214,893.7166,214.0691,1
610420304,944.9459726763221,277.5800400974638,908.2424,176.8295,1
610420320,943.6685304869565,277.3041053163,884.7508,219.6194,1
610420337,943.0793726281587,277.16898645488845,906.3817,225.3063,1
610420354,942.8577014441546,278.4138262048409,917.3555,252.2477,1
610420370,943.3739114360491,288.6788064663392,936.4875,422.4063,1
610420387,962.0035086389225,537.9499364342863,950.9271,515.0698,0
610420404,954.7778443609461,593.9598318330343,934.9112,573.0678,0
610420420,977.8407212728796,543.7704045618029,1028.1554,478.549,0
610420437,976.6308176453773,552.2888513387061,973.4337,552.2449,0
610420470,973.7356795625253,551.7963337940338,956.4454,529.3297,0
610420487,976.5759101372198,553.9341322122302,1000.1935,548.5416,0
610420504,976.3305245294644,549.0592156825568,976.6754,505.2343,1
610420520,976.070518252053,547.7568584435655,975.0886,521.4066,1
610420537,975.0344375658789,545.1430957498575,963.0407,506.3477,1
610420554,976.1213571631977,544.2332364451692,994.4373,521.6101,1
610420570,977.0901123671711,548.1792932772054,994.2772,568.6581,1
610420587,978.0688421154521,555.4613657556162,996.0847,611.8062,1
610420603,977.0789818487804,566.9137426758587,955.4861,666.2836,1
610420620,973.9383511634119,577.6031662716904,904.2626,666.9312,1
610420637,975.7463927419703,589.2898322366997,1012.6455,711.138,1
610420653,974.5823519645479,596.9763429490621,944.1958,662.3925,1
610420670,975.6285060297631,606.9850928148477,997.6275,713.8151,1
610420686,976.2681791052261,614.7562811038406,989.4433,691.881,1
610420703,974.3875318822,619.5350210466887,921.3915,645.608,1
610420720,972.3509483370996,625.0085876271079,913.0216,661.8967,1
610420736,972.681917936592,628.3914408414149,980.5103,644.3606,1
610420753,971.1214008575555,634.6661067490859,921.7571,689.3125,1
610420770,969.9276677745563,641.8290653022236,930.0375,712.7699,1
610420786,969.4269841732465,648.9933972929105,949.7675,723.1777,1
610420803,969.089419611539,655.0659385025393,954.3003,711.9528,1
610420820,970.5656300672025,660.5251606174838,1012.3536,716.0469,1
610420836,968.0476534930502,663.2946081539453,883.2589,655.0637,1
610420853,967.364762062033,668.2882040393835,940.2677,709.1822,1
610420870,966.785074140099,673.1874257623989,942.3907,713.6465,1
610421036,877.1205691077988,442.12275117961866,788.7984,388.574,0
610421052,867.3497110000345,350.89054197199033,772.9039,288.0636,0
610421069,878.4019385570082,350.80348366818595,815.9364,294.0674,0
610421086,888.4609648253543,348.65812991614325,853.1257,292.6115,0
610421102,887.1502406650051,343.2143028086329,804.3395,266.9814,0
610421119,899.5944845979545,362.7373037534857,927.5571,405.7697,0
610421136,900.3264090133621,360.4343263945997,842.6964,295.4921,1
610421152,900.2440818991334,353.4095652835351,835.8641,255.5271,1
610421169,902.1143744344167,349.10653529033937,864.4951,268.6298,1
610421186,904.2135860457664,356.34831699762606,871.496,367.4163,1
610421202,910.1891481122314,360.75861495164304,949.2563,363.0215,1
610421219,908.880552447272,360.88199699906335,825.6619,306.1415,1
610421236,907.5671975502538,360.99449365554034,822.0063,305.7555,1
610421252,905.2105299280706,365.7280462120651,793.3799,359.2137,1
610421269,905.2362080745478,374.63294466299834,842.0624,427.7472,1
610421285,907.2694629800623,385.24581890546926,891.1604,470.4214,1
610421302,909.8662912812805,398.4025546015972,908.9741,523.1592,1
610421319,912.0216385920148,409.1300779152321,903.3895,502.0208,1
610421335,528.3139666817372,857.1438630950793,94.6532,735.5352,0
610421353,942.6694090846008,559.830954142962,912.4899,533.0978,0
610421370,922.7596067073717,555.0754951728903,835.3085,511.7673,0
610421386,926.2743791678934,548.225031007832,895.2156,503.486,0
610421403,936.0774113901379,518.084622936702,960.8942,399.0507,0
610421420,946.0449982156401,478.7137115976128,1002.9241,293.5218,0
610421436,1033.515031244278,169.66898538965853,1103.0134,140.4462,0
610421453,1120.8387656113696,49.460830139680176,1277.3555,36.1081,0
610421469,1128.9456632055192,44.186867927345276,1309.2793,29.3591,0
610421486,1143.5617621260035,48.05626188453925,1377.9564,57.3766,0
610421503,1142.3764950440102,54.013928200745355,1311.2097,64.8616,0
610421519,1150.0624685259431,54.61064783736124,1392.423,60.5028,0
610421553,1167.8733353297596,86.35759738375884,1367.752,88.8375,0
610421586,1165.5788533024142,17.8577479421021,1365.6443,14.785,0
610421619,1165.1596567381252,27.983677775660503,1363.3142,36.2258,0
610421636,1173.4391691095732,25.164485234830632,1412.9795,23.3745,0
610421652,1174.6038669469094,30.243129632391618,1388.7771,47.6492,0
610421669,1174.5197414610502,34.03692229468199,1381.0575,50.2805,0
610421686,1178.9923827206453,35.246242421361934,1433.1013,49.1739,1
610421702,1179.4739845092765,39.93814153730333,1395.5559,71.5828,1
610421719,1184.1154608808527,37.5274613314077,1460.933,31.4525,1
610421736,1183.548900534868,38.87121734782315,1389.2126,51.0993,1
610421752,1185.0493577207774,37.05104473079649,1425.9751,27.0594,1
610421769,1187.516448743292,37.185450237001724,1449.1165,48.5952,1
610421786,1189.9320854751481,37.685386251948984,1455.215,53.9856,1
610421802,1192.3619472025118,39.26094525676731,1461.9407,69.0933,1
610421819,1192.798963469477,36.474881042924075,1423.0144,8.6334,1
610421852,1193.3152547143984,35.9952869997065,1425.5417,37.0701,1
610421869,1191.8124656487303,37.492555545062956,1373.7546,57.4328,1
610421885,1189.060512212018,48.837607716881976,1332.571,200.2142,1
610421902,1035.4336710565324,307.85547614636255,1101.9834,289.0743,0
610421919,983.2889586560943,495.1577428153229,993.8892,475.1791,0
610421935,987.0788592606037,503.12786348638264,1008.094,494.3627,0
610421952,981.6376750531222,513.3462136813827,968.2311,512.8896,0
610421969,982.2397732051137,514.0237311936567,994.7324,497.5659,0
610421985,981.768358397917,518.4687459664865,986.0061,517.699,0
610422002,994.3587312463601,514.1640690335307,1014.8081,498.6515,0
610422018,985.7049924723706,529.0517607613143,997.4282,512.1797,0
610422035,981.6426405218931,495.77894289254044,983.9072,438.6805,0
610422052,961.0917169713633,515.8352288308786,868.9736,522.5634,0
610422068,962.2934144082709,519.7871494044183,959.3065,509.1869,0
610422085,968.7863298468823,517.0096247726335,1015.4785,489.8024,0
610422102,976.5056547419294,524.7367655906826,1051.434,555.6403,1
610422118,976.4261813531286,519.5565111191405,978.6506,466.3259,1
610422135,977.1397090976795,517.6952359369055,989.679,485.3611,1
610422152,978.9132306522048,519.5460059528056,1008.7025,518.6639,1
610422168,972.3975958188986,520.8435678472794,863.9561,495.5763,1
610422185,968.3575599842733,528.4637490937183,890.5,570.325,1
610422202,964.595953309549,530.1083233100867,886.4376,512.3588,1
610422218,960.8699644353056,532.060560663643,876.572,517.3781,1
610422235,955.7751426916301,533.350946875419,834.4008,505.5921,1
610422251,950.5899333280511,537.0471554947945,818.2922,538.3156,1
610422268,947.3098078134387,539.3379133686526,855.983,528.423,1
610422285,943.2266458849145,537.5749628045147,828.3354,466.966,1
610422301,937.9129840382549,540.1425739432196,782.7988,525.8457,1
610422318,933.2715234178307,534.6936373756685,795.2522,403.0251,1
610422335,931.7742993108691,531.3275923509813,877.8868,444.5668,1
610422351,929.4027476671778,533.3634577552774,844.1027,527.6063,1
610422385,926.9444803280779,532.9450333588057,837.0964,486.3171,1
610422418,924.5511177214847,533.0133275189738,833.2321,494.1366,1
610422434,920.7317936401738,533.9599095648206,781.636,502.4124,1
610422451,918.6256555254608,534.506209218598,830.6183,502.9114,1
610422468,917.0911424502807,534.7973168892601,844.2737,500.6571,1
610422484,915.053650221241,535.0854695584521,822.8593,497.8041,1
610422501,914.3277267681221,535.2124172486725,861.8774,500.6957,1
610422518,913.4643330210341,537.3840699056578,851.9125,537.5715,1
610422534,912.0631103689736,539.0016379638377,829.9455,524.8039,1
610422551,910.3292690373344,538.9164080167284,830.3287,492.3645,1
610422568,907.849433593325,541.7825322592488,796.2839,536.2062,1
610422584,906.992441291461,544.961777256986,834.5287,559.3545,1
610422601,906.1126700092202,543.8878296930711,842.1696,478.3029,1
610422617,909.1001572730411,532.6022710216212,848.0035,494.505,0
610422634,897.5002249724165,545.7919566013393,824.9401,505.3874,0
610422651,896.6073122845733,547.426668061753,821.3512,508.3867,0
610422667,906.5187495318338,553.7604126325842,880.206,535.4601,0
610422684,916.5027588176176,545.6231266511369,920.2224,492.8292,0
610422701,939.3563990066101,531.4303400291179,1082.8802,467.2177,0
610422717,1050.8024614857488,451.1536543868306,1126.9912,446.9518,0
610422734,1039.9020172486782,457.66773749438,1105.5215,450.8763,0
610422750,1039.846038174466,477.89115032920796,1103.9092,494.1352,0
610422767,1038.6386211099395,469.9250258446392,1098.5103,445.9098,0
610422785,1046.9876804500257,459.13947060241753,1168.6599,427.1401,0
610422801,1047.3719633474263,458.19099520404853,1122.6669,450.2675,0
610422818,1047.439859739974,466.8578183586827,1118.595,508.4365,1
610422835,1049.7000566295699,467.2780512550237,1149.1799,469.8352,1
610422851,1049.064726189264,462.0033272380737,1115.3164,418.8217,1
610422868,1047.765489236029,459.59558709789815,1101.6917,433.3704,1
610422901,1047.4441377788448,461.65527757145117,1114.0208,475.6843,1
610422918,1047.15831314464,468.15200994323715,1112.1069,527.0853,1
610422935,1046.5560818605536,468.5650696316258,1106.5576,465.7853,1
610422951,1044.8610016174136,470.00804679303604,1079.9436,475.4107,1
610422968,1044.6787807927406,473.10685362526976,1110.6707,503.6659,1
610422984,1039.306130246896,474.72504828396194,981.4142,468.9551,1
610423001,1034.9022062978609,481.1221206958291,992.1137,541.3428,1
610423018,1031.2434496534863,482.35683059770673,1004.9048,473.7803,1
610423034,1025.752606624306,485.8769571515375,944.8361,502.1862,1
610423051,1022.3865393452924,488.2198745327099,995.8784,494.7687,1
610423068,1018.0897758162687,490.9389000488619,961.3127,498.7059,1
610423084,1012.7600329257523,490.9585304293193,923.4206,451.1087,1
610423101,1008.2177583907221,495.4188967502595,936.152,529.7095,1
610423118,1006.165226426536,501.6781277400925,1005.3758,574.8655,1
610423134,956.0914730598265,712.2281709556811,933.3895,700.1806,0
610423300,908.4653342433642,616.5568653951714,843.8686,584.2985,0
