timstamp,smoothx,smoothy,rawx,rawy,fixation
610378698,930.5018670493167,394.22334489259947,908.7476,386.8719,1
610378715,930.2686962063743,395.59529899201067,889.412,365.4212,1
610378732,931.4795586938498,398.14961413341086,918.6865,385.6747,1
610378748,930.7908064960052,398.29818916084275,880.1786,354.246,1
610378765,931.1498907168537,399.2268478156324,902.9355,368.0746,1
610378781,932.2362529408769,402.16216632799615,920.9908,399.6543,1
610378798,936.5820941890358,401.83496123349505,1009.5997,369.3627,1
610378815,940.9560449150764,401.4957358387784,1019.5421,370.481,1
610378831,943.942441665315,401.3961033949147,989.4146,369.7306,1
610378848,946.1892379957592,398.51284995512555,975.4289,323.5744,1
610378866,950.0979852963408,398.0815635099796,1027.8677,368.8337,1
610378882,950.0217941638072,398.15991205049266,913.7632,360.7095,1
610378899,952.5813332263843,397.47380079732443,996.9616,359.767,1
610378916,955.0657012929254,397.72331240213356,998.6262,375.8873,1
610378932,958.4729101444588,397.2023800060259,1032.973,367.3808,1
610378949,960.6119303653952,396.06754019213054,997.4776,351.0109,1
610378966,963.6743349196272,395.0940253978419,1031.8885,358.3035,1
610378982,966.0350547272269,394.6137129118199,1013.2263,364.1143,1
610378999,967.2387338582207,393.47100281747237,979.3501,346.6012,1
610379015,967.7189993068715,392.95333868410563,958.3665,354.5956,1
610379032,969.8489349514638,390.6159323894987,1018.8601,328.644,1
610379049,971.9176399208673,387.9007682852146,1014.5413,319.6888,1
610379065,973.6667762627308,387.177923175457,1001.9652,355.9477,1
610379082,974.2655891512009,384.9058545386789,974.1765,319.476,1
610379099,974.4042196263508,382.90638248312405,960.6716,322.989,1
610379115,975.893331479832,383.8991888171979,1009.5599,386.2173,1
610379132,977.2908535339716,383.68647450539885,1006.6993,360.7359,1
610379149,978.6994115173695,385.28775902918903,1008.449,396.4293,1
610379165,979.45971370667,384.5466852384144,993.1067,347.7117,1
610379182,980.497804963966,382.73094070856604,1011.0931,327.6724,1
610379198,979.9860521148663,382.06449710574594,959.177,345.7641,1
610379215,983.0407372916779,379.27014372417557,1082.0822,320.2158,1
610379232,983.6000369429707,377.53086978695507,1002.2344,328.9913,1
610379248,985.5064761834773,374.17091550572866,1047.2664,300.9743,1
610379265,990.4779864018999,369.2289116082983,1157.3401,286.9838,1
610379282,990.7704893268841,370.40481938024317,999.1733,380.3089,1
610379298,987.3991192587373,376.55963058943206,883.2294,450.6133,1
610379315,984.5211329923221,383.1983201949989,901.5442,461.3356,1
610379332,965.3900220474833,620.3935546826209,954.6819,604.3716,0
610379348,923.677348696798,523.1082141395049,876.742,488.4179,0
610379365,922.1902121815717,520.8391234292015,871.1089,482.7278,0
610379382,917.7496972306279,519.143451378176,848.2574,476.4356,0
610379398,919.3726716533746,510.3141591594595,879.2183,446.858,0
610379415,922.259056901954,508.30744721256434,896.875,467.2234,0
610379432,917.0410307266517,506.9315669772889,814.8977,455.3218,1
610379448,916.4527919701886,510.2817068296688,856.3131,493.0142,1
610379465,921.5207565384403,509.74913944950333,939.4902,479.3773,1
610379481,922.5540112200948,510.8763347315093,889.0878,486.3292,1
610379498,923.0724079085963,514.398079989595,882.2408,511.3572,1
610379515,924.8805995104115,516.3986898605693,909.5839,504.7137,1
610379531,925.6842280115214,517.1249087595295,894.0781,490.8698,1
610379548,927.7092870556371,516.7691850254349,924.2164,482.9439,1
610379565,928.0101041353472,514.8943070529285,889.3497,457.5897,1
610379581,929.0021174708462,513.2464502967559,907.4904,460.892,1
610379598,929.522385767776,513.9823298290991,896.6818,491.5692,1
610379614,930.5395426025099,510.89172281745095,913.3091,437.7123,1
610379631,929.9653963686407,511.16679681670587,869.5938,480.1102,1
610379648,929.6822290206626,511.17286111807,877.5071,477.1588,1
610379664,929.0901788236526,511.82764223893645,867.9689,486.3106,1
610379681,929.1800012060494,509.9490896385055,889.4553,447.4699,1
610379698,930.8448518888271,509.84419055011165,937.649,483.2346,1
610379714,929.9220950706181,510.50058479236213,858.0975,484.795,1
610379731,927.9971508853246,511.4451362904725,825.3017,485.3904,1
610379748,930.1185450874946,513.9536264214615,954.0773,532.3067,1
610379764,933.0208140378279,516.9175241694858,981.3536,545.6229,1
610379780,936.2465318246868,521.5270858277961,993.6375,578.9132,1
610379797,941.4685347017199,522.7392820173754,1065.2804,528.4442,1
610379814,1033.6263327920296,635.8125270714355,1087.1417,640.0288,0
610379830,530.9774473206447,650.8874411441202,106.9631,515.2435,0
610379847,773.5847314470255,616.9445299808096,1053.7772,578.4638,0
610379864,849.6199207114346,600.6446736613213,1022.9484,558.2404,0
610379880,898.5861662390221,588.356614329448,1105.1697,552.7551,0
610379897,926.7650250709551,591.4321618828415,1088.172,606.2223,0
610379913,1014.2392555011752,577.9164139052104,1051.3547,572.5473,0
610379930,992.9631106632188,591.9998169030615,1009.4016,581.6743,0
610379947,1013.5526568322296,612.3202582774326,1088.1563,636.7041,0
610379963,1010.6068998775517,591.5475842465235,1033.6205,540.1158,0
610379980,981.5171643342323,604.891577344794,817.0827,610.7055,0
610379997,955.7512721619452,611.633723908742,739.7935,592.3079,0
610380013,851.0627865695875,688.7742759709179,729.499,645.5962,0
610380030,830.2970718295079,656.9614728634364,690.1248,605.6808,0
610380047,838.4776121255402,661.3423153237964,721.6699,619.6401,0
610380063,839.9898249794968,653.5162782946765,715.4487,588.8464,0
610380080,840.095577575381,654.2177520797994,709.7289,607.8898,0
610380097,841.1099084068577,660.3665615279242,717.8773,639.3998,0
610380113,843.8813581894822,666.1187103919054,741.3743,652.7787,1
610380130,842.8840492951126,660.4820248661041,703.8507,575.7051,1
610380146,845.456681134326,666.1619011131711,751.0443,664.9977,1
610380163,847.7748796646347,667.7713417549157,756.3191,638.9927,1
610380180,848.2115793029897,665.0543182707219,730.9366,594.8193,1
610380196,851.7970968959542,665.4119251882315,793.3889,632.6749,1
610380213,848.3382651117658,668.5806676260738,654.187,646.0402,1
610380230,848.6404520632628,670.4453934223461,729.6777,645.5854,1
610380246,849.5653651092268,671.1334403794363,745.7635,635.2428,1
610380263,847.6571692150753,670.740641726035,678.0253,611.6823,1
610380281,848.1790583441596,672.5879147786645,736.0563,651.8759,1
610380297,848.5786392780261,675.073253279326,733.5574,663.335,1
610380314,847.5670818685984,679.1029845271412,694.1421,684.3793,1
610380330,849.9959199697754,682.8430065427749,791.5709,698.0453,1
610380347,850.2875728244671,682.5685950088609,734.3353,628.0334,1
610380364,848.7762772668352,683.449334505345,679.7601,639.9093,1
610380380,852.7374039382047,679.1439147729162,849.9388,577.1113,1
610380397,1014.3420592373606,567.3661133286997,1051.9192,561.2697,0
610380414,1079.962590524284,500.0069325868773,1182.1379,507.4827,0
610380430,1091.5639894351357,486.68855868624513,1228.2205,485.471,0
610380447,1092.100022709074,483.81798705191267,1208.5083,487.7778,0
610380464,1084.3034964868789,490.67422311607464,1145.0391,514.0989,0
610380480,1083.4589475202538,490.8388336531912,1183.1189,498.3431,0
610380497,1085.4017098258894,495.9563277746961,1210.8406,533.9308,1
610380513,1085.1498729321152,489.9145476270982,1191.0994,459.8286,1
610380530,1087.7698349400655,492.5796194730498,1231.1475,525.7965,1
610380547,1083.661365996771,490.9985310829521,1129.443,477.203,1
610380563,1083.2021715442963,490.88362258626086,1182.1696,496.7051,1
610380580,1081.3351397114495,489.3761675546494,1153.5129,477.2547,1
610380597,1082.1799069697934,490.68994204104047,1204.2903,515.0265,1
610380613,1086.9187247908624,484.83482559128504,1296.754,441.3785,1
610380630,1090.9978593153105,478.7474287434665,1293.66,429.5055,1
610380647,1093.2992337233834,481.4059972817316,1255.7476,536.112,1
610380663,1095.046962996825,480.74566640137635,1248.2145,490.4171,1
610380680,1097.2104733957042,478.49045508986643,1264.2777,467.9483,1
610380697,1099.3856613534924,476.86279381489646,1269.0635,475.6696,1
610380713,1102.3705624305844,474.84178321269695,1297.1813,471.5266,1
610380730,1103.1670272186345,476.3977443322946,1236.3467,519.0028,1
610380746,1104.9517363778532,476.1741445477374,1269.4822,494.7819,1
610380763,1106.5974540157133,477.5529735829799,1267.9231,521.3218,1
610380780,1107.8336442886707,477.57105519873534,1259.1382,496.8824,1
610380796,1110.3177054990633,476.96590523338807,1302.2953,491.7374,1
610380813,1112.847169193656,476.945702277638,1307.5193,502.3173,1
610380830,1114.1775606953368,473.8722370674882,1274.0369,441.7767,1
610380846,1116.3473153727555,472.415826000502,1304.1487,474.1069,1
610380863,1284.8988015783461,582.3695753355727,1578.7141,653.2114,0
610380880,1147.3460568325968,455.8307402880118,1314.9924,479.0345,0
610380896,1132.0173755424194,454.412015405413,1255.4153,467.4124,0
610380913,1130.7456045175234,456.66700283077824,1277.6799,479.3991,0
610380929,1137.8624040731754,451.4425142000481,1338.5027,460.988,0
610380946,1142.745736954482,446.37717417922624,1344.1531,451.7884,0
610380963,1133.9296324883098,452.71625914087946,1288.9514,471.9349,0
610380979,1127.8560806325281,518.9786268860397,1274.8271,541.2432,0
610380996,1139.3290814025615,487.3128852345163,1321.6748,479.8851,0
610381013,1111.4193303435109,511.88930362653167,1133.1312,565.9813,0
610381029,1078.0799320981848,526.8628932104508,984.0923,555.4675,0
610381046,1055.5110779250008,556.4419171287586,958.5578,660.3511,0
610381063,837.2686041168001,665.127814638737,703.4304,616.3872,0
610381079,964.5939987693496,674.497409314567,951.2631,662.1298,0
610381096,975.1608301362377,673.3228907803226,992.481,665.5339,0
610381113,965.6428347395288,674.5400632195209,916.2523,659.7494,0
610381129,959.2770979361361,677.8208587847212,903.8467,669.3444,0
610381146,954.4012873435338,676.9165275057463,894.6904,652.6552,0
610381163,929.8486502768691,668.1063925619762,883.7653,645.5383,0
610381179,959.1807949822266,699.3338556000016,939.8556,687.2284,0
610381196,926.5605580347208,718.5618856657876,811.539,710.1182,0
610381212,903.5681184454618,740.0032926569131,739.8625,748.0132,0
610381229,889.5950143310428,754.3840435594465,721.1325,760.4795,0
610381246,880.1341036805682,757.8077691292286,712.7574,731.0737,0
610381279,864.7007058175508,762.769246254239,609.095,732.8557,1
610381296,857.7806361276355,764.9029825264971,666.4301,730.3438,1
610381312,853.7207731845918,766.8923739692762,684.8024,735.9496,1
610381329,838.4434074663058,793.181386012452,701.3004,753.9476,0
610381346,861.5550879081297,793.5309185098722,746.3328,760.8026,0
610381362,846.0781021527217,804.2594974461126,685.3412,775.1001,0
610381379,843.9834756505622,785.2410473019937,705.7179,705.2838,0
610381412,844.8425413711327,778.6093530897637,720.121,720.0511,0
610381429,840.4561812818265,771.7230046944309,673.4866,698.2062,0
610381445,836.5871302539925,774.7464818248909,661.6867,745.0432,1
610381462,836.3432163492657,774.6657595024056,696.2006,733.3252,1
610381479,828.1670950638885,781.6892458198658,575.0549,774.2866,1
610381495,829.7216146089077,781.2385648156938,710.736,738.3131,1
610381512,832.6983398417653,780.9955222269256,741.3841,744.0079,1
610381528,833.4184232864153,778.191942491814,706.8766,710.8049,1
610381545,830.1141733662917,779.1667752430595,622.6564,738.2418,1
610381562,831.1629956810616,778.9942542576798,711.627,738.2672,1
610381578,831.1295473518655,780.2027237256303,687.9116,752.6954,1
610381595,830.2960815812257,780.749814745236,667.9863,742.3359,1
610381612,829.5043504040175,781.6718330525282,666.8286,748.2532,1
610381628,830.1617035889136,778.909953987548,705.851,699.9828,1
610381645,832.9918577889543,776.7150933396513,767.4191,714.7061,1
610381661,835.2903825062216,772.5169703268065,758.0283,679.3092,1
610381678,838.7477179339052,771.1035462696333,794.6987,726.2051,1
610381696,841.8429073885242,769.7735847615492,789.0381,725.3484,1
610381712,845.7999422343252,766.552499629003,821.4236,696.3534,1
610381729,847.2986937473938,760.4029832345955,751.3723,632.7456,1
610381746,849.6454538989163,755.3649317026285,780.9001,652.2885,1
610381762,851.2969079670922,751.7597493315227,761.3845,671.4389,1
610381779,854.3012139213654,749.8204421176598,808.118,705.3119,1
610381796,856.8594486679402,751.3206091122887,795.6539,764.1655,1
610381812,857.6329362488627,747.0186423668547,743.4454,648.2288,1
610381829,862.721842841891,744.7684058547288,891.0073,704.7019,1
610381846,1042.0680577550063,718.1855452829083,1100.7515,730.6724,0
610381862,1136.9322259792993,672.2810462297311,1287.2253,708.0775,0
610381879,1160.5692125976116,754.0755396857119,1373.6055,896.4059,0
610381896,1147.0577454175234,741.4624593461696,1252.8855,750.1871,0
610381912,1146.1733117797228,724.1550484931369,1300.2815,710.3307,0
610381929,1142.8072250942112,726.6591215182231,1270.9194,775.1892,0
610381945,1142.9767018550142,733.737596631891,1297.8331,813.0244,1
610381962,1142.4045180512917,743.6267900054143,1287.5254,846.0588,1
610381979,1138.878634519149,745.0460186530327,1243.063,788.8195,1
610381995,1138.6316617034593,748.8923104740957,1284.7953,819.7306,1
610382012,1138.5906185867414,747.895834795369,1289.0115,778.6384,1
610382029,1136.5771575751687,748.952846193174,1249.3335,793.6698,1
610382045,1136.1469659643908,747.1872106974997,1277.7927,766.6721,1
610382062,1131.535809165097,750.831946407589,1180.5051,817.2451,1
610382079,1135.1400618969815,753.6208523047817,1363.4761,837.6938,1
610382095,1134.333215560752,754.6454566424133,1262.6805,802.8474,1
610382112,1129.6037513879717,749.6248015668775,1161.3739,702.9801,1
610382128,1123.7896896098416,744.6194651827744,1122.0768,692.0425,1
610382145,969.4007303307791,671.6544715451533,960.7295,660.4309,0
610382162,987.6172060759015,591.1502715527305,999.0118,579.2649,0
610382178,979.7856204585725,623.3863972471835,966.3008,643.8835,0
610382195,977.7380568701448,629.8914196050622,970.1265,630.5616,0
610382212,981.4569045890617,630.294203548066,1007.2453,623.6006,0
610382245,987.9174246246912,638.6326933793575,1046.1705,672.1196,0
610382262,988.7022218558708,637.5277306869892,1006.4692,623.7683,1
610382278,990.5568464503993,641.5911801420555,1022.2891,661.5799,1
610382295,992.9461042120981,640.9781755882066,1037.7227,633.0718,1
610382311,993.8005772298513,639.0271147606937,1020.7546,617.288,1
610382328,993.3761961215863,641.1504341183362,999.1454,651.6533,1
610382345,994.8555175203779,635.6334342766571,1037.9495,577.8379,1
610382361,996.2511696071545,632.6408720715145,1039.9409,598.745,1
610382378,1097.266096401914,689.5509507479819,1209.3203,715.4629,0
610382395,1186.1203089590063,838.1381706851045,1377.368,899.6135,0
610382411,1181.5398184661146,843.2799189181483,1359.1814,908.0546,0
610382428,1174.1102508951992,833.3981504973036,1326.0718,865.959,0
610382445,1176.6373959591194,838.9084354142185,1373.1553,917.5581,0
610382461,1178.9968203902818,833.6902432938161,1382.5037,873.4675,0
610382478,1174.5565699528515,817.6415573274796,1355.5378,874.4055,0
610382495,1160.3661059283936,849.9704378992773,1326.7649,905.0724,0
610382511,1167.3888387448123,828.1460187760866,1355.6093,862.2882,0
610382528,1164.6688741921482,828.4187397528368,1325.2672,882.3561,0
610382544,1163.9520447343432,837.8816427807265,1329.0702,922.7047,0
610382561,1166.0614224636342,834.6441115240525,1355.0269,878.7628,0
610382578,1166.347043545495,833.1656815744252,1341.8082,881.3833,1
610382594,1164.5200408517258,841.8428826136939,1312.6589,948.3402,1
610382611,1171.3697429809074,843.2165093491259,1437.2124,922.6928,1
610382628,1176.1162334006615,845.5827299130125,1424.9003,932.5825,1
610382644,1265.4812105562073,933.8928111012704,1528.7368,1024.4832,0
610382661,1222.8066748936176,853.1321707217567,1448.3519,925.9688,0
610382677,1211.7545281340986,844.9257857468488,1405.8915,902.212,0
610382694,1212.928031522494,852.5037391553715,1433.2533,939.3785,0
610382711,1212.8715390969837,856.7598499376793,1428.1758,940.4775,0
610382727,1214.2149020302918,857.5393136167556,1441.7051,932.836,0
610382744,1214.300967573186,852.4933204162547,1433.4084,896.4626,1
610382761,1215.4674869976443,853.5895668881271,1446.8683,933.2181,1
610382777,1214.6400746147176,849.0720349444109,1422.5801,885.5415,1
610382794,1212.9581485785698,851.2983807936565,1403.9375,936.2722,1
610382811,1213.5644626019912,852.555851748651,1440.2886,935.7067,1
610382827,1214.5683832492873,854.9297245506433,1449.5,951.2813,1
610382844,1212.9192662086384,851.3713534011802,1398.5112,878.5977,1
610382860,1212.9092938818528,847.8413406329852,1430.9512,878.2299,1
610382877,1212.6405215893194,847.9243538049897,1423.3989,919.417,1
610382894,1209.5695573204368,842.1533395839334,1355.4971,829.1343,1
610382910,1104.9682983800842,644.3704115272485,1225.8912,669.204,0
610382927,1076.0510476126792,533.8866976476802,1173.345,542.6938,0
610382944,1064.468364606519,544.9792455000731,1127.4885,559.9514,0
610382960,1072.4492236096833,550.681942310619,1196.382,576.2314,0
610382977,1067.2961149586113,557.98140956494,1124.8113,584.7988,0
610382994,1069.195456069601,563.1734371003439,1172.9895,595.729,0
610383010,1069.251651415374,568.0387873756214,1158.6448,602.1725,1
610383027,1070.5946335401418,561.5215053030622,1178.1887,531.6135,1
610383043,1060.2071445525764,554.6801251438905,1008.265,492.0286,1
610383060,961.8871982806802,483.18171080931324,952.5907,456.3438,0
610383077,944.0744086380325,497.1883082695857,917.3903,466.3596,0
610383093,938.2401338186405,493.58253483478114,894.9259,455.3734,0
610383111,942.2810504767923,487.0841117823635,930.3981,443.4681,0
610383128,944.3860025317726,488.2729871495255,930.2797,462.5347,0
610383144,944.1460921963765,486.38730142329473,916.1369,446.6667,0
610383161,946.6892046693403,485.28352928249967,947.0226,452.2076,1
610383178,945.4725695892619,483.94173322017963,906.6264,442.4678,1
610383194,946.9944111799564,480.605610510803,943.8978,428.8018,1
610383211,947.0706177645882,479.9254860673586,924.4601,444.1423,1
610383228,948.958804736429,481.433844539565,956.9861,469.5361,1
610383244,950.2839803829025,482.475609121065,951.8172,466.2269,1
610383261,950.0122639724826,480.1266442459822,923.2588,424.2195,1
610383277,948.8686483693667,483.1805407493281,901.008,484.4359,1
610383294,942.6250238466951,484.8329039961384,777.6249,452.6226,1
610383311,936.7905775522956,486.4500587492669,772.7058,453.6256,1
610383327,932.5555767909681,488.9104987096481,800.506,471.7815,1
610383344,927.2518643265531,495.06187657943434,760.4467,524.0253,1
610383361,922.6383137638907,495.9232622595452,771.1597,450.6185,1
610383377,919.0140634628838,499.82215827046167,788.7704,502.7012,1
610383394,916.0436695417021,502.2654377156827,801.3678,484.6674,1
610383411,912.405752099312,505.7489368434096,774.2966,500.7901,1
610383427,908.3396441648208,508.7039729638707,754.2383,492.2191,1
610383444,904.3390463392317,511.9452274609687,748.6309,499.313,1
610383460,901.3266924328208,516.0898401546787,772.3748,521.7606,1
610383477,898.9262613052749,519.4936636197187,786.2924,514.0373,1
610383494,896.6191079487675,521.8659604521918,784.1677,498.2172,1
610383510,893.8759902217997,523.5170852256601,764.4524,484.9346,1
610383527,892.6947312987248,526.6385912752177,809.941,521.1787,1
610383544,890.2198396142388,528.0657574058738,762.3347,485.7413,1
610383560,887.466741197905,527.8726539564972,748.326,455.8401,1
610383577,884.6105697126849,528.1115882241958,750.7175,463.0419,1
610383594,881.8314513756861,531.041461327462,743.2195,514.1421,1
610383610,878.4634007761922,529.0277670341767,723.895,419.3882,1
610383627,876.7611022330914,527.3657021574429,773.8801,437.6666,1
610383643,875.4167525745753,527.1041940098879,777.5638,464.9325,1
610383660,873.2092565028306,525.8759901657934,746.2809,444.126,1
610383677,872.6795882963955,522.6854671618919,794.5678,415.2386,1
610383693,872.9019887382633,522.9102006882013,816.9717,481.6425,1
610383710,871.4668539958034,520.3151873188067,755.5309,422.6222,1
610383727,870.4408296406224,518.2171439932526,768.3063,436.1725,1
610383743,868.5444009954927,516.1651575040605,733.9497,431.4439,1
610383760,867.4877754187161,514.6279969539936,755.4475,439.7337,1
610383776,864.5484652093737,515.1845776923955,684.8123,474.8965,1
610383793,862.3094320706289,513.2446266268792,694.9165,426.6437,1
610383810,860.713931910676,512.5864674335853,714.4019,452.4158,1
610383826,857.7804078572999,511.51117948447205,670.6857,438.3448,1
610383843,855.5343450258204,513.5695457537448,686.0863,503.5986,1
610383860,854.1618217954548,511.51718521944497,717.5309,421.149,1
610383876,853.8162149635648,509.622762509084,751.9056,433.0729,1
610383893,852.6189643597496,508.0370147927693,721.5724,430.7061,1
610383910,850.4746297704967,508.75296589576027,682.6447,468.8301,1
610383926,850.803551092567,508.67371738357116,762.7879,463.198,1
610383943,850.642962718551,505.29583382903326,745.5047,398.2388,1
610383960,848.3185720235364,506.4455822569514,669.8008,472.7658,1
610383993,847.6270118204746,504.3581930392959,726.3412,417.5079,1
610384009,844.7120867467864,502.50494529593993,647.8877,407.7029,1
610384026,838.798221310059,502.1348894206509,540.5166,417.9045,1
610384043,836.0677036498533,499.43006585922836,651.786,392.1286,1
610384059,832.8088050176917,498.26924181110587,624.0601,412.8188,1
610384076,830.8392425804814,497.17809938815225,662.825,415.8703,1
610384093,828.3748229884907,495.79512779380957,642.8294,407.5636,1
610384109,826.5822479743297,493.84483308158156,661.438,404.0235,1
610384143,822.7792351836556,495.4401477586128,585.2388,448.6681,1
610384176,821.0275358637358,495.85601237527493,656.8817,437.7439,1
610384192,819.1025231413712,494.864162261848,647.472,412.355,1
610384209,815.3621651323218,497.6825526910861,575.6089,471.1553,1
610384226,813.8737513509956,497.1116158306859,654.6019,414.9666,1
610384242,810.5656918960732,496.3096569110485,589.9594,407.9912,1
610384259,807.2604012911542,497.20833907128724,577.351,432.3293,1
610384276,804.0315024435533,500.47667179534517,575.1216,477.7624,1
610384292,801.5348171701294,501.29610417600816,592.961,434.5105,1
610384309,799.1167289120626,501.43711948190366,593.5604,422.7023,1
610384325,797.5549480710065,499.83206797105265,611.5715,397.3861,1
610384342,795.0144943639954,499.7271217448584,574.5015,414.7954,1
610384359,793.0316276471032,499.0175622737139,591.6201,408.5534,1
610384375,789.632064639825,500.75832713607855,533.1081,445.2866,1
610384392,788.0620261212857,500.7382949449537,593.9095,427.4791,1
610384409,785.4419629183604,500.9387809837549,556.944,416.8864,1
610384425,784.0251665826758,500.822199861299,596.692,418.0768,1
610384442,780.079938377851,502.27332499717284,501.5992,434.5882,1
610384459,776.9567457983103,504.56874538686446,520.3875,458.0809,1
610384475,774.5627357511677,507.651387054432,548.4125,475.2133,1
610384492,776.9613824364744,506.4009348592205,706.5012,410.9445,1
610384509,916.6314899874616,470.3267183098665,864.8314,429.878,0
610384526,991.9678196030903,461.1986288558079,1011.9763,441.2197,0
610384543,989.9403351750814,440.2290845263526,1005.5289,395.1965,0
610384560,991.3230911907126,440.4718658216257,1016.7905,420.2311,0
610384576,992.5047561008528,429.49829251494765,1022.043,373.6211,0
610384593,990.081151888396,428.4296490109239,990.9324,398.8552,0
610384609,990.917791993441,431.7791077022446,1018.441,428.5143,1
610384626,991.2878688365936,436.74158591688627,1014.6884,446.3551,1
610384643,990.0264979275773,440.51680438068473,991.6318,442.7576,1
610384659,993.213522314177,443.82507704959704,1061.0779,455.4576,1
610384676,1003.6788071848613,438.1766690650545,1206.2074,392.3578,1
610384693,1105.2413753627843,453.13743917306283,1233.0237,464.3422,0
610384709,1085.706947053165,440.6837483246897,1195.3811,445.5186,0
610384726,1083.0871666902585,457.60052228974973,1184.0159,480.2635,0
610384742,1083.6183690805447,453.4720566994261,1193.2385,450.0532,0
610384759,1080.7959884331067,440.10093002197334,1170.9014,398.6679,0
610384776,1076.272481427898,446.2005509433016,1141.5366,469.8928,0
610384792,1360.9589438716707,1017.0690375574812,1711.9513,1140.3921,0
610384809,1094.8034944291935,448.7004680955407,1212.8335,456.6605,0
610384826,1092.1644162805742,455.73695902070136,1202.0746,470.2448,0
610384859,1082.9531565265597,463.9780311125328,1152.9944,482.0942,0
610384876,1074.50168315252,450.7850133078273,1126.0129,404.1332,0
610384892,1079.1340484110747,432.9732609288422,1221.4561,365.9646,0
610384909,1130.3564765678357,470.8290394730948,1281.3622,490.3439,0
610384925,1085.7407578035288,438.37447060909426,1195.5267,443.0533,0
610384959,1081.0080997372993,462.3236816628506,1175.4514,491.6685,0
610384992,1073.365677457918,465.94784567895454,1140.6572,472.4696,0
610385008,1082.265509445932,461.29745736981533,1240.1376,459.1207,0
610385025,1075.4662857588546,456.09881048979605,1123.3347,429.7509,0
610385042,957.6990143244393,471.18280448077854,944.8421,442.3106,0
610385059,843.220274530734,461.28063149947593,722.0658,399.5994,0
610385075,845.5010662940788,443.3849643879291,732.1786,362.5692,0
610385092,837.0116394046759,442.16173102762673,677.8018,370.1276,0
610385108,820.2354055597018,437.6553795707029,581.8359,339.7213,0
610385142,815.737689412976,439.35874245467795,635.8174,371.0442,0
610385158,806.8722353870468,510.3874508015124,649.5289,442.0338,0
610385175,836.081613451704,502.9593283476376,706.7141,442.2635,0
610385191,840.5903250652013,497.7684291851636,724.6245,433.6771,0
610385208,833.358985974344,485.4542087444468,674.8025,392.5066,0
610385225,834.3458901356713,494.13952094169275,708.6105,460.9902,0
610385241,828.3473534195002,495.0291282505739,646.0204,428.6962,0
610385258,827.8003495922882,495.69825073541824,686.2122,434.8955,1
610385275,831.5955923929237,495.39678630893263,741.752,437.1325,1
610385291,831.286557897823,496.51210495488834,693.2966,441.2676,1
610385308,832.8598922866654,494.00633376222913,724.458,414.654,1
610385325,831.1548584470426,495.8984152000625,668.6755,446.3246,1
610385341,832.3477521009256,494.6797713712674,721.4561,423.3079,1
610385358,834.9043028103202,492.24875306576246,754.2142,411.9366,1
610385374,837.0012504736876,488.54399279115074,751.5688,392.056,1
610385391,839.1413633446106,481.42408777976254,759.7102,343.1343,1
610385408,839.2048298879862,474.4877122748669,713.5761,329.3734,1
610385424,840.268977641721,468.1458426151694,740.0192,332.7841,1
610385441,843.467748748377,461.182848733164,800.7621,324.4334,1
610385458,844.9223794971939,453.57912462812357,759.1486,300.4127,1
610385474,845.9208218575293,449.47518891375694,747.6563,346.0031,1
610385491,848.2029218175055,441.0263165412635,790.3878,276.1636,1
610385508,851.013074108641,436.1055277658656,808.9287,329.4085,1
610385524,852.6188580801478,431.9987964042226,776.202,333.0092,1
610385541,851.9131284752523,428.73461897700287,706.3263,332.6379,1
610385558,852.9947891566327,423.48309521495014,765.4088,301.6151,1
610385574,854.6485447282904,418.3129277829433,786.4832,300.6573,1
610385591,855.9601404325177,415.1168222905103,777.1384,329.7379,1
610385608,856.4490017656142,409.6346473887986,753.9168,279.9837,1
610385624,855.7481009885566,407.64273456965583,714.1814,333.4816,1
610385641,856.927778589446,405.614050879734,779.0237,337.949,1
610385657,857.4414884272202,404.37444931845323,758.1615,345.6648,1
610385674,854.8912346245035,401.8675925374791,652.0807,313.6755,1
610385691,852.5333883838065,400.2473435632164,661.9011,325.6611,1
610385707,849.5779461381625,398.07922314314237,638.0222,304.0264,1
610385724,848.4217112784603,393.0612570352169,705.4521,262.9205,1
610385741,846.8326674666996,391.188626926068,682.6474,311.7283,1
610385757,844.8480342800078,390.1446313306404,673.3273,321.9138,1
610385774,843.9839039496934,390.4667444137291,715.5894,349.2978,1
610385790,842.327416221637,389.51409180306536,682.7999,318.5112,1
610385807,838.4311051311423,388.8628728239288,608.39,307.2916,1
610385824,834.1390899920784,387.16212577455076,587.6943,286.359,1
610385840,830.8000627576907,386.4280826588724,622.6721,303.834,1
610385857,827.3667938258247,383.07842212417484,620.7577,250.9404,1
610385874,824.9798506779016,378.9980456643717,651.9789,238.1632,1
610385890,823.2016385301015,375.010715147042,668.7151,235.837,1
610385907,825.5550000994313,373.7990788269531,797.8604,304.8506,1
610385924,821.1196992447982,376.57292098895147,563.6361,344.874,1
610385941,817.9179311614619,382.5583181854093,605.5499,408.5432,1
610385958,813.8110690913807,388.8415542023257,565.0505,406.2888,1
610385974,810.1844961372485,393.4263444063828,576.2861,381.432,1
610385991,805.7956809974879,398.61078778401264,549.2638,381.6049,1
610386008,802.8788250765692,403.2515639149432,595.4811,385.2134,1
610386024,799.6432561956588,406.3257790235722,575.9199,355.5258,1
610386041,797.2659059690659,409.4452125291297,592.1281,361.5986,1
610386058,795.1634275068234,414.60793362180806,601.2944,399.3315,1
610386074,794.0423110653018,419.76097845708364,630.9814,405.9969,1
610386091,792.3339377552677,423.39411715153125,605.1403,380.1937,1
610386108,791.1041324222844,431.3421267124003,611.0334,460.5258,1
610386124,789.1350589645693,433.74092785139817,580.4203,362.1966,1
610386141,786.774654910965,436.09627099971146,569.5846,362.9645,1
610386157,786.8198673820066,439.7156013183786,643.4415,402.1499,1
610386174,786.6952630841174,440.1631636718071,624.5165,341.8958,1
610386191,785.3128115928638,444.2198595288623,578.1761,407.9168,1
610386207,783.3661750236404,447.6625550242184,554.5101,394.8301,1
610386224,780.7224590520751,450.70536766240446,535.671,383.5096,1
610386241,781.034558002219,453.17906970793723,630.7903,396.4629,1
610386257,782.523784215774,457.04670877104263,666.1255,432.6215,1
610386274,822.2217048804957,513.4726153788959,679.3384,449.644,0
610386291,788.8098004160125,523.323287653034,613.8789,450.8321,0
610386307,802.1745101640751,510.1056679726094,666.8191,430.0236,0
610386324,811.9149636517728,498.32965633515784,698.1738,410.9265,0
610386341,804.5437497424355,496.7294014097173,602.6107,415.7336,0
610386357,806.9889939980974,493.02542413400136,669.5741,410.8822,0
610386374,805.7627299796463,495.43376123336697,635.6329,437.0377,1
610386390,805.6130975629839,502.36618079958356,644.2509,476.0292,1
610386407,805.8003211800541,507.4045885213086,648.8395,474.3604,1
610386424,805.1361336787834,506.9411386714867,636.6691,431.5467,1
610386440,807.9530439301511,513.5567569767983,695.5254,510.2655,1
610386457,807.8565574449651,510.51015690524395,649.8434,409.9292,1
610386474,807.4805946786621,511.966127882232,642.1771,456.5389,1
610386490,808.7267209169858,514.8226000500241,676.9841,481.2319,1
610386507,814.3528547893809,516.5577035933795,784.4971,486.2217,1
610386524,818.1551992400343,517.3207555102575,753.1499,470.8528,1
610386540,823.745247080067,516.7312769432978,809.1206,460.6702,1
610386557,828.9997970573742,514.9978553351197,812.842,443.7264,1
610386573,832.9961183227389,516.8491258836034,786.9608,493.7645,1
610386590,836.6159180366486,517.7895505168092,784.831,480.9969,1
610386607,841.5701349138812,517.1905394324461,832.5035,463.8216,1
610386624,844.7263889990417,521.6180273832673,784.5787,540.8268,1
610386640,846.5782714342375,521.5340835523978,753.1758,462.827,1
610386657,849.2409791858054,524.0082514873601,782.1483,511.9067,1
610386673,851.6567747863015,523.0916632504295,781.8438,453.911,1
610386690,855.0743992745777,522.6170880026292,819.5211,467.3593,1
610386707,857.6385699032959,525.507083549997,795.8097,525.2667,1
610386740,873.7913416256789,692.9944330005044,773.6511,656.4918,0
610386756,883.6704506825357,674.5672248022845,793.5414,639.514,0
610386773,894.2901612489698,677.9027506487095,834.6542,652.602,0
610386790,890.8089322225263,669.7616347642526,794.5904,617.054,0
610386806,886.206769171957,672.4713595769902,771.6844,642.8765,0
610386823,884.6646005337864,675.9431582026538,783.4324,654.2351,0
610386840,880.5444145558239,679.066309032739,748.1356,654.017,1
610386856,883.046953486858,680.7330544564645,820.9442,660.0557,1
610386873,880.4360400851162,677.2896289297112,754.5349,611.5832,1
610386889,878.3261929857248,679.3619973705655,752.6573,655.4839,1
610386906,878.1749144976538,675.1133124673946,783.3173,600.1521,1
610386923,878.0990842057452,672.9289267975446,783.7573,615.4784,1
610386939,877.9517159349342,677.002034363075,779.6998,684.326,1
610386956,877.7720879239557,679.2418750713452,778.9842,667.6307,1
610386973,878.0729749595725,680.6449511428291,790.037,661.4681,1
610386989,878.1661339043366,680.4324587970824,786.1058,640.605,1
610387006,876.3865814401378,680.014306156939,737.5884,630.4907,1
610387023,875.7297500364391,680.1256024440282,763.8266,641.7695,1
610387039,876.4648190550128,678.9968857471764,801.8472,628.2988,1
610387056,876.0636820049001,680.1960224372973,769.0137,659.5919,1
610387072,878.8651700301419,683.0521056445281,861.9728,701.1647,1
610387089,889.3133127382589,1039.5458847362117,791.9423,1032.2324,0
610387222,876.7296188411585,567.3792177677793,783.7133,522.6978,0
610387239,879.9934169006563,556.1958582537812,797.1904,500.5866,0
610387255,897.3634665496037,515.1889755488978,895.7863,394.9543,0
610387272,904.6186962525165,487.47524399759965,885.0172,363.5143,0
610387289,913.5799687162591,462.07830411502346,930.149,324.6855,0
610387305,928.1291313440775,436.82765884328677,888.3964,397.202,0
610387322,944.312428874056,417.5720530671136,920.6021,381.1041,0
610387339,934.4951930559134,415.7928754307423,882.506,371.7972,0
610387356,935.1387330606469,414.04443761833085,905.5532,371.4098,0
610387373,926.9633397844086,405.5937332175979,840.905,329.8072,0
610387390,925.3723795428007,406.51892455246934,872.3156,366.4753,0
610387406,929.4996914419273,399.77954561015383,933.2741,328.7395,1
610387423,928.4926645988492,396.2712465046003,879.9243,331.2762,1
610387439,929.0565803514652,392.5645785827829,900.1278,325.7884,1
610387456,932.7359610260013,391.75856194890304,953.0239,353.0599,1
610387473,932.6834484468225,386.46375742173154,898.5304,298.6714,1
610387489,931.977676793708,381.7224552319522,885.6461,293.7711,1
610387506,931.672105304686,381.6773675497559,890.5753,341.452,1
610387523,932.7456697505787,383.46119989352513,920.0227,368.0794,1
610387539,934.5684409424666,384.5524912818594,940.8251,364.2961,1
610387556,934.8929617664319,384.2450321814618,908.5811,341.6375,1
610387573,935.0009360267622,384.5098756966144,903.5846,348.5344,1
610387589,934.2420687089887,385.54348177897606,880.1964,356.72,1
610387606,929.5468931831182,388.29723167874573,768.0222,368.0266,1
610387623,811.9707120937059,545.5347987642148,658.2527,481.1297,0
610387639,798.6277715912717,570.0152249890491,631.4025,503.6233,0
610387656,796.6961916247302,573.3288490449138,623.6544,509.6346,0
610387672,797.4128894573736,556.0327752213608,633.4991,451.8464,0
610387689,798.5316073136757,550.0634076385572,638.9678,464.441,0
610387706,797.7901931351523,552.2622118305684,624.3314,493.2332,0
610387722,797.8590814757096,552.4581530050845,631.1255,486.0275,1
610387739,802.9643009112634,550.1642704887529,698.4454,477.9254,1
610387756,801.8611723332194,545.2014606342339,624.369,440.8483,1
610387772,801.1206312515422,543.4599190359949,626.0707,461.3883,1
610387789,798.8257396798011,545.3222278385534,594.4298,489.853,1
610387805,799.5181993050628,543.9922805472892,647.2123,465.8274,1
610387822,799.0391588641677,545.8684397678198,623.3674,497.5691,1
610387839,801.3265518402869,545.1414657012086,685.1195,476.9241,1
610387855,797.1174979170256,551.7471467025578,533.8707,550.1466,1
610387872,671.2820159803904,841.0833628838457,373.851,758.4113,0
610387889,684.5414397544031,879.3313010384458,398.3734,803.1183,0
610387905,680.3899122636257,875.382478264219,382.4836,792.3403,0
610387922,685.0520141699777,874.9709391267064,417.6449,800.3373,0
610387939,679.0569511931078,882.7292986364057,352.0357,824.9008,0
610387955,674.1385751477293,883.1502233058452,340.55,800.467,0
610387972,673.8317002262744,883.9268126664141,375.031,808.5339,1
610387989,675.558638145392,885.2476257978294,400.5883,817.7264,1
610388005,677.2474656231295,881.9710157656052,407.1226,783.3091,1
610388022,673.8436329080369,879.866372789279,328.1685,776.6427,1
610388039,673.9800669096411,885.244102943488,379.2446,855.3419,1
610388055,675.5887184998048,887.9429232306911,409.2188,839.6375,1
610388072,676.7652263544531,891.5386357823422,404.2514,853.7581,1
610388089,677.8060930383896,891.2500628045756,405.7837,811.3357,1
610388105,677.3449365133929,888.6977871307918,373.8132,776.7937,1
610388122,676.87272538364,889.2211821433363,371.2164,815.4607,1
610388138,677.1008107838132,890.5057638108103,388.0222,829.569,1
610388155,677.7667941394268,892.878569287314,399.7861,849.1057,1
610388172,677.6307123338265,895.2827236937339,378.5943,849.2318,1
610388188,680.164205546858,890.9209454522764,458.6968,755.7017,1
610388205,836.8871900649694,730.99113060558,700.4138,686.8639,0
610388222,974.1260067825513,565.8729373846743,973.59,548.3931,0
610388238,1014.6785288773046,574.6059031510244,1130.8595,589.7995,0
610388255,1028.97704074864,562.5638015973421,1136.4172,542.443,0
610388271,1036.6069190020787,549.5537296494311,1140.5258,513.4631,0
610388288,1036.4523592937182,553.8668521330148,1092.4553,571.3567,0
610388305,1036.036647976578,501.2881567240187,1096.4824,496.5391,0
610388321,1069.3957720367114,536.3270145726616,1160.2897,543.4429,0
610388338,1057.3339125346617,563.4763538925855,1111.4612,594.8033,0
610388355,1052.9131970697038,546.8155593601269,1111.947,511.9848,0
610388371,1051.1259699019395,540.3373727568211,1115.1228,520.7108,0
610388388,1051.0395759635771,539.7207870757494,1124.1536,539.6249,0
610388405,1049.4595194018068,542.1280062231498,1106.1855,554.8645,1
610388421,1047.1740233641544,540.0473661404128,1092.0891,524.856,1
610388438,1045.391630200122,539.819380985146,1091.2738,536.011,1
610388455,1046.816665322726,550.611454510859,1135.2183,642.8246,1
610388587,1054.1416593619706,536.444857332496,1254.3185,428.6405,1
610388604,1058.3814580275848,519.2412911143701,1217.8431,366.4404,1
610388621,1105.4206273989228,266.7701577335894,1239.8054,264.6685,0
610388637,1132.965232049191,278.2377047085462,1293.0938,284.6813,0
610388654,1121.3424860360115,274.82953222199393,1248.0813,270.876,0
610388671,1129.9764690204634,271.28195026864404,1321.3074,273.6797,0
610388687,1128.0427243034867,269.89841975124256,1272.6121,268.4162,0
610388704,1128.0120854001343,274.80029993411523,1282.6313,300.3063,0
610388721,1126.207310868225,279.34363652292893,1261.9988,305.0402,1
610388737,1131.804281106076,266.06642860352105,1357.1455,197.7413,1
610388754,1227.1314321945194,31.293915191609116,1485.146,46.4432,0
610388838,1249.0068617164704,8.075190900386202,1503.8513,89.4262,0
610388855,1248.157907690095,16.17316371800628,1517.8435,76.4471,1
610388871,1239.513105461431,37.82086904139794,1408.1572,175.5633,1
610388888,1245.545669809803,35.338286794884795,1602.198,46.1297,1
610388905,1247.2682413209868,33.83968755461778,1550.703,43.2845,1
610388921,1246.5944478258841,37.07261690359547,1511.2111,82.5815,1
610388938,1241.7107312629155,40.50826241302468,1426.0302,78.1811,1
610388954,1239.6886876655778,39.62615429102314,1473.5896,40.4292,1
610388971,1240.9855128881939,36.75201548108546,1543.2305,24.6765,1
610388988,1242.5213561196083,35.33651825316107,1551.5493,41.1633,1
610389005,1245.1371635444777,33.29347872492649,1582.3047,35.3057,1
610389021,1246.7293751225934,29.14756140692097,1562.4905,-0.085,1
610389038,1247.8557817692663,25.437702146956063,1553.1616,0.4355,1
610389054,1246.9238212151747,25.43239992918567,1496.1726,45.4893,1
610389088,1247.2679388013842,26.22285968482355,1531.0358,63.0236,1
610389104,1247.64652688403,25.025237114544833,1533.7688,31.469,1
610389121,1248.410622115943,23.220622258104655,1546.5435,21.9965,1
610389138,1247.3443399592124,19.564903452607055,1492.2656,-19.0166,1
610389154,1250.2950172956644,16.240034714544247,1617.6331,1.9579,1
610389171,1251.3328826669028,11.125941516774914,1560.9741,-40.3955,1
610389187,1254.287599044267,7.646703665320782,1623.8478,-5.6141,1
610389204,1256.6042478068134,3.3246786302707623,1606.7037,-26.1672,1
610389237,1257.2499619662576,2.8115950962454117,1551.9143,32.5445,1
610389271,1257.5503567318217,0.6665948229477936,1543.089,-0.7518,1
610389304,1151.2039503042406,174.77348054342036,1332.2119,178.916,0
610389337,1067.2507380638544,254.83360819286443,999.8612,303.273,0
610389354,1038.9846855848623,299.51970006828986,997.4884,360.2401,0
610389370,1026.299949927848,345.7660363891976,1006.5306,462.6116,0
610389387,1011.7494051941713,363.2432780639559,942.6746,397.0196,0
610389404,948.4547971708545,450.65802563163356,927.5336,417.7228,0
610389420,947.2800759967462,451.38174454461546,925.2191,418.169,0
610389437,962.0351297689552,427.689294609797,984.2942,375.7169,0
610389454,967.702786895579,420.5390552000452,988.3804,378.88,0
610389470,971.0843986531063,414.00066297480066,992.7936,367.0186,0
610389487,974.3235271796923,415.46768565281525,1003.2302,397.3725,0
610389503,978.0899497068048,416.30573496681376,1021.2273,398.9609,1
610389520,982.5634241924379,414.6299900041655,1044.6316,385.6365,1
610389537,979.6778199240883,417.6195440604717,949.2595,407.1468,1
610389553,979.5828631307683,414.60137729490094,987.5452,363.1381,1
610389570,979.1935116971665,415.93002731091997,980.7478,400.4091,1
610389587,979.6922509933606,417.18279858208626,997.0704,404.1527,1
610389603,982.694175568587,420.8950218801206,1050.4614,442.5026,1
610389620,976.6701591182294,431.8135173368517,853.0918,509.1407,1
610389636,971.1407575151486,441.4629750370817,849.4331,507.656,1
610389653,966.3968905591873,452.5234467748199,854.5475,540.9879,1
610389670,892.1363358833312,623.5865402795345,811.8009,587.2534,0
610389686,908.2433799738528,633.0982058977102,842.8651,601.9631,0
610389703,903.450820597812,599.0440336540881,826.5552,526.3823,0
610389720,896.303393630583,591.7782689144209,793.8765,535.0684,0
