timstamp,smoothx,smoothy,rawx,rawy,fixation
610350696,954.0294404961203,671.7439995605575,903.7481,559.6068,1
610350712,952.9651036068732,663.4059139329721,901.8489,538.4048,1
610350729,951.9139743213652,657.2768103252397,896.5655,573.5513,1
610350746,950.0059411741406,650.9826110902534,873.8279,554.3074,1
610350763,950.0809935125894,645.8159537724969,934.8545,583.0406,1
610350780,948.9704457481711,639.6577000046417,892.9067,554.5465,1
610350797,949.2121533420516,633.1991046381694,945.9523,547.0966,1
610350813,948.11530828354,629.7993135613176,893.6434,593.4862,1
610350830,947.16185859486,623.631868861602,906.3544,535.2435,1
610350847,945.9967097710306,620.2198091463462,906.3517,577.3689,1
610350863,944.549253272923,611.7224626323233,895.9489,472.6941,1
610350880,944.1522073549871,609.542525629575,928.4149,590.3069,1
610350897,943.894122643918,607.870614964127,928.8182,594.6511,1
610350913,942.4080178423982,605.2396686464352,884.5591,572.6432,1
610350930,943.0181339250051,603.4928842610021,948.158,590.0826,1
610350947,941.9794516094861,600.7148258922915,893.7368,552.6072,1
610350963,941.3168138363947,598.2991544704738,903.5464,558.3613,1
610350980,941.5762820565683,597.4328849948246,932.3331,585.0497,1
610350996,941.8197333008856,594.1410439058524,927.1548,538.8715,1
610351013,942.3477666730606,594.8576289526407,933.2157,605.7159,1
610351030,943.1874622305356,593.9959380564817,939.2947,577.9747,1
610351046,942.8229744265299,593.7588319483143,902.4611,580.293,1
610351063,942.5989438875536,594.2562032595918,902.1135,581.6595,1
610351080,942.592794685793,593.822043114571,899.002,559.0133,1
610351096,943.579575263811,593.521493966346,935.1223,569.168,1
610351113,944.3435753020095,594.4292164146817,931.6946,591.435,1
610351129,945.3378236733494,595.4688260407404,943.0744,597.9175,1
610351145,944.9332150980595,594.707443759851,893.1525,551.8599,1
610351162,945.45451204682,593.8557164076649,926.7609,556.1278,1
610351178,940.4963051920903,592.3606274590545,738.2903,517.6459,1
610351195,940.7936032753912,592.6889368676026,922.9741,574.4165,1
610351211,940.4655035718888,594.4660700062183,900.3518,596.586,1
610351228,941.0979741121587,597.4758231903756,931.382,628.4902,1
610351245,941.5761169176924,597.5626324799005,925.3374,571.4795,1
610351261,943.6708100932375,593.7102819401284,988.8672,509.3849,1
610351278,944.6278315493673,590.5413500655437,944.9608,513.8042,1
610351295,946.1778704264844,585.5524716276441,971.8599,482.146,1
610351311,947.4844070872507,579.6774768819862,958.6234,468.9569,1
610351328,950.7838001950247,575.9801250602095,1027.1438,512.1902,1
610351345,953.269468982217,570.2273475399775,1001.7867,473.2195,1
610351361,971.6582990380984,496.9959860580635,971.1577,473.8879,0
610351378,960.8552127470226,524.4738274386332,949.1542,500.3059,0
610351395,969.1031160546044,507.9963667494378,982.3995,469.6537,0
610351411,966.3083909495041,502.3553775319848,950.0238,464.6378,0
610351428,962.3453603185484,496.8442679313643,930.674,450.4899,0
610351444,965.0674551568387,495.58215775905194,979.5753,468.5966,0
610351464,962.422079767198,501.8863940594786,926.8123,506.1883,1
610351511,955.0234296872792,516.0282194386008,773.1642,552.0085,1
610351499,966.0801558528868,505.2953686674476,960.559,514.3458,1
610351478,965.9281247675455,500.68837432149223,999.91,474.4504,1
610351528,947.5396936942328,517.2643364529627,805.006,480.3583,1
610351544,939.9468895185184,521.7143969297322,778.5914,513.6837,1
610351561,931.1177976156292,526.2712533201802,729.8314,515.2081,1
610351577,924.1413200824753,529.8003990829601,746.8138,512.0404,1
610351594,919.1123827365457,531.8877912942352,774.5876,502.4875,1
610351611,913.6881489786039,530.6974345800642,752.7914,457.4461,1
610351627,910.898954770877,529.9726566005414,807.4821,470.9816,1
610351644,905.6221226980895,536.9263000786823,729.038,573.916,1
610351661,901.8695408926151,539.7874532622449,761.2451,523.2469,1
610351677,897.6236658386792,542.5146259685685,737.9861,521.2595,1
610351694,893.3202541238583,548.5030989234931,724.9321,575.9215,1
610351810,892.2135020765932,554.6961782400156,812.0804,597.7013,1
610351827,889.7410495220105,562.2383095254569,764.1198,619.626,1
610351844,756.8380975378334,452.4810784664232,554.0114,365.948,0
610351860,873.9918327527388,516.1969427779989,780.1439,467.0797,0
610351877,891.6866707709859,497.0653216651109,850.3491,436.0369,0
610351894,887.4197218418284,489.7423808504142,791.0254,424.5993,0
610351910,889.9050834707646,479.5509047216847,827.7731,402.1702,0
610351927,893.0679321030235,458.30361842878597,846.1857,325.0173,0
610351944,877.3540538398563,486.92907691540285,787.707,436.657,0
610351961,916.4222519584648,459.0588406551388,864.8125,417.7439,0
610351978,920.9791529079932,476.8561004917023,881.3257,458.3931,0
610351994,944.6887537745263,486.9187530352994,1010.0426,490.0655,0
610352011,934.2648432631828,491.8787007978625,836.985,464.6478,0
610352028,927.7619826805579,483.2701387693234,837.3989,403.0801,0
610352044,920.4267394381607,474.60343988823865,804.5272,380.4891,1
610352061,916.0941516953583,477.84337733849276,815.6355,451.7766,1
610352078,913.4803429963205,475.29398923993585,827.5245,411.9572,1
610352094,910.8415258269368,473.43587106991373,818.2169,412.2195,1
610352111,909.3432422989756,476.2769661315494,828.9191,457.5853,1
610352128,906.7620179865747,478.108562532534,803.028,447.6528,1
610352144,900.2282771738988,467.12460073846745,716.5381,288.7041,1
610352161,901.3139777031203,466.03869990335966,865.9306,416.2686,1
610352177,900.6364519195663,468.892824194135,824.7891,460.257,1
610352194,899.4418674892631,466.4754317016348,811.9387,389.4962,1
610352211,900.6968950235611,467.53405712314174,870.8474,444.7166,1
610352227,901.991197828739,465.3606081374096,875.3846,398.1222,1
610352244,903.8918020097801,465.5854711829467,893.1114,435.1656,1
610352261,903.3880630307067,465.82644705197123,826.7028,425.8,1
610352277,901.6965881149491,468.92748259075256,788.8693,467.0209,1
610352294,903.4823616808835,471.13401985785345,891.6885,469.1151,1
610352311,999.465120665795,481.01575222443245,1025.9045,464.5593,0
610352327,993.7333268630359,509.1775094538016,1013.7613,493.1322,0
610352344,1004.3412972631147,505.16010157690187,1055.3354,490.4738,0
610352360,1017.517793745472,511.12217458670415,1110.5708,521.9319,0
610352377,1016.113000620331,515.3630360536052,1048.127,518.1963,0
610352394,1011.7406675340186,512.4616573889913,1015.3024,484.42,0
610352410,1011.1377558128429,520.065177702794,1040.3541,548.4374,1
610352427,1012.8870053031353,518.3172659467231,1070.9611,499.6895,1
610352444,1018.3324198597911,519.5331538692503,1131.5259,529.5061,1
610352460,1025.7991207149973,515.0606599975375,1184.8859,487.3535,1
610352477,1033.8741189158955,516.3181427926588,1218.396,541.7664,1
610352494,1040.731025963977,522.3693161348255,1217.6289,595.8901,1
610352510,1046.0745389322055,520.8238772270975,1208.5308,515.7561,1
610352527,1049.9395908490342,520.7239917427052,1190.083,528.7678,1
610352543,1054.7383469177444,525.7113070772135,1220.853,599.7889,1
610352560,1057.930532773757,523.3396080483583,1196.4551,501.7897,1
610352577,1061.0027851755435,522.7976060465454,1200.9945,525.9496,1
610352593,1064.2776257207095,522.5900312632357,1214.1798,532.3468,1
610352610,1066.5822252418068,520.8065508719274,1195.8108,505.2812,1
610352627,1068.2691360332567,519.6990231986168,1183.7,512.6617,1
610352643,1070.779063473176,517.1472333834564,1213.6331,492.4263,1
610352660,1072.2869970098263,516.9458482171912,1188.0012,525.9632,1
610352677,1073.1102268735142,518.4341533335746,1170.3215,551.9915,1
610352693,1075.727315902292,518.6567775272737,1230.9343,539.5366,1
610352710,1078.4691763235442,517.1316735633962,1241.2357,510.1743,1
610352727,1080.924138158305,519.3133546877598,1235.1578,574.7981,1
610352743,946.9911789323663,576.8468434637059,920.3257,552.545,0
610352760,862.1697157935384,645.0622214685447,752.655,601.8657,0
610352777,863.9684533844364,650.8025610527588,759.2617,615.1608,0
610352793,865.2806742110898,647.9285931333753,763.8823,600.3866,0
610352810,858.4809419301164,647.2355766859114,706.116,595.3141,0
610352827,860.6003125602757,643.0933795866181,766.777,584.3132,0
610352843,867.8349348941061,644.6873822969321,832.1312,621.4989,1
610352860,868.8791764351524,644.137398003664,776.7202,601.0367,1
610352876,870.9488110706916,636.650646183173,797.5441,545.7828,1
610352893,872.3286866236617,634.4824280730572,791.963,579.8329,1
610352910,870.5416027762826,636.9332703813658,737.575,614.4611,1
610352943,874.2994189876508,632.9566905466886,843.4009,563.9045,1
610352960,876.118895263361,634.4529801639625,811.6783,616.6895,1
610352976,876.7668264385646,630.7099599892715,792.5656,551.1044,1
610352993,878.8065806781308,627.7535997343829,827.3411,560.9561,1
610353026,878.5077415526454,627.3324744130115,773.3357,583.9264,1
610353043,879.1182974877561,627.2098644088423,796.569,590.7764,1
610353059,880.9536443232188,624.108977166822,832.7542,551.1139,1
610353076,882.7002488532187,628.1860393817495,830.8109,658.0487,1
610353093,992.8727935267492,764.8751129299245,1003.2589,766.914,0
610353109,885.8323212954423,636.7906399926648,799.0587,599.6362,0
610353126,881.5490277497922,643.6167403262153,781.9131,611.8491,0
610353159,868.1731357355104,637.1528420827466,713.3076,573.8219,0
610353176,865.2356694898008,639.4911144563099,742.0435,601.8729,0
610353192,876.0918191053522,652.8896426220284,861.3397,682.535,0
610353209,885.4118042185531,564.270469478778,800.7421,521.8007,0
610353226,872.2694811509649,613.2161529634086,773.4385,570.5692,0
610353242,867.0848071469624,582.8813649745421,755.3457,502.7304,0
610353259,877.1176553838671,591.7424364657502,821.9264,573.55,0
610353276,885.5412800268374,618.2668225819127,844.8431,670.9583,0
610353292,881.7495882489079,613.2667453277378,762.8838,547.1417,0
610353309,882.5335055929612,613.0942973390785,800.5756,572.8871,1
610353326,881.4472525031568,610.144860095487,779.3672,549.2581,1
610353342,878.402334476183,612.152180362448,745.2537,579.5797,1
610353360,879.4183910662466,629.170783164364,797.8793,728.3685,1
610353476,901.2292046182149,877.716502724284,820.7517,862.1461,0
610353493,899.241070723553,790.3946042606033,819.8907,768.0085,0
610353509,878.0032871601464,744.9944532929591,740.3416,658.9298,0
610353526,873.1748226376383,684.3924913265599,758.4031,515.6207,0
610353543,875.8050408076634,654.6243313453634,797.452,524.8192,0
610353559,867.0748562728686,637.0967173576779,698.203,513.5529,0
610353576,882.7384480244104,531.0973386703828,796.6767,485.5005,0
610353593,793.2055665913838,511.9225110636991,622.8397,439.8468,0
610353609,839.9093623647329,518.9541196906902,804.1735,481.0564,0
610353626,860.7733412353223,537.5786545297356,832.7168,537.4741,0
610353643,867.1037476905708,535.17985409749,801.8312,482.6407,0
610353659,873.6777734880964,529.255327645278,828.7672,462.8452,0
610353676,878.2010399391639,533.9405403661175,827.8209,517.639,1
610353692,880.5057058577132,539.3288493342735,814.3538,530.1113,1
610353709,886.0601546204038,541.9472485252168,871.3713,525.8299,1
610353726,887.5013599094748,548.20831862649,820.6976,556.7802,1
610353742,915.4926099924995,541.2460658601323,860.164,505.5607,0
610353759,838.261581130129,608.4615773643325,707.3215,555.9382,0
610353776,873.4164689101316,578.8034521733067,846.2246,512.1414,0
610353792,887.2216909634348,581.0592562673846,856.6541,552.9081,0
610353809,890.339825735864,570.9393256703735,828.4178,500.7836,0
610353826,901.638395310781,587.929773355914,914.7481,635.9099,0
610353842,895.1131331620752,580.9187959927779,756.4581,496.1786,1
610353859,1011.4550688270141,679.2611535417011,1042.4305,680.3746,0
610353876,903.0412403887642,557.5085665214409,835.3351,519.4974,0
610353892,918.3194831825182,582.508688678224,893.09,581.5699,0
610353909,911.7927243660619,567.7555040441149,827.624,497.7179,0
610353925,913.7892203264123,548.5881894485486,870.128,453.8265,0
610353942,912.4739534800747,548.7317928322477,843.8466,512.6006,0
610353959,889.6199339779955,524.6726477764468,810.3104,480.5449,0
610353975,917.1840857121551,558.2352895660998,862.8743,524.2418,0
610353992,931.3271780583436,551.6601570319837,918.3867,518.0883,0
610354009,920.4270867113805,562.9747923854475,825.8959,548.2693,0
610354025,918.2646470336745,555.8422131707852,853.4863,497.3998,0
610354042,911.1665275744699,562.0143475484203,796.1896,544.8805,0
610354059,910.286760278681,558.1330944900025,842.7362,500.6699,1
610354075,904.7586286123886,554.804607115147,778.2901,487.75,1
610354092,905.8675105452251,553.6659847879002,857.7252,510.8459,1
610354109,905.9951600381444,555.803872982394,844.1887,536.7881,1
610354125,904.6948729483802,553.7105905554754,819.8068,494.5931,1
610354142,903.1989407075712,556.7713810635584,810.1821,545.6685,1
610354158,899.7036104827563,565.0558225754296,761.3792,604.4432,1
610354175,897.3098051693415,570.3838809870849,777.0822,582.6302,1
610354192,894.6460001665585,574.172663869537,764.5907,568.4092,1
610354208,891.1939245715143,580.707190870605,736.7313,607.491,1
610354225,889.7391596361878,585.0322312377741,781.0991,590.6444,1
610354242,887.3195662321175,592.9197850938003,749.3988,644.8033,1
610354258,885.7943924231321,598.9592942511657,769.5294,628.3077,1
610354275,884.2719929398095,599.1434690501534,768.6814,541.963,1
610354292,883.7772042051647,603.8650188945804,793.0708,621.0588,1
610354308,881.2340082462458,609.5882447177747,728.3762,633.7022,1
610354325,881.3314652237639,615.4131550888305,805.0787,652.282,1
610354341,881.2649305443991,620.0496220834533,799.0272,636.4991,1
610354358,879.8253903838522,623.4872902050878,754.1086,613.8091,1
610354375,878.9157590279414,627.5040700307007,768.0144,630.444,1
610354391,877.8519062062664,629.4383432125222,761.7227,596.2819,1
610354408,876.1635229025396,631.9258804350194,738.2029,606.6215,1
610354425,876.5024700160118,635.872213017158,802.3563,646.5731,1
610354441,876.5313835330962,638.8724808295079,790.8381,631.4592,1
610354458,875.4018869047131,636.9347605623802,752.8132,537.1911,1
610354475,877.2341720067642,636.0628819167468,859.4387,566.7462,1
610354491,1027.3062232881327,579.0060023862541,1076.7845,577.3789,0
610354508,1066.8142117147802,502.7890889231919,1156.4158,506.7775,0
610354525,1077.9693463801636,513.0967043084828,1199.1323,535.0898,0
610354541,1076.4437829195967,519.6878851886134,1168.1313,540.7029,0
610354558,1085.262081389301,516.436680981458,1243.126,523.4065,0
610354574,1085.2296041090108,519.1863244085839,1190.5474,540.9061,0
610354591,1081.7810775173873,517.4754897210117,1152.1326,512.8194,1
610354608,1080.628812834714,515.8282361792553,1170.2031,512.502,1
610354624,1078.3694861606,511.27916713829705,1150.5576,482.5959,1
610354641,1075.2322925961228,511.51492635450614,1127.3044,514.6564,1
610354658,1073.820607447099,514.2134569898689,1147.741,542.7032,1
610354674,1075.0664349783956,516.6822008542104,1195.5657,551.6252,1
610354691,1082.2808955855612,508.7672501031067,1328.8171,453.689,1
610354707,1081.4440801565872,511.7038291198335,1163.8524,552.5493,1
610354724,1081.3723970464684,514.2561103642021,1179.9526,553.9366,1
610354741,1080.6332328259905,516.1821335101735,1163.4033,546.304,1
610354757,1079.661460744051,516.6551162665002,1156.3679,526.8198,1
610354775,1079.1665018106758,513.3935523330716,1169.0527,473.5068,1
610354792,1078.3863959714574,515.0995259725958,1157.8021,545.1724,1
610354808,1077.4962758222225,513.3108068555824,1154.9769,490.8127,1
610354841,1079.7131344458423,515.69932723145,1243.2246,570.1914,1
610354858,1079.8766764777595,516.1872985264248,1185.1663,531.9664,1
610354875,1079.7248802603099,516.0120232710764,1176.0167,519.755,1
610354891,1080.2991976441651,516.091398412368,1198.6115,527.4197,1
610354908,1081.2862589003576,515.0157227841801,1213.1357,509.24,1
610354925,1083.4714951668032,510.99728741197896,1254.7798,462.0238,1
610354941,1083.5319250308492,509.6986170099514,1185.6244,499.4987,1
610354958,1084.5769045470943,510.6013141623062,1217.5488,543.6504,1
610354974,1085.138078126418,512.4881375082831,1201.981,559.6271,1
610354991,1088.0400562265877,512.5846203868209,1283.0142,538.2794,1
610355008,1089.3652942451906,510.44572116579633,1233.0568,489.0328,1
610355024,1091.7019284165817,510.8217867798729,1262.9976,539.2545,1
610355041,1092.425387466171,508.252284535998,1216.3667,479.3389,1
610355058,1093.3542347573493,507.4878272750603,1220.7634,514.2806,1
610355074,1094.608573086894,507.17475367953887,1241.2878,522.0302,1
610355091,1096.78449770921,507.33579225294346,1268.1812,536.8866,1
610355107,1098.0958931104599,506.550559105719,1237.7325,511.6941,1
610355124,1098.7022812101882,506.302694561049,1218.2358,518.2567,1
610355141,1100.5564353562088,508.60116918349974,1259.7422,568.8697,1
610355158,1102.137501857599,507.12018490716144,1253.3286,500.6721,1
610355174,1100.9546576532787,505.27013953749093,1165.0027,483.1478,1
610355191,1099.7156719592695,503.0950326997128,1170.8513,477.2091,1
610355207,1099.1349603975334,503.95549372678863,1206.3872,526.4951,1
610355224,1098.7364775746419,502.9460705518111,1196.4832,503.0279,1
610355241,993.9690763091817,577.2528432048241,1011.8712,566.1525,0
610355257,942.857839424547,628.3285901626526,910.493,606.5574,0
610355274,924.3569279824802,648.9398847303551,837.0476,640.3162,0
610355290,922.1040550966343,637.1786890159315,862.0055,583.8331,0
610355307,922.9050625525803,626.6542608441101,877.611,566.5132,0
610355324,924.9073048369826,646.6822620317116,887.6561,708.0763,0
610355340,926.1651341988361,638.7145095961796,890.8727,572.5484,1
610355357,921.15428550414,633.400759268218,812.4886,564.8665,1
610355374,923.0393914143194,626.396564346347,898.7759,553.1495,1
610355390,923.3926693585337,620.1567083832971,879.8547,544.4536,1
610355407,921.5998257446464,618.2665771534108,840.9448,571.37,1
610355424,918.4713892584127,624.2149648968742,806.5277,648.296,1
610355440,914.9314943659191,628.056144465608,789.1729,630.6464,1
610355457,818.9921300884998,718.8710579002181,665.9548,668.8575,0
610355474,825.362841578894,714.4543749032534,678.5237,665.9106,0
610355490,825.3350519549737,688.9472282053383,680.1741,611.2943,0
610355507,837.9168513024617,690.500709324713,752.4396,654.218,0
610355523,844.9327143427707,696.4998417790088,756.835,677.1059,0
610355540,845.6661902549425,705.5754427359295,722.015,700.8711,0
610355557,854.8588908784259,716.9444479757145,820.3397,747.9503,1
610355574,855.61034603595,717.0191867217748,743.7831,677.084,1
610355590,855.5150557056611,716.2305277977068,734.0553,668.7556,1
610355607,855.1265223953814,716.5970992298951,728.6791,677.1656,1
610355623,855.7372178416996,713.0721882193684,746.9274,641.4585,1
610355640,857.5990899255264,709.1831491403658,773.8584,635.4827,1
610355657,857.8874316623212,709.3041288942026,744.9133,671.8679,1
610355673,856.7961860719134,704.290900524288,716.9576,604.3453,1
610355690,858.9414726635176,701.9598354248508,790.2245,642.8621,1
610355707,861.1260951598302,703.1335575502139,795.1505,688.5645,1
610355723,859.9634457392377,699.8887129421422,715.3088,614.9049,1
610355740,860.0669859257798,698.555901433763,746.6674,644.0356,1
610355756,859.6468982871772,698.8181940790531,731.8205,664.8293,1
610355773,859.7473401743841,701.7549569498673,745.0332,709.2083,1
610355790,858.554754161009,701.3655604954911,708.9148,651.96,1
610355806,859.2369082969708,701.6788354034453,763.8491,671.0668,1
610355823,857.3249644976926,696.1807745820433,687.9232,560.8947,1
610355840,857.2479763696226,686.0415272727826,746.2926,484.6801,1
610355856,858.770246038799,678.1343831839212,796.3119,524.7089,1
610355873,858.3625494384031,670.6129500755578,735.1154,517.4623,1
610355890,859.456183643493,659.2258939357298,786.5647,449.5602,1
610355906,897.8726432266876,476.0075799070688,828.0745,430.7061,0
610355923,874.602288659036,525.2185105070845,781.0223,476.919,0
610355940,854.5022860175228,515.4709591031933,703.4446,444.7958,0
610355956,858.4979575204172,524.418809946848,764.7217,492.9107,0
610355973,864.9444076277159,534.3994540471213,798.1888,521.0363,0
610355989,866.0721182875716,530.195350908719,773.133,462.9658,0
610356006,869.8341668962152,521.1730071107803,808.6405,429.1206,1
610356023,871.6317253342286,517.9113385454127,795.4242,451.3801,1
610356039,870.8424510127729,522.4691927338715,761.2265,504.6553,1
610356056,867.9317991672168,528.7438325628085,722.6899,523.238,1
610356073,866.1648868427741,530.6764586845989,735.2098,492.5914,1
610356089,868.0547832699308,525.8289536045547,804.0194,432.1027,1
610356106,868.3046756254084,514.5535753015934,777.551,345.6077,1
610356122,868.7936408238872,503.3868733112324,784.1399,330.7621,1
610356139,869.1876491978892,492.50787732751195,783.5793,318.3157,1
610356156,870.3387799806758,486.45948489714357,801.7874,372.4352,1
610356172,871.3585967865552,480.32041133662284,801.3394,362.8574,1
610356190,872.7878460406582,480.2159430153615,812.0259,446.4708,1
610356207,874.4519183170901,475.3849730214372,823.907,373.9731,1
610356223,874.6236371339355,471.10496586777305,784.0616,371.0792,1
610356240,873.7664065824712,469.2177815119959,753.2162,400.4952,1
610356257,874.3169923099061,465.6391734062941,796.0073,375.2126,1
610356273,874.2198977947461,461.379017647374,777.6002,356.5682,1
610356290,874.5789528846218,455.8536364024069,793.1061,332.0772,1
610356306,875.1160145872657,458.2447769163933,795.2734,466.8709,1
610356323,876.0200847148487,466.3233029339985,804.8849,569.1157,1
610356340,875.5199366217814,475.6879885323985,759.228,587.6497,1
610356356,875.5521691469413,483.291236608916,778.0011,560.5898,1
610356373,877.3894843504182,490.87102826052654,838.8625,571.09,1
610356390,878.643286397395,496.7917385426113,821.6479,540.2334,1
610356406,878.4524364342167,503.01046473101513,773.6375,541.3971,1
610356423,875.8689973522323,509.7323052489528,691.8879,543.7845,1
610356440,875.8315686851315,515.2909218783591,771.8178,533.2802,1
610356456,877.5160544644791,522.2401573246054,837.001,575.6859,1
610356473,877.8172895459661,528.9621374571819,793.8836,570.6201,1
610356489,877.3904313466871,537.8441643491393,765.2968,605.0134,1
610356506,878.9415636373942,544.352864117406,837.7938,572.0026,1
610356523,878.2136464430812,552.3175511273159,757.9708,596.4373,1
610356539,879.5971161654513,558.8675993798786,827.1892,591.9182,1
610356556,881.5360427182039,563.3049163656837,844.0431,562.8885,1
610356573,880.8368117065327,567.71771847077,757.0265,552.3489,1
610356589,881.756274328819,571.499472111172,820.4202,548.8761,1
610356606,880.7012626556743,575.0861413769396,750.7809,534.2117,1
610356623,880.865894268011,578.5098098818469,793.3646,543.965,1
610356639,886.0196351260214,582.9368435836324,962.3721,593.8875,1
610356656,1052.7650010420632,540.4781090195036,1127.7332,543.2283,0
610356672,1040.2886743684953,498.8619867664172,1104.8533,495.1313,0
610356689,1052.3124315142043,500.69015416986906,1151.5359,505.7788,0
610356706,1065.4068390304042,514.0899905705369,1202.9629,554.3014,0
610356722,1066.310908960279,514.6962438838498,1159.6914,521.7759,0
610356739,1063.8561846752755,509.54660546278564,1131.8037,488.5109,0
610356756,1062.977760696159,504.6575999410437,1141.0784,481.0245,1
610356772,1066.121196361949,508.0222539322686,1189.4316,538.5057,1
610356789,1068.4149526280546,513.9360602659807,1186.8032,565.5896,1
610356806,1068.9721675307344,511.5836159399116,1167.8059,498.0858,1
610356822,1067.0136211614245,509.64268761476313,1123.9583,491.76,1
610356839,1067.4654105259706,505.51493780077635,1166.3226,470.8174,1
610356855,1062.0786194365237,505.40458030172704,1043.1755,493.3018,1
610356872,904.9314496905489,586.4096593263641,838.0216,550.9998,0
610356889,884.5536941303784,516.8046856478204,800.7079,470.6925,0
610356905,882.1455597843333,520.9498389959972,791.0472,478.2169,0
610356922,897.4060692585266,577.7784319152224,878.8868,669.1538,0
610356939,897.5253556579316,571.9920839116877,824.9708,514.1857,0
610356955,901.4258945894285,576.1067939084202,860.4226,559.7775,0
610356972,906.0310967870175,982.9147617847846,826.4797,976.2302,0
610357088,758.1933336501025,1037.225190655502,536.4707,992.9799,0
610357105,730.4079653058849,985.2571649556453,431.8844,866.1747,0
610357122,772.7643384275427,940.5453505357574,735.5942,822.1566,0
610357138,784.9557041640464,887.3548327320294,668.6786,681.876,0
610357155,793.1720988468246,826.7243889214909,681.2157,533.679,0
610357172,840.4203021416394,586.6743416062942,712.2808,533.1948,0
610357188,815.4128998590085,548.382717614409,664.8632,485.1469,0
610357205,813.5726957704566,514.9171341635937,660.0063,412.4794,0
610357221,813.5065446896617,521.1282413577493,661.4185,468.7801,0
610357238,827.2595004815512,507.7393350099127,770.2064,413.8879,0
610357255,824.6479704743466,522.9229114323753,660.9102,521.8297,0
610357271,822.9043780386211,534.8296669757278,660.9066,532.0116,1
610357288,826.1979204070458,536.5444738966479,722.814,490.1578,1
610357305,826.5165284916452,531.6556151508245,691.51,434.5378,1
610357321,827.0830479546764,535.0554072016605,694.5814,501.9041,1
610357338,827.9086659097877,528.8586222665818,704.0493,413.0397,1
610357355,828.5640897466948,533.8135327641281,699.745,523.1968,1
610357371,828.5519509213229,534.8664736516312,688.8489,484.1255,1
610357388,828.3974494102531,542.5814721625934,683.0214,567.6055,1
610357404,827.9815653932584,549.0149089387523,676.7143,561.0356,1
610357421,828.8166755302976,550.4323608277837,708.9023,505.5143,1
610357438,831.6148048118674,558.4907442940915,758.8022,610.252,1
610357454,832.8797584129966,560.4749513584189,725.9725,524.6678,1
610357471,835.3340435530315,561.888288363868,762.1324,523.8999,1
610357488,838.758802952549,564.786397021133,793.9868,554.3253,1
610357504,842.6545838356897,565.659744996458,814.9751,527.7733,1
610357521,844.4792874474756,566.2314337313982,758.9567,516.428,1
610357538,846.3298449487104,569.9290428432867,761.6051,571.7074,1
610357554,850.0122073720332,569.2450452101208,825.1904,508.247,1
610357571,851.0713627648531,569.8791193398771,746.0751,521.0283,1
610357587,853.4256382079762,569.0899492172475,791.8092,503.6664,1
610357605,855.356781651075,566.7020053666565,782.9165,474.2115,1
610357622,857.4462607618333,565.7423046944334,791.1031,501.6268,1
610357639,859.8997968274185,565.9196346203806,806.5096,525.3551,1
610357655,862.1636630649388,565.0491430484009,804.8574,506.3301,1
610357672,863.6903773283785,563.645458916396,784.2231,493.7009,1
610357689,865.3472121220284,565.0233387745694,781.0366,544.0189,1
610357705,866.5054965293458,565.2257539387579,768.9106,513.5067,1
610357722,867.4009208892356,564.7179727162803,765.0695,506.7908,1
610357738,868.1338303028233,561.8998396506345,776.1621,458.356,1
610357755,872.6141432556764,560.6363326946233,893.9977,518.0913,1
610357772,1000.1622333539264,522.5685541140108,1025.829,509.2856,0
610357788,1014.0205691696673,498.0620800452899,1053.6846,486.9086,0
610357805,1019.8406580538723,521.5973147874705,1074.7197,540.5479,0
610357838,1011.0501662095494,527.60954341127,1012.3621,525.511,0
610357871,1013.548394012942,532.6863998150809,1065.6936,541.8945,0
610357905,1006.4174784905233,535.3174169455806,982.7446,527.5488,0
610357938,1006.1715869438736,525.8100439004292,1037.4454,464.1617,1
610357971,1010.2346359065123,522.8416246525364,1092.5144,500.972,1
610358005,1014.780269515081,518.5593526902777,1114.3293,487.5825,1
610358021,1131.4849568693817,420.4064352800992,1285.3019,436.624,0
610358038,1117.9430248339827,456.89542134722376,1257.6494,471.931,0
610358054,1107.2132296708867,467.96105217709055,1215.1152,489.6086,0
610358088,1102.1745658505372,484.59438463910044,1205.4117,529.7655,0
610358104,1110.5664350568627,477.2751027709581,1292.0686,475.1331,0
610358121,1108.9723200904284,481.9625435674268,1226.2316,514.1191,0
610358138,1108.878011839714,488.7045006499994,1236.7838,538.1428,1
610358154,1103.6927546616052,490.31481572331757,1169.994,504.467,1
610358171,1095.7520235212173,491.6703161916861,1110.8287,496.9752,1
610358187,1097.101666925614,493.65625265165227,1237.9709,523.5922,1
610358204,1101.541451753745,491.12982159756444,1299.6615,490.7718,1
610358221,1098.8243674124908,488.1984665803501,1172.6149,463.8953,1
610358237,1095.050755670356,477.0860803219456,1145.5471,359.965,1
610358254,1082.3889605377506,278.8544734150637,1194.4998,271.1609,0
610358271,1064.7072553220655,345.2677991004479,1157.7461,337.3761,0
610358287,1059.421381117626,346.2203666008356,1137.1023,336.4546,0
610358304,1060.1707470601523,344.0417835475078,1152.0513,330.5704,0
610358321,1059.7122793065128,339.4567395881587,1146.0598,314.8339,0
610358337,1061.2821500560628,345.0331043093457,1162.3813,361.5295,0
610358354,1061.9609687051955,338.7722714969468,1160.0076,297.8072,1
610358370,1062.9430168831207,339.8356952784862,1165.1335,339.5728,1
610358387,1066.9270406571877,341.3083489300044,1213.1792,351.8868,1
610358404,1065.5540873156235,340.0139844868461,1138.4438,318.5054,1
610358420,1061.8410054097747,336.0862146025108,1092.4985,283.1693,1
610358437,1055.5627327700506,330.4393205075242,1031.5029,249.0392,1
610358454,1047.3881248743476,325.65754867000896,973.151,241.5926,1
610358470,942.1797132242343,297.7161601832711,920.5822,252.0603,0
610358487,964.6075836061651,271.669694086883,965.1929,230.4358,0
610358504,975.9396398177173,265.0573323090821,1009.7648,222.6281,0
610358520,974.8930696955285,265.8640684817279,981.2176,228.2529,0
610358537,971.7957853016867,267.0554492853976,961.2638,228.7276,0
610358554,975.1915050432276,268.0877223437894,1011.8827,237.6418,0
610358570,974.6077589534212,270.1038119687874,978.6456,241.1687,1
610358587,972.7945823051252,269.4297295342193,960.8273,222.9768,1
610358603,971.637284968816,269.798781366312,964.0868,230.7604,1
610358620,971.9004791787343,271.50425401034704,983.3468,246.4599,1
610358637,972.3604223929892,273.90978675030016,987.4227,257.1082,1
610358653,971.5497209117059,275.3425218951994,964.0205,247.2675,1
610358670,972.3076068246762,273.1901699330676,996.0211,212.4254,1
610358687,979.8389791796612,269.4693696302498,1150.9058,212.0521,1
610358703,1120.0894906036385,156.51117641426876,1272.2004,150.6205,0
610358720,1145.6050854567789,128.68133732100165,1322.8906,127.9506,0
610358737,1161.94682709669,124.60511919684879,1386.7902,128.3776,0
610358753,1169.07341969685,117.85623585579589,1396.9078,112.527,0
610358770,1169.723461536116,120.65582433052231,1373.2709,135.625,0
610358787,1167.941814716131,120.60036520636466,1352.6858,123.3408,0
610358803,1170.971601359267,122.51341996898331,1400.7224,142.5631,1
610358820,1166.9064536387457,123.04254824167364,1318.1135,124.3695,1
610358836,1166.1452417667922,123.1556807679136,1353.4055,127.0343,1
610358853,1167.0248277932537,121.12479901270522,1378.6907,111.2498,1
610358870,1170.0642105290005,117.25482461123543,1421.4473,95.3502,1
610358886,1174.9581230324848,111.97275109320726,1467.9619,80.1325,1
610358903,1180.2685502987972,102.58466101781032,1492.8713,27.2983,1
610358920,1185.3888485989273,98.50857823040533,1501.7397,80.0769,1
610358936,1189.0723676481903,91.32740004590295,1482.7449,30.5493,1
610358953,1193.0834304713844,83.84431706924254,1500.8265,19.0004,1
610358970,1194.7918796044528,79.97787746156816,1449.4001,53.6432,1
610358986,1198.2933551473684,76.26479031227963,1502.489,58.2945,1
610359003,1201.0680280584695,71.55698554125989,1490.7163,36.3127,1
610359021,1204.6070502684993,66.53945787699277,1519.3835,29.7547,1
610359037,1207.7678825200003,62.27556138747559,1515.3379,35.6427,1
610359054,1210.0866366670277,58.13037242013071,1496.511,29.861,1
610359070,1212.9943264143826,56.72405719639202,1518.6453,74.9655,1
610359087,1215.8356622948645,57.5914909354308,1521.2853,111.9635,1
610359104,1214.79095196805,57.53553365197057,1403.2764,77.158,1
610359120,1216.7809691784646,53.47421057494148,1505.9137,18.1933,1
610359137,1218.4260125078085,48.840629622848766,1499.4606,3.0622,1
610359154,1219.2161464737815,47.94720957024374,1473.0959,63.8019,1
610359170,1221.4869093666744,44.97734341897891,1527.3806,30.6417,1
610359187,1222.0251590874466,44.63673164902631,1471.627,68.4643,1
610359203,1222.388797912104,44.8345887298031,1468.6248,75.7979,1
610359220,1224.0048275365286,46.698385224422786,1497.7703,118.2624,1
610359253,1225.0456123148697,46.85717346538196,1490.6548,81.2403,1
610359287,1356.7312365986636,156.39823089829784,1733.417,216.8528,0
610359337,1253.7911907379942,7.6758085400205065,1489.3817,59.8759,0
610359353,1258.585459445413,16.70939179926655,1565.1486,61.3849,0
610359420,1281.322622344226,2.151156131917058,1591.77,30.4068,0
610359436,1286.146430813968,7.336270875118074,1610.1918,44.2077,0
610359470,1275.4054762796,11.423652050691764,1570.5812,84.0294,0
610359486,1277.945769486572,13.814234927057448,1604.2086,54.5249,0
610359503,1280.264258497067,15.637098405832196,1610.9771,56.7842,1
610359519,1284.047170241283,8.948918444956526,1640.4944,2.5726,1
610359536,1288.9405500502035,7.919045105859508,1669.129,40.5303,1
610359553,1285.6365901761844,12.949160168719667,1547.9202,76.6926,1
610359569,1284.324841331124,15.678836892820305,1574.0359,66.2875,1
610359586,1283.79295500026,18.48225830369068,1585.2476,73.3531,1
610359602,1285.8443153776136,13.854715063365212,1640.9012,-0.7113,1
610359619,1283.641039440786,12.360679682485202,1550.0206,18.1468,1
610359636,1282.2016131048626,10.633008469274406,1562.6948,14.8115,1
610359652,1281.755401176815,8.414706938459538,1584.2563,8.8651,1
610359669,1279.531013204339,7.49008241037714,1536.4679,17.7786,1
610359686,1278.409722899259,6.992171985448586,1561.3745,26.5686,1
610359703,1276.2984356328247,6.697207642959915,1531.2633,24.7057,1
610359719,1275.5266310514978,6.3280736787282175,1565.863,28.0518,1
610359736,1274.0185340564365,3.643161533382285,1543.6118,-13.5034,1
610359752,1271.0220291751186,4.006433576228485,1494.2114,27.9728,1
610359769,1268.6465376234066,2.939851730412808,1509.4998,5.688,1
610359786,1267.3674240927724,0.7210295821479984,1540.8516,-10.8813,1
610359802,1264.1720220187124,3.047287150246898,1474.4305,58.1483,1
610359819,1264.1994651284008,5.266261461304033,1574.5214,71.3723,1
610359835,1263.6230304882788,13.776756141129521,1549.3445,182.5561,1
610359852,1262.9598352194,12.601539402105029,1549.9187,8.5743,1
610359869,1261.9190177507362,9.8245995581723,1536.0509,-23.0982,1
610359885,1259.6953250933332,11.853971321036706,1490.901,59.4109,1
610359902,1254.751410207652,13.30997436624314,1395.8105,35.7533,1
610359919,1254.5186425708837,18.465455373937274,1555.4546,127.513,1
610359952,1249.8857846112257,20.8007236783129,1406.123,55.1214,1
610359969,1245.9167154916636,21.221385553172514,1419.6647,18.2506,1
610359985,1242.7815787734844,20.617167988944917,1447.5029,13.324,1
610360002,1239.7994746370973,22.016732504905587,1450.6924,48.3551,1
610360019,1237.5979743154014,21.926771238641386,1473.8555,24.886,1
610360052,1234.666735994472,20.53726216448249,1447.6877,-8.1127,1
610360069,1230.8486846539613,19.655054142680367,1414.55,1.8034,1
610360085,1227.7452477624292,20.006459906353978,1419.7798,32.0908,1
610360102,1225.417621241763,18.901880164765803,1445.208,7.0961,1
610360119,1223.3076332246812,18.512237014805127,1448.3149,21.7856,1
610360135,1221.0053749233302,18.318654263552226,1442.1141,16.4108,1
610360152,1220.5230318843487,18.4350586632946,1488.6935,33.3694,1
610360168,1097.2478183263147,51.53386037628514,1231.3054,31.7149,0
610360185,896.523918521544,84.19473059062426,838.969,10.4344,0
610360218,859.336803478904,68.29224812968965,695.2953,-44.4342,0
610360235,839.8120956186353,50.54930495868885,655.5568,-90.0524,0
610360251,831.944888858126,47.11254410939185,670.2023,-64.3653,0
610360268,825.853668751404,66.38179623919373,654.0016,46.5409,0
610360285,808.9011292783936,26.333146494334454,670.19,-76.1431,0
610360318,656.7615020671534,93.27614157997837,741.7753,-94.0035,0
610360335,710.823488333505,108.17547604687606,682.7051,46.1589,0
610360351,734.4139746024532,113.34006511497662,654.3604,31.9964,0
610360368,748.3962292370705,115.23471354239611,651.1792,24.9246,0
610360385,811.8891496367634,132.47824859906865,672.3501,38.4471,0
610360401,799.4123437583429,123.84455648765999,648.3309,25.6962,0
610360418,792.9051343707515,70.05254771350846,626.7068,-93.0959,0
610360434,792.1238130562613,53.94652295690735,634.6711,-85.6906,0
610360452,789.3711991902795,47.36894959117555,616.2374,-81.7019,0
610360469,792.0374333499259,37.63870197655756,658.8649,-105.9667,0
610360502,766.0266612436342,128.10063302049434,583.1156,20.8961,0
610360519,732.8418020315858,141.98178404596644,452.9694,32.0241,0
610360535,700.40336618229,165.63489831575518,326.9868,74.9906,0
610360552,698.5674335919955,161.40428789279872,441.6038,22.4313,0
610360568,694.9069670218549,154.51678479470007,417.8896,-3.8484,0
610360585,718.1319251470451,112.5093208725919,490.3073,-9.2421,0
610360602,692.5514603917073,147.9032421170497,439.2296,21.5158,0
610360618,692.1256603165326,135.83924434531383,438.4037,-4.547,0
610360635,683.4969328458998,147.0950174896223,387.419,37.3404,0
610360652,629.0766146092966,157.090109377495,0.0,0.0,0
610360668,595.9859867357749,163.16742799253498,0.0,0.0,0
610360685,670.9729813702669,148.1997086187667,397.1631,15.783,0
610360702,681.7714560765488,127.5744456800229,418.9211,-3.2926,0
610360718,680.0300911292552,154.02998578590277,410.3181,52.363,0
610360735,676.4511826707446,156.58946243255116,393.5347,29.6256,0
610360752,678.8613983747402,151.84329902340642,426.9517,8.6594,0
610360768,679.4251420169768,149.49735798505074,418.2012,10.2688,0
610360785,684.6424967635197,150.26744297636836,472.9734,33.0492,1
610360802,688.04355151014,151.34021744321214,467.5768,36.0052,1
610360885,561.5815960435835,169.102420436042,547.3893,22.4373,0
610360918,640.494335225299,254.1697669612741,778.5908,456.5504,0
610360951,687.6536029194277,322.86305746983464,767.8468,544.9558,0
610360968,938.8240965776729,648.8322650717153,901.9236,627.3995,0
610360984,898.4759920750837,591.7051237518441,825.2572,554.8647,0
610361001,920.7908689766181,611.8127424220775,910.7432,610.4052,0
610361018,910.024275706876,592.15723211786,807.1789,510.5863,0
610361034,909.9027486885175,595.858446934512,846.3971,574.4023,0
610361051,904.4560138945736,593.6785204819616,795.5813,543.5981,0
610361068,905.9630737457522,601.9025431997932,853.0215,613.0959,1
610361084,898.7498093556138,600.1296711275688,745.0751,540.9261,1
610361101,889.6715774812192,597.1948063889414,692.584,520.4042,1
610361118,1036.4736062189318,761.7374053700428,1088.3448,775.7769,0
610361151,936.9512614576295,535.5737761587595,902.1825,505.4988,0
610361168,910.2397831796671,566.9277650411151,796.0327,557.6549,0
610361184,900.9113732259318,590.1358228084116,792.6039,597.9622,0
610361201,890.0636413448892,602.7411730737399,745.0633,594.8983,0
610361218,886.0492290664196,593.82155375069,772.6492,510.9477,0
610361251,964.208672274587,625.2628263132353,952.2114,609.2586,0
610361284,925.1316261337786,510.0230370984148,880.028,474.8027,0
610361301,926.5342137149362,559.513542794733,882.0763,581.528,0
610361317,963.2995683450706,560.8566359682566,1094.9661,563.0581,0
610361334,1008.9690167893036,594.1980822536842,1299.9015,731.9665,0
610361351,990.206400452086,570.7795157711266,860.7287,437.1343,0
610361400,962.6547980912518,472.20207414930087,954.4657,444.7925,0
610361418,1064.718719835888,561.5358579097821,1150.3041,569.147,0
610361450,1024.3799003433996,564.8849656808203,993.0336,553.7231,0
610361467,1006.5621012711722,551.043312583464,969.6547,502.2273,0
610361484,996.0948980347919,540.6566680554212,958.769,486.1669,0
610361500,988.9073714328578,543.5445495832131,949.2866,533.5962,0
610361517,985.5008158481287,907.4443482406899,983.9703,917.6339,0
610361700,940.8889956876222,584.1452063502572,908.1807,558.6554,0
610361716,965.1645850257726,531.124083307183,1006.3414,458.7542,0
