timstamp,smoothx,smoothy,rawx,rawy,fixation
610340906,864.6017440674068,554.6794936343815,693.0396,510.0403,1
610340923,862.3929381366584,553.5134986481305,711.7893,482.3344,1
610340940,862.5311021169879,555.4657434266788,770.7422,537.5746,1
610340957,863.2700836942588,554.5174023955642,788.6898,495.7509,1
610340973,862.9486304835525,555.2298746304222,756.6364,517.3276,1
610340989,860.694943598022,555.8233642914231,696.7094,507.1714,1
610341006,860.30134084469,556.4280890603303,750.1687,515.4119,1
610341023,860.6288280582858,557.5368963810375,770.9318,527.5227,1
610341039,859.3879520060293,558.2277222395763,720.1675,513.5018,1
610341056,859.5124064063679,559.6346903364209,761.7238,532.7708,1
610341073,859.4429056392967,561.1049095218883,754.2498,533.6572,1
610341089,858.6822460302957,561.9590781819403,730.5216,519.8272,1
610341106,859.3064682982532,563.1499974096347,775.1431,533.1584,1
610341123,858.5224635503747,564.5430881616101,726.8484,530.8091,1
610341139,857.8265930987637,564.2114736255539,729.593,499.7693,1
610341156,855.998045458188,564.9322346868869,696.3043,514.7586,1
610341173,855.9145605896501,565.8938274900655,751.5981,528.7195,1
610341189,855.638419913905,568.6754044656722,743.0737,563.3893,1
610341206,856.7975094853962,575.5031647311476,790.2095,644.4578,1
610341222,861.4695932094832,575.4466804535732,909.8001,534.3672,1
610341239,955.9689878436393,604.0086552661514,936.8859,584.1708,0
610341256,955.5969651079866,563.2815248273638,937.5665,540.4205,0
610341272,961.3407534014741,571.2664245015786,959.3767,560.73,0
610341289,955.3614545893115,570.7506586921205,913.6702,543.877,0
610341306,951.1711582140612,571.6937126463897,904.4641,547.6905,0
610341322,956.1031749343568,572.6775834784343,976.1848,560.1859,0
610341339,954.0873895890105,572.102515439675,915.1945,543.5745,1
610341356,952.3280593087197,571.1805967844933,911.4728,539.374,1
610341372,951.5312610687674,577.359110282032,917.8998,597.0724,1
610341389,950.2725619502189,576.5683190581577,909.2317,543.4249,1
610341406,943.9396809110495,588.3046086795666,808.9998,653.3369,1
610341422,943.5114415394424,585.9596453898108,909.9684,534.7323,1
610341439,940.5673009897728,588.4860089779244,853.743,579.8171,1
610341455,938.7522276897116,587.8844599869086,871.9064,547.615,1
610341472,939.174024125344,586.5655168517176,920.2894,544.5093,1
610341489,942.3035760786083,582.2939415542554,989.7048,512.3122,1
610341505,945.8963031360003,578.1244758733519,1008.532,511.3428,1
610341522,949.7722426416151,576.0144047251848,1022.5945,539.3545,1
610341539,952.1248706546721,571.9190463793958,988.4849,501.4918,1
610341555,953.6409050318038,569.9702259885428,967.7755,528.5014,1
610341572,956.3658467114044,566.7943728330608,1007.0813,512.0359,1
610341589,959.9383314225017,562.2728168361531,1038.1338,490.9601,1
610341605,962.8485330687937,560.7099193186581,1021.7759,535.1677,1
610341622,965.7889504173247,560.4418508741596,1026.7783,556.4929,1
610341638,969.1474044272621,562.6901240713643,1043.4756,602.2187,1
610341655,970.9662118275019,558.5046082186705,1002.3594,481.2429,1
610341672,972.6238506539031,557.1551286321811,999.3446,529.35,1
610341688,974.767114794174,556.8307166241209,1018.6554,549.2195,1
610341705,975.354566719397,557.0520359559825,970.3939,551.0701,1
610341722,975.1111820936827,555.2164349077971,946.826,508.2478,1
610341738,975.6721234425747,553.0425486940999,977.1069,504.6205,1
610341755,976.5735748997457,549.207068955914,988.5808,474.6939,1
610341772,1012.4607707429749,522.0076926335338,1049.8181,512.133,0
610341788,1008.1422531670343,523.0752745260947,1041.3645,512.0662,0
610341805,994.8149140148552,530.1689127587566,988.9919,519.7866,0
610341821,968.1839004710951,545.846075666843,858.6096,543.7936,0
610341838,954.5703594559322,544.3025752263705,858.6412,503.4131,0
610341855,939.1505388163994,553.1917526199031,788.4029,545.4213,0
610341871,931.4236057918238,563.3259483066512,818.6571,575.7192,1
610341888,926.4816799544292,567.255610006105,828.4333,551.9609,1
610341905,924.2743359213002,574.9974902616775,850.6625,594.1814,1
610341921,921.095521377426,577.3535601498754,828.0524,556.0044,1
610341938,918.0015836633186,580.3187744175349,818.7558,565.0968,1
610341955,916.378822434116,585.3558870195114,836.9601,595.4303,1
610341971,913.4788600576803,584.3012112714166,806.8289,528.3972,1
610341988,912.5166620575247,580.9253506681982,842.7973,503.4785,1
610342004,909.4560097861815,584.8777795601072,786.9518,586.963,1
610342022,908.7933831349104,589.028127665832,838.2872,602.6364,1
610342039,906.7652885495003,588.8357819190954,802.2637,540.6112,1
610342055,908.2902599055116,600.4152054833588,844.0845,566.9509,0
610342072,905.0402125616557,629.0753713090294,836.761,596.7538,0
610342089,894.31261181,605.7603963371129,796.6054,540.8374,0
610342105,892.3269544903255,600.6949962867318,805.7207,551.0218,0
610342122,893.8926020255415,614.8205377465299,823.2832,624.7606,0
610342139,894.4445378507911,607.328519650745,822.1723,539.3322,0
610342155,909.6405814136194,603.8736212890931,991.2053,573.9009,1
610342188,924.9834083967748,594.3163163481842,1049.2653,530.8943,1
610342205,938.3334653158316,589.8035413258905,1072.1387,557.4201,1
610342222,949.6184372210232,583.6412274868572,1083.5471,535.5535,1
610342238,958.9352974452877,582.7888109543441,1083.0496,577.7394,1
610342255,965.6590657376253,583.1036321047287,1060.8132,585.6337,1
610342272,971.6575583318536,579.5923303115562,1067.3223,542.2886,1
610342288,977.4739610491132,580.4272949633377,1079.2524,592.3856,1
610342305,982.6820236785414,582.3705089268317,1080.7085,608.0508,1
610342322,989.5924944997764,582.0010228170348,1138.2842,586.8571,1
610342338,1108.1364077209985,589.1358688576329,1233.9722,610.8992,0
610342355,1099.714507213803,564.2618218276804,1218.4165,581.881,0
610342371,1114.2736478786944,576.7794778961639,1274.2325,616.8304,0
610342388,1116.5425144618573,569.4057612150986,1260.1887,577.5839,0
610342405,1122.389640239797,572.2334924801064,1295.6202,610.6489,0
610342421,1121.251370167425,575.247359010982,1250.3562,610.9995,0
610342438,1120.3416418343593,578.328613788607,1248.582,617.2997,1
610342455,1120.8414750684808,587.7557342527422,1262.2698,671.6656,1
610342471,1124.6630222991523,586.6681353261109,1315.7982,610.7827,1
610342488,1124.8135584045554,586.314472180325,1267.6011,608.6119,1
610342505,1126.4065633391635,591.0647543453882,1292.7209,662.876,1
610342521,1132.7131735259545,586.9339561232223,1393.2573,588.9238,1
610342538,1131.3040859266982,586.5775979842388,1247.6807,605.4613,1
610342554,1129.9127915847748,585.2731956790619,1244.8472,592.8322,1
610342571,1129.9049572505967,584.5410632883769,1274.1304,602.7577,1
610342588,1134.73727434028,584.354008089542,1394.6638,626.674,1
610342604,1135.7794243041126,583.0253189435678,1307.7926,597.5767,1
610342621,1136.2119760175087,580.6998932582633,1294.4791,579.2731,1
610342638,1129.0789393528219,579.9400251108843,1083.6947,570.6116,1
610342654,988.867767498129,608.900393267815,1000.8365,598.6378,0
610342688,959.4382918182476,561.7897467668623,945.1047,539.8989,0
610342704,960.9119581060354,581.4124085232097,949.4888,582.7287,0
610342721,964.0354351482007,573.1065667876974,966.3303,537.2584,0
610342737,958.2446172855032,573.9075800247081,908.7118,550.2961,0
610342754,958.6376820458855,569.972395460511,947.0349,532.3629,0
610342771,956.4164992772726,574.81485353494,917.0862,575.4568,1
610342787,956.6106369612882,581.5474989565312,940.26,602.1639,1
610342804,946.0613753157228,586.857786301091,780.5399,580.3804,1
610342821,934.6676431754837,587.8896856170626,732.1288,544.0859,1
610342837,924.96811746397,587.5596449642343,726.5544,531.5148,1
610342854,916.8316870689672,589.4796606622368,726.4973,555.4893,1
610342871,908.7056377414991,589.6477254056692,703.0571,534.8762,1
610342887,903.5070066245369,591.5980243130024,744.9366,563.3939,1
610342904,899.0181535657167,593.7178544075017,747.0775,568.8564,1
610342921,896.839540849134,591.5072584498209,794.2025,519.0838,1
610342937,891.7086576001537,597.0311470148874,707.4288,615.1841,1
610342954,887.4918594124699,598.5753485648845,721.2749,564.3663,1
610342970,883.9739983523604,598.7439578689775,731.1544,546.5587,1
610342987,883.2107977010965,597.8234290877489,802.3584,540.0558,1
610343004,880.9335720878787,599.4490476836985,752.3234,574.0649,1
610343020,449.2486713460248,834.1281403543474,-58.65,688.7004,0
610343037,886.7202803424241,641.1170895164175,800.64,604.5217,0
610343054,879.5793598924407,643.3946441448364,772.6832,605.3976,0
610343070,866.2075576607933,620.7279319547582,711.1982,521.1922,0
610343104,881.9962735388115,576.8669945906108,889.8161,408.5382,0
610343120,883.5883658262644,527.5215005983745,816.7948,277.8026,0
610343137,892.3310081009632,324.6298585273487,822.4986,266.9255,0
610343153,910.5195412652172,395.0381110063149,855.5178,347.4798,0
610343170,914.2058262959997,374.23623354850895,871.3026,305.0157,0
610343187,911.0843083423613,362.18293669681043,846.4489,285.1262,0
610343203,905.7278078199294,349.021069158436,818.2101,250.8661,0
610343220,912.1655494570113,358.8257650374855,908.234,358.2288,0
610343237,910.9371941419635,362.64870587390516,844.9011,331.2791,1
610343253,914.7228725304851,363.94249378409967,907.0585,329.3314,1
610343270,911.2816236919787,359.53377219276274,813.7795,271.3758,1
610343286,919.2413301950335,355.05443227824406,991.5929,288.1574,1
610343303,1063.1490925423718,259.29635351111756,1157.6765,244.8063,0
610343320,1032.5757676400922,302.2540653307739,1096.6067,282.2701,0
610343336,1040.078333804066,300.91653646105414,1125.9064,283.6089,0
610343353,1036.7506917150783,303.21571433122995,1091.5898,287.5101,0
610343370,1056.5431348092256,310.6415949914682,1256.6564,337.9979,0
610343386,1058.0610226230308,306.14056795370203,1157.243,275.891,0
610343403,1057.2385410574927,308.8724949383661,1134.9475,309.1914,1
610343420,1058.0065229220922,305.9574716891955,1154.1895,276.1823,1
610343436,1066.1068659903628,308.42595704645703,1265.0938,330.9373,1
610343454,1307.652129055832,324.0836283262565,1631.9747,382.7944,0
610343470,1152.8850640664668,381.7361788531232,1328.3452,401.1828,0
610343487,1139.3683759774242,386.8092228600121,1275.3748,404.4717,0
610343504,1134.4907057178398,379.1099004494541,1274.3556,374.0867,0
610343520,1127.3865727959849,382.15810837684876,1237.5459,398.4012,0
610343537,1124.9091392734197,388.85398610296215,1254.3997,426.4984,0
610343554,1127.7884804242562,416.6311788696717,1278.2278,431.5417,0
610343570,1126.1870394720052,394.86935529520713,1275.8577,407.7712,0
610343587,1124.0037642702302,399.96914187789235,1267.0068,417.4651,0
610343604,1118.2076482735154,386.5028577575734,1239.0908,364.6336,0
610343620,1103.4714212172598,383.42940335459724,1147.3336,367.346,0
610343637,1107.3695390033008,390.3626888981981,1269.2529,431.5511,0
610343653,1105.7753972869136,388.33836024073656,1222.1804,382.3296,1
610343670,1107.3148752678624,392.5896156775989,1256.4775,429.0308,1
610343687,1108.6607788054027,388.08581134499303,1260.9513,365.6466,1
610343703,1108.5442274618304,380.0642834325059,1242.4745,322.4495,1
610343720,1112.7248205965896,391.05217611636226,1314.475,509.3133,1
610343737,1149.7022800314226,579.4478047455875,1315.3181,612.1717,0
610343753,1146.335389777319,572.139539523458,1309.0083,603.3956,0
610343770,1146.3403791037495,555.0661651834965,1310.2048,566.851,0
610343787,1147.4997638221832,544.7814683436378,1317.4147,553.2385,0
610343803,1147.764975820605,546.0938476529388,1314.0493,580.5262,0
610343820,1137.2652795033493,537.7953588710784,1213.2716,517.7921,0
610343836,1141.092442637714,528.9499747840154,1338.9779,515.5406,1
610343853,1145.6304588003932,530.391520766263,1360.2139,576.0933,1
610343887,1144.7434996141687,529.3752547079746,1295.5571,549.2451,1
610343903,1239.9787043111348,767.5136641757522,1484.7751,839.0291,0
610343920,1168.9636227613873,620.6332997696557,1351.4368,661.7097,0
610343936,1155.2332686219981,568.1002987835419,1301.606,541.5671,0
610343953,1171.9714195493427,576.8969488795301,1423.1621,644.048,0
610343970,1165.6162913857243,563.1116712130541,1311.2253,550.1335,0
610343986,1171.7253730506836,588.0910722471342,1401.2871,739.97,0
610344003,1043.5870601179486,576.1292011931848,1108.615,578.861,0
610344020,880.1722475241,757.8669335285532,783.8484,727.8028,0
610344036,867.2284122703785,726.2591175103453,735.6369,652.8934,0
610344053,853.0663502544078,731.8152027414571,676.8065,696.4148,0
610344070,850.7126306344826,729.5674677198065,714.5782,680.2734,0
610344086,854.4300962622353,733.79203721767,763.0328,716.8877,0
610344103,853.0577772498477,727.2197557747804,732.0603,687.3564,0
610344119,921.7529394811256,789.4366286657696,863.7992,773.2941,0
610344136,895.8396454621379,766.9362748202641,764.4694,710.6161,0
610344169,879.3094997466064,746.987740735223,720.1376,664.3649,0
610344186,873.509254218206,732.0482006911261,740.491,646.5286,0
610344203,870.684747337144,726.4233085055592,746.6282,665.7424,0
610344219,872.4242710331378,719.3687441259698,789.006,651.3501,1
610344236,869.5074183123369,718.2150041519513,732.7766,672.2882,1
610344253,867.0397815927618,716.4707287598487,729.5251,664.6689,1
610344269,865.8796435118471,714.1325971422742,743.142,657.8737,1
610344286,865.5815532829865,714.0840590337034,754.3597,678.2034,1
610344302,866.4951680666201,714.0732593295845,777.1379,681.6702,1
610344319,864.0029875974005,716.6681817188424,706.7856,701.7582,1
610344336,860.930754624314,713.1636851176215,689.0455,627.3285,1
610344352,860.4776488164124,701.0614818885434,746.7764,517.8168,1
610344369,859.3383096802116,687.6623449760642,729.3472,481.069,1
610344386,857.3981332746032,676.0153834911046,705.3201,485.6041,1
610344402,856.8715682475581,670.3548150404667,736.6047,565.1478,1
610344419,883.3064305758818,487.4138152555668,799.2914,438.8455,0
610344436,850.4869150481799,554.320836194562,733.0172,501.3452,0
610344452,850.3565366416165,558.9911770100958,732.1877,511.2696,0
610344469,846.6652160092041,566.6647532514746,710.3209,527.7628,0
610344486,851.3837580272047,561.4610371098865,762.4298,496.5049,0
610344502,859.0031073414789,566.0749325584189,806.6968,544.1168,0
610344519,857.4388227344889,564.0503502715942,730.8566,500.6871,1
610344535,855.4621882708634,552.3293198848716,722.2251,424.7142,1
610344552,854.3559324824218,548.7689742549613,726.9379,470.1861,1
610344569,855.1777465755746,551.3217847491308,753.639,523.3915,1
610344585,828.1732405796957,1001.2960153665008,674.101,974.0978,0
610344702,836.2257640079104,705.3549971689434,700.0095,659.205,0
610344718,831.4447990835265,621.2229822106964,687.1971,476.4337,0
610344735,836.6427375411066,575.2923835434126,728.6268,425.4778,0
610344751,841.100672407296,540.99867896135,744.3054,380.3644,0
610344768,844.4795783138951,522.2516231371743,750.3633,392.3727,0
610344785,835.8661460591176,381.020246417512,710.5028,311.5248,0
610344801,860.6628753121663,473.9095066850107,755.6254,418.0242,0
610344818,847.4048010817369,449.10324419721115,705.7217,357.4982,0
610344835,849.5807061251026,448.9097006599739,743.4565,389.079,0
610344853,847.3353505067942,430.89171261292165,720.0653,309.2203,0
610344869,843.7611012871627,439.5901147050111,695.5208,409.8935,0
610344886,834.0345149374245,450.8308971750403,610.9755,431.4497,1
610344902,465.5367100109635,561.8569364832089,-17.5075,401.483,0
610344919,829.260181841587,465.1196454640866,694.7252,399.7992,0
610344936,842.9630036286435,461.52346559071475,748.3185,399.7758,0
610344952,846.3903828040046,457.3956758944162,741.8004,389.4438,0
610344969,849.5168330278714,453.6298257039323,752.8156,383.8524,0
610344986,864.562661602677,453.54837663622857,878.6089,413.6577,0
610345002,836.2031475906688,417.1998140613856,709.9109,350.3918,0
610345035,908.9403703716914,541.7774989516874,847.3754,504.293,0
610345052,911.5755176829567,543.8427044758897,857.4918,510.1896,0
610345069,911.7285364553456,562.2765695641823,851.4043,566.3726,0
610345085,921.7317447069871,576.889802675161,927.377,599.9373,0
610345102,924.3055319726877,588.9279655177043,893.1638,611.7361,0
610345119,928.4638812407684,556.3642757444582,884.9231,525.3995,0
610345135,909.0888225730409,574.176577355675,846.5465,539.0557,0
610345152,912.9151201105558,607.5633191144877,859.1405,612.6666,0
610345169,916.4175607211837,617.4874977683352,872.1885,610.4265,0
610345185,922.4407389771674,612.5858204708621,906.4177,573.0369,0
610345202,919.954990777674,609.827498731521,847.3718,565.7288,0
610345219,921.0356324518211,602.2874743077879,880.1327,534.6567,1
610345235,920.3482275642644,599.0845675269198,860.136,548.4897,1
610345252,922.597567461262,606.9898049647788,898.8561,639.4798,1
610345268,916.224506312429,610.1438390609298,764.3728,591.2117,1
610345285,915.7810851040988,609.2044007050729,852.7881,568.4546,1
610345302,923.0769315115922,615.061132655906,1001.3448,662.1298,1
610345318,925.4646917590512,621.1143866552261,918.5675,661.9622,1
610345335,925.5548540023793,621.769924101547,875.4843,598.1108,1
610345368,924.7299275816341,615.1096615813163,857.2135,500.7563,1
610345385,924.4264478429902,611.0829450986811,867.5103,529.7872,1
610345401,922.8996824816271,610.8061790513257,833.6219,573.8716,1
610345418,922.7751262437786,607.9389913852355,869.7336,540.1042,1
610345435,925.0965344369878,611.1580714641119,935.0388,640.4047,1
610345451,1043.456375552738,571.8613177722192,1108.5076,574.2506,0
610345468,1107.5960534967892,566.4830756118988,1233.7009,586.4714,0
610345501,1138.1818561477544,565.4505464088244,1352.8433,601.3917,0
610345518,1140.744901694555,551.1739619863223,1309.4401,550.3448,0
610345535,1138.5999819829724,542.9127572463432,1283.0134,542.0587,0
610345551,1142.3845268988925,542.8735004130859,1331.019,575.3859,0
610345568,1140.6170646233847,534.0114219813005,1283.3103,512.7373,1
610345585,1143.1779600522223,530.5827834674691,1333.4412,542.0143,1
610345601,1146.1149834809717,526.3767920464147,1348.3889,531.1331,1
610345618,1142.0650866596602,529.5055334286292,1240.5183,574.9446,1
610345634,1144.2107460489258,526.984013432032,1341.7651,538.2659,1
610345651,1145.2328163136524,528.9138225742661,1324.8591,579.8497,1
610345668,1143.3990781683192,529.7268280071419,1267.9475,561.6212,1
610345684,1142.8607362413866,529.195925807668,1292.578,549.6237,1
610345701,1143.3192110030595,529.5917997085654,1314.5221,564.0613,1
610345718,1142.010773618826,527.5076481902529,1272.7373,524.3516,1
610345734,1145.7074590235582,530.2487615802454,1397.8375,608.9613,1
610345751,1144.0001518560384,531.5546892621062,1260.1453,570.7565,1
610345767,1144.9115568169336,531.9116521564297,1330.6327,567.5736,1
610345784,1143.0461998676917,527.4102028400094,1254.8092,479.6988,1
610345801,1140.0982186535603,520.0946962793932,1221.485,424.8977,1
610345817,1137.9439034231116,516.7615397424547,1239.2058,487.9221,1
610345851,1132.8143937247062,513.9519890049185,1143.8875,480.191,1
610345884,1130.910120367114,510.14162273717466,1239.3577,473.9709,1
610345900,1127.5474438260171,507.4318113131842,1189.1105,483.0568,1
610345917,1124.4143725133463,506.3821396823796,1191.1636,510.5661,1
610345934,1120.1623672422347,502.49907748324136,1151.7515,451.7676,1
610345950,1118.7823597979968,500.90198693337976,1240.4668,503.4589,1
610345967,1116.3114561324285,500.08581193361704,1200.0494,509.9349,1
610345984,1111.6009791088727,498.94777143435215,1120.5088,490.5901,1
610346000,1109.9740159788219,497.4053109498621,1220.0376,495.343,1
610346017,1107.7666529578707,495.147369630627,1196.0837,484.0666,1
610346034,1106.513401231569,492.0073190817899,1237.3059,470.3628,1
610346050,1103.8825631370082,490.5997718311181,1179.528,487.231,1
610346067,1100.1651627674096,489.00678240494324,1135.2362,474.799,1
610346084,1099.6622550183702,484.9254956626221,1246.137,444.661,1
610346100,1101.6409581732164,485.3014328193593,1317.6084,530.4464,1
610346217,852.7163746757647,655.5801901786434,733.8675,610.4868,0
610346233,979.2714657628082,740.8164200179737,977.5804,737.3173,0
610346250,897.3941330030643,558.1354626768177,671.4246,300.4116,0
610346266,895.3406627971631,482.5582585663633,820.92,276.0206,0
610346284,906.9506308104552,460.81153019697615,916.3824,359.845,0
610346301,912.284084689346,450.5565148668929,899.2882,373.0709,0
610346317,914.8285646985375,424.4592104626238,862.9006,380.2177,0
610346334,915.6445045626614,402.5222177060226,865.248,356.9373,0
610346351,935.7709010730945,430.1939664513532,941.6928,427.4441,0
610346367,937.2292325718736,425.7023633509894,912.2788,378.8987,0
610346384,927.1748140967084,425.76685737753684,828.5819,376.8191,0
610346400,911.7441406614574,452.95128321044143,734.5507,507.2173,0
610346417,901.5726620780014,470.37816272675997,738.0318,501.4166,1
610346434,895.0460745591173,486.81881200406985,748.7676,530.3241,1
610346450,906.3238714141766,684.5201871125658,837.3492,656.5322,0
610346467,851.9792453983039,564.4395025649432,735.5765,512.6075,0
610346484,849.8070504636919,566.662087285134,726.9669,516.1486,0
610346500,852.8729277522434,576.7091682075196,748.1022,549.1038,0
610346517,866.7302645338779,581.0994822381392,843.3057,559.8812,0
610346534,866.0923479100577,574.6530575124191,757.8591,499.2582,0
610346550,863.1620105009032,575.7655788383728,728.2278,529.6071,1
610346567,862.1265950841029,574.322246513098,743.2998,515.3375,1
610346583,859.6589962348547,569.7957578046017,719.2526,483.6946,1
610346600,858.9936488124255,570.1476022034399,739.7255,522.9448,1
610346617,857.9343255351049,567.5946951926223,731.3403,493.1886,1
610346633,859.69453840714,572.3011350768444,781.1552,574.902,1
610346650,861.0851958626487,573.0596396802144,779.6733,536.1733,1
610346667,861.4007083451838,571.3597966704143,760.2831,504.0273,1
610346683,861.3269573643651,569.1682417785911,752.1674,493.9883,1
610346700,859.610365974019,566.2673682252176,711.5151,475.4191,1
610346717,859.0499551317189,566.2953029986031,736.5046,517.3929,1
610346733,858.7326001133412,568.1344769926036,740.995,544.9498,1
610346750,859.1413151443301,567.23867583899,761.896,507.5353,1
610346766,861.1730967537367,571.0841716498824,806.8849,588.4574,1
610346783,860.932748033026,572.045002984148,744.3047,535.6309,1
610346800,860.2552067882359,569.587414564554,732.5873,477.5685,1
610346816,860.1778728637087,571.965467005737,747.698,560.5686,1
610346833,860.1650312139916,573.7494147335133,749.9207,552.1167,1
610346850,860.9428677941453,573.9811075630748,776.0367,529.6187,1
610346866,861.8776258714827,573.8082908963158,782.1023,523.5833,1
610346883,860.639904525432,574.8539983271407,710.9742,535.6019,1
610346900,859.6007163054131,580.3135070059895,714.1774,617.6439,1
610346917,857.6292076501757,586.2573246347317,681.9324,624.3578,1
610346933,857.9147867072819,590.1424108348996,757.9493,599.6304,1
