timstamp,smoothx,smoothy,rawx,rawy,fixation
632828695,1156.1658546107037,444.893894861872,1183.9084,347.8044,0
632828711,1163.2991804080716,445.75630565195877,1210.6705,373.908,0
632828728,1166.4631215517513,445.48213474272865,1204.007,370.1179,0
632828744,1160.9750277913042,446.0115478990964,1154.9009,375.0927,1
632828761,1159.109933294121,442.356523709036,1168.8997,347.7249,1
632828778,1163.6717279226145,439.3077992708988,1219.4443,345.0042,1
632828794,1161.1293910057577,439.5026263104971,1162.9766,368.0751,1
632828811,1161.7358963824465,441.29957813904315,1191.876,382.6504,1
632828828,1163.0687493731803,438.08846331354584,1197.5854,335.2231,1
632828844,1162.8746618961752,437.8797185123276,1183.5344,362.8713,1
632828861,1164.3130371403242,439.6749774077524,1205.6709,385.0008,1
632828877,1164.5701330406455,442.66784148573487,1193.1487,401.9286,1
632828894,1161.9603528833586,440.6671333141797,1148.7627,343.0958,1
632828911,1165.212008694956,443.14823563900865,1235.9941,398.5536,1
632828927,1171.8831754973442,445.6027730612328,1292.3588,399.8391,1
632828944,1732.9427389833463,780.8148677164303,1840.4388,692.3294,0
632829494,326.1345695429635,112.42410997601084,946.1949,227.2127,0
632829511,454.05510817758693,156.15580084006842,942.7299,256.9083,0
632829527,928.6168254967557,286.2057730953756,916.5209,217.9976,0
632829544,929.5942650294,376.34970456797686,924.1089,307.1635,0
632829561,962.6096435579943,360.76412240087774,994.6849,275.1328,0
632829577,966.7393279115802,350.8260809012407,970.7429,261.607,0
632829594,956.0874247869432,345.9460262392997,915.0197,263.0943,0
632829610,950.8010675540381,345.2320658077146,922.3021,273.9586,0
632829627,952.5122719549178,336.38530771739727,953.0384,224.8605,1
632829644,950.5085102220268,326.9344859919222,927.2404,205.1079,1
632829660,951.560674070159,327.4235293979632,953.405,263.3401,1
632829677,882.423458587143,550.5450718324149,884.5962,480.3845,0
632829694,904.571690862348,634.3054437001902,915.1019,562.8397,0
632829710,900.6114674010649,602.41074199316,901.7667,499.9575,0
632829727,886.989026056296,622.548116633039,867.8646,591.7932,0
632829744,877.8413769297291,613.1927860787506,852.348,515.369,0
632829760,887.2932939920188,608.1483767766966,934.2224,517.131,0
632829777,886.6928185953215,598.6555976906978,886.2712,482.6647,1
632829794,887.7747448108898,598.7032974292326,901.0372,529.1349,1
632829810,881.3202762214523,600.8289711101842,840.5836,545.9672,1
632829827,878.4697561817162,583.6881688893834,850.6167,387.0163,1
632829843,878.4147164109713,567.6455308822768,872.8573,368.7506,1
632829860,875.7596183756518,555.0350110834794,844.3812,378.3891,1
632829877,875.4266967138133,541.2936898119524,865.4259,346.9079,1
632829893,874.8571833496487,533.0087487829609,864.8783,389.4542,1
632829910,872.9884372677045,521.260283131139,842.5547,336.4068,1
632829927,873.1984007504303,513.4425640421889,871.6692,370.2242,1
632829943,873.141189999289,507.15161468904773,868.5238,380.2038,1
632829960,870.9348193940942,504.2924955431681,838.1857,419.6091,1
632829976,871.0409218085946,498.8873252416912,869.2072,378.3401,1
632829993,868.0114024293398,497.6222156652539,821.7794,432.9565,1
632830010,867.9366770388954,494.5477867012616,866.0115,401.849,1
632830027,867.7835307645731,490.56340564285745,862.8435,383.4125,1
632830043,868.3616083161505,486.7247226219117,874.9227,380.5148,1
632830060,869.5816867951603,481.99614622754973,884.963,361.3461,1
632830076,873.5661086980525,475.81297292580456,933.3456,331.7543,1
632830093,879.5783569927422,466.51356522809317,968.3718,274.0713,1
632830110,884.9429900955897,457.5874456737042,959.2297,273.4482,1
632830126,890.7460014686294,449.749998950795,971.1008,284.7869,1
632830143,897.0053215674918,444.69367976923496,985.8457,325.4144,1
632830160,902.1881633208166,436.65602724014053,964.6098,269.0302,1
632830176,989.336267750012,371.9862032062291,989.7661,301.7315,0
632830193,980.1261882211062,371.6906699148657,979.5742,301.611,0
632830209,980.5527801049218,350.55044499863544,977.4663,259.8181,0
632830226,977.074385586864,349.32669852230407,966.7856,277.3711,0
632830243,970.3360462242757,361.6898761482073,948.692,328.655,0
632830259,976.0380657123021,351.5772197819198,995.7129,241.8534,0
632830276,981.8148261338969,354.4608335051193,1012.2064,298.1329,1
632830293,992.8684668584073,359.1285246514582,1064.6738,314.4677,1
632830309,998.3131333078236,367.30317581457484,1041.553,349.6978,1
632830326,1001.3086119766044,370.6165586766718,1026.965,322.9059,1
632830343,1003.4873442820432,368.90964609496865,1021.1334,282.1214,1
632830359,1008.1944907741395,368.0089045639698,1053.6527,287.0651,1
632830376,1009.9596345361191,366.22747987375925,1025.646,276.8468,1
632830393,1012.93561513605,365.8406010431943,1045.0607,290.0333,1
632830409,1017.6333629660577,367.68046415033496,1074.8102,315.941,1
632830426,1019.809954082172,369.3455139080508,1046.0924,316.5485,1
632830443,1018.9490459055139,370.1140294946395,1003.9348,307.4237,1
632830459,1020.6856736393773,371.366980526706,1043.8306,314.3607,1
632830476,1021.7984218803956,373.63570339642706,1037.6046,330.2905,1
632830492,1022.2479491792329,375.1120115713846,1027.8889,321.1081,1
632830509,1023.9595072182811,374.66812802095353,1048.1628,293.4036,1
632830526,1024.3098363300496,374.4899692629993,1027.2592,297.8566,1
632830542,1024.8861625604789,377.219386097798,1035.6083,343.6072,1
632830559,1026.9728707929887,379.27855468360264,1063.0771,334.4189,1
632830576,1029.6872754108635,378.3772164863823,1073.1235,287.7058,1
632830592,1030.8379251795259,378.54831264360917,1048.0359,305.9049,1
632830609,1025.2018099004385,379.76548608252307,924.6547,326.0091,1
632830625,1021.9334493312265,379.9220560917181,966.4508,308.3747,1
632830642,1017.1856129681952,379.72080498427584,937.2617,303.3641,1
632830659,1013.5467427049982,380.9431073877763,958.8754,327.8636,1
632830675,1011.0202071849372,382.4931588098404,979.4484,333.9809,1
632830692,1007.8924728880836,381.9698140534406,960.8497,298.1589,1
632830710,1005.0921552103861,384.69203636753383,970.5771,350.5511,1
632830726,1002.3791136787216,384.56009840086824,966.7623,304.4328,1
632830743,998.7347071956035,385.7867437228941,947.6805,334.41,1
632830760,994.9401600321595,388.77645892343264,950.5627,356.4238,1
632830776,992.4439274372788,387.7827921505771,969.9069,294.6945,1
632830793,986.1612942484991,388.1916937860907,901.2943,322.5818,1
632830810,981.4482866040534,388.1253288568621,924.7538,317.9307,1
632830826,972.2567648286652,389.75918469479217,835.444,346.0157,1
632830843,762.2916095923417,456.83955398024335,745.1705,389.9187,0
632830859,799.8606791286949,490.7206434009709,789.1038,422.7379,0
632830876,786.0551995017646,503.56363653812565,760.5046,448.6326,0
632830893,790.6359783904373,506.17725507477616,790.5334,443.1055,0
632830909,790.2002562507772,506.973096809411,778.3452,441.2535,0
632830926,795.165354667457,504.9760972153462,805.9046,428.6884,0
632830943,786.7069444955938,499.60515280994815,727.6542,406.6837,1
632830959,788.6969690235088,493.44116254603614,787.5491,390.5653,1
632830976,790.3124075535416,490.46057608714835,789.252,403.7921,1
632830992,789.1109245133503,483.7278677704062,763.17,367.5077,1
632831009,786.6840085723012,478.30159940000493,748.4432,368.7684,1
632831026,787.5584227926718,475.1659320967777,782.0644,382.5383,1
632831042,787.4638014631627,472.5924657169036,771.9722,383.9218,1
632831059,785.9676603769295,477.0641548300754,759.5486,460.7053,1
632831076,781.1839804633921,482.481558288603,714.3687,478.4635,1
632831092,777.6970837430541,479.81034148341956,719.0399,382.4346,1
632831109,771.9859634289822,478.485044664175,682.6968,397.6266,1
632831126,767.152036913791,479.46890510624434,691.2616,427.5839,1
632831142,763.869741206544,482.7858646664447,712.5427,461.111,1
632831159,761.4570307676181,483.6116286865072,720.312,427.3203,1
632831175,758.4181901162226,488.3780648350022,711.1445,487.3351,1
632831192,754.7973735407347,489.6912720635018,694.0435,438.0545,1
632831209,751.9123512176191,492.1674943075479,704.4827,457.2603,1
632831225,749.0626651676102,490.3028575936533,696.8948,389.7659,1
632831242,746.9455138641921,491.61916051566794,710.6732,440.6688,1
632831259,745.6351378482295,491.31072107036584,720.8312,414.7534,1
632831275,743.9822867832731,492.8109474632218,714.3137,445.3795,1
632831292,743.0703802735575,492.1032940572076,723.1193,409.0557,1
632831309,742.2968556013926,493.16132300825507,725.7909,439.3635,1
632831325,739.9261167785413,490.9352767956461,689.1537,384.4847,1
632831342,736.6841034517066,489.0102754017671,670.2834,389.9413,1
632831359,734.8681828357317,490.86887414478787,707.2067,454.9159,1
632831375,738.2772397578183,488.5715365371205,796.6605,384.4564,1
632831392,743.5789650027784,482.98419188411185,829.7391,326.4193,1
632831409,903.4067915308549,354.28069535145863,893.597,285.8182,0
632831425,887.0037990589447,324.75398842642,873.3515,256.912,0
632831442,905.7688983495605,357.22876810029567,919.4263,320.3886,0
632831458,906.5500156245098,360.5683030383898,899.5986,298.3563,0
632831475,901.4055949376268,360.96734199250363,874.9822,293.7185,0
632831492,903.8506047712294,373.99609398356944,909.8398,355.5074,0
632831508,900.8144171383999,373.14597852584563,875.3564,299.8752,1
632831525,904.3991175891068,374.18008987522035,919.538,310.2519,1
632831541,905.4956966932573,376.7875172714571,906.5547,324.2643,1
632831558,907.2460112218106,380.2396389720996,915.6302,335.7082,1
632831575,906.1885860462526,381.2465249862962,888.7043,319.2861,1
632831591,905.4133773760349,385.2540264324532,892.3521,350.8909,1
632831608,904.9491347950049,389.0455316258537,895.0905,354.5702,1
632831625,902.3766385339788,394.9202715509201,869.693,384.2483,1
632831641,901.8779298912241,399.3303193175205,893.0979,374.1558,1
632831658,902.4977471287582,402.9914682527359,907.8912,370.2072,1
632831675,902.738407125206,402.0793480436732,898.9756,314.5797,1
632831691,901.637666640864,403.801339613791,881.292,350.6484,1
632831708,900.6069806863653,409.21211418896166,885.1333,405.248,1
632831724,907.9475169761191,414.4619058927873,1020.8589,406.1213,1
632831741,1072.606428410831,483.5975240774972,1089.7788,410.6004,0
632831758,1066.1782413264846,470.21375452661,1081.7139,397.4791,0
632831774,1060.8674330175907,491.4311475027829,1073.0596,439.6065,0
632831791,1061.0653369250408,490.6729683991147,1077.8926,416.2109,0
632831808,1059.1284183314306,503.14359846943046,1072.6537,466.7807,0
632831824,1056.4012990513452,506.6797530592989,1062.7887,447.2085,0
632831841,1058.4425731596336,503.26782125704256,1085.5112,413.1025,1
632831858,1060.7712824315772,501.8335101484005,1092.3175,420.0636,1
632831874,1061.5586993185304,498.7445161688615,1082.7639,405.1619,1
632831891,1061.6916201614454,495.368147641121,1077.5555,397.5873,1
632831907,1061.3211703199415,499.9189881498333,1077.5596,465.2637,1
632831924,1059.8219255085548,501.77203789526965,1062.8936,445.6042,1
632831941,1057.6159851225377,505.78974643732977,1053.8754,471.7311,1
632831957,1056.8302835807485,504.4870123769405,1064.4866,416.4809,1
632831974,1055.4205769802852,504.92355114407053,1056.3167,435.9616,1
632831991,1053.4993746216808,504.5628555295064,1046.411,426.6555,1
632832007,1052.6097401825891,502.8012965338686,1057.6786,407.6296,1
632832024,1053.306804994973,501.3102299387932,1080.896,409.1641,1
632832041,1061.5056221362188,500.72107056639163,1201.0927,418.5247,1
632832057,1065.2235244916067,499.04208063995713,1134.8335,403.1525,1
632832074,1069.6290441510032,495.61763928866196,1147.894,375.2728,1
632832090,1072.2513221743013,494.28327114287276,1123.4414,405.1719,1
632832107,1075.1109810018888,493.2170886615109,1130.3494,408.0978,1
632832125,1080.5489983754442,495.64876858653054,1183.0081,462.1791,1
632832141,1083.5752683537255,494.08833308903365,1138.8917,398.9704,1
632832158,1087.6422583802685,494.46615767032677,1163.1696,429.4471,1
632832175,1091.3633392163963,492.87566936699227,1157.7764,396.4915,1
632832191,1095.2322462482482,491.62253180209024,1164.2534,401.0935,1
632832208,1097.5922607618713,489.18451821654656,1137.5642,380.5046,1
632832225,1189.6388042865065,277.23639673047524,1204.1162,204.2523,0
632832241,1182.4917941997567,156.6568662658737,1187.5177,85.09,0
632832258,1156.7607332820935,161.9731545483983,1131.5278,96.5551,0
632832274,1164.9356973389451,180.4780501719336,1190.588,145.0362,0
632832291,1159.871585514216,183.075292859386,1148.4066,119.245,0
632832308,1159.8186538847765,191.29593263390802,1167.2251,151.331,0
632832324,1164.2429865425502,195.31893759487699,1195.4414,141.8698,1
632832341,1160.2625262143858,198.66184364887604,1141.7445,145.5692,1
632832358,1161.602325809516,199.14074720588417,1177.752,129.1784,1
632832374,1160.6458795333467,201.65021623230282,1160.0234,147.4659,1
632832391,1163.2488790416398,204.2213715805498,1195.256,151.6108,1
632832408,1164.3544700282346,201.43908121366852,1179.4736,102.4499,1
632832424,1162.7646108963913,201.48560520982554,1150.9958,129.2889,1
632832441,1162.0407885168233,199.88465075060742,1158.2051,110.5418,1
632832458,1159.8215882276536,200.66484099064547,1139.0017,137.5856,1
632832474,1157.4079277997707,201.83060738905792,1133.6379,143.6108,1
632832491,1154.7522930733421,196.11862841922655,1120.4106,54.3804,1
632832508,1150.512792633832,187.20095798094817,1089.2463,4.9315,1
632832524,1147.8445550550298,179.11395622145253,1109.4912,7.5981,1
632832541,1143.8355244297327,171.57567377496218,1084.588,8.4324,1
632832557,1141.4958529795933,166.18066648465086,1110.2234,33.3614,1
632832574,1138.202269067926,159.34238950761676,1089.2203,6.4784,1
632832591,1136.7452896038076,150.79175690209635,1115.6755,-26.7854,1
632832607,1135.9042169128456,144.80976801868127,1127.1484,7.2427,1
632832624,1133.7440367226864,140.6721988764674,1103.4246,32.2462,1
632832640,1130.489776268494,136.36257916530226,1080.4424,25.3355,1
632832657,1128.275209916358,133.70636748007755,1098.5913,48.0594,1
632832674,1124.0690236417754,131.75398025167652,1059.3235,56.666,1
632832690,1122.0088543392965,128.42468352139105,1094.8491,28.9706,1
632832707,1119.3198928094598,126.70428210755476,1082.0261,52.7325,1
632832724,1117.7359928840922,124.35642360698456,1099.5205,38.0198,1
632832740,1116.046367703728,123.07848371425257,1103.7368,56.2362,1
632832757,1115.6553385158631,122.18527572642546,1120.1815,60.0974,1
632832774,1110.1496108501265,118.15076632302443,1021.2999,8.9884,1
632832790,1104.1557658213171,113.94896604478045,1004.0582,-0.3984,1
632832807,1098.7376995870563,109.46844382362198,1013.6313,-5.7721,1
632832824,1092.3659317878062,105.88760194742362,995.5826,5.0402,1
632832840,1088.3019802424326,102.5991436780787,1030.579,5.8767,1
632832857,1082.6440734593957,100.28824598707752,1000.9673,17.8506,1
632832873,1075.0342216231675,98.85273992790634,958.1868,32.0756,1
632832890,1069.6630349799368,96.76314958815826,999.4198,17.0937,1
632832907,1064.5711645501056,95.74214969978519,999.142,27.2762,1
632832923,1062.1609594669274,93.28733112452544,1040.8274,2.1335,1
632832940,1056.4352889321913,92.14440450672664,974.531,21.4312,1
632832957,1052.1952189679405,90.87505744560876,996.0515,19.3932,1
632832973,1048.1455314905172,88.45288903436817,992.8897,-2.2768,1
632832990,1045.2430870674377,87.65553133865473,1010.8918,14.1077,1
632833007,1043.2226291803622,86.89189307762658,1020.1709,8.57,1
632833023,1040.6328835290674,85.9102086610728,1006.9359,5.1231,1
632833040,1036.978567363053,86.25659667472738,981.3513,28.1699,1
632833056,1033.4540183289685,85.08918867470216,980.6871,4.1941,1
632833073,1031.5815274379418,82.24809258459472,1004.0243,-28.6431,1
632833090,1028.979101436739,80.73460929308277,990.4938,-9.3199,1
632833106,1025.7184690254019,79.37275642559835,975.0836,-3.2368,1
632833123,1022.6808707154466,75.36843081357958,969.538,-47.2021,1
632833140,1019.9942196036535,73.74288244782618,973.2973,-8.3809,1
632833156,1018.5964868169087,73.90765106207192,998.9037,22.9273,1
632833173,1018.2686489672717,73.37202974004967,1011.2618,9.6359,1
632833190,1017.5659409847036,71.53263054335675,1003.3848,-17.2334,1
632833206,1015.261491541024,69.59185888608252,968.2563,-17.3301,1
632833223,1017.0476182421374,68.29973553704012,1047.0466,-10.613,1
632833239,1026.368548859876,69.52028657253292,1193.1577,30.672,1
632833256,1294.3077841435843,98.01590729868211,1306.7605,24.9866,0
632833273,1301.8761518168453,115.6365673606378,1316.3904,42.2784,0
632833289,1293.568796554012,111.93996934680662,1297.5334,35.283,0
632833306,1296.3916629427174,99.7444022976682,1313.6792,2.5925,0
632833323,1299.522694539024,96.34211116166412,1321.9333,13.2811,0
632833339,1293.850615526864,94.5277355968288,1280.8245,15.2132,0
632833356,1292.8460125894824,95.35691533406947,1300.0839,26.8363,1
632833373,1290.4488897088884,100.31254215800553,1289.7474,56.2017,1
632833389,1285.8893836399982,100.56736175968526,1264.7727,29.6995,1
632833406,1283.2396378089393,103.90626011473493,1275.9651,55.9329,1
632833422,1282.2218257401873,104.3751572943991,1286.3549,34.7147,1
632833439,1283.834123729813,106.24990846836913,1314.9078,49.0482,1
632833456,1282.450810745562,105.35344696050382,1279.6836,22.7308,1
632833472,1281.6888738932,106.10128952568604,1286.6204,40.1907,1
632833489,1280.0869145655265,109.89923016186633,1276.8477,78.1786,1
632833506,1279.826126622473,113.32271397117911,1293.4358,77.9193,1
632833522,1282.3521561589653,110.78736231721389,1328.5354,2.6657,1
632833539,1282.7758178835204,110.4792889170271,1301.2104,31.2635,1
632833557,1281.8980047815035,109.29590656275832,1280.0232,19.0868,1
632833573,1282.5981901631717,106.94827813428549,1303.4868,0.7748,1
632833590,1281.4395438599934,105.83580966366256,1274.0735,18.0577,1
632833606,1282.7848697394363,105.96842936844968,1317.3149,35.7144,1
632833623,1276.0152647150758,104.07209819528282,1173.7566,6.3535,1
632833640,1268.4753631389297,107.28953893797728,1161.1858,87.208,1
632833656,1258.9972657750918,109.54749139347419,1119.9729,73.9727,1
632833673,1250.6290845538656,110.91538132259495,1133.2786,60.2294,1
632833690,1243.69300471991,112.14270170954488,1154.1857,58.2901,1
632833706,1239.6823503417095,108.1900664261059,1197.7717,-29.0774,1
632833723,1232.9697588506885,109.54764464482766,1148.9121,61.0245,1
632833740,1226.0930648458868,110.43454882870294,1140.0625,53.5659,1
632833756,1218.2592384775653,113.08243991972152,1118.4741,84.7058,1
632833773,1035.7476360922867,137.09825036883336,1024.058,68.4783,0
632833789,797.9413858504106,134.32284902522426,761.2515,70.1706,0
632833806,844.9965010999882,138.11905257544464,865.5913,75.9184,0
632833823,856.6727454565049,145.18509931754934,853.2653,93.2664,0
632833839,860.7154691540667,144.25544994958332,843.8632,75.7589,0
632833856,859.3642860275933,151.62904183069122,825.9815,114.7915,0
632833873,860.6161783735577,145.1300085867431,835.1672,47.8707,1
632833889,859.8023303921892,144.81729022839687,824.4415,77.7411,1
632833906,856.7394211221875,143.78170127556842,803.4108,72.0654,1
632833923,849.2393563034691,139.38319621476168,753.7512,42.8057,1
632833939,847.0265069527771,139.7116956938514,797.1909,78.5267,1
632833956,827.2599594465299,144.3849524563912,794.3541,79.5784,0
632833972,874.1310145187128,134.56191272105897,845.4039,68.9852,0
632833989,871.8257792466098,130.85067571937094,839.7839,61.7371,0
632834006,880.0214074634047,134.70486652210164,870.4715,76.3088,0
632834022,872.5686038858976,136.94199508527862,819.8038,78.3058,0
632834039,873.623927860908,138.09597727218622,850.1165,76.7876,0
632834056,872.1945293244206,137.1689300192848,835.5067,67.1114,1
632834072,872.4602081746621,136.7660992929761,845.4162,68.7773,1
632834089,873.7660581201537,138.78082157683076,856.0138,86.2304,1
632834106,872.6584646264282,140.86938828610457,836.1077,90.6209,1
632834122,870.3903910733965,140.56471554662244,820.7886,72.2098,1
632834139,868.5090875200871,142.70448779449612,822.8984,96.1721,1
632834155,866.1505694375778,144.33432440370635,813.8907,94.0543,1
632834172,864.7772128567541,147.3006772608309,823.9688,111.4772,1
632834189,865.2397033771597,148.31834407397807,845.1072,91.6176,1
632834205,877.593882602493,150.8494582417902,1014.9031,109.3031,1
632834222,1068.6336053261539,161.91432164234791,1062.1653,92.4164,0
632834239,1040.057565296429,188.7529694598384,1032.547,119.5026,0
632834255,1071.7358194852693,190.56658722454281,1102.683,121.9056,0
632834272,1073.1215206775803,185.61371366836593,1070.9847,105.9842,0
632834289,1063.666187850045,169.51999519963138,1022.6376,53.4219,0
632834305,1063.2865397288647,160.4502414663173,1052.099,56.4171,0
632834322,1063.0796626800006,164.94109602683656,1056.9275,118.1042,1
632834338,1061.9718598763309,164.25734108488345,1047.8286,91.6825,1
632834355,1062.2501009429736,162.6374867887135,1056.7563,83.1949,1
632834372,1061.8874299382874,159.7219759782243,1050.2534,69.5924,1
632834388,1060.2346489922509,157.5038128649672,1036.425,71.4562,1
632834405,1060.6725196612215,152.7209603213119,1054.7148,41.9693,1
632834422,1062.3713328922743,152.38751478281606,1073.4409,82.2024,1
632834438,1059.416873393745,147.96064179150162,1013.4027,35.8675,1
632834455,1061.241588718994,149.07961023920402,1077.7311,95.6364,1
632834472,1064.0462326696036,150.4365002047641,1094.3014,99.479,1
632834488,1070.4990722149878,154.6651525471211,1154.4791,137.7091,1
632834505,1075.2752950511165,162.10510607631912,1140.0419,186.3098,1
632834521,1080.7660298541498,169.62919022458985,1157.4478,194.3912,1
632834538,1085.486647323042,173.41974979890063,1147.3584,146.8142,1
632834555,1090.294136829131,178.70150789659348,1155.7274,172.6176,1
632834571,1095.198938785203,182.337054414115,1160.8286,151.7637,1
632834588,1098.410234980446,186.0475936982155,1136.3989,156.6938,1
632834605,1101.9962360235113,191.43700147524942,1148.9402,186.7,1
632834621,1105.3230058765935,195.56281740673316,1146.9246,170.4751,1
632834638,1107.8200907759312,198.08355931566967,1133.728,147.8871,1
632834655,1112.1289187445038,202.4258077069581,1173.1594,180.5781,1
632834671,1010.0271004808023,831.0098167263614,1045.7574,755.4816,0
