timstamp,smoothx,smoothy,rawx,rawy,fixation
632727522,718.7749492871359,480.2561308917203,696.2296,409.8786,1
632727538,718.8813443551796,480.85873261299093,701.7501,422.707,1
632727555,719.455071519246,481.2761847562299,709.7478,413.3487,1
632727572,721.4573557521138,482.02138755651976,739.9197,421.5436,1
632727588,722.209669444088,481.41102923157587,714.0046,405.2469,1
632727605,722.7588821666972,481.8308490742117,712.9142,419.6591,1
632727622,722.3616423941328,482.61013270169383,692.6366,428.4824,1
632727639,721.9472225419534,482.2408667454368,691.7822,410.7684,1
632727655,720.8771972791236,482.5789971630793,681.7001,417.2683,1
632727672,720.8533414673029,482.27905840637584,700.5797,409.3462,1
632727688,721.5943258265356,480.2007590322333,706.5002,379.3742,1
632727705,721.5108288099616,478.83799093395197,697.4585,391.6451,1
632727722,720.7451332613371,478.8261750382299,685.2958,414.1201,1
632727738,721.4078097791385,476.92479795885407,710.3253,379.9121,1
632727755,721.2763166961422,477.85282490130663,701.7894,429.8187,1
632727772,721.8486822065297,478.4088268133413,712.2716,422.5687,1
632727788,722.2250668548277,477.51361969670614,705.1456,396.9333,1
632727805,722.6474675447297,476.7456258502463,710.0991,399.3987,1
632727822,720.8755137812684,476.35843352666365,667.5663,404.3708,1
632727838,720.1262936400655,478.9989654569754,691.9116,461.5881,1
632727855,722.1015280838939,478.59421957969545,738.8993,402.9644,1
632727871,723.8324027784818,478.1319002424101,734.7056,397.2492,1
632727888,721.9012856845497,478.71921332484294,665.2789,421.0367,1
632727905,720.8465773157444,477.1403184533949,683.9371,391.2628,1
632727921,720.0474648500668,478.32239058757204,689.2265,434.7615,1
632727938,720.1448601506272,477.9477190237492,700.9877,410.4832,1
632727955,720.0524081230884,478.591649726586,701.1934,430.7275,1
632727971,718.8840337811935,476.2679028561828,674.2827,368.4427,1
632727988,718.7671672072203,476.02766389197876,698.7615,405.5029,1
632728005,719.3910105468651,475.7035557314134,711.4581,407.2488,1
632728021,720.2968545043817,475.44025798287777,717.5544,405.4196,1
632728038,720.4129797676201,475.46054117664636,703.1372,411.7627,1
632728055,720.6592561772745,473.7229366050422,704.079,380.1759,1
632728071,720.0535937779464,474.2371077321519,693.3151,419.9137,1
632728088,718.515666455041,476.0973117237235,673.811,441.4361,1
632728105,718.5376051211629,476.9639485057783,702.1909,425.2583,1
632728121,719.0824238163566,474.90812744772995,706.2441,375.4953,1
632728138,718.0078682390022,471.7284178124211,673.6187,354.6205,1
632728154,719.7331292468575,471.3076359697788,729.9816,401.7686,1
632728171,720.1574232062975,471.43309026911083,707.6829,410.3937,1
632728188,720.6303790633058,471.72977589141135,709.3893,410.0022,1
632728204,721.6925877568684,472.4058986535899,720.2267,417.7326,1
632728221,721.9405497745479,473.0565540647573,703.4579,419.7697,1
632728238,722.4508309949856,471.66607250814724,708.8578,380.7055,1
632728254,722.6309564383332,470.6978249447818,702.2236,393.266,1
632728271,723.0739991456088,470.2830774584821,709.2561,401.2919,1
632728287,723.5198985128819,470.55175997105744,709.5571,409.9045,1
632728304,723.9600272111326,472.34355179053864,712.1224,436.25,1
632728321,723.3089607179332,471.9358601957628,684.3054,399.0569,1
632728337,722.2992688933239,472.2376294612969,681.594,417.049,1
632728354,723.4556327674856,471.63853177402655,727.2041,393.9886,1
632728371,722.8075447955005,472.34313874541283,693.3098,416.5341,1
632728387,722.8992275772109,473.49622709010436,700.9016,426.5633,1
632728404,723.5519524132428,474.6361458781477,714.3526,423.0264,1
632728421,722.3598189583768,474.52612581119394,678.2653,406.8914,1
632728437,722.5348014618282,473.7722649051411,705.2455,392.7336,1
632728454,723.6933780616847,472.0257920643484,722.9882,377.5417,1
632728470,724.8725876444128,469.6895245729938,719.9993,360.9029,1
632728487,725.0584251830511,468.2876668354845,705.0637,381.631,1
632728504,725.5058913623421,466.48259874102706,711.0404,374.5339,1
632728520,725.4467311250601,467.0328533672871,704.865,414.7296,1
632728537,725.2720972222021,466.4324009972498,699.6819,395.1317,1
632728554,725.166715800226,465.51375315515503,700.8677,385.9236,1
632728570,726.1552812049873,465.21239397598043,721.7321,400.097,1
632728587,727.4789894765327,463.47904267768223,724.7123,376.6815,1
632728604,727.3435449391459,465.06166555497293,704.3112,431.5938,1
632728620,727.9714934576842,466.0528382003908,718.8958,415.342,1
632728636,729.8949654598266,465.1087841093551,738.3066,379.5385,1
632728653,731.0969933398275,464.3971403320244,731.1663,388.8802,1
632728671,731.1698135841551,464.8830732421804,708.7422,410.2916,1
632728687,730.0799234982784,463.5818785358033,684.7635,379.2345,1
632728704,730.2085945650828,465.50161997538703,713.7531,434.6237,1
632728721,729.4176878589863,467.05540297037777,694.0729,428.2452,1
632728737,727.311758168128,472.48662813849467,674.5848,491.24,1
632728854,1181.1409466654852,332.2546986440004,1198.7046,258.8434,0
632728870,1298.4212683432322,228.75822972882636,1320.7429,154.2601,0
632728903,1236.0623220809396,243.63179519593945,1185.3394,185.9777,0
632728920,1220.3035962685692,237.1228896201204,1199.9083,151.7002,0
632728937,1211.3323991435502,245.49055424519233,1198.8085,197.4924,0
632728953,1204.8565562990216,248.1024055001567,1192.3608,185.5215,0
632728970,1196.7996181157166,246.51332031643574,1167.1687,166.4432,1
632728987,1197.3680457194296,245.20995145425152,1215.2163,164.6646,1
632729003,1200.240850829935,243.36239479387416,1235.2786,157.9079,1
632729020,1198.7975203363367,245.47242420180385,1202.2982,188.6781,1
632729037,1200.6394520562565,249.43600136417749,1234.8972,208.6836,1
632729053,1199.187622988295,255.83513959969673,1203.5027,239.7596,1
632729070,1200.7395537817517,256.8908435042541,1233.4583,191.4527,1
632729087,1201.5888285350827,258.01071705318225,1226.9971,193.895,1
632729103,1198.2740173383677,257.91099130135706,1171.2335,181.7618,1
632729120,1195.8180938655157,256.7343283980261,1177.7446,168.086,1
632729137,1194.9670315607482,261.4546033105975,1203.7087,244.4314,1
632729153,1192.3161076456308,263.2963389359932,1172.4495,210.6452,1
632729170,1193.364178807641,264.8396308627188,1227.7397,207.5913,1
632729186,1192.8871055641619,265.51724202992364,1202.793,197.1159,1
632729203,1193.747987153546,266.08980481308254,1224.4463,196.1699,1
632729220,1191.0281501080192,266.7252101582324,1163.561,199.0695,1
632729236,1190.7626030623953,269.8212184179991,1207.1044,237.9254,1
632729253,1192.1252698778355,269.21772412692354,1231.4421,180.7473,1
632729270,1193.0759148388315,271.3162091075398,1227.646,225.0612,1
632729286,1192.2784937113056,271.3076356441278,1193.3308,192.5621,1
632729303,1190.8118188731266,270.7291034528697,1179.6228,183.9875,1
632729319,1188.8200438552033,269.1195942539074,1167.6135,167.2561,1
632729336,1189.0728259444927,268.6480916668094,1210.4965,185.9404,1
632729353,1189.1081543464127,269.9636582307787,1208.231,216.941,1
632729369,1191.8207479522328,268.59834616511154,1256.0439,170.5839,1
632729386,1191.5942092591747,268.0452290951389,1212.1117,181.6026,1
632729403,1191.6629683648619,270.6472164830685,1206.3752,239.9508,1
632729419,1191.788153163185,271.7878979725282,1207.5295,211.6183,1
632729436,1191.2900719183342,274.12609785882336,1197.1479,238.0107,1
632729453,1190.674518636797,275.48265351572775,1193.2146,220.2107,1
632729469,1190.9304189848872,276.6697689305298,1207.4913,215.6896,1
632729486,1190.7437313677879,278.99595237777913,1205.8247,236.2364,1
632729503,1191.1334910257153,280.11494062302245,1217.2467,215.575,1
632729519,1190.446443732012,281.3752370947861,1192.9697,222.6357,1
632729536,1189.7992838675577,281.39254349078465,1195.5839,203.9346,1
632729552,1190.7111926185753,282.4616453897648,1223.3527,225.1656,1
632729569,1190.367229110008,284.23490648398376,1203.2034,232.9297,1
632729586,1190.794434259718,285.9819809940768,1217.0826,233.4258,1
632729602,1188.9297450734252,289.4451539606385,1169.3896,263.5573,1
632729619,1188.1066958940005,289.9573469614649,1187.0378,212.3054,1
632729636,1186.46247977534,290.3657090992468,1174.0497,220.0967,1
632729652,1186.7953557945225,292.5125799073667,1210.9381,246.4897,1
632729669,1186.4377404199856,294.3422872182712,1202.9806,242.0221,1
632729685,1187.740219942724,291.36580372681067,1225.6953,158.7897,1
632729702,1187.0592197046844,291.64860537179663,1193.5742,216.8145,1
632729719,1188.668649404188,290.9398961328723,1229.7822,200.3191,1
632729735,1188.1871425989668,291.013594515432,1195.376,219.2931,1
632729752,1186.1042992733942,288.9160898845063,1164.0818,176.8186,1
632729769,1185.8147203478345,287.998920123072,1199.0718,201.97,1
632729785,1186.6219916987236,288.48839775178857,1217.8669,222.6103,1
632729802,1187.5654197764516,287.9480516136062,1217.7537,204.3639,1
632729819,1186.9045620572922,287.2496823535154,1185.6885,200.9112,1
632729835,1185.3788631919099,288.0309265530115,1175.5852,229.0968,1
632729852,1183.5648269648646,286.744474155965,1166.7791,196.7668,1
632729868,1182.8330431721342,288.2263954216059,1195.4028,239.0675,1
632729885,1181.533867772883,288.4266815669526,1177.175,218.5094,1
632729902,1180.9522239904645,289.44466519442625,1190.8374,238.3363,1
632729918,1180.727099902557,292.04292821956307,1199.25,261.8766,1
632729935,1179.0843873780043,294.2911075069273,1169.8906,258.8645,1
632729952,1180.2589463025704,294.01620115473634,1220.0969,212.4096,1
632729968,1180.174525745837,295.0317383544613,1198.5101,234.8036,1
632729985,1180.1554738469817,297.2565712581077,1200.573,258.0134,1
632730002,1180.530366770014,295.4811645510205,1203.8167,186.9934,1
632730018,1181.6439837591038,295.54138908611856,1217.325,219.6542,1
632730035,1182.8122960304818,297.41180807945216,1220.8425,249.328,1
632730051,1183.0772323686062,299.5687178246784,1206.6245,257.4041,1
632730068,1184.2887859786306,299.9301774809179,1220.2742,227.4538,1
632730086,1182.5030967979412,302.6199906201673,1167.068,269.1612,1
632730102,1182.6210143035505,305.5102649234339,1199.1255,275.6923,1
632730119,1183.5662869664407,306.4430379547009,1215.0035,236.9765,1
632730136,1184.7165054379939,307.16226214721536,1217.7418,235.4225,1
632730152,1183.7130339103921,307.35781660029176,1179.9945,231.0292,1
632730169,1183.5231827620223,306.8058969753214,1193.991,218.2907,1
632730186,1183.4181589750856,304.2890391842975,1195.593,176.8808,1
632730202,1184.316092760754,303.80878379569094,1214.0391,219.4056,1
632730219,1184.5996877023463,304.4338315677778,1207.6039,237.6922,1
632730236,1183.2251462287907,303.85056847966416,1170.5603,220.132,1
632730252,1181.9706587365831,303.73856357326974,1170.6523,224.3757,1
632730269,1181.4298341032215,303.53116195752096,1188.4138,225.956,1
632730285,1182.49003442077,304.53715951405115,1222.5847,248.8274,1
632730302,1182.854932099384,304.0517007315317,1206.9829,221.5279,1
632730319,1183.3112706780046,302.77573169896283,1204.2908,207.793,1
632730335,1183.4700582968076,303.15179923864076,1199.918,239.387,1
632730352,1183.6963994796365,305.9557782283409,1203.7903,277.6433,1
632730369,1183.2284749218868,305.26913450304767,1189.4114,222.1908,1
632730385,1182.6114870331298,304.53136446864715,1184.6576,218.9792,1
632730402,1184.5199769629203,303.5920815692277,1234.5826,216.6398,1
632730419,1181.931732471741,301.1331969727357,1146.9778,193.8625,1
632730435,1180.8474680646102,299.4606533942973,1173.8147,205.7879,1
632730452,1178.6636777184092,298.87243462251143,1159.1385,219.2824,1
632730469,1178.5897856238516,297.11069783985687,1195.2583,200.3784,1
632730485,1178.295241097076,294.4648294299992,1189.5161,186.8705,1
632730502,1178.2643497227928,293.5412189484123,1196.4545,208.1842,1
632730518,1178.92277041048,292.1785987499957,1209.8647,203.4763,1
632730535,1178.3034171961008,292.35370423279716,1186.7717,232.5725,1
632730552,1177.440076124102,294.29789215251463,1182.1096,262.7071,1
632730568,1175.0265957307067,295.72959339944225,1152.4526,250.1713,1
632730585,1174.8726607861638,295.15742851710763,1187.2317,218.5914,1
632730601,1172.643119224282,294.9587029472367,1150.8542,225.3737,1
632730618,1172.028255780904,295.57620252550396,1183.8251,234.0552,1
632730635,1172.065557352884,295.13035157086284,1194.2572,215.0956,1
632730651,1171.1472710683774,295.11858845366476,1171.5818,222.2789,1
632730668,1169.8487100122795,296.5379660993741,1167.0234,245.7147,1
632730685,1170.2430191317223,296.8228583793469,1197.6035,221.6205,1
632730701,1170.5108389095278,295.3430001724497,1194.0496,196.3593,1
632730718,1169.0173631112757,296.6050651916651,1162.0164,246.1573,1
632730735,1168.2166614282423,295.79489566857023,1168.2119,208.2628,1
632730751,1166.6173257207306,297.50707756661296,1155.7186,252.596,1
632730768,1165.6390394874413,300.1400540172153,1170.199,268.5607,1
632730785,1164.5413031795902,300.4795821486794,1167.6802,231.6526,1
632730801,1164.3168503370941,300.2948260571516,1180.9674,219.6906,1
632730818,1163.7362530037078,303.23994803775633,1176.7686,272.9531,1
632730835,1163.4603544107488,302.3296062907315,1176.4443,210.3897,1
632730851,1163.1280913483843,301.96138473730383,1175.6389,224.0337,1
632730868,1162.9931729044454,303.0858391754368,1179.088,243.9556,1
632730884,1162.2175251887109,303.6999014573149,1165.0947,235.7687,1
632730901,1162.2964159723074,306.9710021831373,1189.4756,281.8731,1
632730918,1162.345654403828,307.6112378971204,1175.6312,235.153,1
632730934,1160.839146088995,308.65574326877663,1149.1855,245.1833,1
632730951,1161.4168554770542,309.9790142583052,1187.952,251.799,1
632730968,1161.325280870087,309.2134540615567,1176.0408,215.0324,1
632730984,1160.7109889003807,309.0189183201705,1165.5824,224.8492,1
632731001,1160.774750118062,310.63228630407417,1181.1901,259.1454,1
632731017,1161.1377807293688,309.1227894342721,1183.87,205.5322,1
632731034,1161.7582717616283,308.91920192975846,1187.5439,231.6906,1
632731051,1160.3283881371233,306.98714498233335,1145.3011,205.7887,1
632731067,1159.320121877383,305.330893212414,1150.6794,208.8036,1
632731084,1159.708231764737,304.07769326491257,1181.7925,211.8392,1
632731101,1159.9406392889775,304.1075485380145,1176.387,234.7536,1
632731117,1159.74243033579,306.0490208281492,1174.0403,268.5792,1
632731134,1159.194750937027,307.0752258648485,1166.9207,250.7723,1
632731151,1160.6090574626087,306.5641796422404,1200.0352,224.5136,1
632731167,1159.806223547666,308.6493983979522,1160.1477,272.4058,1
632731184,1158.270676854229,308.58960401709464,1146.5111,232.9794,1
632731201,1157.1365330004937,307.8045792244932,1152.4946,218.0145,1
632731217,1157.3746524429773,309.4769292354078,1178.2781,265.4793,1
632731234,1156.313799226086,308.7551456053006,1150.8558,220.5736,1
632731250,1156.3442689306885,308.45117782121747,1170.9514,232.285,1
632731267,1154.215281949127,310.7310189371312,1134.0356,278.8357,1
632731284,1154.3772168324106,310.89690737353186,1174.8267,237.5134,1
632731300,1154.8528728830777,311.5941077910787,1182.4434,245.692,1
632731317,1153.3655474474738,310.3799222066627,1141.2551,219.2462,1
632731334,1154.1798105825003,309.32761446835895,1185.1985,214.6968,1
632731350,1155.7973656094694,308.37829502203135,1200.2056,218.1625,1
632731367,1157.3908790290575,307.50028615519,1199.8154,221.6292,1
632731383,1158.2164710577374,306.3522708190663,1183.0697,216.2245,1
632731400,1158.665119880666,305.81300214440625,1179.1757,231.3512,1
632731417,1157.8870361579052,306.0363590048852,1154.9885,239.3251,1
632731433,1157.27844243533,306.5399629126731,1156.0378,244.9924,1
632731450,1156.976299552657,305.61689588153695,1164.468,220.7094,1
632731467,1155.6540369404984,304.8517721426173,1143.6277,219.7203,1
632731483,1155.1585181927073,306.08849206304023,1160.9373,255.0975,1
632731501,1155.2168937030435,305.6707335172478,1171.0814,229.8051,1
632731518,1155.0383333235452,308.54156770290894,1170.679,280.6884,1
632731534,1155.9593593129957,308.4366395032558,1188.2166,232.0659,1
632731551,1157.6236992501467,308.9503707403072,1198.8047,239.9881,1
632731567,1158.5934517724143,308.6722074318947,1185.5066,227.3499,1
632731584,1159.673639690526,306.68147088272787,1189.1331,198.4798,1
632731601,1161.8892968011644,307.2019632771181,1213.7189,243.9314,1
632731617,1161.9443037913702,306.59058028715594,1170.8455,228.2966,1
632731634,1162.567657760708,305.855689264482,1181.4236,223.5021,1
632731651,1163.58555107797,305.61684302288256,1193.6102,228.8876,1
632731667,1164.7521802829006,303.2818543614663,1190.0288,197.4954,1
632731684,1167.0680870588621,303.3493949897897,1214.7207,233.7599,1
632731701,1165.9008309564495,303.3339461342306,1149.3546,231.6855,1
632731717,1166.1910087747108,300.81271740681717,1177.9384,192.7288,1
632731734,1166.7746302330038,300.9625042934064,1184.751,233.3159,1
632731751,1168.6551035559717,300.59852394304454,1212.0557,224.9763,1
632731767,1168.6637001849085,302.4434276269891,1175.7913,267.9318,1
632731784,1168.5337368056898,302.19020600837126,1175.8665,226.6188,1
632731800,1167.8256729612856,303.022654827639,1167.4181,246.1185,1
632731817,1168.6169810577044,303.3906409795642,1191.9131,234.6595,1
632731834,1168.0423075708336,303.2314206471978,1170.3099,225.7207,1
632731850,1170.6029699638907,302.601199845136,1231.7876,217.1539,1
632731867,1171.2530860291565,304.1591205383654,1197.7671,255.9694,1
632731884,1172.8708130805576,304.2029789669391,1213.0535,229.0844,1
632731900,1173.6900495880823,303.9056020220007,1197.4546,225.2061,1
632731917,1172.7247946543498,304.5041606136213,1162.5291,242.0172,1
632731934,1173.9183164734523,304.2189989726053,1204.0985,226.5382,1
632731950,1174.0861709594776,301.99111062233646,1183.6674,190.7861,1
632731967,1173.4501791629618,300.8044059779675,1168.1504,209.0345,1
632731983,1173.5784130098411,303.8956121966446,1190.9125,286.104,1
632732000,1174.3679641237757,303.225411671484,1200.4866,218.0184,1
632732017,1173.7216311623577,300.67337694995166,1170.814,191.2281,1
632732033,1173.2548646325524,299.7668132828413,1178.4354,213.8576,1
632732050,1171.4030689104043,295.9513288173402,1149.1638,164.7986,1
632732067,1169.8527528356858,297.488562840376,1160.048,255.2758,1
632732083,1170.213458633891,295.83872836604456,1192.9137,196.4223,1
632732100,1169.2285362796988,296.4943272318557,1172.0002,241.2327,1
632732117,1166.494376569391,297.5205261720438,1133.7139,245.9044,1
632732133,1164.4575400122033,295.54760665546036,1144.1555,193.104,1
632732150,1161.8140486748523,294.07772116522546,1133.6499,202.1964,1
632732166,1161.1431858526971,294.5600362837797,1172.6333,231.5231,1
632732183,1161.7448205477353,294.61575780704464,1197.9214,227.2972,1
632732200,1162.147319237,292.41675616010724,1183.2,187.6331,1
632732216,1163.4788791760682,293.86098404062335,1208.1686,245.5929,1
632732233,1164.0050199435311,295.01731515164846,1192.2499,244.8989,1
632732250,1163.6070434658948,292.6362356909558,1172.0751,182.7825,1
632732266,1162.15552009025,289.59890671867674,1146.3168,175.6893,1
632732283,1161.364162069446,290.1000737713706,1163.0081,231.0939,1
632732299,1159.7549114878495,290.2049572380086,1145.3777,225.8668,1
632732316,1160.7697009721483,287.73388589592815,1194.6144,178.6107,1
632732333,1160.7951765782368,288.63091225447647,1176.8027,235.4431,1
632732349,1159.7571688929202,289.43500141580245,1162.01,232.7707,1
632732366,1159.2079605449926,287.7506174592303,1163.5754,193.2926,1
632732383,1157.9373760606318,287.7670799678352,1152.6774,219.2732,1
632732399,1157.0072709808526,290.10774327153433,1159.6681,258.3984,1
632732416,1156.9392042244592,292.69026988938344,1172.3723,263.7344,1
632732433,1155.9973280092242,292.7595291860918,1156.4333,218.8798,1
632732449,1154.6635062904604,294.53675892527923,1148.2209,245.0324,1
632732466,1155.8445969659838,295.9513632037385,1194.1086,240.5846,1
632732483,1155.713512982922,296.69169938098156,1170.0658,237.7457,1
632732499,1154.687449466297,297.39898071279646,1153.2627,230.1909,1
632732516,1155.5057527058805,296.44277156518484,1183.0688,198.96,1
632732532,1155.9071988771393,296.7708569329734,1177.2983,224.6206,1
632732549,1154.7837419700895,298.638070774426,1146.7625,247.3684,1
632732566,1155.082459946269,300.418199278967,1175.3582,255.9168,1
632732582,1145.98292572872,301.2074794179164,996.5221,236.0778,1
632732599,839.4463795516637,302.62309546045407,819.2366,235.9043,0
632732616,873.9896882939652,267.54276238635896,854.8494,200.5528,0
632732632,894.3866910002846,282.62359953373993,902.0154,229.595,0
632732649,892.6171370371642,292.41401606898125,874.6168,244.0529,0
632732666,888.7941622649012,303.2385200882525,863.4779,267.3334,0
632732682,887.0162315802256,302.76823146672353,863.9462,232.928,0
632732699,886.9765009558818,297.48412854081533,869.3907,204.0146,1
632732715,882.9635055288483,295.6184702401282,840.553,217.8357,1
632732732,878.3536174954558,290.81580095923664,825.7386,192.5246,1
632732749,866.745554332243,290.73853836797355,753.5368,225.3961,1
632732765,853.2615202949003,298.43119340396873,718.2667,297.5825,1
632732782,840.1542034788807,310.5280721689026,702.9744,353.8446,1
632732799,828.7845950655002,319.7479492822656,700.8784,340.9605,1
632732815,818.7315830883731,330.2544974590466,701.4125,368.7129,1
632732832,810.6506723853201,341.6036218996541,714.1934,392.8133,1
632732849,802.8288040494921,348.0546290863551,702.2847,345.5396,1
632732865,796.6446110623386,352.9355831917298,714.2297,332.815,1
632732882,792.1917482820585,358.0314370165752,732.5186,341.6868,1
632732899,788.3945004630496,365.15926151303466,738.7903,376.6834,1
632732916,783.2552939675188,368.8440824913821,707.9656,334.6769,1
632732933,785.4913205216476,374.75504904276454,827.4448,370.8881,1
632732949,786.0102992906033,378.36709320789186,795.3479,342.386,1
632732966,785.3817302444477,381.44897603186985,773.0903,339.0417,1
632732983,786.1627252961234,383.0286711434311,794.1669,318.8475,1
632732999,786.627358361746,387.85553561922393,790.8705,374.9831,1
632733016,788.1676999260787,392.3224433514786,808.8547,373.5789,1
632733033,790.0473293477054,395.1637751771122,812.4958,350.99,1
632733049,790.8489304331456,400.91153348285803,795.393,404.1744,1
632733066,792.9436753969998,404.75353441100464,817.0095,376.207,1
632733082,795.233612768119,407.93838127513726,819.9807,369.1028,1
632733099,713.3590876549183,842.673219351441,718.9932,772.5575,0
632733232,763.993368733605,442.90060148421503,746.0433,376.0964,0
632733249,792.7157233408183,443.4893116731606,809.4826,376.189,0
632733266,812.0743886608666,437.59059480873304,840.2314,357.6297,0
632733282,826.6756824146622,436.21939753048,861.8137,363.58,0
632733299,823.385140781169,424.64778002672114,791.8291,312.3801,0
632733315,842.6720545404917,396.2074163578549,829.5557,328.432,0
632733332,862.7319491987733,453.0909479944806,855.8147,384.3355,0
632733348,902.0572330641625,479.72212139928234,946.3977,435.4976,0
632733365,921.0230415874549,493.54050662715497,966.4794,449.6023,0
632733382,932.8633712745499,500.67999765849095,976.4299,450.0659,0
632733398,938.0031233261558,489.1034613885255,959.5809,372.7087,0
632733415,948.6517475972022,488.35381371865464,1009.0011,413.1056,1
632733432,954.6478578639213,489.57370700957944,996.7303,425.1711,1
632733448,956.8650062145406,489.7459189881638,976.233,419.7264,1
632733465,956.3572130435891,491.1218925075073,955.7208,430.5167,1
632733482,958.5360223228173,487.41387499451463,979.3397,385.4328,1
632733498,946.6565570460227,485.2952118492007,827.3087,398.1315,1
632733515,935.9977563024247,490.58399918600844,828.0636,474.4294,1
632733532,926.5931199362931,495.28200259423295,827.5075,475.0531,1
632733548,917.8222954974884,496.64896819752965,819.6393,441.2291,1
