timstamp,smoothx,smoothy,rawx,rawy,fixation
609073499,933.7464563405614,541.5074308238715,933.6989,628.7231,1
609073515,936.8733333769353,541.2606130961333,946.8502,592.1555,1
609073532,939.835258662234,540.9711343689244,946.3256,592.9164,1
609073549,942.3430192731562,541.2564552710372,943.6651,607.7762,1
609073566,943.9556413268317,541.3221342475648,932.0276,605.6554,1
609073582,945.9605142019285,541.1046150449968,947.4407,596.1077,1
609073599,947.0382823323881,541.7605221573224,936.2629,615.7567,1
609073616,948.7553224942639,541.6029507403476,950.7488,596.4125,1
609073632,948.4361355007048,541.570328397189,914.7621,601.7263,1
609073649,948.8977057630954,541.4618876244784,932.0671,600.7986,1
609073665,947.8791321168048,540.9215905210715,907.667,591.251,1
609073682,948.9291169602068,540.2872802201716,952.4235,589.9666,1
609073699,949.0428440344425,540.1017169594878,938.0138,599.8834,1
609073715,948.5799128121332,540.1416018539809,927.9418,604.5922,1
609073732,947.5598586605653,539.5334969140397,918.8317,590.65,1
609073749,946.7975014153963,538.6807152402318,922.5865,583.3325,1
609073765,946.0891586969865,538.7500787682029,923.4924,603.999,1
609073782,945.4688734567677,538.1363774106303,923.9857,588.7627,1
609073799,945.715093897657,537.6768368287087,941.4843,592.8022,1
609073815,944.7477755640272,537.8532119184903,918.1066,607.2521,1
609073832,945.4455401995459,538.0773151950604,946.8439,604.7322,1
609073849,944.3155323977958,537.5745070019611,911.3103,586.8942,1
609073865,944.7336908450332,537.2979649769903,943.0758,591.8661,1
609073882,944.612940166986,537.2632480830266,932.9297,598.6799,1
609073898,943.9950608164104,537.2016961914195,922.1588,597.1028,1
609073915,944.0045616960025,537.4275489606158,934.6154,604.4233,1
609073932,944.3644784819363,537.8519134527196,939.9389,609.7042,1
609073948,944.7090639413742,538.3845100796341,938.0083,611.4802,1
609073965,944.3081974613411,539.0345640600393,925.8846,615.9799,1
609073982,944.9410168708955,539.3907360415351,944.9854,608.1621,1
609073998,945.0729657644869,539.9644346907231,934.6843,614.8118,1
609074015,945.4522504157544,540.3283809308485,940.3615,605.8455,1
609074031,944.5559995516016,540.2382023209608,916.4314,596.7887,1
609074048,943.1245818618974,539.7169022900937,905.9106,589.1035,1
609074065,942.6249614840169,540.287250466905,922.2963,613.6088,1
609074081,941.8573402739079,540.7242590457794,918.7556,609.9485,1
609074098,941.4196196646236,540.890500825064,923.1538,605.7762,1
609074115,940.7457975565504,541.3439539258793,920.2224,610.7871,1
609074131,940.5357822676012,541.3485946015293,924.3712,601.0042,1
609074148,941.1475094198448,541.4644635271283,941.3003,603.222,1
609074165,941.4432283866333,541.0830585038412,932.5281,591.3438,1
609074181,941.3980277503316,540.8044235118118,931.018,594.3169,1
609074198,940.4948936248021,540.1972163170276,913.132,588.7404,1
609074214,944.8537048758978,541.881192201853,1009.7693,638.3915,1
609074231,952.1162151039819,546.4635770361513,1063.9261,702.0162,1
609074248,959.2911625469783,550.7786211043476,1063.2798,695.7904,1
609074264,966.3699528886586,555.2765064289374,1063.0673,703.3608,1
609074281,973.2894191874443,560.0553691267392,1062.3456,709.7722,1
609074298,980.3620746294885,563.8280875030874,1068.9139,688.7507,1
609074314,987.8411371142339,568.1399799593316,1077.2883,704.7306,1
609074331,993.809316391295,572.1866930589764,1056.2017,701.99,1
609074348,1000.4577655632153,575.945390605057,1068.9185,695.8961,1
609074364,1005.5972891014704,579.2663068915864,1049.123,690.9001,1
609074381,1010.6940777162276,582.4766752367807,1052.0703,692.666,1
609074398,1015.8140784738565,585.9380211531262,1056.7778,701.9913,1
609074414,1019.6220668665746,589.5445238216245,1039.6189,710.9694,1
609074431,1023.5179463898469,592.2124144618376,1046.6689,693.603,1
609074448,1027.5216888947489,594.1611273237834,1053.4219,680.9725,1
609074464,1030.673451378988,596.4511542777014,1042.1919,693.9132,1
609074481,1033.4661596557569,598.8117599681677,1043.0835,698.8447,1
609074498,1037.232909490591,601.2891329068049,1065.0488,705.3395,1
609074514,1040.278260490987,604.2251378928609,1057.7351,719.3687,1
609074531,1043.6935114949465,606.328513102782,1066.4539,702.7124,1
609074547,1046.5195145861105,608.128911928204,1059.4287,699.2703,1
609074564,1049.6103152847327,608.999090264024,1070.3152,683.8215,1
609074580,1051.941245221628,611.7756369990593,1061.6158,731.4709,1
609074597,1054.1048939637215,612.9125732181275,1062.2627,696.3517,1
609074613,1056.6353905468864,614.1438867832096,1072.6848,701.8585,1
609074630,1058.3282052124246,615.7816671229745,1061.7083,713.7733,1
609074647,1061.3427931434212,616.9680872107534,1090.8071,705.3101,1
609074663,1062.0448374149207,617.0414751791903,1049.8193,682.6982,1
609074680,1062.6491840837093,616.5251623092089,1050.4386,671.9268,1
609074696,1063.1029711457682,616.9000954110434,1049.0624,694.2512,1
609074713,1063.0816188302385,616.132005313158,1051.9973,675.027,1
609074730,1062.9917411597976,615.7962272086044,1057.3418,692.384,1
609074746,1063.5466335267756,614.9079600763278,1068.772,678.207,1
609074763,1063.1019969381946,614.4133830335909,1050.6818,688.6445,1
609074781,1062.5472763459215,613.822477726442,1048.5837,686.7172,1
609074797,1062.2709666215073,613.5051383405699,1054.5234,690.1667,1
609074814,1064.0062104721615,612.86800052312,1091.9585,682.5212,1
609074831,1068.739875456625,612.7662322068394,1145.004,691.7546,1
609074847,1074.5782587634783,613.0433190770929,1167.244,698.499,1
609074864,1080.8962069253962,614.1374192889242,1175.2969,716.1033,1
609074881,1085.3534216801784,613.9803159819837,1142.2927,688.4098,1
609074897,1090.9265272340185,613.7196344496164,1165.1833,685.7931,1
609074914,1096.9689725367436,614.674504182669,1175.109,714.0602,1
609074931,1102.0637418665553,616.4609014853934,1161.9613,731.8109,1
609074947,1108.4927005929242,616.5458690639442,1189.3943,690.0066,1
609074964,1114.3069173455028,616.7313779573288,1180.6348,694.3478,1
609074981,1119.1319030290445,617.714839101321,1167.2103,714.1328,1
609074997,1123.5486965150112,619.0938463736088,1166.5752,724.3042,1
609075014,1128.101048479713,619.6681922238074,1172.1211,707.0453,1
609075030,1131.5642168758388,620.2965469271371,1157.6174,707.4771,1
609075047,1136.04626156717,620.8247004025759,1180.0793,704.3942,1
609075064,1139.0887408313063,621.6358841981654,1159.6375,710.9966,1
609075080,1141.1120348330342,622.3655671782632,1144.584,715.4509,1
609075097,1143.8662598308852,622.9628686340642,1162.5747,708.397,1
609075114,1146.1445258686333,623.470119299572,1159.2617,707.9664,1
609075130,1148.6454896410658,623.2705264100158,1165.9392,693.2831,1
609075147,1149.9613558085475,622.576437447257,1150.9563,682.3629,1
609075164,1151.3218541745414,623.417690631181,1152.0447,716.1617,1
609075180,1153.5632808483995,623.9619140151505,1171.9319,708.3208,1
609075197,1154.9930680933649,623.7163092110605,1159.9923,693.8311,1
609075214,1155.194889165681,624.0656786124495,1141.4467,707.1616,1
609075230,1156.6688281107984,623.8121483202398,1167.9161,694.686,1
609075247,1157.2883183371766,623.0948710936299,1155.6892,683.5642,1
609075263,1157.3344457513476,622.3143705680159,1145.4589,684.0679,1
609075280,1158.2989449315703,621.5028827160069,1164.2181,682.5952,1
609075297,1159.0744512680699,621.8187744523193,1163.9141,709.2513,1
609075313,1159.3887396302962,621.1493586294769,1160.2146,685.9038,1
609075330,1159.3605867759713,620.9476247239727,1160.3953,697.8884,1
609075347,1158.4134943293438,620.8492049690193,1145.7866,701.4016,1
609075363,1155.9709360716097,620.3342097733029,1118.4724,694.2835,1
609075380,1152.7605026593803,621.821876907244,1101.5918,737.8435,1
609075396,1149.6523719647146,622.9828181299406,1105.1738,729.782,1
609075413,1147.6026801219762,624.1523456108813,1124.5603,732.061,1
609075430,1145.462876990003,625.1032542783693,1120.0948,728.6415,1
609075446,1142.8188613760544,625.8465276341233,1112.1919,719.736,1
609075463,1140.098507863582,626.2409385665048,1107.866,712.6671,1
609075480,1137.5390087783733,628.3868737783422,1108.6963,755.6522,1
609075496,1136.0746789369477,628.816626127138,1125.9325,716.4385,1
609075513,1133.8625193291014,629.2770467276624,1110.9569,716.427,1
609075530,1132.4187256394844,629.3646322361465,1121.3911,708.0011,1
609075546,1130.052653349686,629.7615532189276,1105.1229,716.3705,1
609075563,1128.0526904959424,629.4297994778024,1107.1538,700.707,1
609075580,1126.5203784233186,629.9451937030798,1112.8096,721.1547,1
609075596,1124.1944702902977,630.4846886530777,1098.3286,722.2643,1
609075613,1122.9959694003196,631.5135938963421,1116.908,733.4734,1
609075629,1121.7706452524267,632.2915513408753,1114.9384,727.031,1
609075646,1118.8355358041847,632.8264125578931,1079.8512,722.7165,1
609075663,1118.389951936655,633.4871556593054,1123.8676,728.3333,1
609075679,1117.3046961451023,634.0498219770114,1112.2141,726.4713,1
609075696,1116.5507718696645,634.3473343579855,1114.8748,719.447,1
609075712,1116.9075888987393,634.747454965878,1131.6899,723.327,1
609075729,1116.6964994655875,635.1352217295789,1122.6055,723.0026,1
609075746,1116.5067469413962,636.6853701699463,1120.9075,749.7252,1
609075762,1115.518643699452,637.5097565353553,1103.5734,734.6616,1
609075779,1116.227699644496,639.2024354776385,1136.1785,754.4274,1
609075796,1103.8035314278818,481.26450029120014,1097.3284,516.3264,0
609075812,1084.6241010959757,378.92582754499165,1073.6062,381.0961,0
609075829,1083.6253022384171,378.10711075793654,1071.4498,379.0103,0
609075846,1088.7303867773528,376.3677096689724,1088.4048,372.47,0
609075862,1084.6607385042357,373.66528627946906,1060.4124,364.0255,0
609075879,1084.90909163769,375.6861044760853,1075.1514,387.4231,0
609075896,1082.7276502484292,377.79323005127793,1060.8,393.7797,1
609075912,1081.9302417385945,380.8785133999469,1066.8069,407.506,1
609075929,1082.8581986265958,382.48104128037124,1079.0111,399.2005,1
609075945,1083.5333434410447,383.6639107127912,1078.3835,398.1616,1
609075962,1085.4304735565117,386.93892898323435,1092.2778,426.1627,1
609075979,1085.2664721069207,387.4377651263106,1072.7251,396.5951,1
609075995,1085.4845728980745,389.65385390489377,1077.5071,422.241,1
609076012,1084.997307217517,390.85534679181416,1068.9956,411.3254,1
609076029,1086.432168115759,392.3662898599291,1093.1506,417.619,1
609076045,1088.1505259607934,392.5102534029208,1098.325,396.8643,1
609076062,1088.4905732313237,394.30183108195905,1081.8823,427.3116,1
609076079,1088.0079424304663,394.6265304724251,1069.7272,403.6075,1
609076095,1087.3409419965847,395.60468086050713,1066.8896,416.9887,1
609076112,1087.4548393883215,397.3106424073494,1078.9124,432.3694,1
609076128,1086.1238474088216,398.8364283027417,1055.9768,432.0219,1
609076145,1085.920711377355,399.818643830515,1073.1995,422.1098,1
609076162,1085.7335384172306,400.8471163728541,1073.4075,424.5806,1
609076178,1086.1827991739626,401.86097784148495,1084.1345,425.3206,1
609076196,1085.8714484224174,402.669618324997,1071.1676,422.8461,1
609076213,1085.5154789155106,402.9704981074899,1069.9758,412.9578,1
609076229,1086.1230725251116,403.9044433226529,1087.2634,427.4037,1
609076246,1086.5378998322049,405.24970448858926,1084.302,438.1404,1
609076263,1086.5769058618578,406.00093711655666,1077.3235,426.3163,1
609076279,1087.4657042720178,407.19568178528465,1093.1428,437.0908,1
609076296,1087.3561731052132,408.56223100160224,1075.2356,443.1981,1
609076312,1087.611772591251,409.6816761849314,1081.4954,434.4714,1
609076329,1087.9131960334416,411.01442531801564,1082.4089,440.8399,1
609076346,1087.2855010290589,412.19896878091043,1067.207,439.1602,1
609076362,1087.2474117644445,414.0375506473256,1075.5383,454.7812,1
609076379,1086.7647502962664,416.2338391963969,1069.4329,467.6725,1
609076396,1085.5835089591615,418.08318987479447,1055.0277,462.4233,1
609076412,1084.0078314622199,420.965745708789,1049.2083,489.6868,1
609076429,1083.272882637876,423.464798421742,1065.5808,480.9001,1
609076445,1081.8991734999959,424.7260201454265,1052.7107,454.5265,1
609076462,1080.2686530566414,426.90569658856987,1049.5374,480.8762,1
609076479,1078.8171657800096,429.7673584058153,1050.5269,495.2697,1
609076495,1077.271811009899,431.95732508332594,1048.3342,484.7005,1
609076512,1076.0324967517067,432.9068808379375,1051.6165,456.725,1
609076529,1074.6508969221438,434.8574553064439,1051.3286,483.0088,1
609076546,1072.8320044776892,436.78168961868926,1042.6521,482.9084,1
609076562,1071.4431703097564,438.51551145843035,1047.4846,483.8589,1
609076579,1068.287998004649,440.25605404533366,1012.7484,485.2018,1
609076595,871.4043362947466,493.1012322662239,853.1158,542.3895,0
609076612,818.2700723603516,510.271927470874,797.7801,567.5821,0
609076629,820.3169819545775,510.29338050966425,802.0851,567.4575,0
609076645,826.3259630267517,513.5279048955956,819.1531,579.571,0
609076662,833.6661123979717,516.0420790533788,837.2394,583.4547,0
609076679,835.5036361362309,515.2034284349152,823.2286,568.5278,0
609076695,835.3303210476612,514.1415554548563,814.3813,565.0551,1
609076712,835.7669349229247,513.4530634101448,818.4312,565.6544,1
609076728,833.3643048200169,513.2152486114591,796.4592,569.5454,1
609076745,832.5852548871137,515.7351635093087,807.4714,599.7645,1
609076762,834.3039935891743,517.1995633071451,830.4401,591.2253,1
609076778,834.4908422178505,517.9705499304782,816.8528,585.5653,1
609076795,833.4084085201218,517.9549201961889,802.4479,576.4025,1
609076812,832.3536976986584,517.647374050371,801.0857,572.0114,1
609076828,830.9529806100696,517.3804603018142,795.1886,572.4322,1
609076845,831.4613094199387,517.8303884833639,819.3279,583.2265,1
609076862,832.0871276409644,516.963667633505,820.9666,560.5226,1
609076878,832.5296906993867,516.293648787174,819.0247,563.0648,1
609076895,832.4130988440286,516.6273424978541,811.4971,581.6981,1
609076912,832.1884927156988,517.2186096823261,809.8355,587.2516,1
609076928,831.2906171526494,516.7986093299054,798.3483,567.9805,1
609076945,831.2690995410062,518.1031229215359,812.8557,602.6581,1
609076961,831.6104477753374,519.2585222205141,818.7768,600.4732,1
609076978,832.1190878350309,512.2250330050176,817.2357,425.5139,1
609076995,885.8230520347986,306.11066977238886,861.8354,293.103,0
609077011,892.8839413429592,285.72950221368643,868.5638,265.688,0
609077028,903.5534240502083,284.51026774699596,890.9122,261.5029,0
609077045,904.0844521079754,285.9594314619886,881.5149,269.2896,0
609077061,899.9524664769455,291.5364132270886,863.8168,295.6061,0
609077078,896.6338249842316,296.10802152566873,859.8407,303.5129,0
609077094,897.3053579950438,296.0921012793431,877.2345,278.4774,1
609077111,897.9583167677506,296.9087404117361,878.5912,285.9066,1
609077128,898.8543346543175,296.201001814361,881.4163,272.2065,1
609077144,900.5653202805902,296.16137287801394,890.4823,277.8015,1
609077161,898.968510290958,297.0558191347781,861.2963,290.5632,1
609077178,899.9423289374181,298.25949551584665,886.1368,295.5765,1
609077194,899.7251483774818,298.5838878335517,873.8237,285.8583,1
609077211,899.8870385445254,299.9100203596762,878.5244,301.6988,1
609077228,901.8450933229026,299.8396145028088,901.2474,280.5341,1
609077244,901.316181835397,300.0604910214633,870.5018,286.7798,1
609077261,901.294320907769,300.42855882258806,877.1121,289.5697,1
609077277,899.8403162802789,301.3080723793606,856.4966,300.5278,1
609077294,897.9915658617614,301.58254711005947,848.8032,290.6052,1
609077311,898.8799322855875,301.8551316962984,889.6264,289.3556,1
609077327,898.6587196640212,300.1943170112882,871.6144,251.5501,1
609077344,896.7927229161387,300.3660892128404,845.4457,289.0825,1
609077361,893.4596236304901,301.3040569216894,819.9735,306.6018,1
609077377,891.1230086893986,302.2828340153444,834.6379,307.7479,1
609077394,890.4400457812297,303.34212218399637,861.5685,309.2576,1
609077411,889.2186076457828,304.3954543563148,851.3228,310.4854,1
609077427,889.3775936130205,304.55914414591524,874.2153,290.4908,1
609077444,888.6511537523862,305.22644798562504,858.118,303.034,1
609077460,887.3445429078428,306.87202034899593,847.3701,326.5475,1
609077477,886.4787153200917,307.82074195342534,853.9503,311.3162,1
609077494,885.7975680991242,308.9376214761505,856.5092,316.0139,1
609077510,885.468665490051,309.40673331653255,862.4335,298.4662,1
609077527,885.0148204603969,310.8636809989003,862.1264,322.2556,1
609077544,883.8614040164548,311.8359600281305,846.902,313.6428,1
609077560,882.9752790021532,311.7325078487851,848.399,292.3733,1
609077577,881.9520273079576,312.3251460136058,845.1696,310.2174,1
609077594,880.751422089166,311.6662633997317,842.2026,279.5123,1
609077611,879.2259729270185,311.5120490733083,835.6643,293.2285,1
609077628,876.924806410471,312.56285209665435,821.3807,321.1548,1
609077644,874.6989163188528,313.89352044877506,822.6476,329.0995,1
609077661,872.0386996996916,313.7869791525834,809.4625,298.3285,1
609077678,869.5276590211247,314.45009076438157,814.0586,317.2829,1
609077694,867.6101916818826,314.5169642753588,821.7181,302.6554,1
609077711,865.1665189587893,314.9857443929864,811.2476,314.7407,1
609077728,862.3700867104297,315.3679877512806,805.3068,311.3815,1
609077744,860.4890188545722,315.9470100050411,816.9838,316.6848,1
609077761,858.4400872104712,317.0673045711807,813.1476,330.349,1
609077778,856.5679061535151,318.33105100324747,812.4999,335.3432,1
609077794,855.7667643255025,318.22028533664246,828.8992,302.2841,1
609077811,853.608629642953,319.4548509446631,807.3444,335.1891,1
609077827,852.4363887389019,321.25283747259476,821.7667,344.499,1
609077844,852.174758381632,322.4079471118705,833.5683,334.1445,1
609077861,852.234112510845,324.2416622379081,835.8679,352.3466,1
609077877,852.1859914547041,325.91400999635204,834.3154,349.6247,1
609077894,851.2505019241644,325.9252485790755,818.6324,312.9354,1
609077911,851.8043286117282,326.963284197146,844.1008,336.7183,1
609077927,851.4508536698758,328.3290540568436,828.8037,344.0215,1
609077944,851.0306259905407,329.40997908723284,824.455,340.1195,1
609077961,848.5212681224539,332.28337858217736,785.1658,386.901,1
609077977,716.2680176209636,563.4834040974705,692.2512,642.8698,0
609077994,708.1641046684438,651.8735033635055,686.7735,760.7643,0
609078010,692.5627525590139,657.1827714069545,654.3379,776.2504,0
609078027,688.5698835368883,660.9055197809695,658.4458,783.7953,0
609078044,687.6446580470725,659.3587337571153,662.5303,765.5374,0
609078060,688.2239077116792,655.3448440772911,667.9225,745.1653,0
609078077,691.5328554381791,656.1999744893445,686.6387,772.2839,1
609078094,691.3560170169271,655.7232928598696,667.9225,763.1525,1
609078110,691.3601720503016,656.3350619521616,669.3088,773.0532,1
609078127,690.7519272973435,654.5261771483689,663.1595,747.2914,1
609078143,691.1707808203901,652.6647440062817,672.0618,742.2903,1
609078160,691.1883748792477,653.593719305928,669.3615,775.9821,1
609078177,691.1299902159029,654.0238883476471,668.389,770.6348,1
609078193,693.0573846184207,654.3928500912909,692.3828,769.4513,1
609078210,693.4801706431798,654.3111645894797,675.6324,763.474,1
609078227,692.884481471404,653.9207369335759,662.387,758.6156,1
609078243,692.3630467485324,654.8056095562598,663.326,780.5945,1
609078260,692.5323220958805,655.1363692977587,672.6229,771.2007,1
609078277,693.074645227178,655.1756185945369,678.3265,765.8222,1
609078293,693.7388932291417,655.1761501647784,680.7625,765.0134,1
609078310,693.4452673115308,655.8904759211499,666.4669,780.0532,1
609078326,693.5584514274178,656.3498399719816,672.8547,775.25,1
609078343,693.2622395264887,657.5310180405594,666.5771,791.2364,1
609078360,693.8893071137558,658.4302681549085,682.0269,785.6005,1
609078376,694.7125010773431,658.210574171606,685.2263,761.8682,1
609078393,693.9472074307881,659.0544363851673,658.538,786.6573,1
609078410,692.6570570815898,659.3266653960699,648.6953,774.9962,1
609078426,693.1252740385527,660.2752818346961,680.155,789.4489,1
609078443,693.7185812090585,660.2141831421442,681.9971,767.0542,1
609078460,693.175496041275,660.6209405086313,661.7998,779.0742,1
609078476,692.3119067616274,660.2881183753673,655.3777,762.7229,1
609078493,690.988623845175,660.2381966859966,648.6516,768.7936,1
609078509,690.8717416290355,660.4156829706124,667.303,775.2245,1
609078526,689.7928437844186,660.6455604661935,650.1746,778.2274,1
609078543,690.0812214447168,661.1539439409186,675.755,781.9601,1
609078559,692.3991867848099,662.0206400171317,713.5552,787.1268,1
609078576,695.4816476594287,662.4181863940431,729.018,779.192,1
609078593,697.4854607138699,662.2213879601256,706.8151,765.7128,1
609078609,700.1620859246962,662.5024983716652,719.9649,777.7558,1
609078626,701.9815600828971,662.6802220795381,704.1354,773.7184,1
609078643,704.2797523610208,663.1418882412825,714.8529,780.0751,1
609078659,706.3202040489032,663.9943501310496,710.9966,793.3853,1
609078676,707.4622277811936,664.1106375862765,695.1095,776.6384,1
609078692,709.9789801041782,664.3245899083332,724.067,777.9982,1
609078709,712.0262091701697,664.1393943266203,714.5714,768.7874,1
609078726,713.7680716798413,664.0997440288096,709.2136,772.24,1
609078742,715.2406897249323,664.1731545465392,706.2222,777.6234,1
609078759,716.3692555343828,664.6735832584094,702.9235,786.8239,1
609078776,716.7934155721434,664.5529130268815,691.8824,772.572,1
609078792,718.6172458028184,665.3739228209795,719.9569,793.459,1
609078809,719.7613172449746,665.6160189805709,707.2345,782.3271,1
609078826,721.7120978744016,665.5125061785927,724.2418,773.26,1
609078842,722.9443117029226,665.3064009047782,712.0403,773.1865,1
609078859,723.6648521357492,664.9810760350291,705.9034,770.1221,1
609078875,724.2571607767882,665.1328451708176,705.6361,778.8427,1
609078892,725.2528819450278,665.3764529736299,711.7706,783.4385,1
609078909,731.0014148672308,666.669245239366,800.3093,802.8105,1
609078926,737.5575968474498,667.7731088886007,820.1375,799.4282,1
609078942,743.7320171177313,668.5537790632111,815.0099,790.0487,1
609078959,749.5718087592286,669.5408342783642,809.2759,796.7883,1
609078975,755.7121729801398,670.1838723583295,816.9637,787.2972,1
609078992,761.3139014584566,671.5468887284178,810.3104,805.6676,1
609079009,766.0722875557834,671.7890999523631,799.9265,781.5974,1
609079026,770.8585820016036,672.3939724620851,802.7819,790.8397,1
609079043,776.5471943846244,672.753517715516,826.0654,785.3486,1
609079060,780.8694211338749,672.578669113974,808.6107,775.0068,1
609079076,783.8585266381481,672.9694118439475,789.8461,788.7203,1
609079093,787.7176907361493,673.4552488639091,807.3617,789.3546,1
609079109,790.8509828735906,673.7628954380596,799.4172,787.6572,1
609079126,792.8771213970805,674.2292354875942,781.6401,792.238,1
609079143,795.9501906500142,674.8348570975613,806.2333,795.8041,1
609079159,799.537979345472,675.1685913123158,819.1083,790.8557,1
609079176,802.6849963742535,676.0424525223725,813.7701,802.2609,1
609079193,805.2610657663162,677.0198221323549,810.4927,805.7627,1
609079209,808.8903209740266,677.9458157109644,832.512,803.3741,1
609079226,811.2426442847175,678.6803237121136,812.2047,801.0067,1
609079243,813.6772223687849,679.9887503451114,817.5407,815.4871,1
609079259,815.9789768453736,680.0059322541572,817.6497,787.2543,1
609079276,817.6616774480399,679.4384825027662,808.3896,773.3184,1
609079292,817.9463659632029,679.601784156573,789.5215,794.1291,1
609079309,820.014463708382,679.023745665739,823.3301,774.7454,1
609079326,830.5866816702286,678.5857851229447,983.9368,770.9031,1
609079342,1154.8729796141545,647.6903405187995,1156.8309,735.3584,0
609079359,1191.5344847946883,662.8762310951699,1195.9449,753.9229,0
609079376,1185.92034839822,663.4638053281265,1184.1816,755.9815,0
609079392,1185.1650801536096,664.6883818959709,1187.8369,759.9131,0
609079409,1181.1868915303314,661.6885757597929,1172.3315,741.4717,0
609079426,1175.0234881928716,662.7381258475633,1153.4095,761.1086,0
609079442,1174.6576018823012,659.2698495755924,1176.082,727.5308,1
609079459,1173.0646988056837,659.639806542345,1167.2859,754.0236,1
609079476,1172.4700475227185,659.808476580353,1172.2921,752.6271,1
609079492,1170.6216794752388,658.3077848235854,1159.4827,734.6367,1
609079509,1167.8482441963756,656.4195747026403,1146.95,727.0494,1
609079525,1166.3372899553583,656.7762509400378,1156.3962,752.8363,1
