timstamp,smoothx,smoothy,rawx,rawy,fixation
632900500,1220.246986641668,510.41374327902,1258.4364,441.157,1
632900517,1221.9061225852276,513.9972623516308,1277.8623,471.8159,1
632900533,1222.6797658453484,515.348689823127,1267.6511,451.5493,1
632900550,1222.683014468218,513.9250929868556,1256.1067,420.1421,1
632900567,1223.0996548636824,514.2119226608938,1263.3955,440.0251,1
632900584,1222.2065169961736,514.6673026998199,1244.8257,442.9915,1
632900600,1219.7870268787672,517.333536225529,1222.6768,474.3195,1
632900617,1219.3142880566768,516.7966976730359,1247.7324,431.1378,1
632900634,1220.4168458304339,520.258634872135,1277.1279,488.9064,1
632900650,1219.6178825217762,519.3457036573926,1241.5956,426.7956,1
632900668,1221.410076326987,519.2446754876908,1286.2091,438.1844,1
632900684,1221.2690957621446,519.0394593858173,1253.5061,437.3348,1
632900700,1221.336431682573,517.0207219620786,1255.0159,408.46,1
632900717,1219.8285065829577,515.688090802727,1227.2473,419.245,1
632900733,1221.1753636911585,514.2613359533934,1278.7163,416.323,1
632900750,1213.1751713423012,512.9026630800539,1105.4755,419.8246,1
632900767,899.9142989278856,452.4254926242892,896.8266,382.9832,0
632900783,961.0369219793339,448.07307564034426,964.0092,377.5364,0
632900800,934.0219275859104,469.21884326100263,907.4705,420.3315,0
632900817,935.0187289499702,472.2138350315081,939.7809,407.6486,0
632900833,940.309651957825,484.34231450104795,963.7774,448.936,0
632900850,939.5740124926372,481.00111053951207,938.4675,397.0923,0
632900866,940.0793159271554,475.2561728753421,943.4934,376.8096,1
632900883,937.1650919504795,475.4796646312225,921.0936,406.7893,1
632900900,939.2859491068343,478.36830214031914,959.4366,426.7561,1
632900916,942.4574568204918,482.1846251679731,974.2517,439.2429,1
632900933,938.9090214901789,483.8159705522723,909.8428,426.4066,1
632900950,939.2762334069392,481.4350736587824,944.6162,388.2818,1
632900966,939.9712786059647,477.8987933646963,947.9796,372.3697,1
632900983,937.7676585964739,477.43796083391027,914.3826,403.1347,1
632901000,938.3195919228964,474.6362306357896,946.0897,373.7675,1
632901016,938.8996349041432,471.7646816633862,946.8956,369.4024,1
632901033,937.151272049492,469.74110655308283,913.879,377.7919,1
632901049,936.3992683094178,468.79691894312134,927.9558,390.0685,1
632901066,944.9300049491688,461.8834169627972,1067.803,301.753,1
632901083,953.7621002143457,453.4092220353846,1079.0759,272.2015,1
632901099,1099.64049681653,317.201286868009,1107.6179,245.4713,0
632901116,1109.4493948688905,294.61860457831153,1116.8192,222.946,0
632901133,1094.8785911453642,297.0303499175971,1085.027,228.2553,0
632901149,1093.7511671416794,310.93010380510043,1100.2628,266.7339,0
632901166,1092.555199064305,313.5642299252599,1096.262,249.5765,0
632901182,1096.4973344548814,319.3639529470106,1123.146,269.605,0
632901199,1092.429565331389,315.4746257984316,1076.1965,224.9901,1
632901216,1090.9819355300192,322.08792261540043,1092.1594,288.1379,1
632901232,1091.4388621185421,320.34175824519747,1101.6366,236.2591,1
632901249,1089.8020701518267,321.1822600605803,1084.1949,255.4185,1
632901266,1089.1473953517693,319.2688694932273,1089.5537,231.3138,1
632901282,1088.5432330650692,317.990078407232,1089.1985,234.7311,1
632901299,1085.972657838915,316.0573254525082,1063.9966,226.2847,1
632901316,1086.4471551606773,315.33185665656185,1099.4873,236.7806,1
632901332,1084.2014131379706,317.9334445212062,1066.3735,276.4927,1
632901349,1082.6570709960636,319.0718435182341,1071.9742,261.0557,1
632901366,1083.4798869434667,323.51733209589025,1108.0,305.479,1
632901382,1081.0842759752725,332.8901179612369,1064.7871,378.6426,1
632901399,1079.863640664272,341.832044776407,1080.8215,381.626,1
632901416,1079.3482297824378,348.4171392089945,1088.9375,355.5197,1
632901432,1077.7026698328714,355.8028663772358,1070.531,374.0997,1
632901449,1075.9585967746705,363.27012307612125,1067.6886,382.0483,1
632901465,1077.9216673811995,371.62451132985,1132.3528,401.4247,1
632901482,1077.737994045903,378.40720079619877,1093.5757,383.9043,1
632901499,1076.3649297026886,386.83703039223303,1073.8922,417.0364,1
632901516,1075.992618046736,392.22656599376364,1087.9644,373.5059,1
632901532,1074.2560067569907,397.9204806430432,1062.7112,384.512,1
632901549,1075.1514467475172,398.37584049067493,1104.9309,301.1062,1
632901565,1072.156994949819,408.8218774867541,1043.5941,475.9973,1
632901583,1094.9329765813675,579.8420463496369,1121.3828,505.4035,0
632901749,550.2889601554145,203.61400400120212,1472.068,428.2171,0
632901799,441.91837343637013,165.57548860694843,0.0,0.0,0
632901849,375.9935628102751,142.4356647327327,0.0,0.0,0
632902032,966.1473977325218,335.04632192225347,961.4918,265.6177,0
632902066,1175.0309422040978,259.7128938525601,1411.3738,108.9581,0
632902148,1230.1332185396125,167.44515891733073,1347.451,-88.1835,0
632902182,1154.373776071364,230.87209484024473,925.4463,351.0476,0
632902198,1086.4000520413008,299.738449870594,817.1342,500.6407,0
632902232,858.6507345334304,506.14759083367017,855.1387,436.9034,0
632902248,799.3179668643135,503.32835291044614,789.4148,435.2215,0
632902265,456.2526414870868,276.62367090456075,0.0,0.0,0
632902281,341.1225957147833,200.54326097369247,0.0,0.0,0
632902298,523.999543445057,228.49862165922966,1074.1884,242.5189,0
632902314,678.4758319097554,229.19804187407627,1303.6307,159.0746,0
632902331,1016.3438496514411,331.511294046423,1016.6678,261.1835,0
632902348,1073.1326480912662,283.06188137510793,1075.8807,212.1901,0
632902365,1139.418959015258,281.00871451609953,1221.7961,205.6616,0
632902381,1098.4211977339608,306.6456420948574,1018.8464,286.9939,0
632902398,1078.9302645630128,320.90086469688686,1024.5491,292.0294,0
632902414,1063.769627479397,323.70518187451995,1004.4669,263.7722,0
632902431,1061.1659564406104,321.631814087904,1052.4353,239.9028,1
632902448,1054.5803921376335,317.78494973044184,1016.1595,224.8682,1
632902464,1052.1360162877559,315.45664041229975,1038.488,229.2541,1
632902481,1049.9274947271078,316.3768204619564,1037.656,252.7071,1
632902498,1044.6267362689832,317.29719249268186,1001.7699,254.836,1
632902514,1046.460510489746,313.09497372002687,1068.2813,203.9426,1
632902531,1046.0359072794788,318.5405298780327,1051.1368,301.5374,1
632902548,1044.186800329029,317.65195932814134,1027.3763,237.2465,1
632902564,1041.6914795521834,321.35885790970895,1019.6569,291.6646,1
632902581,1038.9091964224929,319.7638499474485,1007.3021,229.3683,1
632902598,1039.7371887747536,318.2688853346823,1056.5201,228.1387,1
632902614,1038.0131693000724,319.3451696808049,1020.439,262.5452,1
632902631,1035.8666932880076,316.7472494040066,1007.6917,211.6724,1
632902647,1045.5187733267228,315.91269936211285,1199.2881,231.9753,1
632902664,1046.7617229698208,317.5044441761151,1069.2803,269.944,1
632902681,1047.341121678142,318.4251605730551,1058.1063,260.9484,1
632902697,1049.2199340859768,320.95213003999254,1083.1316,286.3929,1
632902714,1051.5713287955186,320.958885780519,1090.0403,247.5506,1
632902731,1053.786942751761,320.7238328505428,1088.9166,243.8039,1
632902747,1055.1415515861536,321.32248782009964,1075.6699,257.8198,1
632902764,1056.367135562015,321.8156111866905,1074.3608,256.5034,1
632902780,1064.4378261915194,316.6987528269653,1197.3589,160.2068,1
632902814,1055.362367328375,86.8192825135345,1042.088,18.3686,0
632902847,1065.7601924855655,99.91891163621469,1054.516,31.1347,0
632902865,1074.204452440247,97.27111399225407,1072.7599,25.5873,0
632902897,1071.552499244498,110.35533251503922,1057.6774,67.1897,0
632902913,1066.5417609674123,104.69747678386011,1038.0935,19.348,0
632902930,1062.5849628681367,95.15816356881025,1030.9774,-10.2794,0
632902947,1057.4971298930827,88.12826042543418,1015.1586,-13.2875,1
632902963,1062.2899152685475,78.71993434406065,1076.6375,-43.1089,1
632902980,1060.5970073370108,64.07440442230842,1027.0908,-98.6391,1
632902998,1060.042815857801,54.469293092474516,1035.8342,-81.3109,1
632903031,1056.2477087275824,60.27356527967358,1010.6573,45.5393,1
632903048,1052.3952891258882,62.043209954602276,1001.0939,14.1504,1
632903064,1047.6060827428607,60.839008043465704,981.3046,-15.0326,1
632903081,1040.3162033792873,59.261663395660655,941.4386,-20.5436,1
632903114,1040.5052910887061,52.32968545776618,1026.1733,-88.8819,1
632903131,1038.2957608725285,45.854202831567314,991.9889,-91.3734,1
632903147,1030.2120729475337,46.534278864453555,908.5327,-3.2798,1
632903164,1022.5068712333295,43.115375471723844,900.1553,-59.3136,1
632903181,1013.8735712211978,44.96201490965494,881.4263,11.8194,1
632903197,1005.6473639853444,44.93965204210206,876.4185,-14.5223,1
632903214,996.8787509551931,45.21604728506503,858.6199,-10.4284,1
632903231,990.5328878027578,48.460358326261485,894.3312,34.1843,1
632903247,984.0443430040734,48.18210066466609,880.8429,-19.3544,1
632903264,978.236215632396,48.3667704841052,886.4171,-12.6743,1
632903280,971.6814807335386,49.80303253279739,867.7988,7.6654,1
632903297,962.7233395157523,50.951879893782674,816.3986,4.1416,1
632903314,955.8202891338303,50.538346035495,844.6674,-22.133,1
632903330,951.1167803624135,49.69791668525646,878.2764,-30.1774,1
632903347,947.6846832405453,52.28531263497928,900.2626,27.3972,1
632903364,944.209746786322,54.230167753091,892.7998,17.2141,1
632903380,940.4077368375449,54.497558264358,878.614,-10.8536,1
632903397,938.2462320868658,56.44373993207728,921.2,22.2822,1
632903414,936.1988870773073,56.92647034298283,916.4935,-3.6425,1
632903430,930.7457692901224,56.632873415304985,841.7158,-11.5245,1
632903447,926.9632831039312,57.03516462474335,866.5965,-5.178,1
632903463,922.5705636531305,61.30534975399023,853.2843,59.2862,1
632903480,918.9738379161852,60.77093439198822,855.5665,-22.9414,1
632903497,916.1484509980105,60.08308073418597,871.4261,-27.5021,1
632903513,918.5648666430699,66.96768043232224,971.2257,97.419,1
632903530,919.9289690982486,77.98585231994039,952.7723,173.3256,1
632903547,923.4882444069178,88.37802728904785,988.0643,177.3703,1
632903563,926.9602725520798,98.73621207055602,982.9136,175.3251,1
632903580,928.5668657636948,108.90567305437617,943.2748,172.7943,1
632903597,933.5194479300593,118.56090469181643,1002.478,166.5627,1
632903613,937.0180882360826,130.24470031150287,986.2489,200.1779,1
632903630,940.5085218505832,141.59003911886822,982.3148,200.793,1
632903646,944.0391634057715,151.88969461679594,974.655,198.9176,1
632903663,947.13836036336,162.04445537562418,968.3488,197.4387,1
632903680,952.2379589053179,171.37770249656717,1007.3887,197.6735,1
632903696,957.9492987655547,180.76029183715696,1022.7464,202.9021,1
632903713,963.8525006378757,189.33445431179499,1028.1138,197.3401,1
632903730,968.5351666470578,196.54330113786614,1011.5742,186.9305,1
632903746,972.1102242360313,206.08885643482847,996.6414,229.9438,1
632903763,977.7697711316027,216.7275533252429,1043.8625,257.5341,1
632903780,980.9366285876712,224.05254744519252,995.0868,212.1042,1
632903796,984.3297397932024,230.9350528016084,999.3333,212.7062,1
632903813,985.1523310345352,236.6595552319082,957.534,199.5751,1
632903829,988.0716397010295,240.89968388395872,1004.9662,181.3371,1
632903846,991.2210230455651,247.11109523490944,1018.8718,229.6535,1
632903863,1033.5091663505864,245.8229992630653,1029.4363,176.0872,0
632903879,1032.234510448362,310.661161983069,1032.7102,240.2588,0
632903896,1037.4461904670393,311.4078774753712,1044.3135,241.5403,0
632903913,1050.2901358779877,301.9845495422638,1078.8275,212.3302,0
632903929,1054.1477699102568,313.24271318872945,1071.9011,275.3521,0
632903946,1056.0130868797771,312.43189233141106,1066.5718,238.0893,0
632903963,1053.1011875315296,316.5102716219854,1041.5037,265.3942,1
632903979,1050.4037971609828,311.82332722363805,1033.4658,214.1401,1
632903996,1052.636523804283,313.2973911484936,1072.6624,251.9514,1
632904012,1050.9858081676339,313.24977707019667,1039.6732,242.1987,1
632904029,1053.3773929722718,311.4743069778076,1077.1184,225.5459,1
632904046,1051.8229776723663,312.82770716314934,1039.3691,254.7156,1
632904062,1050.8926622043195,311.512440753921,1042.3492,228.0363,1
632904079,1050.99957701938,312.18742283064887,1055.6271,248.6942,1
632904096,1051.7193718485523,311.2628116651043,1062.6726,230.1689,1
632904112,1051.7321068289737,315.1717691864634,1058.0531,290.2888,1
632904129,1050.4671319416898,317.50955218583425,1038.0616,274.3307,1
632904146,1049.145388883914,315.04817764937815,1031.0797,211.106,1
632904162,1045.3732987392568,312.8663489750391,990.9142,213.4734,1
632904179,1043.8743827494152,307.26311556122846,1020.345,160.9944,1
632904195,1043.392474792477,302.1007565748608,1035.9214,162.7304,1
632904212,1043.5711732612422,297.88298370385303,1047.3002,172.9788,1
632904229,1043.6020631873523,294.6696468320189,1045.4099,185.4639,1
632904245,1043.3532403698193,290.8037416213375,1039.1396,172.4859,1
632904262,1041.311192301669,287.4701372205048,1006.5474,178.6931,1
632904279,1041.7802339894636,283.07893645260265,1049.7361,157.7979,1
632904295,1041.3268576881412,277.46358682121206,1030.6055,134.4684,1
632904312,1040.217441244056,275.07050201336625,1021.3233,185.2031,1
632904329,1039.0323719490234,271.53261626407283,1017.3763,163.0664,1
632904345,1038.5971599439765,266.15190388446166,1028.2607,128.1664,1
632904362,1037.4818494676585,262.6897261217823,1016.6019,157.8035,1
632904379,1037.6769621204462,258.48267373099753,1039.6736,146.3275,1
632904395,1038.6780937542894,255.55569329234098,1057.1619,164.7501,1
632904413,1038.891056677047,252.22379203723335,1044.0591,151.4534,1
632904430,1037.9240486655885,248.38810516227966,1018.7402,146.2551,1
632904446,1037.483708624087,244.3281596823051,1026.978,134.2192,1
632904463,1038.1308564117035,242.48561924347678,1047.2048,171.1624,1
632904479,1037.688207700607,240.2891719038964,1024.4729,156.2066,1
632904496,1036.4711705754544,238.6792168018181,1013.9065,167.2546,1
632904513,1034.8790325036432,237.82157130099992,1003.3541,175.7937,1
632904529,1033.7153997962018,236.70365173017723,1014.5391,166.3018,1
632904546,1034.4392939277038,238.56942715722187,1049.6899,217.3737,1
632904563,1033.825152586232,239.06231341639597,1022.0153,188.6459,1
632904579,1033.8700541701091,238.33541186947048,1034.03,167.5027,1
632904596,1035.403960181352,236.17938309289767,1060.9415,138.5042,1
632904612,1034.6750327249654,234.75622642493235,1017.2411,156.3671,1
632904629,1034.8009405955963,234.6684415571315,1032.9292,175.1708,1
632904646,1034.2549099196947,233.00332201916441,1017.1976,140.0051,1
632904662,1034.615915426347,234.46097954294538,1034.5258,193.0976,1
632904679,1035.475467987801,235.93056843012823,1047.6379,187.2394,1
632904696,1034.4661691814013,237.55037860971902,1013.5372,190.9849,1
632904712,1033.6657514330464,238.7233292644113,1018.0114,184.7135,1
632904729,1037.5343685461828,244.47021767694943,1113.1165,263.7672,1
632904746,1040.5519155985196,252.6342588207007,1099.0452,304.9822,1
632904762,1043.7260969650383,263.7916947903935,1102.9575,358.5448,1
632904779,1046.538517842946,269.9532870101092,1095.3063,272.4911,1
632904796,1048.9816792170705,277.1642608648201,1088.5145,291.4602,1
632904812,1052.8217133253547,284.67651218744334,1116.3533,305.2006,1
632904829,1054.8497456925584,293.48605902582113,1084.6555,329.542,1
632904845,1057.6684265251965,301.12803011473585,1101.7546,310.1514,1
632904862,1061.8287657020358,308.8825386396742,1128.8396,320.1565,1
632904879,1064.8968773948448,315.8701981756819,1111.9066,311.5651,1
632904895,1066.443815276089,322.18490306800015,1086.2007,308.2504,1
632904912,1068.2723279312127,331.1014657225219,1096.136,357.5825,1
632904928,1070.6476793723239,338.1265953082278,1104.5686,330.6458,1
632904945,1071.4158545524056,343.7900319923899,1076.0577,313.1954,1
632904962,1075.665901861775,347.3803776315533,1145.6406,286.9992,1
632904978,1077.1382296824072,349.35993243414066,1090.7363,264.9205,1
632904995,1079.1112501144469,353.10108789922765,1104.8232,302.5251,1
632905012,1079.7510363215054,356.35295173107625,1080.8467,301.2095,1
632905028,1079.0846693938174,365.0930741210038,1067.0928,400.8103,1
632905045,1080.286910966181,366.6246182298777,1100.4264,286.6521,1
632905062,1079.4803765129975,371.06413484232974,1064.7908,339.3658,1
632905078,1080.6891198370272,375.05154867845647,1106.5773,333.8148,1
632905095,1078.1216534580333,379.3411045427647,1038.9368,342.5291,1
632905112,1077.6758819211009,380.9166605800326,1073.2512,302.2484,1
632905128,1076.2091754813396,375.31524767284884,1047.7341,185.5218,1
632905145,1075.6362085824207,370.1841218123907,1064.9707,193.6247,1
632905162,1074.171546487033,363.71490731324724,1048.7559,179.558,1
632905178,1071.8634711064683,357.57212794184824,1034.5514,186.457,1
632905195,1071.1205485361702,352.3659309127854,1062.1472,203.2337,1
632905211,1070.5718394863097,348.3249650359815,1067.7375,222.5081,1
632905228,1067.644437601979,343.28759689177093,1029.9011,213.3439,1
632905245,1064.357518393392,338.83898781228237,1020.2782,225.3058,1
632905261,1061.4469880230004,333.5712820652648,1024.8577,212.991,1
632905278,1057.1342871527957,329.09159807618937,995.7781,213.8684,1
632905295,1055.0525171790546,322.1246672272867,1032.4751,168.7478,1
632905311,1051.355560754353,318.1289275068777,1005.3788,217.8407,1
632905328,1050.5508173721526,310.9819122459153,1050.7678,160.4897,1
632905345,1049.3246191607798,305.32247006102403,1043.5574,179.2559,1
632905361,1049.804926100702,304.6563415027263,1082.4998,260.8247,1
632905378,1048.4765202193705,304.7704647202504,1043.835,268.936,1
632905394,1047.3088647985699,304.8192927880503,1041.6183,262.8472,1
632905411,1046.5309755051865,301.7932560028075,1044.1025,210.5355,1
632905428,1046.9218834555404,298.9197564566402,1065.4631,205.507,1
632905444,1047.0908228697565,296.8830236449437,1057.2433,214.3205,1
632905461,1046.703706410613,296.08924735925103,1053.6467,229.8356,1
632905477,1046.9320247607097,294.25235044289195,1056.3566,206.6,1
632905494,1046.8627490120114,293.5958677886801,1052.3147,228.5412,1
632905511,1047.0605483876602,290.1620989228497,1050.3068,177.7522,1
632905527,1046.707127388801,289.3003275272263,1040.8423,229.8194,1
632905544,1049.295660350915,288.9308025777848,1101.0454,222.0876,1
632905561,1052.075184843955,287.09998323924316,1098.6179,200.4559,1
632905577,1052.807686317658,285.90624372564474,1064.4561,209.2563,1
632905594,1052.903452027098,287.1478507546829,1048.3054,250.3276,1
632905611,1051.7968008973173,288.413169683736,1029.6304,245.2317,1
632905627,1051.126942240071,288.89813172549486,1034.8929,219.0105,1
632905644,1051.3268253869467,290.23287352028683,1055.1582,235.2393,1
632905661,1050.5264194069125,283.991784881789,1025.1462,104.3965,1
632905677,1049.550935249416,285.96973941122695,1031.2665,247.683,1
632905694,1051.1438100879127,289.93650237372617,1086.6218,283.2289,1
632905710,1053.8340856270843,297.61304514448256,1113.1721,349.1165,1
632905727,1056.7509786123312,305.18085958737174,1113.9373,346.7618,1
632905744,1059.8837225199318,312.67026761453997,1118.2031,347.8452,1
632905760,1062.4388693270264,317.8804281778947,1106.2399,309.2379,1
632905777,1064.8776503757376,325.31489993265484,1105.5625,350.1678,1
632905794,1067.2874554552652,332.4100177080356,1110.5211,342.683,1
632905810,1069.4604616479414,335.0800003846644,1099.498,275.4592,1
632905828,1070.1591000428932,341.7598614891818,1083.0894,342.8724,1
632905845,1069.9481311320385,347.6581247891472,1065.5688,336.2088,1
632905861,1070.3749086586413,352.9808624830867,1082.8147,338.8926,1
632905878,1072.784699720361,356.89763924128914,1116.4834,318.4614,1
632905894,1073.1240925717545,361.7175927905907,1079.3801,337.8864,1
632905911,1074.0997444792986,365.6232863680663,1092.6191,320.7429,1
632905928,1076.6134404800173,369.8095718327392,1126.5408,329.5803,1
632905944,1077.4653533257674,372.6826616384325,1093.6086,313.4148,1
632905961,1077.621066425691,375.8231049413499,1081.915,324.6476,1
632905978,1078.7470287813294,379.5004726915425,1103.2585,335.7212,1
632905994,1078.8430754756173,383.5465449518612,1085.1123,349.349,1
632906011,1089.634100386311,412.1690894793485,1103.4249,339.6147,0
632906028,1092.0519694995457,394.3329066749953,1104.8071,321.9233,0
632906044,1092.585325648339,397.15167289392787,1106.3901,327.4738,0
632906061,1090.2661127312806,406.58310903452434,1099.9789,352.6918,0
632906077,1087.256994712848,415.02361886388894,1092.9861,367.2507,0
632906094,1087.1437589737939,409.57014073152914,1098.5564,315.5206,0
632906111,1089.8512508377812,408.7246683424866,1117.7856,331.7626,1
632906127,1092.2153795649115,410.91885194077025,1122.0873,350.5565,1
632906144,1085.2571476420803,409.85071851666623,1046.3892,330.9706,1
632906161,1093.248371763255,411.7454313966486,1175.3208,351.9541,1
632906177,1100.8812496433166,420.21354548735655,1190.8049,415.4844,1
632906194,1107.0239605465572,421.18290728478325,1182.981,353.851,1
632906211,1115.4024818623789,426.9668581378449,1223.8451,406.3448,1
632906227,1121.10284628913,426.7461939075584,1198.6472,346.4553,1
632906244,1128.6709525477008,427.80773920071346,1233.5966,361.2521,1
632906260,1131.5206874900243,428.7713836910889,1177.9448,362.4982,1
632906277,1136.6288248187584,438.5017180783383,1224.124,478.96,1
632906294,1140.9458202986789,442.0888792576351,1213.5527,405.4541,1
632906310,1144.1403539940522,442.3066167912697,1198.3606,361.953,1
632906327,1144.9920804743015,445.7282435573298,1168.0537,410.2787,1
632906344,1146.6347625145022,447.76569409455465,1182.2122,392.8064,1
632906360,1152.6486376204089,447.9161321157774,1258.0823,364.9049,1
632906377,1156.907268757763,448.86420487756453,1234.4078,378.9213,1
632906394,1159.7564128790536,452.48775920390773,1217.209,423.5875,1
