timstamp,smoothx,smoothy,rawx,rawy,fixation
632923125,890.6372115679037,599.2353846111638,909.1238,563.0176,1
632923142,890.3077478933727,599.1124266983569,893.6747,526.1107,1
632923159,894.0759742708051,597.4172031187794,934.1875,510.7717,1
632923175,898.5577298694166,593.5677594219087,946.9401,486.4445,1
632923192,902.9053040756323,591.489368445641,953.7523,499.6938,1
632923209,904.8926053735009,591.769843524899,932.3625,524.0957,1
632923225,909.4704335605065,590.9051725957642,969.3086,510.0244,1
632923242,908.6235937283099,592.1177791083039,901.1369,536.3945,1
632923258,910.5804431746798,589.4264441097924,938.07,485.5337,1
632923275,913.2286554432867,587.9558090974189,952.3591,499.1696,1
632923292,912.7109901751713,586.8651352362118,905.8624,503.8127,1
632923308,914.7023145408879,590.1352166378621,951.4088,565.7466,1
632923325,916.305567698723,594.2396389908016,948.3864,580.8417,1
632923342,917.6690347453257,595.0005872659391,942.7174,532.4821,1
632923358,919.4581993424748,595.4389455729997,951.5901,527.8703,1
632923375,919.589054306286,594.8170663687207,922.8002,511.7964,1
632923392,921.1717461559846,595.9826139015925,952.1429,540.1803,1
632923408,922.3725398967862,595.5876185428943,945.0104,515.3008,1
632923425,923.4865383741459,596.3178843289834,946.2554,534.0994,1
632923442,924.7365642461218,594.3846294710006,947.0061,489.6588,1
632923458,925.8478119350875,589.7610398054414,942.455,443.5222,1
632923475,925.2377834666479,587.9888862606451,914.4058,491.5793,1
632923491,925.8650500183821,587.6235025134736,940.7756,514.7309,1
632923508,925.0337853209282,587.7198141749562,909.3215,521.5651,1
632923525,925.6148141441133,587.1821329956188,938.3496,508.5227,1
632923541,926.8847656464889,586.6116599565065,954.181,513.0575,1
632923558,926.6006330579633,576.4688638124034,912.0138,346.527,1
632923575,915.2219831834418,364.7810008398598,907.4025,295.9862,0
632923591,945.4545882141081,417.7549581881304,944.6128,347.8319,0
632923608,933.5131131643437,414.47396205154735,917.7997,341.7933,0
632923625,942.6939467758552,404.3750770223392,959.3645,314.4647,0
632923641,951.8139884563633,397.4496461641264,978.4688,306.9756,0
632923658,950.6749763621467,387.10646190906726,939.9373,277.7094,0
632923674,949.0691890967389,381.56024099819945,935.1679,286.285,1
632923691,949.7373705646619,387.26414235069547,953.6956,351.3404,1
632923708,951.9111648192708,390.1436708322288,966.9216,339.7152,1
632923724,951.9431829436818,391.78686395567644,950.5354,334.4363,1
632923741,952.6472630391695,391.61365996673055,956.5071,320.2198,1
632923758,948.4194482123321,392.00168819651265,903.1729,326.4466,1
632923774,946.7288590868734,389.0211017220195,923.9825,290.5167,1
632923791,945.6386309212573,387.14892124839554,929.5968,298.892,1
632923808,946.6392832284364,388.51443534831594,958.7226,334.9263,1
632923824,945.1373611523604,391.8169682122717,926.6221,361.5897,1
632923841,945.3219531142533,389.4134219488084,944.2656,289.6143,1
632923857,946.2953650997566,382.81220346067266,952.0712,229.3014,1
632923874,948.1810271122464,375.63780739573434,966.4115,214.3911,1
632923891,953.4335945964071,366.70825987494834,1020.8222,181.0634,1
632923907,956.7036224887404,361.8920079437839,996.3582,235.4424,1
632923924,961.6999833237027,354.1511350449183,1025.3339,185.459,1
632923941,966.2153319148828,346.43484683019346,1020.6667,179.5411,1
632923957,966.0776047171622,340.8601206520275,943.4899,208.8708,1
632923974,968.4757202942833,334.02095777817544,988.4443,182.5658,1
632923991,971.0517963647015,329.02079656605764,995.8155,207.144,1
632924007,972.0547140636284,323.12200771996055,967.5071,187.8074,1
632924024,972.2783713576002,318.0476536317479,955.2279,196.7089,1
632924040,975.3482399166747,311.48123156044863,1008.4517,165.4429,1
632924057,978.5169920280559,307.2707392362497,1015.2883,200.2424,1
632924190,982.9798958033331,314.4668490501114,1056.6868,391.5599,1
632924224,988.7934889907057,310.96324352898216,1068.0105,214.0305,1
632924240,995.2582966268585,307.3650848121186,1080.2444,206.7164,1
632924258,1001.3866982204019,304.44264234253257,1082.1377,211.0877,1
632924274,1007.7969756670775,304.01219349754376,1095.7251,249.1265,1
632924291,1012.8633551250243,298.0729094077228,1062.3232,147.8672,1
632924308,1016.4547817560103,296.36020005846484,1042.989,218.8634,1
632924324,1020.7345286920608,295.6072556591533,1063.7444,238.3657,1
632924341,1025.6232469646413,290.67608963613947,1075.7871,160.8667,1
632924358,1255.0361311000224,146.93291911716554,1266.9253,74.1157,0
632924374,1294.445951517341,71.47287422058679,1304.9966,-1.2764,0
632924391,1308.3600005135693,76.83847974374774,1336.4615,8.8084,0
632924407,1309.6526832420764,79.53794697535407,1325.5156,11.653,0
632924424,1313.5646622681406,69.39920555351347,1336.4934,-33.7037,0
632924441,1310.3883402598121,75.84728082217585,1310.7712,28.2622,0
632924457,1306.0829250291188,82.54938871534618,1297.8289,42.016,1
632924474,1307.4624983253975,76.96588629924491,1326.5007,-28.7062,1
632924491,1303.7379489660264,73.70101337429627,1286.6121,-20.285,1
632924507,1302.0383517318621,70.89420909394514,1298.4419,-22.1779,1
632924524,1300.2993264624497,67.96607716056792,1294.4968,-27.8278,1
632924541,1299.7990080608283,65.06444522504522,1304.928,-32.3378,1
632924557,1301.1331209002508,65.37687010205829,1328.1649,-2.6155,1
632924574,1303.2422470255297,66.31896323107023,1340.5732,4.6882,1
632924591,1305.1717014020032,67.45092475286738,1341.4268,8.0836,1
632924607,1306.0903670644984,69.59115740757828,1330.8035,22.3056,1
632924624,1300.211517591792,76.64534922143258,1236.7463,91.1975,1
632924640,1293.83033661256,84.17068246484277,1223.1372,105.3588,1
632924657,1284.887205933981,90.12578359955104,1174.375,91.4174,1
632924674,1279.2760869187885,93.87467955420125,1217.469,64.1696,1
632924690,1274.5898717393566,97.40116885243287,1227.125,64.3958,1
632924707,1267.9640585829902,102.5144547579353,1190.9692,92.9092,1
632924724,1260.92173520282,107.23781573247895,1177.2698,91.514,1
632924740,1253.908755085192,110.6813981486099,1170.1631,75.346,1
632924757,1248.8886045368004,112.70323475824355,1198.4746,55.1957,1
632924773,1244.6148230307645,117.75536522056694,1210.8048,107.6715,1
632924790,1242.3144283873114,120.8992066468538,1240.5974,79.402,1
632924807,1239.6843020547433,122.79126622950359,1229.063,61.8329,1
632924823,1237.3326684983206,125.73542531167438,1231.7174,82.6054,1
632924840,1229.8960656669444,132.2052227296141,1135.1006,147.923,1
632924857,957.5147771853137,202.0467254909037,942.356,134.1953,0
632924873,979.7814490504301,201.36290499423973,966.8954,133.1032,0
632924890,982.04936547451,196.29759901798622,971.1674,123.0087,0
632924907,977.8860649675636,192.1242650720981,954.389,115.9729,0
632924923,977.3014680567186,176.39993310112968,957.1379,62.4509,0
632924940,972.8170373960926,179.57009434847686,939.2092,124.859,0
632924956,970.2903528729063,180.11969084432315,941.8506,115.5132,1
632924973,964.1690153311621,175.25293116457945,907.2369,80.7341,1
632924990,967.9329402905412,179.51940328056293,983.1842,140.1206,1
632925006,969.8636902066613,180.90023881758177,971.8126,123.2222,1
632925023,966.9866355816374,182.18815753576953,925.9096,125.3739,1
632925040,967.2878094284359,186.68131834730923,958.7977,158.8648,1
632925056,964.942790550243,185.69757936288528,923.7997,107.3547,1
632925073,962.5081036052159,185.52571114657246,919.5248,115.3713,1
632925090,963.5003141323681,185.1907623571872,961.7673,112.5161,1
632925106,963.4683988914945,185.51683855837848,949.1165,120.7413,1
632925123,965.4165357861688,184.96006831334049,977.2988,109.0282,1
632925140,965.5059218132668,187.4141660332347,953.9957,150.2408,1
632925156,965.9216560365585,189.13585618785197,958.6024,142.2298,1
632925173,965.224015983997,186.70788486842096,936.4737,83.5423,1
632925189,959.8460521347371,188.7051823741655,862.0613,149.5179,1
632925206,956.4840198325851,194.73190548940724,896.7045,212.559,1
632925223,953.0183169558239,199.18918345667203,890.5409,192.3074,1
632925239,949.4868378848573,204.73694455318324,887.998,213.013,1
632925256,946.79473804061,210.32328161802585,900.6613,217.1967,1
632925273,942.5695562076196,215.81489843426277,870.2488,219.9245,1
632925289,938.9682981771119,219.788698819563,877.1109,198.248,1
632925306,936.3535008155734,225.14978020663543,894.6477,224.5727,1
632925323,933.8564581774853,229.46886478225014,893.2341,210.6519,1
632925339,930.996633371733,233.56379212616176,883.6477,210.541,1
632925356,929.6783155520651,239.31704513194046,912.8668,242.2863,1
632925372,927.3343349435377,243.7992227879041,894.7856,220.3872,1
632925389,923.7525693976871,246.47355108793124,866.3729,192.4026,1
632925406,853.5964035669065,817.3721643498183,872.0285,744.9086,0
632925572,914.1005094828117,215.2881757004443,895.3703,148.106,0
632925589,907.1272428054851,205.81456604345166,878.6227,129.6443,0
632925605,917.0845463308714,214.39859480215875,921.7271,163.725,0
632925622,916.1174220732806,216.88855684994746,894.9463,156.9291,0
632925639,923.122939798579,214.99534239944632,935.0328,139.6318,0
632925655,907.5614258218786,207.6543579709833,887.5981,140.6755,0
632925673,917.1745364335069,200.34959028815274,897.6863,133.2691,0
632925690,918.3318401450612,192.719751721979,899.1385,118.148,0
632925706,920.4244493571225,198.08189823948067,906.4694,141.4682,0
632925723,917.7341117478819,199.44752906014332,889.6793,136.4789,0
632925739,918.333545586348,207.54493171386642,904.4211,171.6797,0
632925756,914.6391766982946,209.960907756196,876.571,154.3091,1
632925773,912.0001622928136,211.45152720758605,876.831,152.5107,1
632925789,913.8761589689378,209.22533578707163,907.9441,126.446,1
632925806,913.6416997528252,214.69065096086135,896.109,187.7053,1
632925823,912.1458430091877,215.01963676893874,879.8764,149.5121,1
632925839,914.3059127598673,211.4541874892575,915.2156,110.5503,1
632925856,915.3456909909145,211.83211667734923,908.0496,147.7753,1
632925873,914.139504387566,209.4703594129105,878.845,117.5763,1
632925889,914.8415127271065,207.59206211622688,902.9275,119.9428,1
632925906,922.6500395807208,211.15361266146044,1009.0048,184.705,1
632925923,932.8248173500687,216.43230722685172,1055.8115,210.6663,1
632925939,940.7372241574185,221.45899624302615,1033.6211,213.2434,1
632925956,948.0231023502112,225.42570651398802,1032.1716,203.3312,1
632925972,953.4041508006203,227.85752470669834,1007.9105,185.1976,1
632925989,958.8121062758448,236.2293905412055,1021.1832,276.7794,1
632926006,965.3325776684055,241.2795519437538,1043.0461,232.2028,1
632926022,968.935847264036,247.08349569133057,999.8495,249.2033,1
632926039,974.8956733481385,250.9579760034903,1044.5864,222.3917,1
632926056,980.7927764224992,256.36237523150555,1051.5579,250.8409,1
632926072,985.851891576415,258.58930369725135,1038.6187,203.1302,1
632926089,992.1434441622888,260.86798401924244,1067.353,206.5582,1
632926105,996.1553126004208,261.76753484939695,1029.1096,187.0226,1
632926122,999.5629634053525,264.3931875625058,1025.1881,219.045,1
632926139,1002.8212684619547,266.244912813878,1026.5887,208.817,1
632926155,1004.9685381276577,270.03979228818525,1012.766,245.4412,1
632926172,1006.8411893438097,274.85066416743774,1003.0193,259.0841,1
632926189,1010.249672204563,277.8915535592849,1036.1565,230.1093,1
632926205,1009.9879208245732,275.92553573846976,965.3578,151.1296,1
632926222,1007.9515813549848,271.8024318372224,931.7513,117.1888,1
632926239,1006.6770965034856,268.70830214018974,953.7621,140.9261,1
632926255,1006.3132764129643,267.62608956376096,974.6614,175.1469,1
632926272,1004.4438683205368,263.2946832247947,945.0897,120.8394,1
632926288,1001.8852515348497,260.2261605664327,939.3555,141.1766,1
632926305,999.694596456692,257.58788611774355,947.4337,155.4226,1
632926322,997.8119262584371,252.14772704479813,949.3958,102.5535,1
632926338,996.1562518983714,248.36030152183784,960.2452,126.5536,1
632926355,993.4647147779281,244.9812923428496,939.8864,137.1779,1
632926372,993.6095492817486,238.83970402920082,987.5092,84.0333,1
632926388,992.7974100142552,237.12832560475223,976.6116,159.3917,1
632926405,988.8553644138383,234.0985972272997,924.3064,142.1381,1
632926422,985.0618789412669,229.75100976730826,927.2917,118.7611,1
632926438,981.3375776020359,227.0335701587859,924.6307,143.3646,1
632926455,978.0023378645783,227.22273910039175,932.067,188.5266,1
632926471,974.4446314865056,225.9031924222548,919.806,157.2246,1
632926488,971.4547646790897,222.73111885638704,926.4083,131.2713,1
632926505,969.6981428362647,220.24385254948936,949.5952,133.8993,1
632926521,966.2189795497585,217.74936172734695,908.1992,132.6056,1
632926538,965.6398511202535,214.59052038313905,964.511,113.9632,1
632926555,963.5024861928246,213.11774995531647,933.5579,143.3982,1
632926571,962.105580879112,211.72282751141523,942.955,136.4014,1
632926588,961.511761690323,207.6792923937734,954.7065,88.4465,1
632926605,968.8026451954831,204.67911755091885,1100.4929,99.5285,1
632926621,977.7159614795837,199.85449655664945,1126.8452,68.6037,1
632926638,985.9197776022957,195.48679924643557,1112.8162,72.932,1
632926654,995.5086044555103,191.43006110895013,1138.4646,78.7928,1
632926671,1155.8831316748117,108.92414718635817,1154.6877,38.3621,0
632926688,1157.7382368437766,136.2491058794885,1158.7092,65.3615,0
632926704,1141.2883861321254,132.27195831004641,1121.8513,58.1151,0
632926721,1144.674096106553,131.5283277687855,1151.3582,59.3657,0
632926738,1141.359147529212,133.96662252297008,1130.1632,70.7739,0
632926754,1146.2807618091858,135.41297378470128,1167.8748,69.959,0
632926771,1145.1239775130898,135.23044137425384,1138.2922,63.7064,1
632926788,1143.1672733960677,140.64244688466874,1132.6721,101.0173,1
632926804,1137.7805456455399,138.96505530758236,1096.5933,57.4102,1
632926821,1138.4777813887833,140.86044856212425,1145.5078,83.8583,1
632926837,1140.6920840394032,141.17451782907642,1161.5167,72.1025,1
632926854,1142.39444957605,143.37390643603638,1161.0283,91.4888,1
632926871,1127.3130526162583,479.53869192831837,1149.8975,405.5638,0
632926987,745.3481830286258,337.15674174658363,717.8187,271.8264,0
632927020,780.9084056051863,237.5363093122977,781.8885,73.6324,0
632927037,794.1117011606199,228.584912684744,791.3567,145.9136,0
632927054,791.2135669888848,202.46077354886745,743.2925,61.8766,0
632927070,785.898529404971,193.82149460225187,726.5568,97.4901,0
632927088,819.6968826633629,175.16361330726517,788.2246,110.1705,0
632927105,798.068187473939,218.9482476561186,767.5017,153.8926,0
632927121,860.1508353910117,148.98820330698544,894.3513,13.3243,0
632927138,833.4608449921858,155.32152384768906,744.0058,104.0812,0
632927155,826.1248679694321,166.75070326977885,773.2675,135.9032,0
632927171,820.3895544567997,160.71388999873597,761.7185,72.7401,0
632927188,816.4857157843087,159.7465333668988,762.9279,90.8634,1
632927205,810.0441251624248,151.45816595089866,732.2825,40.4775,1
632927221,811.6967026829853,153.7251450259198,792.7834,104.8755,1
632927238,808.6642047825723,152.5346745668814,749.9954,80.2805,1
632927255,805.7992092325139,153.55921406419014,747.4749,98.7889,1
632927271,800.697554894283,166.04332456401406,725.9247,215.2926,1
632927288,664.5582054276173,495.8122203888452,640.0588,430.3004,0
632927304,541.097320111563,607.7794327131026,511.807,543.3796,0
632927321,629.5198760982884,584.7264001552965,703.5211,494.5263,0
632927338,652.0572114847096,578.40995880763,680.2847,499.1209,0
632927354,676.8502752583206,578.4067345876255,739.9162,510.6271,0
632927371,683.9030894999103,580.5171304735427,697.0581,521.6511,0
632927388,687.4992597829589,573.2874690010592,685.7738,471.5406,1
632927404,694.3025678152485,568.2447469770265,717.2573,472.5063,1
632927421,699.7794618987747,570.2826598975532,722.795,517.1967,1
632927437,698.8457139223766,570.3605629230398,672.1547,504.959,1
632927454,699.0164377922642,571.8836660616325,682.9943,518.2022,1
632927471,713.2074296505156,573.7393691476843,840.2108,521.1974,1
632927487,1031.6502314317368,652.5159891166973,1056.7478,578.4847,0
632927504,1028.1736028163511,679.0370832848586,1054.8235,604.7883,0
632927521,1018.6025327998367,679.9262264772586,1033.8402,606.9022,0
632927537,1031.1041272721025,675.0242494750374,1084.5549,590.6566,0
632927554,1028.3946840883088,670.2889654498282,1044.4019,582.4615,0
632927571,1035.6445397813832,664.6103062790039,1091.7944,568.004,0
632927587,1042.4105675994304,661.3897900736279,1104.0535,571.4417,1
632927604,1041.5554032810523,659.6397975415308,1061.0828,576.1537,1
632927620,1040.1344411255754,662.3813686218853,1056.9052,607.1779,1
632927637,1039.1708081039058,658.1062661434987,1054.572,552.7184,1
632927654,1038.818599131951,660.6302667031301,1063.2161,608.3318,1
632927670,1038.688466062051,660.2619161046165,1063.2885,583.2797,1
632927687,1037.0728864773907,662.7529879209551,1047.5337,613.6251,1
632927704,1036.8188791909558,663.9675795353678,1061.5603,602.2548,1
632927720,1036.5389879455981,664.5933183874304,1060.4407,596.7488,1
632927737,1035.9567761629708,663.3859979305253,1054.1519,574.4285,1
632927754,1033.998804834064,663.6832211612896,1034.4746,593.2805,1
632927770,1034.0048260726528,663.9997032148678,1062.219,593.3956,1
632927787,1034.2680165500342,665.95756101115,1067.9222,616.9434,1
632927803,1034.3681563076386,664.629590606491,1062.0428,570.7401,1
632927820,1033.3333070777824,664.3729447479794,1044.1018,586.151,1
632927837,1032.515426177893,665.2575999209156,1048.1205,603.5164,1
632927853,1030.8234675659721,665.8144520638923,1031.7026,599.2972,1
632927870,1028.4947435983029,661.0733109961042,1012.8262,515.2849,1
632927887,1027.4128153802064,660.9106875932755,1038.9292,586.7662,1
632927903,1027.1103680217366,660.9936261244287,1052.4894,590.3802,1
632927920,1027.6569270090097,656.7949216187785,1062.4141,518.6569,1
632927937,1028.1064184549223,656.7842973058814,1065.3234,587.4202,1
632927953,1027.2135922105626,653.8499921599229,1035.8981,537.7401,1
632927970,1027.7321585751527,651.9408428156156,1063.3303,553.5141,1
632927987,1023.5975437716423,645.7512767966407,967.9753,480.0617,1
632928003,927.2592984231841,413.888110080731,924.2408,344.3458,0
632928020,931.1359337752754,261.12474161670247,917.4918,193.1366,0
632928036,948.1625455112496,268.82600499548766,956.1591,207.721,0
632928053,954.6729102578638,282.3586938069621,961.1475,240.0339,0
632928070,954.685679611754,273.5542889657324,942.3325,178.9336,0
632928086,953.9868417817491,283.48629570715514,943.9308,253.4782,0
632928103,952.8625771496011,286.51263604357257,938.1564,232.0565,1
632928120,952.2574915386407,292.7740101388802,941.7501,259.2348,1
632928136,952.7748062266764,293.74955160794224,947.9412,230.1152,1
632928153,947.5251999875753,292.1951283951855,893.3224,211.4307,1
632928169,950.4428954296448,296.45716014874216,971.567,261.3358,1
632928186,952.0436235219219,296.0505045691451,959.0087,221.5718,1
632928203,952.4958620590164,296.1599095125957,948.2701,226.7964,1
632928219,954.4296648819188,289.3087535287372,962.0637,147.3867,1
632928236,954.9834972462969,279.1901538556901,942.8466,99.4203,1
632928253,955.6166785019545,269.22911263427414,944.015,88.9413,1
632928269,958.705403667747,260.84387702527994,981.7445,97.4978,1
632928286,959.9994469249657,253.36085359866192,958.2534,100.8932,1
632928303,962.4378709773124,249.84411788142202,981.5031,148.7516,1
632928319,960.4043379658789,243.34992061042684,907.746,102.2116,1
632928336,959.6067756139092,234.98092861328615,924.4081,67.1705,1
632928352,959.7078207193866,228.30412445860313,940.7693,85.1357,1
632928369,959.2864940050771,222.0517908039399,931.9619,85.5027,1
632928386,960.1210375556733,218.08968000578017,956.5514,115.6456,1
632928402,961.1749797821512,212.8010398618814,959.3352,89.2829,1
632928419,960.4837917029718,208.68026516671006,929.1191,103.6619,1
632928436,961.2665357344207,204.45225654572945,956.0091,96.5834,1
632928452,963.3184529108839,200.2750755346696,980.1635,92.1799,1
632928469,961.9591011788178,196.55378439975186,916.7551,96.2045,1
632928486,962.5310188634342,194.49069166328542,955.3453,119.3623,1
632928503,962.7505181506045,191.83026175356375,947.9772,105.0543,1
632928520,963.2748052058427,187.67995691525527,949.0156,82.3411,1
632928536,962.1250484157333,184.43575716259372,922.3092,95.3553,1
632928553,962.9599816572892,182.1850757420326,962.0817,110.3465,1
632928570,921.2033738025922,406.5029571017038,917.0201,337.1523,0
632928586,922.3040388982204,537.3673513696998,927.6843,466.6028,0
632928603,931.8639752591733,533.3937593338925,948.1982,458.3938,0
632928620,947.5697881187234,532.1443725219705,989.4434,457.9457,0
632928636,945.7681000231049,531.4335797988842,946.8049,458.3529,0
632928653,948.1359591570834,535.8088557657042,967.3561,481.456,0
632928670,948.1853051858387,539.8392899535768,957.7446,487.8009,1
632928686,950.3535164999951,539.7406042970167,972.2265,467.193,1
632928703,953.6943598804864,533.6196827765212,983.0851,421.1672,1
632928719,951.482216711551,531.7823350059996,939.1611,447.6065,1
632928736,956.6365350969974,532.1418574030281,1012.262,463.645,1
632928753,956.5081869217453,534.5231160347003,963.8799,485.2151,1
632928769,955.3778993948962,533.41734816398,949.3102,451.5529,1
632928786,952.9238114958029,532.603179098996,930.938,453.6393,1
632928803,952.6127781449093,531.6388063516492,956.023,450.3119,1
632928819,953.1033109660971,533.2635603554928,969.2596,481.6365,1
632928836,955.8042293421263,534.7290710198821,1002.4742,480.7808,1
632928853,957.5890012906269,534.9576133736985,990.5763,465.5317,1
632928869,959.3436160976329,538.7373030449398,995.8711,516.1285,1
632928886,962.0508605424805,542.4827064780719,1013.5878,518.7686,1
632928902,963.6372928730002,540.4180306566495,991.4212,435.0536,1
632928919,965.8811454928043,541.7191609477658,1008.0947,485.3353,1
632928936,968.7218295957537,544.5677056242297,1022.5715,510.5415,1
632928952,967.3000762590336,547.17179816336,948.9425,509.9467,1
632928969,968.0908001427787,550.9350235484906,990.4113,529.9991,1
632928986,969.3088637379369,554.1746494035631,998.9167,523.6973,1
632929002,972.440831783109,551.3078775800581,1028.5543,423.5677,1
632929019,1022.7641729486535,249.56864773113594,1017.8412,179.9935,0
632929036,1045.4587346962878,109.62375828472413,1032.7981,41.1151,0
632929052,1058.9637242625356,128.3340140956662,1065.2852,77.5867,0
632929069,1055.3766876691584,129.01562698060434,1037.2939,61.496,0
632929085,1052.810475823989,126.7086712088882,1033.2334,51.1546,0
632929102,1051.4788503875295,135.8218499995015,1038.2174,102.3718,0
632929119,1045.693699681918,139.15082701705518,1005.4005,86.389,1
632929135,1041.1775232477435,142.79959163108413,1003.7394,94.6433,1
632929152,1042.8787182018923,139.33980342900412,1043.9468,46.5108,1
