timstamp,smoothx,smoothy,rawx,rawy,fixation
608992220,795.0453170850631,466.3860994160332,751.3369,515.6357,1
608992236,792.8591078294229,465.71384415992645,747.7776,496.416,1
608992253,789.5384492095154,465.11431533498956,724.6819,498.7415,1
608992270,787.1348426175416,464.5327125921065,738.6746,498.2338,1
608992286,785.1843587138698,464.8356750609589,749.8564,519.2062,1
608992303,781.9965238219497,463.9752653647373,723.3503,493.8842,1
608992320,780.3442691993715,463.5886474127943,750.713,501.1057,1
608992337,779.1130176423942,464.2605954806031,753.8346,526.4946,1
608992353,777.7194110910802,463.82907313828247,748.104,500.9192,1
608992370,777.9498621874247,463.37238991683034,772.5104,496.1708,1
608992387,780.3109848623998,463.75471294144637,808.7346,514.5056,1
608992403,782.3608859351069,463.83845923204564,802.1558,508.9794,1
608992420,784.400558864615,463.93570128542393,803.4073,510.9677,1
608992437,786.4517929481649,464.1728320993176,799.6953,509.1184,1
608992453,789.3303369703907,464.3572830571444,813.313,510.3661,1
608992470,791.6317089250616,464.53959913335854,804.084,510.742,1
608992487,793.8523861835785,464.3639580211924,802.7177,500.9523,1
608992503,794.7727552061284,464.73830922454374,781.1686,515.2874,1
608992520,796.4161093499982,464.15104497884505,793.1404,493.8415,1
608992536,798.6765472784042,464.0173420353368,805.6119,506.3477,1
608992553,801.1323010548655,464.69769938215234,809.7321,521.3656,1
608992571,802.927816467417,464.68195127586404,800.3452,504.8548,1
608992587,804.6694686818134,465.26550558329006,801.3629,522.089,1
608992604,807.2109349927998,465.61805637458986,810.0598,513.505,1
608992621,809.9829266137702,466.0966033529181,814.1982,517.448,1
608992637,813.4345128662758,466.57702181712716,827.7343,515.0125,1
608992654,815.0609176041005,466.917578895583,800.45,514.0018,1
608992670,816.5405421833708,466.46179064498153,800.923,496.5692,1
608992687,817.9952951335094,466.9436363376192,802.2244,518.0503,1
608992704,819.5963181443589,466.93718366596795,809.7554,506.2866,1
608992720,821.2591581646616,467.2762505918955,814.4949,515.9399,1
608992737,822.197733190384,468.45378203667946,803.5063,534.1007,1
608992754,823.5596363875802,468.9944936525798,810.6591,519.7106,1
608992770,823.5780499992821,468.6011927106651,789.1791,499.5252,1
608992787,825.0221201799019,468.34012190136673,818.4607,504.0491,1
608992804,825.4045595609284,468.0982587107117,797.9218,502.8409,1
608992820,825.1709216335054,468.35960711457744,791.5428,516.1101,1
608992837,826.1389813151008,468.056388440121,814.8066,504.8965,1
608992854,826.1402171958675,467.20790832839145,797.2306,490.2846,1
608992870,826.9862896155698,467.83140854616835,817.115,523.4374,1
608992887,826.6285179605126,467.80787531213696,798.8664,511.4078,1
608992903,827.1155848103406,468.0979625427948,813.8948,517.3821,1
608992920,828.2859416237941,467.16242232825715,825.9227,488.6631,1
608992937,836.0503984172516,463.6614787109252,945.1384,423.8438,1
608992953,844.8805357455094,460.90109359126234,967.1072,439.9897,1
608992970,853.4437231512313,457.9261089678783,962.2924,434.5173,1
608992987,860.394885309881,454.94833545396835,934.6534,433.6076,1
608993003,867.921554920584,452.0668712323959,945.8558,435.5068,1
608993020,875.7079977750989,449.1264771488985,955.4399,429.8935,1
608993036,881.8331182485468,446.21195435275416,930.2509,431.1505,1
608993053,888.1610712436967,443.56095231882136,938.8703,436.2188,1
608993070,894.7338793783033,442.34820030716367,947.9406,464.8362,1
608993086,900.9421352451592,440.93345618546476,946.4088,459.4434,1
608993103,907.5016929373542,439.669950363456,959.3069,458.7938,1
608993120,911.768885835133,436.4524838532679,922.1232,412.7976,1
608993136,916.4675235920799,433.3208737470693,937.1989,411.1821,1
608993153,921.0335687879158,431.65062614038874,938.491,441.8936,1
608993170,925.3277803284068,429.3499659864712,939.2015,422.5222,1
608993186,929.6883490610493,427.87612926909867,947.0198,440.8244,1
608993203,934.4995269034347,426.10961298134583,961.7153,429.2142,1
608993220,938.7423488458547,425.20737535262,957.9552,447.5985,1
608993236,942.3084383918723,424.13783889169304,949.8336,442.9727,1
608993253,945.8054405789246,423.5003700389404,955.062,448.3881,1
608993269,949.6645164281433,422.77557772887775,964.6937,441.2781,1
608993286,952.5487771173025,422.27902611042737,955.2224,445.4828,1
608993303,950.8128502933613,421.2979868159426,872.7478,435.5204,1
608993319,948.441518866105,420.8590705144749,865.2852,447.8979,1
608993335,946.389604365381,420.07511212348214,877.1544,436.4865,1
608993352,943.65560742564,419.6662696234398,865.9197,442.5577,1
608993369,940.7788482351527,418.74112354697525,867.4117,432.7291,1
608993385,938.0683891986682,418.92950654012833,870.7308,455.5278,1
608993402,934.328351871906,418.84352049353197,854.2712,449.2713,1
608993419,931.8581141655461,419.9974949478936,879.7531,472.9716,1
608993435,927.8790574162282,419.7895907604677,862.7506,435.5523,1
608993452,924.6109965464259,420.2306805667647,875.7201,452.2818,1
608993468,920.0782330670471,419.5978791264335,848.1765,428.1744,1
608993485,916.7495283049801,420.44244045291657,865.0661,461.8215,1
608993502,913.0144107051539,420.82618958132343,855.389,452.0812,1
608993518,909.4360210598317,421.0804849213193,855.7531,448.8625,1
608993535,906.0262815075557,420.52919381826666,852.1708,430.7498,1
608993552,901.7134539857582,420.0150408839627,833.1273,433.3204,1
608993568,899.5725204459712,420.1258883889353,870.645,449.3401,1
608993585,897.742348040389,420.6362203789009,872.6368,457.6967,1
608993602,895.1098781341192,420.5903176033059,855.2246,445.3964,1
608993618,892.4449831931338,421.2952916906524,847.6033,458.2888,1
608993635,890.6543947579503,420.9610567669456,861.4348,434.1602,1
608993652,890.0499230100099,420.56033364698004,880.0337,435.5531,1
608993668,889.967507859542,421.00481582374664,887.1138,452.9701,1
608993685,888.7218957710397,421.43976906352424,863.7557,455.9358,1
608993701,887.7110237354392,421.6782361580706,866.7579,450.1965,1
608993718,884.1883395531225,422.32823329367363,817.8861,463.8885,1
608993735,881.2039142881092,423.3759143729892,824.7192,472.3354,1
608993751,878.4698088434573,424.79759730538456,827.7188,481.6466,1
608993768,874.9498436601066,426.013366205268,811.7493,477.1188,1
608993785,872.6895473156305,428.21900625832825,831.9735,500.1249,1
608993801,870.1567409618693,429.3254675840936,815.6316,474.5972,1
608993818,866.6529527299944,430.9921708237483,796.2401,490.6469,1
608993835,864.9422053513052,433.4801337528106,829.5583,508.1481,1
608993851,863.237209770295,435.68274103614146,826.7406,503.5342,1
608993868,861.07709158994,436.554984991642,816.2286,473.5776,1
608993885,858.4625665285863,437.8646236408778,806.8513,488.1338,1
608993901,856.5062036022849,439.70778356130035,815.7821,500.8397,1
608993918,854.6808607360451,440.64137193356834,818.5376,483.7468,1
608993935,852.7550244473307,441.910244657838,813.0656,489.2688,1
608993951,850.5744886513271,442.38262620998273,807.3297,474.7392,1
608993968,849.2817015643843,443.0740268012778,818.843,478.4785,1
608993986,848.3142059519265,444.0810941309886,824.9707,490.9921,1
608994002,847.2619072298395,445.12473513579283,820.4973,492.4272,1
608994019,846.7202225611668,445.3584959717812,827.6673,474.5873,1
608994035,844.8949269705192,445.0715326758176,801.7534,463.3153,1
608994052,845.9079176888506,449.3206060345446,853.0518,568.2457,1
608994069,847.1858369981071,456.39414978522257,862.188,636.8512,1
608994085,848.0506382671905,463.92940462019453,853.5791,650.7001,1
608994102,848.9303450861688,471.23330492252336,850.7409,646.6499,1
608994119,847.9774258899848,478.5692360184734,815.6914,653.5758,1
608994135,849.2029567630526,486.13632008660386,856.7702,658.7581,1
608994152,850.4763357861171,493.23242362754695,858.7601,652.9238,1
608994169,851.1570143527871,499.93677048802186,847.8958,651.5864,1
608994185,852.4555809859621,506.1956473504386,856.2949,646.8685,1
608994202,852.7421329563515,511.34944212162833,837.6431,627.6519,1
608994218,852.320067750211,516.9168729999379,820.3552,645.7736,1
608994235,852.9512037416797,522.2963587552151,841.4119,648.0879,1
608994252,854.0788654240722,527.6370818888672,851.8046,654.4996,1
608994268,855.9195223195145,533.1604535308239,864.3945,664.5441,1
608994285,857.5467486987465,538.146811157868,863.5117,661.6362,1
608994302,858.6384374266494,542.4701072978584,852.7434,650.9487,1
608994318,860.4909203788493,545.4872652393826,865.3729,628.9572,1
608994335,861.3107779651965,548.6646287366979,851.5919,642.1,1
608994352,862.0386499435247,551.9411209124016,850.8966,650.4153,1
608994368,862.5226441721056,554.8412695219874,846.3959,645.1611,1
608994385,862.8712880164497,557.1903173157983,843.9974,640.4624,1
608994401,863.3147309874638,559.9249419506768,848.2931,656.5588,1
608994418,862.9479456172057,561.5892763802576,834.2394,636.1045,1
608994435,861.8752527140756,563.0257761454944,821.6407,637.2959,1
608994451,862.6174736331117,563.8031328294682,854.8998,624.0121,1
608994468,861.5526783048074,564.9670580279384,824.0145,639.3669,1
608994485,861.401184994741,564.913791709069,841.2281,615.8041,1
608994501,861.6907639011522,565.0728197255135,849.3363,623.9647,1
608994518,861.9517617366731,564.6493440726941,849.5186,611.625,1
608994534,862.1733064090729,564.5799622985226,846.5767,621.4519,1
608994551,863.0603018467933,564.2225211370294,864.2999,627.2319,1
608994568,861.8589719918014,563.8376559689729,826.6216,635.5692,1
608994584,868.1597087101494,562.2797304462472,962.3095,603.2451,1
608994601,875.8815561799604,560.2223239744001,987.8148,589.1349,1
608994618,884.8795193389157,558.2886174353159,1008.4958,590.5654,1
608994634,892.8829983527606,555.7695443865769,996.0416,576.8324,1
608994651,903.1294522612435,554.6364995231091,1040.3308,604.8988,1
608994668,912.5429815292675,553.9039136689621,1027.1136,612.8928,1
608994684,921.1635821502016,553.3343517503258,1017.4388,614.9932,1
608994701,929.4092411783516,551.5821726729683,1012.4983,584.1865,1
608994718,939.3521053519333,550.5115573495906,1047.7515,598.9581,1
608994734,945.8076699280332,549.6900079758656,992.3233,605.7621,1
608994751,953.3696696518241,548.4594637865847,1019.859,594.1213,1
608994767,961.3224818066103,546.9229619014159,1034.7136,585.6967,1
608994784,966.8979783931926,545.6222202594014,997.9355,590.5087,1
608994801,972.3931413053836,544.2073433248718,1002.349,584.6953,1
608994817,978.4008232161721,543.992088107608,1021.0111,607.9009,1
608994834,983.9767836461576,544.3625347438939,1019.173,621.5149,1
608994851,988.5085969148914,542.6324096143071,1006.0056,572.78,1
608994867,997.888085069332,543.1082600990184,1103.0397,617.8812,1
608994884,1192.9819561881332,605.468113538261,1195.486,677.5216,0
608994901,1164.566386997381,606.3391508359854,1165.6061,679.9421,0
608994917,1168.1584183197306,602.3070860064782,1172.8802,668.9138,0
608994934,1170.5771483980752,605.2423875434821,1177.1377,685.7877,0
608994950,1175.7694689759944,607.947270616644,1193.875,691.5322,0
608994967,1175.0874784538644,607.9489288618062,1173.6965,681.6129,0
608994984,1177.9123807808517,607.6081712897568,1193.9175,678.0949,1
608995000,1182.1431579581972,608.0402434897884,1209.5811,683.5742,1
608995017,1181.786005634282,609.993004438477,1180.9822,701.3123,1
608995034,1182.5972905496722,611.4017458128959,1190.7856,699.2126,1
608995050,1184.0439010196635,613.0207728438643,1198.6149,704.6033,1
608995067,1184.5569061626284,611.4459270700415,1190.115,665.4686,1
608995084,1182.5638750034022,612.498450608236,1163.3242,701.4075,1
608995100,1182.5555791201455,613.249381505866,1184.448,697.9139,1
608995117,1182.6166616495902,612.5574439084071,1184.8104,675.9182,1
608995133,1181.451767669069,611.7714570637021,1168.3868,673.955,1
608995150,1182.5401551610291,612.5264611627929,1199.3481,698.8813,1
608995167,1184.1553349529506,612.4099322342512,1207.9016,683.5701,1
608995183,1184.8921672545234,612.8621544621749,1196.6646,694.8234,1
608995200,1183.2703018012842,612.5482958703537,1160.4061,681.9073,1
608995217,1183.507663022528,612.2921856884744,1188.8354,681.611,1
608995233,1184.956956094636,611.9703745004981,1208.864,679.2205,1
608995250,1183.7738915232003,611.8888137084798,1166.1587,685.8506,1
608995267,1182.4243503526448,610.9133874555808,1162.1833,666.7551,1
608995283,1182.5849035415124,610.7136709532545,1187.9734,681.9027,1
608995300,1181.490983411427,610.4603151656639,1166.0342,681.4414,1
608995317,1176.5650776433517,610.5519764216489,1097.7493,691.8228,1
608995333,1173.0480486026536,611.330760507241,1121.2373,706.3331,1
608995350,1170.7666395168023,612.3440201649044,1141.9849,711.0724,1
608995366,1167.1042862711686,613.7299557855769,1115.603,721.1543,1
608995383,1163.1839514347334,614.0487835036955,1108.3098,697.2529,1
608995400,1159.236868639577,614.9309697318105,1106.5381,709.6093,1
608995417,1155.837216034808,616.0587087337977,1115.8308,714.2495,1
608995434,1153.3278394289657,616.511832484748,1130.1377,700.3774,1
608995451,1150.5186816726916,617.6120700246263,1124.3855,716.7485,1
608995467,1148.4681347834344,618.5788954354899,1133.4993,712.642,1
608995484,1146.6739128204565,619.5108161205386,1137.7275,712.1154,1
608995500,1143.2259945682672,620.1232274424891,1105.9629,707.5052,1
608995517,1141.059295262343,619.9914348638056,1123.0598,691.9855,1
608995534,1140.0692196538796,620.4618475400782,1143.3184,705.4894,1
608995550,1138.1862159412692,620.8508410138066,1124.8876,705.5493,1
608995567,1135.8527012430045,621.6945809371562,1113.2468,713.1631,1
608995584,1133.2468436947267,621.6048962915095,1102.3816,696.6219,1
608995600,1131.7615396783824,621.7444143870198,1122.9817,701.408,1
608995617,1131.178069158855,621.3580046825591,1136.72,687.0179,1
608995634,1129.6358229277641,621.5014864143666,1115.4067,700.7949,1
608995650,1127.3152483995125,621.6728126647602,1102.2526,705.4213,1
608995667,1126.0748665962176,622.0468001622762,1120.6257,708.1652,1
608995684,1123.2677106822048,621.6381458020422,1087.8241,693.0088,1
608995700,1121.2024319912996,620.98933292019,1095.4541,685.9629,1
608995717,1120.880008351972,619.8623159268351,1128.3473,673.9733,1
608995733,1121.5033266869004,619.4250741123358,1146.1182,689.2799,1
608995750,1124.3023721349055,618.3348016390919,1179.2754,673.3019,1
608995767,1126.4094923942675,617.5547916188068,1165.3225,679.0027,1
608995783,1127.833097920303,617.375986648056,1155.1184,695.0116,1
608995800,1128.41506597993,615.9027885418936,1135.9917,665.2758,1
608995817,1131.1347922153416,615.2552967851417,1168.6953,683.3436,1
608995833,1133.217544259667,614.482519486041,1160.3997,681.6431,1
608995850,1133.9274642454395,613.8264707292801,1138.2695,684.8556,1
