timstamp,smoothx,smoothy,rawx,rawy,fixation
627483964,903.8519021787966,638.203752240333,966.8314,614.9846,1
627483980,908.83952377468,636.2852858198619,994.1171,629.1736,1
627483997,911.5398854774838,635.0481036726608,951.196,639.4214,1
627484014,914.1131856938894,634.0003141968676,951.4012,641.0767,1
627484030,914.9435038931322,636.1674374818197,915.6937,698.9774,1
627484048,921.3349165199386,634.3821855515997,1035.5654,620.6753,1
627484063,926.7965008763865,634.409459708588,1012.8005,661.2695,1
627484080,928.6771573403759,634.5491997977467,945.287,660.052,1
627484097,931.0521992899492,637.5426155335093,959.6027,707.7759,1
627484113,930.9797480117453,640.0959930229324,913.3908,709.8831,1
627484131,931.8032171507624,642.4247245327787,933.5752,692.6091,1
627484147,932.2099214776368,641.3715002452215,929.5381,632.0396,1
627484163,937.16223445565,641.210832503341,1035.1044,645.3421,1
627484180,938.5238734478454,640.5333619461501,961.4326,636.5571,1
627484196,940.9162269764073,640.7237351155218,988.8206,660.9569,1
627484213,938.6095359496286,644.0610296674986,886.645,719.9582,1
627484230,939.0789454405237,653.3116395257036,956.1121,839.6409,1
627484246,938.3862522218667,654.699035469253,932.1029,687.7308,1
627484263,936.3835335282487,656.0950361160109,910.2341,691.4492,1
627484279,936.7819589591658,658.2231727993959,967.0773,696.3799,1
627484297,940.1940908054312,659.1115374128509,1029.8813,678.3247,1
627484314,938.951530970338,661.5200413543627,932.2689,710.008,1
627484330,938.6255478942046,663.9436594904961,949.5498,717.837,1
627484347,937.4307788091855,662.1402904812247,926.7708,626.222,1
627484364,938.0615233480066,661.8941522666329,966.0162,661.8458,1
627484380,939.0700651021607,662.5829816443228,976.004,684.9331,1
627484397,938.2262077169364,659.4952827835975,932.4136,612.0201,1
627484413,938.4285052102668,658.7241129546045,958.7266,659.8853,1
627484430,939.4701692616067,655.0204350129424,980.0559,604.4628,1
627484447,942.3955966618533,653.1918133983347,1016.2623,636.5276,1
627484463,939.6066251235652,644.1470461431833,888.0804,495.2873,1
627484480,937.368194973865,636.4435140250705,904.0848,523.0,1
627484497,936.4126146098022,630.6174305587583,929.2424,559.4906,1
627484513,939.0616211428008,629.5191586071508,1013.6711,649.6924,1
627484530,934.0146780118154,625.2604051438177,834.4054,592.3434,1
627484546,929.2012560478167,625.1512184662429,855.136,662.2268,1
627484563,927.9868144898512,620.8750083345883,928.1956,581.3538,1
627484580,931.7354875086515,616.2369398710873,1030.6006,569.9274,1
627484596,979.3558283199087,470.2855199220794,999.2255,465.1768,0
627484613,1013.9894022971652,439.6000701843604,1042.4784,430.2807,0
627484629,985.462737121363,470.52985670960874,971.8293,500.4095,0
627484646,979.2095532815674,513.4254092319312,989.0187,609.6573,0
627484664,982.28430446909,538.1599037074193,1021.4224,623.1086,0
627484679,973.8634372381626,556.515959079973,956.8309,642.0262,0
627484696,979.5321444171154,547.844233896649,1037.1892,502.0473,1
627484713,976.23471128537,556.8225976931598,977.0049,619.3118,1
627484729,958.5449999035543,542.291947834443,819.9145,435.9402,1
627484746,956.7438568064923,538.0375343701176,957.7743,505.3235,1
627484762,951.0311415130268,532.6544936190825,906.0172,486.0708,1
627484779,951.115819934028,522.2098624442212,966.9879,418.562,1
627484796,955.9592049689174,523.2336437132917,1038.2229,540.2684,1
627484813,959.8777185785324,510.8174033374375,1026.0321,367.4434,1
627484830,961.9235403818437,498.9567648350169,1002.6626,356.4764,1
627484846,967.9936321393099,495.1339679318238,1076.0255,454.4937,1
627484863,972.6088980875323,485.38482225585415,1056.1438,359.8473,1
627484880,971.84699120906,481.0195149817203,969.4183,431.8222,1
627484896,974.3894210890617,474.97699694073856,1028.4691,398.0844,1
627484913,976.7231112283972,467.86006472341154,1026.7563,372.4771,1
627484930,980.0255008660545,471.4180147525223,1055.6741,546.1763,1
627484946,978.5141454494748,467.3609320208968,957.7791,414.5857,1
627484963,978.9949348787632,466.52823003707397,1000.1007,466.6638,1
627484979,986.2320716256665,465.38947600212737,1141.5934,457.1736,1
627484996,992.0746368372558,466.7992705203304,1119.8947,501.4982,1
627485013,988.7436277348606,462.14961160706633,923.5483,388.0675,1
627485029,990.2765581805467,462.35852000920374,1032.5015,474.9909,1
627485046,1292.5759612527315,549.253728167727,1406.5635,550.8921,0
627485063,1040.3770824407113,489.78677860405674,1078.7694,486.5102,0
627485079,992.6805826041096,448.1815940180364,952.1909,393.9237,0
627485096,988.7763095072701,489.5806068487433,1006.2942,579.7339,0
627485112,983.0731301995434,529.1556070022093,990.575,663.1884,0
627485129,955.6391037216733,518.6872925313684,830.7159,472.9514,0
627485146,773.6774724257476,494.7905021296431,735.2068,494.8535,0
627485162,828.0782660327891,551.1329186109105,807.8873,557.7281,0
627485179,847.9749680025277,549.4400040791107,858.9643,553.5174,0
627485196,841.8512291868633,563.6897686903673,811.6781,603.738,0
627485212,848.5002149360008,552.3734609059986,858.1383,520.7169,0
627485229,833.7105522821072,544.5394796227292,738.376,516.3822,0
627485245,834.3283709998458,539.6661744747928,818.9277,518.6268,1
627485262,831.7758483413346,530.963315341704,791.1053,479.5192,1
627485279,835.1280680385408,530.7806523885512,845.7598,535.0591,1
627485295,844.8223215032956,540.5693466945847,926.5233,629.5167,1
627485312,845.3321203439963,550.4580295804998,837.5226,649.3453,1
627485328,849.5062032437605,552.424825305024,883.3761,576.415,1
627485345,845.3715835934863,547.3803478941591,772.2,495.166,1
627485362,848.8363159956433,540.8417808126893,876.5981,467.0459,1
627485378,852.8644825917859,541.3199836237386,894.9523,553.3514,1
627485395,859.6375747442958,539.9117061571644,945.7432,526.4178,1
627485412,861.8032570032177,538.8207077332993,877.045,529.8319,1
627485428,859.7745739216178,541.4575137286902,807.908,587.1504,1
627485445,906.5611733806074,881.7257853427329,924.0479,929.0953,0
627485461,939.0897991660402,595.833325292708,953.014,606.9214,0
627485478,936.4422279089088,622.2915124433342,948.5938,666.4698,0
627485496,915.5929143165068,636.1316388420453,872.4007,683.7593,0
627485512,883.9220202910585,667.0828746083107,768.6684,791.5554,0
627485529,865.2373520472205,658.264586194971,766.127,638.3102,0
627485545,732.3020454459688,594.5995693622107,686.398,607.634,0
627485562,706.7771476154869,592.7385878504126,653.4107,605.7984,0
627485579,722.4591685155086,577.0264527118658,692.3658,570.1492,0
627485595,708.6785055507303,586.9821769890981,621.0968,621.9404,0
627485612,706.755789386149,576.9727222139176,644.1387,554.6199,0
627485629,709.3688058827196,600.3268098811791,674.7205,717.6466,0
627485662,692.2902865227487,620.4195887416163,533.3918,746.9019,1
627485678,350.9218314879502,660.2637159224015,197.7571,685.4312,0
627485695,638.6602421748587,722.6527840968772,571.496,752.7415,0
627485712,493.7861599311338,718.9778135354409,198.1385,747.4187,0
627485728,538.2470498562682,714.6806217479788,556.1527,734.2891,0
627485745,591.1048053318418,779.9307195284528,723.6296,1033.9717,0
627485762,610.0050617088116,801.3335034977166,635.4871,933.3246,0
627485811,603.559055661977,911.122475224552,534.7957,965.2679,0
627485845,629.8828818114406,918.3339531025784,569.0555,973.1187,0
627485861,665.7762341200109,890.7594994455656,658.9766,910.3853,0
627485878,715.4959438273738,850.6691290792786,799.8741,805.5392,0
627485895,743.9027315032598,889.6310673182404,827.3633,1069.6683,0
627485911,732.8026189889586,880.6323469259067,639.973,889.8386,0
627485928,1278.6445356065858,1021.8521789501817,1410.0371,1083.0612,0
627485944,653.0126675954275,1060.5619917000352,605.3209,1132.9968,0
627485961,656.1055392194629,989.4454948777494,606.8425,973.019,0
627485978,695.1612068553462,945.92614321977,750.5781,905.7723,0
627485994,716.2861163004513,963.1283556597059,764.7737,1080.5856,0
627486011,733.9708223304895,898.3267541385543,778.7015,663.0754,0
627486027,810.497839965149,708.3569904976983,792.3552,734.9017,0
627486044,865.1759619515119,523.6761991781083,854.463,526.4417,0
627486061,851.5266615628138,614.6426867391359,827.5586,731.2689,0
627486077,840.0613366387756,615.2136685439621,796.9885,630.7349,0
627486094,833.6051945219549,617.6944056647134,793.9813,640.5555,0
627486111,831.5471803098324,615.2464236740801,804.9472,618.5429,0
627486128,824.7157543943288,616.9897731451217,764.7512,641.3461,1
627486145,821.7777242009381,624.9937217378413,784.6008,692.5871,1
627486161,821.433429741849,620.6984513755338,799.7799,602.5032,1
627486178,862.2415280797219,1039.0453137462043,874.0519,1106.6481,0
627486195,919.4558120641134,712.4997374670832,932.9955,738.4581,0
627486211,890.3071314680403,639.357161460226,851.3176,574.579,0
627486228,989.9196760111081,605.9101340166807,1271.3666,541.3245,0
627486244,1073.3536163111808,613.6293508927371,1445.0653,649.8305,0
627486261,1035.8857201316978,637.0177924738913,889.3671,757.8619,0
627486278,946.9937824960954,669.5383698405481,966.5451,689.8145,0
627486294,820.642128490317,629.3144511142282,801.8472,645.8165,0
627486311,944.7517648133149,697.8757683738968,1127.6177,797.4664,0
627486328,886.3975629957517,693.5662575339949,738.8212,708.6324,0
627486344,889.1906178166213,648.6240119680372,896.0433,516.47,0
627486361,880.302855098496,662.8003236055905,838.1094,747.1035,0
627486394,930.7632822149436,833.8800269299288,953.0759,874.987,0
627486428,950.5733380719031,842.5730093781003,979.0063,884.5718,0
627486444,982.4572604119314,790.104168885023,1056.3489,765.9415,0
627486461,968.2778194091492,800.1711500344136,964.2925,859.7667,0
627486477,1031.4644534900776,840.3081750730497,1330.1182,1013.3718,0
627486510,1059.8291736007716,840.491572135742,1260.8654,879.584,0
627486527,895.014547700225,765.9637697091499,903.914,798.8936,0
627486544,936.1834741861817,754.348027832068,956.4561,785.3988,0
627486560,924.8302874213097,760.6048562683785,927.7906,799.6985,0
627486577,920.769843949545,754.2347322240756,925.6785,771.2225,0
627486594,923.8160382931922,746.9291620479426,950.9907,752.7714,0
627486610,910.0352065022317,746.5873906506364,852.6633,776.2851,0
627486628,910.0820860072018,748.5139970670527,924.1807,789.9624,1
627486644,901.8415140266701,758.43747767559,854.5048,855.5032,1
627486661,899.2928699639683,770.361265230325,893.2191,892.3539,1
627486678,903.8468747042319,772.5874090282749,962.5718,822.0057,1
627486694,906.5529196107105,774.5580963144349,949.9999,823.6585,1
627486711,915.1275206776542,773.2063216488377,1030.3944,788.8853,1
627486727,971.181150836454,942.9447333300539,1010.1226,997.3558,0
627486744,887.9237417337307,783.8872394318236,895.5864,819.143,0
627486761,1064.7939869819393,747.4842604774217,1347.6979,733.6957,0
627486777,1136.533458479535,772.1668000284074,1400.3813,857.4098,0
627486794,1093.0092451018845,794.6975483053624,994.6044,905.5382,0
627486811,1052.7658205303924,796.0612817252866,904.4491,837.8389,0
627486827,965.292864821769,757.1969979180184,994.1088,788.3102,0
627486844,1193.6342588569958,870.6192370263706,1293.5962,913.6747,0
627486860,1100.61894133961,844.3966411422498,1051.7233,856.5979,0
627486877,1033.3993332166867,845.3279089117859,914.3966,890.4167,0
627486894,1005.6646352027461,825.3066214443206,942.4672,798.707,0
627486910,982.7610357141755,815.154665863248,904.538,810.2177,0
627486927,930.1029727650028,791.6073846540588,950.3077,827.4053,0
627486943,852.8800524699597,771.0252008993435,849.83,805.0197,0
627486960,901.1285074847225,667.2913246618032,964.6646,570.7811,0
627486977,911.1581136303087,607.7956137908566,937.5913,487.9589,0
627486993,929.0443086568107,571.0710797058911,1001.9169,457.6394,0
627487010,935.497351354212,555.1809384022354,975.2888,493.5308,0
627487027,983.9196278484088,440.5567776476076,1003.7603,431.6633,0
627487043,944.4287277130518,504.01118125241175,955.7321,503.4984,0
627487060,966.8603222364083,518.3448866404003,1014.7879,535.2741,0
627487076,969.1399619902849,542.2356940390815,997.1627,599.6006,0
627487093,965.2600802670764,533.2623578736942,967.67,505.9009,0
627487111,961.1421415361938,560.2250597463704,963.7513,685.727,0
627487127,970.4653519228616,584.7173161290984,1056.9617,726.0448,1
627487144,982.2082067767658,575.4504578088888,1091.8684,518.9909,1
627487161,983.9458702831139,575.9016764169367,1022.7372,584.8648,1
627487194,979.5922598081008,568.4490031722656,956.8594,510.6642,1
627487227,965.6394980253714,571.6558474864951,836.3434,609.801,1
627487244,960.4060124853323,570.2629215775102,919.7235,562.6388,1
627487260,958.2268607458649,565.4389839983378,950.4412,518.3445,1
627487277,955.7743352271135,560.8155544285614,942.0591,513.46,1
627487293,957.103194386656,558.3840231862059,997.8882,536.1903,1
627487310,885.4068501080664,490.46374996567005,879.0355,488.8472,0
627487327,967.1889805463079,487.28899309173516,984.3129,484.4421,0
627487343,895.5102949058032,499.4659091949514,800.8562,513.2786,0
627487360,907.0908194134108,496.5729818567513,937.1348,488.7252,0
627487377,913.8862430373515,495.46710462499306,942.0275,490.2739,0
627487393,921.1113902519558,509.9329557663405,965.0356,574.0446,0
627487410,932.857193218436,519.0611560090442,1016.6097,569.1707,1
627487426,937.102286131863,510.34779846331145,974.2437,452.3125,1
627487443,936.4596044149421,512.1747310882653,938.7563,526.0491,1
627487460,1293.1793766550015,655.8702718889723,1412.1763,670.9095,0
627487476,1007.5363925303386,539.9980804541927,1038.7131,543.3693,0
627487493,1026.5566392865976,622.1192683627216,1095.1257,727.6434,0
627487510,983.6216887086866,659.1466581024027,906.495,760.9817,0
627487526,996.6235682989368,636.1695529068537,1076.2743,573.5756,0
627487543,1013.1651009536274,627.8014441963056,1132.3311,604.2346,0
627487559,958.6890667868447,473.1547832505054,972.7151,468.6169,0
627487576,920.2958391335391,543.3445702385004,926.4073,548.0232,0
627487593,930.3795204768156,502.07400411053777,948.6326,455.0164,0
627487609,961.0663751911577,509.4427458173886,1056.6443,525.5452,0
627487626,976.8632700534099,533.9104758184371,1061.8982,618.1214,0
627487643,990.6521859131169,554.6821740824194,1089.7858,650.5824,0
627487660,999.987842087384,543.7152366567524,1083.0818,485.2914,1
627487676,1186.2211277995675,727.5978799214955,1277.5544,752.7438,0
627487693,1027.395718064565,532.562610208869,1063.9756,534.797,0
