timstamp,smoothx,smoothy,rawx,rawy,fixation
627532261,1042.029120430009,590.779653234214,977.2775,543.1981,0
627532278,1019.5727037795414,573.4976436810847,942.6789,504.8004,0
627532294,883.993193577136,598.1124959691251,882.095,610.0471,0
627532311,974.6977833939376,555.1175833959535,997.0681,560.7238,0
627532328,961.9440320884248,534.9439044018366,962.4022,515.6195,0
627532344,955.5341246265183,521.5015356972762,953.2966,493.2458,0
627532362,955.046778602269,534.913352318452,970.9814,583.2935,0
627532378,961.5879917078792,538.4380044031705,1013.3478,557.2713,0
627532395,960.8204141219595,530.8644724896837,971.3831,491.8281,1
627532412,954.0933964869736,527.8384319433861,918.2848,511.2606,1
627532428,1255.2811615896474,605.4536038882392,1361.0372,614.5381,0
627532445,1021.6779448310913,522.1347074716108,1056.1322,523.1159,0
627532461,981.9194162047422,511.0118523083977,952.7538,498.9118,0
627532478,1074.5992509104499,539.8884048126832,1365.4409,605.3563,0
627532495,1034.4616014055432,532.4768963996107,917.1311,510.687,0
627532511,1008.1441189259349,523.8744915151111,904.1173,488.0845,0
627532528,1286.0912896834805,497.02284068472943,1395.8358,492.1591,0
627532545,928.9783010717435,635.5262913235752,941.7798,651.7085,0
627532561,870.7565569263166,578.0526901052166,786.6633,523.6534,0
627532578,895.1218014809524,557.7291779103078,955.5877,518.8369,0
627532594,889.9886664148531,583.5042115658375,872.936,680.3851,0
627532611,912.2284318059113,570.3374414745559,1027.4885,519.2152,0
627532628,877.4739376810642,547.4578457962498,871.3942,553.0889,0
627532644,958.2978812201517,564.3926782837946,976.3484,571.3319,0
627532661,977.9537473491818,562.8993218786721,1026.8234,567.5748,0
627532678,954.1163263959754,555.9920575908018,908.7618,546.9555,0
627532694,945.0830647661564,544.6079084915997,922.7079,511.5953,0
627532711,941.629535033651,536.0890542458573,935.2903,502.6397,0
627532727,944.9778053746337,527.3349113917847,977.475,482.6189,1
627532744,937.2966202003392,524.2553093624164,890.0712,508.4376,1
627532762,944.6126504808889,533.0374131157818,1024.3011,603.4233,1
627532778,1262.6551683466023,575.4866727666301,1369.1837,580.7279,0
627532795,926.7376114229294,444.6331568682887,930.2346,436.8334,0
627532811,1105.8169235388032,497.9761117904829,1396.1633,553.1468,0
627532828,1040.1429130718318,498.8598621403762,909.5382,499.7353,0
627532845,1026.1139746593904,527.6437314442434,1012.4745,625.4438,0
627532861,1024.4930123332658,536.6891947927504,1054.4542,578.2218,0
627532878,929.6038403998267,467.9783378444279,934.988,463.0851,0
627532895,981.1327432685315,697.0190282670014,1011.7982,720.4039,0
627532911,956.3605339457678,611.4440928810286,940.2626,528.4802,0
627532928,1013.1599220657796,654.8179735928387,1200.7638,768.946,0
627532944,1051.4320442780263,610.1482214850562,1237.7744,471.4104,0
627532961,1075.923822884083,571.52426845937,1242.9767,407.8098,0
627532978,1125.8222417490788,539.9508152507037,1191.1875,542.114,0
627532994,1150.3163766692885,593.2550523306456,1225.179,601.8723,0
627533011,1277.48533286561,553.3727969368293,1549.0037,509.6103,0
627533027,1342.626833467939,523.1507181905578,1633.2278,452.3033,0
627533044,1285.7940431476072,530.9610085890838,1178.802,558.8995,0
627533061,1322.082722753547,502.2399567544147,1621.1161,369.7813,0
627533077,1118.666014450876,522.2094581090689,1181.1582,522.2144,0
627533094,1082.9485838210844,427.95636570843834,1130.8423,416.472,0
627533111,1137.6681293935787,478.19088696517605,1276.2856,528.3201,0
627533127,1136.4648033357703,480.2537534040458,1198.9333,479.1575,0
627533144,1140.6517244504269,499.9485859259247,1226.7976,562.2206,0
627533160,1211.9167420429574,497.20822301939904,1659.7545,477.2051,0
627533177,1450.9453615768628,510.09745791428026,1608.9341,505.2025,0
627533195,1082.9680425026352,532.9047458318342,1135.6267,534.6174,0
627533211,1165.7389256280844,472.8170206837674,1343.3037,397.8221,0
627533228,1143.6376310666117,485.6068039441393,1155.6965,510.1615,0
627533245,1131.1644042438052,470.958910448276,1145.2131,416.0019,0
627533261,1122.1907150269656,471.5817878833001,1138.5283,468.8987,0
627533278,1074.8385015502251,434.2544629652591,1120.6736,423.6445,0
627533294,1109.8851719101467,473.3498042625517,1167.6235,467.2999,0
627533311,1105.952206211141,526.2106984216225,1162.2852,586.2444,0
627533328,1093.9865103857348,516.7396735583266,1117.604,495.0593,0
627533344,1092.376050228025,501.12450804115525,1138.3113,446.5424,0
627533360,1085.0718980757706,506.1285256479174,1101.3934,527.2452,0
627533377,1086.9852562009703,497.7972277716333,1150.1431,449.4564,1
627533393,1404.4508905718164,648.4102713897698,1555.2727,661.3806,0
627533410,1115.5788642654863,799.9787990072427,1189.7753,834.9445,0
627533426,1176.5416245395265,660.279651820616,1334.0891,519.5751,0
627533443,1271.5834141467544,572.3362689583894,1615.7299,379.2235,0
627533460,1233.0118490989144,559.6729847711027,1179.0026,524.4197,0
627533476,1227.2150129942183,599.544097134247,1301.7633,787.2117,0
627533493,1511.4675361479995,409.25546173825984,1682.3772,391.0646,0
627533509,1473.295430501245,504.99066928624615,1637.5129,499.2264,0
627533526,1279.2965201053848,536.2586060851481,1140.8333,573.4744,0
627533543,1220.492213929975,545.4688208287307,1164.9202,568.9683,0
627533559,1191.1970810733292,554.473030424948,1167.7495,588.381,0
627533576,1246.1154211713963,555.7968708731041,1628.4714,561.7352,0
627533593,1482.590856432439,520.8436311972592,1650.2141,516.9784,0
627533609,1441.9213915116422,400.0812463955472,1592.3126,381.4435,0
627533626,1474.7970808684402,414.3868275091123,1678.2572,412.9441,0
627533642,1396.7194550692518,477.2761487255596,1342.9814,610.998,0
627533659,1336.5165658826354,481.90513759266753,1231.9678,490.7319,0
627533677,1349.7225395084347,474.54933397705645,1545.8909,431.8796,0
627533693,1443.646551127392,506.4158444999708,1599.3586,501.1321,0
627533710,1152.5753415003915,497.90983317868006,1223.7671,494.5145,0
627533726,1179.3697081650234,502.90845833157755,1293.2107,505.2107,0
627533743,1171.1493073328097,502.6486842176066,1226.6667,499.2179,0
627533760,1139.78918675539,510.04482251434445,1088.9733,533.9106,0
627533776,1131.89870406616,527.3337578911631,1162.7942,604.2673,0
627533793,1169.566840170603,591.9046940274645,1249.9326,600.1565,0
627533810,1156.036896835666,481.69732776053576,1227.494,476.2281,0
627533826,1143.454021874083,589.6260576530232,1204.8718,719.1753,0
627533843,1141.3001713560204,569.169742541717,1205.1603,528.5128,0
627533859,1137.330806758355,582.3324039833697,1194.6578,633.4987,0
627533876,1126.5757881829477,562.2784783615261,1135.4368,478.3775,0
627533893,1114.412875283667,543.9808865871614,1097.3499,447.6378,1
627533909,1117.4683507830455,540.4490635139741,1204.401,521.544,1
627533926,1121.1120276208685,537.6664991093254,1217.125,520.7636,1
627533943,1119.3464626738155,534.9520920145432,1165.6074,516.3539,1
627533959,1116.5665448972848,524.2828001068358,1146.0349,427.8579,1
627533976,1116.5664422368218,521.4764024658864,1179.3142,497.9188,1
627533992,1105.2809877305897,469.758339133067,1161.5256,463.3036,0
627534009,1087.8552012402283,515.753388503507,1141.1487,515.2596,0
627534026,1058.9608253358808,530.5130278031961,1068.0876,549.035,0
627534042,1068.0986887718332,496.3629509747032,1135.3187,416.9607,0
627534059,1153.0762497181024,490.0508835400286,1547.9788,462.5333,0
627534075,1147.9941308929388,504.03379090743005,1191.678,564.1619,0
627534092,1084.2810711076636,602.7834677443909,1140.4882,613.27,0
627534110,1067.3080939269412,425.5681366113155,1110.5726,413.9424,0
627534126,1177.938210983266,522.6348274299445,1404.2175,629.9639,0
627534143,1268.6624207745433,507.5303970524797,1604.1509,467.9935,0
627534160,1215.2643179536014,559.2183002007775,1107.7588,736.7401,0
627534176,1203.1018901555706,600.4516240692966,1238.9167,790.0825,0
627534193,1282.084974587732,542.0280399717859,1392.7124,542.8644,0
627534209,1102.7002176787346,500.89996462348023,1159.6111,498.3875,0
627534226,1130.716830724848,532.4098325888947,1234.6031,568.6729,0
627534243,1132.5463241052857,562.6703738037384,1208.109,635.106,0
627534259,1161.0293045273677,584.1872909208148,1350.0757,661.8192,0
627534276,1193.2268452689668,587.2879898262378,1442.2987,605.7454,0
627534293,1206.957811139152,573.479095162036,1376.9446,501.2573,1
627534309,1039.977854214105,496.24171561271015,1078.5475,493.7809,0
627534326,1101.7542234756913,701.2397957056993,1167.4769,723.9296,0
627534342,1099.2042472163178,654.9621740913699,1156.7192,619.9202,0
627534359,1106.5349503891712,631.1435550597428,1187.1204,591.7985,0
627534376,1101.752829163576,612.6316243244261,1142.5938,563.2062,0
627534392,1105.851017473837,608.0146546757035,1188.5532,599.6478,0
627534409,933.8055694196684,739.5085239407724,952.7179,768.7174,0
627534425,1138.8219986458175,538.2847354059321,1207.8693,540.1063,0
627534442,1133.4561854887293,564.1619546504602,1196.3973,598.4034,0
627534459,1144.1886993828373,580.8907814399989,1245.75,625.0767,0
627534475,1032.2706118629967,636.5604626389089,654.5706,840.5594,0
627534509,1069.0794868786174,611.9815277577881,1307.2012,511.3934,0
627534542,1064.4565623748463,500.7773309660224,1110.3075,498.6381,0
627534558,1148.9646030600115,472.0003464913246,1217.9377,465.3836,0
627534575,1109.4319591346564,542.2445155311785,1122.5112,624.1393,0
627534592,1093.9529985712468,700.5359263139917,1132.2429,1077.2566,0
627534792,1061.6493292711261,724.4215316907273,997.0236,828.0367,0
627534942,1109.963596379695,671.1553335531977,1413.2698,448.883,0
627534958,970.3961423228351,663.6894037445256,996.4467,682.9922,0
627534975,1070.4832605442887,547.3223588629745,1120.187,550.9749,0
627534992,1074.5587625242142,569.9196731357948,1132.7278,601.7053,0
627535008,1053.3694666411652,566.3780878564249,1044.3582,564.9766,0
627535025,1055.5641838089234,571.844493512169,1111.5728,596.8405,0
627535041,1062.1317249720169,564.9381115920942,1142.5002,539.8654,0
627535058,1064.935278067776,574.2012650539031,1133.7437,632.004,1
627535075,1229.4066123307116,524.4691185722297,1324.011,523.6328,0
627535091,1004.3058976211277,525.8075978607371,1033.9053,527.4272,0
627535108,1039.621343249927,537.6970060297953,1125.9132,553.4451,0
627535124,1076.1513278204463,623.583369027306,1232.0386,828.1096,0
627535224,1084.37012961443,619.4497005705393,1171.2133,616.4697,0
627535242,1092.8673857416088,632.2393600800493,1196.8695,701.1667,0
627535257,1115.2376920331749,636.334800432143,1181.9144,650.7258,0
627535274,1153.4832560015686,589.6525493767919,1229.0979,597.7846,0
627535291,1143.2687133992843,622.0494460654277,1205.7321,670.8406,0
627535307,1009.9827849085699,622.8965874213915,704.3184,641.0693,0
627535324,1058.3513657050771,600.1025757576232,1291.3689,532.769,0
627535341,1068.2421825485317,591.6664336826892,1168.6056,563.8221,0
627535357,1125.9734050375387,545.4446978771109,1191.6315,548.2972,0
627535374,799.8720850707615,877.1374310652593,786.3121,925.0142,0
627535390,933.0391210043905,703.55835453461,1113.4697,531.9958,0
627535425,989.7269538456168,634.2839759657932,1158.1779,494.563,0
627535441,1013.5791303732652,604.7093709597827,1134.7432,518.8994,0
627535458,1033.0824921474866,589.8924035689697,1167.2332,536.1512,0
627535474,1102.2246734160235,616.7699292639935,1164.2527,628.8329,0
627535491,1118.7286187253912,506.2113501326532,1180.5134,504.2039,0
627535508,1091.7231010828739,541.6916679410778,1114.1929,584.5343,0
627535524,1099.6777108761262,540.1414470855981,1177.9004,538.7618,0
627535541,1062.9015895958644,572.7465298785686,975.4203,689.4248,0
627535558,1075.6290627062945,558.3037481706247,1190.5205,497.6912,0
627535574,1097.5772895087928,592.5735810743006,1157.1647,601.6411,0
627535591,1134.6749900094935,569.6857284760678,1203.9476,575.4981,0
627535607,1047.1713729206463,623.8116510934888,983.5446,698.9836,0
627535624,1059.968299909084,605.2644982742262,1140.9296,574.2447,0
627535641,1055.035384767179,594.5185640649585,1082.4309,568.5576,0
627535657,1047.9369242374185,582.8817500769688,1055.261,540.4772,0
627535674,1033.0202013621736,598.8583111696364,985.2166,698.5759,1
627535691,1035.25145483324,583.6187547381758,1091.3136,492.6429,1
627535707,1048.2291381323496,582.1876078422197,1205.9954,580.2289,1
627535724,1053.3574048200173,565.0031617015803,1142.3801,426.9954,1
627535740,1061.4093397580637,556.2563929915322,1190.6511,483.2052,1
627535757,1068.8052248327394,554.3803642559536,1200.9827,545.5198,1
627535774,1102.7283042286722,539.4276133442048,1161.3945,541.7597,0
627535790,1113.5530318495178,546.0863829986027,1175.6501,549.1458,0
627535807,1114.1137377854982,499.0760163847612,1172.8354,443.4255,0
627535823,1121.0942191687016,509.40037246538037,1202.5266,530.9945,0
627535840,1118.141226286862,505.37735523251666,1167.7571,490.0223,0
627535858,1119.2426611264277,522.4800868747534,1190.516,598.2513,0
627535874,1113.6141601856727,521.0738237355768,1138.8826,512.8317,1
627535891,1109.4309382470346,518.0679933372915,1137.554,497.7424,1
627535908,1103.1894225073277,522.6553988901967,1110.0077,557.4251,1
627535924,1098.5484505184465,515.981655218537,1109.717,458.4385,1
627535941,1100.2656660451923,518.5598940619196,1179.5737,542.6458,1
627535957,1100.9176330924424,511.02680298653,1164.6093,432.3841,1
627535974,1112.0569593851583,506.4497678272209,1313.0731,454.6027,1
627535991,1113.4894616355773,501.9520162625664,1188.7864,449.2567,1
627536007,1112.010157025092,504.71281351686406,1149.3259,542.1661,1
627536041,1114.022476194839,504.09575834765326,1202.7511,496.7385,1
627536057,1116.9257912121077,502.00702141326104,1220.2296,473.4488,1
627536074,1117.0295706972436,505.0549946441605,1177.5082,551.1745,1
627536090,1117.1448517190468,513.1454896283248,1181.5336,635.6379,1
627536356,1436.9391439434855,523.3597858570038,1591.4808,520.2749,0
627536406,1361.3683125664054,556.2620440245825,1495.5582,558.0826,0
627536423,1407.0635196059845,516.7448034232876,1609.6353,468.2952,0
627536439,1339.9974211820393,496.15455363888464,1291.334,446.1511,0
627536456,1298.7160042013243,520.3660421259355,1259.7002,600.9197,0
627536473,1271.3362433590796,518.053316977132,1241.4154,506.5803,0
627536490,1104.598592756873,614.2846742842305,1167.2001,626.011,0
627536523,987.2992796866386,505.20973913857864,1011.0488,504.412,0
627536540,886.0340229556589,595.8074008935978,758.5156,710.1882,0
627536573,944.1067864180058,551.6702946776538,1102.9076,456.7158,0
627536590,969.3299169653961,545.2972366876609,1084.767,527.9401,0
627536623,987.2179929610113,551.6093768195445,1103.2397,584.288,0
627536640,1041.938403263672,552.9650081023116,1083.6471,557.6172,0
627536656,958.3787345271674,556.4934276334858,976.0944,562.4385,0
627536673,1070.1776295882528,610.2116492639723,1268.8223,680.9614,0
627536690,1048.998462965806,586.5493400635193,1037.141,542.5431,0
627536706,952.7519769226076,675.36188348417,618.0623,995.7175,0
627536723,978.0711552956723,651.7622381851568,1132.9886,561.2969,0
627536740,606.9149150346955,556.0532901838549,523.0195,565.5148,0
627536756,1030.8069978662415,643.6316850750122,1073.4098,659.7983,0
627536789,1026.1434515457997,653.1787514854582,1062.2668,681.3606,0
627536806,1103.529550672128,540.2248090413825,1350.5544,288.3307,0
627536856,1149.9867839414571,544.9996950586183,1399.3452,563.965,0
627536872,1170.40847275259,533.3785827331625,1346.442,483.7946,0
627536889,1100.096408005973,566.1480784445782,1159.2136,571.867,0
627536906,1071.176835972168,564.8937161092166,1121.8779,570.7488,0
627536922,1102.1097376281514,531.8434346034153,1198.5308,495.8031,0
627536956,1055.7992609985301,560.5823878723812,985.6205,631.4715,0
627536990,1053.408904502107,553.8522125527481,1089.124,535.8016,0
627537023,1040.1187681028034,574.0437698645605,1019.394,671.0266,0
627537055,1045.4369242536482,556.4254170834922,1119.3196,463.5653,1
627537072,1278.9225778859407,389.8220458601985,1381.7335,371.5507,0
627537089,1032.3699975894879,514.425496706057,1069.5652,514.3286,0
627537106,1003.7577705425242,510.838487253288,995.569,506.8434,0
627537123,1007.407493394082,595.5417729623608,1058.2363,795.3424,0
627537139,1023.6054329323078,635.0932085573329,1131.0135,780.351,0
627537156,1050.3010378976398,611.0793397663493,1227.2168,513.0779,0
627537173,985.6768033053488,684.4404579879699,1017.0853,706.1974,0
627537189,1248.773383085559,464.6694234294157,1346.2639,456.1165,0
627537206,1109.2069876970427,503.963723781728,990.4651,547.308,0
627537222,1073.0316289406478,552.2799426796732,1036.2815,665.1226,0
627537239,1058.6586963702885,529.4933779569297,1047.7018,454.3559,0
627537256,1028.435205617227,578.9394097521105,925.4202,806.3923,0
627537272,1076.6629502093656,519.5414934720923,1126.8931,519.6378,0
627537289,929.713290258672,730.0763304009929,947.015,758.1407,0
627537306,965.4569542154416,616.3845727177168,1028.7501,501.7643,0
627537322,1076.027228246498,536.2513721934453,1402.6536,357.5979,0
627537339,1056.9088668173872,573.7240104622874,1033.5635,708.4879,0
627537355,1050.85823017285,572.1116713069719,1063.5535,572.901,0
627537372,1288.5254272243806,491.84019366851055,1398.7385,486.3,0
627537389,944.9780788445037,513.11958578861,956.8533,513.7466,0
627537405,933.9809558946035,512.6291043296136,928.4932,512.8668,0
627537422,935.9036413910927,511.80790881766694,950.0195,510.4885,0
627537439,939.0968481207128,505.8362889419706,960.3757,485.5977,0
627537455,933.6176096129143,502.55111499361635,913.3436,487.8868,0
627537473,986.3648992737046,465.85427729547166,1008.0596,460.1171,0
627537489,1055.1207505409009,506.6703145187041,1098.5404,505.367,0
627537506,1052.5643960598702,491.7035944940398,1090.6028,471.7643,0
627537523,1047.9222395408883,492.8365494897692,1076.8635,492.5803,0
627537539,1043.117070161259,496.98460068727223,1064.9314,508.6373,0
627537556,1083.7912775613984,478.8244837736918,1337.0618,391.7932,0
627537572,1325.394873239988,568.9990828799557,1449.7642,572.7869,0
627537589,1111.3326155346797,483.29642978866946,1169.9404,478.4826,0
627537606,1107.2812002625783,554.430833531541,1165.9524,638.5198,0
627537622,1090.8678633523664,548.8769323283485,1103.9972,540.0183,0
627537639,1093.6901256230278,533.8724247758264,1158.5928,485.1301,0
627537656,1101.8992312013274,548.2727192171308,1205.057,615.2286,0
627537672,1119.0072774955777,627.4925222198619,1186.3726,640.7333,0
627537689,1136.3764109841757,548.5073874093548,1205.1804,551.6393,0
627537705,1246.1997376945155,508.1225543473908,1484.2974,458.5994,0
627537722,1236.3088129999146,577.883788994326,1315.5718,740.1995,0
627537739,1244.6453464997774,558.3019219135882,1373.8645,495.0071,0
627537755,1216.5819262871255,562.6634626896636,1167.1854,586.8751,0
627537772,805.1493988411381,694.5003975784474,784.8324,719.357,0
627537788,1063.035525410516,468.02454013936443,1106.9904,461.7811,0
627537805,958.3896944115336,567.7102304595398,846.5762,688.0616,0
627537822,929.2699512215073,557.4574779054899,863.7542,540.8967,0
627537838,984.6712456040929,572.213708616778,1225.6228,627.0529,0
627537855,994.1589303395913,552.8414784593228,1065.6387,471.1353,0
627537872,1107.6739449335973,426.2482361668731,1162.6371,414.2978,0
627537888,833.3059265027135,470.41419325472754,810.9655,466.8059,0
627537905,859.7650309509222,454.9905975359891,877.6958,431.5868,0
627537921,877.9296538571709,453.7836681448561,913.9886,444.6531,0
627537938,864.9823481274382,469.28216057385765,803.833,517.4352,0
627537955,855.6431911593538,491.6740759298653,797.4333,589.3973,0
627537971,826.1867737679353,563.7159809836958,806.0197,571.9127,0
627537988,857.4398410415624,462.8824679619948,841.7338,458.0818,0
627538005,822.8231870246163,512.0002332067538,757.0514,569.2322,0
627538021,841.8961625255711,513.7059685835582,873.2301,518.6033,0
627538038,854.345753687632,503.49048215135343,885.6288,469.0568,0
627538054,859.7274800028343,509.1880122795539,874.3981,535.198,0
627538071,849.8614701035642,505.9441610350611,770.3931,489.1077,1
627538088,859.2485023808335,495.7815073580761,912.7793,428.4901,1
627538104,861.0035962073374,505.04505605231634,864.9447,575.9918,1
627538122,853.8644074722093,502.4492277562464,767.494,481.0398,1
627538138,856.1186789168617,508.4146833092157,868.6775,565.2858,1
627538155,1014.398140049254,565.9468642368266,1048.735,572.5114,0
627538172,1048.606501832381,525.4513100281914,1090.9949,526.5759,0
627538188,1059.4082858873226,518.6010070945047,1118.187,510.9527,0
627538205,1085.7352582313097,521.9743596940355,1206.3757,529.3394,0
627538222,1077.18965955295,544.8549846245295,1098.5568,624.7336,0
627538238,1061.2589440546717,534.3125892876615,1024.9657,489.6937,0
627538255,1062.556180915331,525.9639150863617,1116.0649,481.0529,1
627538288,1071.3106101806466,531.0266463392495,1187.6763,565.5264,1
627538305,1069.5176666370126,534.7532112980462,1103.6021,564.8184,1
627538321,1069.6512642975906,550.4312604650452,1125.6709,686.3523,1
627538338,1068.0156133372454,558.3749252731113,1102.609,634.4838,1
627538355,1065.1619090128365,555.591445695785,1079.1119,526.944,1
627538371,1064.0606911863931,560.6615862758425,1101.7498,618.1123,1
627538388,1221.2904025134487,570.7789888031484,1315.6489,575.8486,0
627538404,1059.0157961165057,661.0324236290817,1110.5615,679.1005,0
627538421,1069.2714793500022,634.6106727896546,1134.5745,619.4794,0
627538438,1065.0943984425548,636.8107624013132,1106.7356,656.929,0
627538454,1077.4015301562672,627.897121630239,1178.6125,611.6024,0
627538471,1072.257124416571,599.9429653073026,1093.4172,487.3059,0
627538487,1072.4605523331527,598.502385063397,1125.9717,602.6202,1
627538504,1076.6372273186396,590.3093072426498,1158.9641,547.8005,1
627538521,1069.9297948313354,583.6790895894845,1061.009,545.5259,1
627538537,1073.3949044551803,589.3659798740608,1161.9592,649.7692,1
627538554,1077.856780730867,591.5162308946842,1180.2122,622.8768,1
627538571,1325.3696915581252,640.2498686154836,1452.9629,652.9977,0
627538587,1020.4478070055618,517.7070786642117,1054.3457,518.144,0
627538604,1051.4819110136941,543.8033676073125,1136.6169,576.1949,0
627538620,1035.329179028375,586.5451513871836,1038.9146,691.2882,0
627538637,1048.997335337746,591.1305440054817,1147.4065,614.5286,0
627538654,1056.2726734513046,600.7738396752018,1142.3625,652.604,0
627538671,1023.9933031048142,608.5770472113935,1063.0369,620.4048,0
627538688,1056.652418352828,477.7635007318326,1099.2039,472.8096,0
627538705,1028.3146984824223,528.1300430199723,1030.802,586.6406,0
627538721,1135.0500513634095,527.6039119868581,1476.0754,524.4996,0
627538738,1113.2340693813967,561.2544615810942,1095.1755,678.9289,0
627538754,1120.3479537826277,564.053570287598,1220.6406,579.9962,0
627538771,967.1158391438115,546.7142473730253,986.9135,551.3408,0
627538788,1070.6215978376613,502.3882156139629,1118.3276,500.3889,0
627538804,1017.2357918538777,570.8581143666752,987.0708,655.4361,0
627538821,1022.4405643890635,547.5099330093522,1069.8276,498.9417,0
627538837,1042.408225930143,557.4628774180759,1162.3435,595.3025,0
627538854,1034.492361162029,542.6060694600774,1030.3395,480.3925,0
627538871,1027.667296742013,545.1300229333837,1022.667,563.611,1
627538887,1027.565622986861,530.5908810517908,1060.1687,438.3505,1
627538904,1024.322163170237,538.1519212444076,1035.4033,599.9338,1
627538921,1013.9705386146377,545.0093081590785,950.5624,608.4245,1
627538937,1012.0376046446713,540.9265675617701,1025.5493,505.6963,1
627538954,1005.3184630881735,550.6603627226185,965.2327,656.01,1
627538970,998.9965853360909,550.9343608770431,953.6495,557.0911,1
627538987,1134.9776269440235,720.1116974670542,1211.1594,744.837,0
627539004,948.766108550208,556.5963908249481,963.7079,562.6521,0
627539020,1061.7747169142854,568.5192559638809,1255.7644,587.1682,0
627539037,1020.3515797677535,598.8165202829299,953.7749,678.0095,0
627539054,1024.702756875365,576.5318305288444,1076.1882,509.2365,0
627539070,1006.55485842603,569.4241844830901,945.631,546.0092,0
627539087,1011.6721163513558,483.11360998618505,1041.4646,479.2896,0
627539103,889.8209038241496,750.1878096024961,896.5037,781.1866,0
627539120,951.6124530583205,668.3056247338496,1048.1887,595.8093,0
627539137,962.398230459688,610.392223685885,1005.7463,493.7622,0
627539153,957.8905186985205,594.2634061171455,957.2351,552.7171,0
627539170,973.92367717817,589.3643935291713,1077.5254,578.9559,0
627539187,1175.0392828814397,580.1082113204783,1256.4519,586.821,0
627539204,940.4084429835802,521.721641320308,951.3529,523.4768,0
627539221,948.488371079046,598.994520160997,979.157,697.0709,0
627539237,967.9288704290186,581.1771174848149,1037.6492,549.4352,0
627539254,963.7440187178108,578.0632554586356,967.1423,576.2736,0
627539271,985.3157879484811,565.476020479697,1117.8574,515.7869,0
627539287,956.5172611984673,526.3105901994217,972.3261,528.4791,0
627539304,993.2825005740584,628.8068553206291,1024.3665,643.4906,0
627539320,1027.7843533253877,567.6422134114089,1107.6621,505.2537,0
627539337,1020.0208380991699,563.1122562801081,1035.3467,559.6357,0
627539354,1092.650280826936,536.2542443739534,1422.1504,446.8856,0
627539370,1074.5263722990235,534.1538785985186,1029.9263,528.8868,0
627539387,973.5886791741245,569.115481787516,996.2732,576.4932,0
627539404,1094.9658066478435,499.3134646797718,1149.5691,496.6801,0
627539420,1160.6707735991029,488.6499326389446,1317.7815,471.368,0
627539437,1141.3790943899821,496.6868410329095,1160.1567,511.6854,0
627539453,1152.5464122805124,515.0279435227172,1269.5988,574.5841,0
627539470,1146.1961578000312,569.9199590401978,1195.9528,817.7286,0
627539487,1130.3807270339578,523.8353541969619,1196.3328,523.9257,0
627539503,1079.66250558245,466.35895951947964,1128.3479,459.7371,0
627539520,1065.1894313432763,469.3058102055266,1091.3492,466.6573,0
627539536,1071.054982900003,510.2349910040899,1138.0503,600.6488,0
627539553,1079.4738011008535,517.254098084733,1163.479,539.4946,0
627539570,1090.8646990960056,519.5859319743954,1202.8606,528.4612,0
627539586,1082.0055236507415,531.6750925589232,1080.3606,598.8351,1
627539603,1073.1069389308984,529.8786604735992,1055.7845,518.1705,1
627539620,1071.5583666670616,522.8308787474687,1105.9419,468.9642,1
627539636,1062.6785765763377,724.8128796608478,1118.1754,750.8641,0
627539653,1097.5662422983285,635.3669228644821,1159.0911,649.8158,0
627539669,1066.47284680563,552.0595968347108,1071.4851,463.1196,0
627539687,1138.9658559172385,578.8006384557881,1398.2314,644.5496,0
627539704,1096.6022653791956,571.3682361088177,990.8439,554.272,0
627539720,1067.5988135286043,583.1224037906505,973.9114,644.6503,0
627539737,988.2879379442469,601.0896280563974,1016.6713,612.3387,0
627539753,1014.2976704984318,528.8945563818883,1046.9252,530.8008,0
627539769,999.5615839695445,605.475389746616,1015.9194,703.302,0
627539786,975.6333700400619,577.2785575754954,935.5187,522.6261,0
627539803,964.1049191949919,561.1363720873384,938.0212,514.127,0
627539820,959.3451261031796,592.5993438773373,961.5133,742.8594,0
627539837,1167.849813025456,422.35424679690334,1240.0303,409.3026,0
627539853,997.8582679967562,569.2974423300593,1027.5662,576.4514,0
627539870,986.3214536695418,582.5732684311099,999.0635,606.538,0
627539886,1000.5939750638906,565.3267564104657,1065.993,533.005,0
627539903,1040.3089436476303,585.1256592935907,1237.2437,658.9393,0
627539920,1040.6220007873405,586.610875421235,1083.5754,601.619,0
627539936,1057.7280165974155,590.7976337232317,1105.7164,600.0468,0
627539953,977.8044895255324,632.3670637455461,1004.576,647.6558,0
627539970,960.1305303091434,579.6591499341131,954.2944,529.4938,0
627539986,955.5315590784953,613.3248623251932,966.3817,702.1549,0
627540003,969.095783713342,618.4477135224901,1045.4348,648.4846,0
627540019,969.0997689815935,602.7464782045072,988.8947,544.5861,0
627540036,988.6015230235208,619.4179372092211,1143.5271,723.7078,1
627540053,991.9320871379589,616.7283934562283,1043.9886,611.3036,1
627540069,986.7789464654593,633.0917397910723,974.3668,770.7806,1
627540086,990.6163266803949,613.5879335200905,1049.084,458.2837,1
627540103,991.9918948554915,621.3548288252413,1037.823,708.5138,1
627540119,993.0770717806533,616.5355761698917,1031.7594,579.2415,1
627540136,992.2079659323184,618.0002603392104,1009.4948,648.0063,1
627540152,990.3436827547633,615.6023505935218,991.3966,600.3768,1
627540169,989.3560130233014,617.4779565878022,1004.3634,655.2899,1
627540186,990.5015218094765,606.2182070206694,1030.567,468.6788,1
627540202,995.482574854431,597.8005451275975,1099.4979,496.1537,1
627540219,993.4828874238433,598.881050044153,987.3611,634.833,1
627540235,994.6795078312814,592.0009772657843,1039.0562,506.5075,1
627540269,998.2943208926732,588.023392830305,1088.4136,546.7726,1
627540303,999.3554970916888,579.6944397205136,1039.4517,468.1756,1
627540336,996.4085724171379,579.6048563867346,966.1615,604.6885,1
627540369,996.4597155531517,579.7586381387446,1025.4819,606.9764,1
627540386,991.8646282320591,574.9074723239274,925.4085,515.2711,1
627540403,994.5113039931302,570.4420895504927,1075.7294,516.5933,1
627540419,993.804432303939,569.0549394771074,1007.6461,570.4597,1
627540436,993.2403807167549,566.4879990062486,1009.489,545.2786,1
627540453,996.32709922233,564.0637201875923,1089.3535,544.0948,1
627540469,989.3525346118179,449.5537272033954,1011.1716,441.7364,0
627540486,937.0205395751211,538.3632372674913,947.7404,542.2455,0
627540502,972.5698970400907,498.37679093906985,1035.6514,451.6092,0
627540519,939.7605150560456,494.49757264624776,864.6619,485.0494,0
627540536,918.2950877861284,513.2154610699837,843.3693,577.5282,0
627540552,893.7786072433461,523.0746241149905,770.2477,569.6532,0
627540569,915.3989805216014,537.5451768851443,1061.2686,618.7812,1
627540585,906.2998985580809,549.5759425367252,844.6204,631.873,1
627540602,909.9767998312161,536.7991820188903,942.1393,441.398,1
627540619,742.6857895577608,455.34482466481506,693.4681,450.7625,0
627540635,907.3241052029206,483.87554975160305,906.9892,481.2078,0
627540652,907.0210459669585,508.17280017478447,908.4099,535.8495,0
627540669,885.6580613097134,510.72380850990896,825.7778,517.6524,0
627540685,883.9807905397578,519.579289789164,873.7084,551.061,0
627540702,885.9828687623958,527.8025627510877,893.5182,566.6506,0
627540718,890.4463751315174,532.654050836535,916.7883,561.7124,1
627540735,917.7743365299668,705.8316577234652,930.5256,730.9686,0
627540768,904.5454732774606,629.0955531811043,909.993,644.7174,0
627540785,926.0853612223926,588.5628285640208,961.7828,553.1371,0
627540802,875.4376145001787,591.8936646766463,741.2073,611.8398,0
627540818,854.278912545632,586.3291703322877,762.5047,579.3143,0
627540835,876.4666620469607,571.5339487594973,982.4623,514.2897,0
627540851,878.2004439921138,592.8323969762695,890.1921,721.8306,1
627540868,879.1154225981834,586.7208235004537,880.4849,556.8643,1
627540885,898.7954870408562,581.0577529330499,1067.4631,546.9996,1
627540901,912.6830291671124,587.896781272792,1051.9026,655.9187,1
627540918,917.2436951161535,598.8422420735579,971.714,712.3045,1
627540934,922.6189059423258,594.1161698889431,985.4346,553.4363,1
627540968,927.2577394572043,592.2088563996393,986.9458,579.9619,1
627540984,964.2309049870892,635.8963184984782,987.239,651.7668,0
627541001,981.7843292317887,538.7397119965343,1005.4603,542.2144,0
627541019,985.7424094199254,580.0201388783566,1019.3908,634.9584,0
627541052,971.3993473219415,592.9276603781121,958.9158,632.2533,0
627541068,1008.6783911933019,630.2314724777252,1191.991,767.86,0
627541085,1056.4712087597675,615.4417707331598,1343.1094,558.8687,0
627541102,1021.5036268521467,590.7690005237444,1059.02,600.3827,0
627541118,961.2413192721235,576.1758606888444,980.677,584.5669,0
627541135,944.4457327658184,571.9216404645007,937.046,575.3416,0
627541152,982.1418726626844,583.4816628047007,1105.6699,617.7031,0
627541168,1024.9666993531334,560.0037166992173,1221.9559,485.9005,0
627541185,1058.4353802149756,591.6636243871641,1279.3835,740.1957,0
627541201,1316.1040490155835,573.0068845106098,1437.9696,577.3931,0
627541218,1173.5373546796577,638.8957392573689,1257.1818,653.0163,0
627541235,1076.790195942417,726.5438246804111,1016.015,852.0682,0
627541251,1102.3696165733677,718.5505314661511,1234.4733,724.5074,0
627541268,1070.0893001640266,668.672786531752,995.2249,521.7437,0
627541284,1058.1431721048766,640.9781700271809,1044.576,535.9749,0
627541301,965.4727689780871,689.6057048030364,991.2755,712.2175,0
627541318,1278.6635914831659,564.3181919708737,1389.3129,567.9923,0
627541334,1114.2495342432505,576.4854859949079,967.0786,598.6897,0
627541351,1068.76705169979,574.881470278485,1003.6362,579.2689,0
627541368,1074.2252750899315,592.3364794397683,1152.1945,659.6451,0
627541417,1137.3530559210624,569.6313790012578,1524.3762,471.9382,0
627541451,1115.0909571405748,494.79178756312695,1175.3064,491.3853,0
627541467,1247.6181299740404,366.3738170043256,1340.3171,345.472,0
627541484,1133.0474896644996,496.4920635037362,1057.1049,640.3856,0
627541501,1225.1607668958145,513.1858378833409,1556.218,545.7131,0
627541517,1269.4350604847127,509.71627569538504,1542.5714,492.7011,0
627541534,1230.2752237143302,505.47459926871056,1122.6232,484.2152,0
627541550,1272.7624440513698,658.3262451868973,1385.9692,673.8818,0
627541568,1084.1486223110473,705.0066914446431,1144.9532,728.3491,0
627541585,1079.9213566085123,597.6961854792979,1124.348,487.1332,0
627541601,1080.8316786657415,542.9045618851493,1130.7722,423.9091,0
627541618,1066.0429016543214,554.9178973124273,1059.978,601.6409,0
627541634,1119.6609359564693,531.6053405614783,1450.5962,428.7315,0
627541651,1077.6270542042898,560.4909172908385,1129.9929,565.7268,0
627541668,1099.1239487494465,536.935825128669,1156.6353,538.9912,0
627541684,1086.859060834598,500.403062592757,1121.7461,457.0915,0
627541701,1079.2714488939541,525.0898046363708,1113.3831,581.4475,0
627541718,1102.6687865420188,567.6711898277217,1257.9548,714.745,0
627541734,1162.0222078034305,528.1265922581562,1529.8004,349.7151,0
627541751,1162.9817337235806,509.2998046832147,1237.698,507.231,0
627541767,1092.393553124526,529.9483936134419,1147.6426,531.1935,0
627541784,1217.166616357538,577.9758748379277,1473.2615,636.6567,0
627541801,1167.9804196089829,606.2264204041304,1124.2551,680.2233,0
627541817,1142.6225323692122,611.9072556543492,1120.0914,641.9214,0
627541834,1121.0463107837052,592.7372996882121,1075.958,516.8211,0
627541851,1192.3707504552071,645.1887871350802,1281.7444,659.9093,0
627541867,1103.7758040008946,557.2541754671969,1163.5532,561.8173,0
627541884,1286.0582621185742,595.8885774300963,1636.3972,644.9916,0
627541900,1327.6975574070302,628.3017029224386,1563.8125,710.9863,0
627541917,1294.7530745399417,620.3706306964899,1283.6206,604.7021,0
627541934,1284.5993913298726,620.6445035227335,1347.522,632.479,0
627541951,1499.737080677569,509.3910401645411,1671.7971,503.9114,0
627541967,1146.124378889252,515.2094541110633,1216.236,514.0551,0
627541984,1136.8603763136564,509.72480080367166,1191.8862,501.9102,0
627542001,1155.5565241311415,501.5020143573443,1274.988,479.7852,0
627542018,1138.9086752470876,493.6084425628302,1140.9762,464.1413,0
627542051,1140.0151051451003,521.0236368375599,1219.4614,642.1718,0
627542084,1410.1033349201437,657.6939908182068,1562.98,671.7743,0
627542117,1123.742442756556,536.1947969260052,1188.3362,537.9068,0
627542134,1126.2297697597996,529.9919768187335,1194.179,523.9085,0
627542151,1117.711281840842,518.5732120618064,1156.8961,492.7918,0
627542167,1126.3341794164394,500.72593159685545,1220.7804,438.3558,0
627542184,1120.2261489000916,501.0030150225425,1151.2046,500.6189,0
627542200,1128.4176819761774,493.1526434087015,1192.4109,489.4046,0
627542217,1117.2646965520687,541.2874651780995,1180.217,543.7057,0
627542234,1137.1600471988884,490.5449099835978,1226.8474,429.2005,0
627542250,1135.0856894277392,525.5302378688781,1200.1956,604.3873,0
627542267,1126.5955239259977,518.245863030905,1157.6744,493.3073,0
627542284,1111.0119982570925,528.463615590393,1094.7981,575.0355,0
627542300,1109.2326737700018,541.2233068639345,1162.7214,613.0189,1
627542317,1108.210342542322,549.7623375647901,1164.8503,607.2496,1
627542333,1102.2124461899562,552.8803007270685,1112.1456,578.1118,1
627542350,1100.4117617784611,557.3009999119496,1145.5703,596.4629,1
627542367,1098.3107715518304,557.4969124710885,1136.5713,560.5399,1
627542383,1097.1451895654193,555.7702004875737,1143.4761,539.1727,1
627542400,1095.2509959133515,560.2292294245917,1133.7985,612.0018,1
627542417,1090.4173578612144,563.4157974395007,1086.0984,603.1808,1
627542433,1090.957993727415,562.7915860414325,1159.9604,555.4352,1
627542451,1088.5857342650572,563.1700820091169,1113.0188,569.7357,1
627542467,1086.3695060454404,565.2039067192317,1112.787,595.4844,1
627542484,1084.8411023676508,563.9137152431459,1119.5454,546.4011,1
627542501,1084.1607391661637,561.9450587668265,1132.2041,534.3645,1
627542517,921.4638690350774,535.0301726842462,927.5359,538.6514,0
627542534,876.8178824802872,558.6617873214667,871.0566,565.7084,0
627542550,955.1196896194167,599.8520744519919,1076.4005,656.7407,0
627542567,941.1936741549457,565.5945235754839,915.0723,496.2682,0
627542584,927.1981065645556,576.7988523396023,884.6268,623.782,0
627542600,925.5567438208093,575.8594955784762,926.5072,580.4541,0
627542617,1228.3486807171191,593.487618013844,1325.7772,601.3411,0
627542634,955.5400424696903,705.8903720106896,979.2102,730.6509,0
627542650,1079.0146823551568,651.9122255472126,1292.2454,606.7675,0
627542667,1024.8849779308523,665.4267776432023,928.5231,716.0363,0
627542683,1035.9960056747443,610.5947060169268,1113.9536,439.2932,0
627542700,1080.4593425906014,587.5616648111685,1355.6237,494.5523,0
627542717,948.7903534331928,615.5092662444939,966.4108,628.973,0
627542733,981.3660298343584,607.6365150362939,1008.0455,619.7792,0
627542767,984.3838911689294,625.2426231514431,1017.4108,659.3076,0
627542783,985.666332434449,620.6111606727156,1017.0212,623.8538,0
627542833,967.7064684623248,635.0411734037061,924.941,699.4493,0
627542850,959.3879819161227,628.3058058223468,937.9988,613.3357,0
627542866,945.1111592878616,647.17626359063,878.9291,768.5405,1
627542883,933.36534817114,645.9271688405246,862.5377,654.265,1
627542899,929.0041360470312,642.4414725479617,907.4832,632.173,1
627542916,701.3266075764301,387.09020027564037,637.0587,374.3452,0
627542933,933.699804865857,544.178076262215,943.7235,548.8253,0
627542949,823.8373129082084,544.586081694409,660.8844,551.9728,0
627542966,770.6971290037774,537.4289464590189,597.2399,527.9375,0
627542983,730.4977547071513,562.8420310671517,534.1677,658.0313,0
627542999,733.6532882049644,543.6411080176501,701.5911,464.5319,0
627543016,752.9467111479358,528.0197579140192,709.9907,532.472,0
627543032,816.3754015035939,525.24915966729,791.6279,528.7084,0
627543049,752.7344854821504,518.3187936062924,627.1364,514.4165,0
627543067,759.864545134827,527.8820746745508,738.4458,553.5338,0
627543083,747.8454597706843,510.08722494617166,654.5425,453.1841,0
627543100,751.0125904665239,510.0564776714408,723.4434,512.4792,0
627543117,749.2270770302795,504.8814854611746,692.3325,478.6845,1
627543133,742.3798726185389,499.8493847802221,643.4823,469.4254,1
627543150,742.2627474198249,497.5181467517233,694.681,482.1793,1
627543166,740.5888253978012,492.93088209105383,676.2289,456.1422,1
627543183,739.9106123535317,494.1315998937327,686.6556,508.21,1
627543200,729.3513329376472,500.4945515374429,559.0371,569.8992,1
627543216,735.8863429852719,499.65299020700235,774.0912,490.915,1
627543233,418.03448234304835,625.8824813871773,282.7096,646.0445,0
627543249,703.118465047494,437.686629120626,641.663,431.2859,0
627543266,555.9977891494701,474.83438544650716,266.2189,517.804,0
627543283,554.6869954275896,548.098882605652,459.5307,720.8054,0
