timstamp,smoothx,smoothy,rawx,rawy,fixation
618523487,944.0637,637.4904,958.1117,633.0204,1
618523503,944.8317,637.8458,955.9789,642.387,1
618523520,943.7466,639.2,922.3571,661.5884,1
618523536,943.3692,640.4647,937.8979,658.203,1
618523553,944.1199,641.462,952.595,652.0872,1
618523570,946.8243,641.2131,991.7543,630.7189,1
618523587,949.6514,639.1056,991.2863,602.4103,1
618523604,952.3493,639.0762,990.6541,638.4675,1
618523620,955.0825,635.8237,992.3162,582.5165,1
618523637,956.1559,634.6314,961.8093,622.4585,1
618523653,959.7418,632.5224,1011.056,598.7009,1
618523670,961.4861,629.5412,977.8236,589.3929,1
618523687,962.9653,627.3031,973.5579,596.6539,1
618523703,962.4547,627.8311,945.3985,645.0782,1
618523720,963.911,626.1196,976.2538,607.9285,1
618523737,965.3579,625.7554,976.1445,630.8649,1
618523753,967.5119,625.2612,991.6364,622.9609,1
618523770,969.0708,625.4924,986.3392,634.7432,1
618523787,970.9116,625.1772,988.642,625.3452,1
618523803,971.5642,624.7657,971.6449,623.5005,1
618523820,973.0351,625.4512,987.9137,643.0319,1
618523836,973.7448,623.5445,974.936,597.3927,1
618523853,975.1125,624.5769,989.4605,646.5006,1
618523870,974.9604,621.6735,963.8369,577.8453,1
618523886,975.1061,620.822,968.6707,616.13,1
618523903,975.1074,619.9107,970.9827,608.139,1
618523920,975.2203,620.6763,972.1576,635.8548,1
618523937,973.3532,621.9144,940.3444,643.9907,1
618523954,969.3767,628.8524,899.1051,745.5377,1
618523971,967.4722,636.8538,936.7675,764.9553,1
618523987,962.5401,644.4875,886.92,757.0855,1
618524004,958.7125,651.5807,905.3781,750.0281,1
618524021,953.5994,659.5922,878.611,769.925,1
618524037,950.107,667.0602,907.5034,762.4694,1
618524054,948.4544,676.9841,939.4504,807.763,1
618524071,946.3487,684.2108,933.447,762.522,1
618524087,943.6116,692.3499,919.6743,780.4587,1
618524104,940.7652,698.9454,914.9333,762.9435,1
618524120,938.7443,705.8181,926.6676,767.7319,1
618524137,936.4045,711.5508,915.1685,758.5942,1
618524154,932.3292,716.9256,887.4565,756.2069,1
618524170,930.9312,721.1411,927.5394,741.7416,1
618524187,929.8281,727.6195,929.52,788.6674,1
618524204,928.3406,730.9494,917.4265,745.244,1
618524220,928.9304,735.2214,954.6862,763.7035,1
618524237,928.6439,740.717,937.0233,793.5342,1
618524254,928.0641,744.6807,931.3516,771.7637,1
618524403,923.2852,743.1376,855.4784,682.6991,1
618524420,919.9195,741.2806,878.3101,681.4119,1
618524436,915.8293,742.1602,861.7838,733.5101,1
618524453,909.5787,742.863,823.7281,736.4272,1
618524469,907.6862,743.2493,895.8696,729.6167,1
618524486,903.5782,747.2693,856.2583,801.444,1
618524503,901.4497,747.0813,885.4568,723.6805,1
618524519,899.3661,747.8463,884.3301,747.4149,1
618524536,896.2415,748.2341,863.9446,742.2736,1
618524553,892.9286,746.2728,858.2531,706.1378,1
618524569,889.9189,746.4343,857.7024,745.1508,1
618524586,888.2121,745.6199,874.0197,739.1067,1
618524602,886.3064,745.0311,872.6283,744.0518,1
618524619,883.0981,745.6617,842.5615,763.2762,1
618524636,881.4331,745.5798,869.636,749.1276,1
618524652,881.8242,744.6112,900.6898,734.8726,1
618524669,879.7238,746.2724,858.5267,778.8926,1
618524685,877.9283,744.4434,865.0268,721.8116,1
618524702,876.394,743.4627,866.4811,730.6814,1
618524719,875.407,744.6371,872.3163,769.4118,1
618524736,872.322,744.1517,833.2748,737.9128,1
618524752,872.6542,744.3115,892.1119,749.2369,1
618524769,870.3675,743.8255,843.2961,736.6411,1
618524785,867.6581,744.5038,831.4223,756.4733,1
618524802,866.965,745.2597,869.2478,756.2314,1
618524819,866.0443,745.266,863.5153,748.062,1
618524852,865.8303,747.3535,872.7767,779.5123,1
618524868,872.9591,755.6034,1003.0065,889.127,1
618524887,1130.0238,982.8433,1130.0238,982.8433,0
618524902,1152.8018,1061.156,1152.8018,1061.156,0
618524918,1149.9504,1082.5131,1147.1064,1103.8157,0
618524935,1149.4724,1073.8542,1148.5367,1056.5387,0
618524952,1148.4253,1052.9701,1145.342,991.0806,0
618524968,1154.0735,1063.4445,1176.2935,1105.2014,0
618524985,1160.1815,1057.6926,1189.6555,1029.8408,1
618525002,1161.6868,1064.5952,1169.7135,1104.9878,1
618525018,1165.1382,1077.0948,1187.321,1160.1281,1
618525035,1167.6528,1073.3102,1185.3145,1043.0768,1
618525051,1164.8291,1074.0913,1139.7611,1079.4536,1
618525068,1166.5442,1072.7479,1181.2166,1059.2848,1
618525085,1163.3362,1074.7777,1130.5358,1093.8765,1
618525102,1165.5848,1075.1382,1188.97,1077.5725,1
618525118,1055.9932,858.074,1055.9932,858.074,0
618525135,997.8234,703.1576,997.8234,703.1576,0
618525151,963.2676,657.1034,928.7998,611.1666,0
618525168,962.3178,659.9875,960.6051,665.9521,0
618525185,956.7252,661.1028,940.3312,664.5948,0
618525201,951.2145,667.9491,929.936,694.9646,0
618525218,946.1974,668.8402,922.4092,672.9772,1
618525235,946.8957,668.4427,951.8805,665.8876,1
618525251,927.3357,641.4797,927.3357,641.4797,0
618525268,923.0394,650.4128,923.0394,650.4128,0
618525285,928.9805,646.3392,934.9064,642.2759,0
618525301,936.2952,662.5093,950.8013,694.6649,0
618525318,934.5332,659.119,929.1699,648.8441,0
618525334,933.2732,659.9709,928.2441,663.1964,0
618525351,935.3202,657.9599,945.2562,648.0258,1
618525369,935.7639,662.2945,938.1606,687.3246,1
618525385,937.2068,664.8456,946.6095,681.3954,1
618525402,939.1874,663.5066,953.6722,652.7039,1
618525419,935.9681,663.381,908.4919,661.8403,1
618525435,936.6116,664.5256,942.4556,674.4944,1
618525452,935.0899,669.7391,919.9809,720.3044,1
618525585,931.6506,668.8526,895.7531,657.4312,1
618525602,928.4157,676.9974,893.6675,766.3017,1
618525618,927.3384,668.8951,917.147,568.9454,1
618525635,925.5051,667.3125,905.6744,646.827,1
618525651,923.3571,668.3525,899.1599,681.6069,1
618525668,920.7306,666.3708,889.9196,639.3852,1
618525685,918.5665,667.8023,894.0356,688.1234,1
618525701,917.259,666.265,904.7997,644.2904,1
618525718,915.6195,663.195,898.1131,619.3813,1
618525735,912.7619,661.7723,877.0682,643.3935,1
618525751,909.8865,661.8331,874.325,666.312,1
618525768,907.3895,663.9354,878.1042,699.6051,1
618525784,905.9617,663.8356,893.6786,663.7488,1
618525801,903.6397,664.8402,876.8797,682.1597,1
618525818,901.189,664.4452,872.6052,658.5647,1
618525834,899.9556,666.1265,891.3695,693.9997,1
618525851,898.0618,664.2225,878.1654,632.3309,1
618525868,896.7483,663.1943,886.3337,647.0692,1
618525884,895.3188,663.4994,885.2914,668.7523,1
618525901,894.0113,660.8658,886.6771,616.7122,1
618525918,893.6078,660.5376,901.9675,662.1727,1
618525934,894.1805,662.9971,914.615,705.2406,1
618525951,892.7031,661.5889,877.1381,639.1984,1
618525968,892.8601,660.54,905.8422,643.6905,1
618525984,891.7135,658.1339,880.7684,623.8782,1
618526001,890.2032,660.1046,873.9045,698.741,1
618526017,887.5406,665.7888,853.0934,759.8958,1
618526034,885.4367,670.9921,856.7481,752.566,1
618526051,887.0629,674.274,924.2855,720.8359,1
618526067,886.7176,677.9056,886.3306,732.2317,1
618526084,885.1764,679.9705,862.2535,698.9713,1
618526101,884.9532,682.2668,884.5886,715.6001,1
618526117,886.4493,683.0305,916.486,669.2365,1
618526134,886.5958,685.9047,891.1267,717.2087,1
618526150,885.5864,690.7444,869.9733,757.0601,1
618526167,885.3192,694.8956,881.73,742.6081,1
618526184,887.054,698.5805,916.9121,742.1234,1
618526333,888.5927,697.7987,914.462,662.0582,1
618526350,890.4697,696.087,919.594,646.2124,1
618526367,891.6083,697.1183,904.7921,699.3402,1
618526383,893.0685,695.1642,910.7642,651.8665,1
618526400,893.8207,693.2198,899.5724,657.0601,1
618526417,894.6113,690.7501,902.5696,645.1382,1
618526433,894.5489,690.2142,886.5864,681.7756,1
618526450,897.0175,687.0483,931.0958,634.0542,1
618526467,896.7356,684.9796,885.9951,657.2974,1
618526483,900.4478,681.905,954.9878,633.1978,1
618526500,900.8812,678.3141,899.6709,625.9109,1
618526516,900.5347,677.2568,886.9845,671.7965,1
618526533,901.1491,674.2111,904.8501,630.7909,1
618526550,899.8983,671.9409,874.7722,648.313,1
618526566,901.8643,668.2861,932.7067,626.9171,1
618526583,903.6015,663.2017,925.3458,592.8918,1
618526600,905.4088,654.7544,930.5422,532.9589,1
618526616,927.0453,335.2693,927.0453,335.2693,0
618526633,948.8915,262.129,948.8915,262.129,0
618526650,982.3549,289.8954,1015.733,317.5909,0
618526683,976.7838,321.914,965.5431,385.4041,0
618526700,973.681,386.351,964.3995,576.76,0
618526717,964.3834,433.1837,927.9078,614.45,0
618526733,965.4293,465.0907,970.9875,615.4767,1
618526749,952.7163,619.7884,952.7163,619.7884,0
618526766,904.6304,580.5054,904.6304,580.5054,0
618526784,1016.3466,499.2643,1127.7781,418.2303,0
618526800,991.3692,511.5768,941.1659,536.4567,0
618526817,986.8099,519.6699,973.1148,543.8807,0
618526834,982.7198,536.462,966.6328,602.3336,0
618526850,955.3678,616.6553,955.3678,616.6553,0
618526867,1020.3478,512.9507,1020.3478,512.9507,0
618526883,1003.1378,482.3932,985.9715,451.9136,0
618526900,988.8499,498.7006,960.5426,531.2629,0
618527050,966.792,642.2172,901.7003,1067.5925,0
618527066,932.491,668.2921,798.8267,766.2426,0
618527084,848.3425,796.1271,848.3425,796.1271,0
618527100,847.0383,817.8446,847.0383,817.8446,0
618527116,858.8115,816.0508,870.5547,814.2615,0
618527133,862.6628,806.5615,870.257,787.7125,0
618527150,860.6387,795.8195,854.5214,764.1257,0
618527166,854.2119,791.6896,828.9359,775.9515,0
618527183,855.6839,787.0052,863.1078,764.8868,1
618527200,857.6901,780.5842,869.4283,744.4816,1
618527216,856.821,782.7836,850.9813,799.0104,1
618527233,859.7365,781.7253,881.684,775.008,1
618527249,861.5612,781.6769,876.3202,782.6058,1
618527266,860.2626,773.1797,847.677,697.1512,1
618527283,861.711,765.1548,875.5191,689.4749,1
618527299,863.6641,761.7736,883.4061,731.4471,1
618527316,865.0607,753.7004,879.2804,669.5201,1
618527333,865.1212,748.3565,864.0284,693.9413,1
618527349,863.493,745.3984,841.6914,718.9772,1
618527366,861.1111,740.2421,829.6265,684.5646,1
618527383,861.8571,736.357,872.2143,696.7936,1
618527399,860.5709,731.7843,842.8821,682.0191,1
618527416,861.1271,732.9543,869.8181,764.1325,1
618527433,862.5338,733.1035,883.4295,747.7416,1
618527449,861.3456,729.6374,843.2426,689.1243,1
618527483,862.8192,723.5594,885.5514,643.4319,1
618527499,864.3715,719.266,887.6605,667.8458,1
618527516,867.5486,721.6644,915.5483,775.3058,1
618527532,869.5087,723.6309,896.6189,767.1765,1
618527549,868.9488,721.686,854.8463,699.6658,1
618527566,867.8992,718.1792,846.7003,670.6526,1
618527582,867.191,718.4879,852.7139,734.1128,1
618527599,870.7776,721.8004,927.7358,784.9367,1
618527616,871.6285,723.0649,878.4684,757.9219,1
618527632,873.7321,721.0332,903.5836,697.7061,1
618527649,872.894,726.9414,852.9246,831.4061,1
618527665,877.5222,734.093,947.2928,849.5493,1
618527682,994.8004,564.822,994.8004,564.822,0
618527699,842.0071,910.8571,842.0071,910.8571,0
618527715,844.835,912.6126,847.6555,914.3636,0
618527732,876.6354,818.0325,939.8182,630.0645,0
618527765,858.571,767.8448,804.5234,620.4766,0
618527782,871.6993,751.9504,923.2798,692.4598,0
618527799,822.9893,904.8594,822.9893,904.8594,0
618527815,873.7792,892.8787,873.7792,892.8787,0
618527832,844.1565,738.035,814.6093,583.5857,0
618527849,868.8371,695.3024,918.0348,611.1639,0
618527865,866.6187,755.1646,859.817,934.0468,0
618527882,867.1039,804.4043,868.853,997.2411,0
618527898,885.4361,928.957,885.4361,928.957,0
618527915,889.9507,984.9141,889.9507,984.9141,0
618527948,1260.8237,550.4495,1630.7518,117.0918,0
618527965,1012.7734,640.455,517.9451,821.5226,0
618527982,1087.8519,489.6426,1312.3278,43.3466,0
618527998,1174.6284,414.1958,1514.8186,123.3765,0
618528031,1385.6245,152.2078,1385.6245,152.2078,0
618528048,1512.5509,106.6499,1639.1539,61.2082,0
618528065,1452.5492,74.4917,1332.6653,10.8142,0
618528081,1396.3632,37.6594,1230.0675,-70.822,0
618528115,1438.3694,22.8106,1605.1797,-33.6688,0
618528148,1325.1927,76.343,1325.1927,76.343,0
618528199,865.1133,63.0485,417.8448,197.4048,0
618528215,971.2068,28.0947,1290.302,-76.145,0
618528232,778.9857,27.9897,25.8877,28.0176,0
618528249,1885.6458,1.8431,1885.6458,1.8431,0
618528282,96.4172,21.9947,96.4172,21.9947,0
618528398,549.136,13.8159,187.7391,36.0805,0
618528548,434.4111,42.5923,-429.8551,248.3947,0
618528565,584.5881,22.9529,1186.7732,-56.439,0
618528581,585.6932,172.674,585.6932,172.674,0
618528631,1221.8617,49.5783,953.4012,99.3236,0
618528648,1432.5261,97.5472,1852.5424,192.6234,0
618528681,1654.1057,69.7353,2309.1611,-13.6878,0
618528698,1622.7039,52.627,1491.0303,-14.6346,0
618528715,715.4689,42.3955,715.4689,42.3955,0
618528831,44.953,43.2696,44.953,43.2696,0
618528864,992.5948,63.8925,2071.8557,-8.3648,0
618528897,662.1572,42.3817,0.0,0.0,0
618529164,942.0143,11.5113,1771.2837,-79.3221,0
618529230,783.113,10.1779,150.7704,6.5355,0
