timstamp,smoothx,smoothy,rawx,rawy,fixation
627546462,970.9800168432564,695.9338153195137,1042.7526,712.4825,0
627546479,973.8253044829796,680.2329131183564,1007.2675,666.4321,0
627546495,987.7987300947514,680.5821082384884,1072.8275,702.8779,0
627546513,969.1509024246125,671.7375923195318,898.4968,654.0192,0
627546529,973.9697025488219,670.7346797030968,1031.7872,685.9178,1
627546546,976.7649829212959,642.0558398647144,1003.6754,658.5735,0
627546563,1020.6398401272036,885.2281941341555,1071.26,931.8788,0
627546579,985.3859204437254,778.2474139528068,970.7968,692.0343,0
627546596,1013.8048346303817,743.2954230236661,1125.9189,694.0063,0
627546612,1011.7166884356511,746.656631403816,1045.6675,788.4485,0
627546629,1001.5154388711774,741.2614963493867,987.3112,747.6252,0
627546646,941.9292402350517,613.1305608037007,957.4586,626.3649,0
627546662,959.1571861586976,645.2434573089791,981.1226,662.3409,0
627546679,942.4123139362206,640.0306006312949,937.5354,650.959,0
627546696,943.5909844405799,622.0883144329721,961.5197,596.2966,0
627546712,943.341822828875,606.8704258263663,956.0952,568.8557,0
627546729,934.6468856568425,601.4926197082401,902.7238,590.7624,0
627546745,938.4725887573163,613.5275153723526,980.3411,693.6497,1
627546762,935.9547891593047,640.151475458257,939.4768,830.1693,1
627546779,941.9403577098765,638.713614784697,1010.0212,641.0458,1
627546795,944.0020159142782,639.9245872679945,981.136,663.9514,1
627546812,945.5541721113121,646.5044464877852,981.7645,722.6467,1
627546829,949.0551543534336,651.162835022774,1009.8978,712.3748,1
627546845,1290.9654159221463,677.8334155972608,1410.3184,695.657,0
627546862,912.1372747982169,613.9900204076607,919.0942,627.6352,0
627546878,921.0581321094314,643.2619462762237,944.7155,693.2759,0
627546895,918.9034444748359,624.2076227640745,920.9774,596.3176,0
627546913,929.496886470262,613.3851067685102,980.4631,590.4996,0
627546929,941.194696593681,645.1392196425495,1022.3925,802.7581,0
627546946,894.9447683872064,645.5810414237325,898.3648,663.3735,0
627546962,976.3747037020285,645.1912917681881,1003.3145,662.1072,0
627546979,939.7367692715934,712.5835990645634,915.0831,814.3915,0
627546996,951.1923142919883,693.7720607016084,1000.9303,674.3501,0
627547012,1029.855649443667,720.3881247321049,1379.8661,832.6172,0
627547029,1018.126119520774,704.5436577707155,994.6069,658.0381,0
627547046,985.1695957772579,609.3213960155496,1013.0249,621.6373,0
627547062,906.2073891154607,496.86818254181986,906.1389,495.8456,0
627547079,908.0288929860824,526.8596753003387,913.5457,563.2483,0
627547095,912.0516458589077,541.1149604009968,927.2499,577.2369,0
627547112,923.6528428852897,520.6109321765243,971.1747,453.2074,0
627547129,937.5334052332547,493.27062732341557,1011.19,370.4249,0
627547145,939.2784657315854,484.28979749465884,955.8271,433.9127,1
627547162,936.4801442400429,483.932135181388,922.228,481.3163,1
627547179,941.7470006198843,477.42156211959775,993.3004,426.8922,1
627547195,941.0515673316718,482.87369157276544,943.7498,529.1758,1
627547212,947.0246211540679,477.76722897037695,1018.4283,427.722,1
627547228,952.0189354988471,486.408453563419,1023.8382,574.7703,1
627547245,961.2696611174023,484.19758126793295,1088.3145,456.2507,1
627547262,965.2723474196277,479.21030676152805,1025.8934,417.0834,1
627547278,965.7166064004228,486.5010175627837,983.8563,578.0951,1
627547295,971.0580917713916,493.1417334938698,1065.8568,578.0704,1
627547311,973.7086131100704,493.45577861837666,1024.7271,491.9253,1
627547328,972.0510866465889,492.4488541984893,951.4489,472.372,1
627547345,974.1750655388338,491.1408236630684,1019.9672,465.9966,1
627547361,974.6415870234072,502.28392420998745,1000.1142,672.1682,1
627547378,973.7789626090565,512.1665245868977,975.1965,661.4099,1
627547395,1169.571961566993,634.9087969970319,1251.8894,648.5683,0
627547411,924.7446540513795,582.488631408862,933.9172,592.0444,0
627547428,814.2860239011411,555.2192047561624,647.0361,532.9678,0
627547444,837.0613223770755,594.0571984298839,883.9852,692.5369,0
627547461,854.5962963609901,678.9632913941265,926.5372,983.6919,0
627547478,857.2105038197075,724.9168202956307,874.1698,952.6415,0
627547494,757.8057567071011,662.5238070208596,722.3539,683.8405,0
627547511,954.9360093858917,660.7787964016353,976.3858,679.8727,0
627547528,832.2445421051758,731.6646627846758,666.8987,841.7593,0
627547545,834.4408741117112,763.7207436281423,835.0294,868.2452,0
627547561,847.3550031298564,764.4158725107699,892.5593,798.619,0
627547577,866.7763586853818,750.8384050891025,962.8517,720.4481,0
627547594,871.5165509620967,773.353689556288,873.959,807.4516,0
627547611,889.3230370149643,847.0689807234323,900.2554,890.2556,0
627547627,907.8583996891587,764.1999910530855,940.474,703.5375,0
627547644,922.6797375914612,742.2664486626937,974.3907,723.0393,0
627547661,941.4305422797007,724.5626511002929,1030.7721,693.005,0
627547677,922.1252530730648,734.496927854441,840.4729,809.2752,0
627547695,937.5938587847688,721.4354098046758,1051.0337,676.882,1
627547711,1175.0578899593888,717.3879296892078,1262.7014,741.3634,0
627547728,1180.678683229424,803.3809615203934,1273.8466,838.1129,0
627547745,1181.5148468070427,738.8889093690382,1270.1576,693.0771,0
627547761,1203.7329817733716,712.5726611697944,1354.0013,676.6953,0
627547778,1230.8999081998954,715.9163767289406,1438.4812,750.2917,0
627547794,1229.999307902244,720.560791017846,1328.4906,765.6196,0
627547811,1229.6316874099841,720.0818781453837,1329.3987,741.6429,1
627547828,1230.2088488319685,717.4579957812338,1336.1294,724.2109,1
627547844,1226.7030013973883,720.9887733752975,1299.1377,772.2819,1
627547861,1225.282411616826,715.833508972421,1311.2369,695.7698,1
627547878,1227.1318762918675,715.9998828798532,1349.428,741.7264,1
627547894,1221.0213727867351,728.6253382464795,1255.3588,884.3389,1
627547911,1228.008974408277,728.0789575696551,1420.8895,743.5836,1
627547927,1232.546351006559,722.475501494831,1394.5315,677.3918,1
627547944,1234.6684202718743,723.0299460417267,1367.5652,753.7263,1
627547961,1225.6718787132731,722.5471315621296,1187.4468,741.0089,1
627547977,1221.555662164549,722.0711540984831,1258.1868,739.951,1
627547994,1148.0768968035209,906.0087398914184,1236.4753,953.9774,0
627548010,1109.0860299942767,879.8590097924323,1185.0282,924.9356,0
627548027,1160.128083983415,846.5390068309234,1313.4341,848.975,0
627548044,1175.488138735942,827.5110615102645,1305.5577,822.6431,0
627548060,1167.6423812308346,806.235785822892,1223.7231,771.2054,0
627548077,1162.9810535228476,786.0124865814531,1222.8058,730.7937,0
627548094,1181.7267343718602,809.4540268565645,1398.2429,974.6398,1
627548110,1177.743819615665,796.9109385406131,1235.0974,749.8633,1
627548127,1127.804668177643,706.0631952342677,1201.276,729.0948,0
627548143,1112.5350674071492,761.186662125577,1184.0925,791.3052,0
627548160,1101.9599719748983,746.7374717335196,1155.5544,759.029,0
627548177,1103.7498148068833,731.5243990974864,1174.7096,724.0129,0
627548194,1096.231843677265,725.3688543379686,1131.9412,731.171,0
627548211,1090.58457755965,728.2645330018864,1126.5933,768.0214,0
627548228,1099.017611604269,729.459382640737,1219.0399,762.2062,1
627548244,1103.7858220172916,725.038823598748,1205.3827,721.9314,1
627548261,1105.8218547472413,729.2296235283839,1191.9968,787.4062,1
627548277,1107.2318249558746,743.8776667913826,1194.0215,895.6402,1
627548294,1106.4572769327042,739.487994892424,1163.8591,723.2399,1
627548311,1110.2827049206853,736.5535735069257,1222.5645,731.636,1
627548327,1113.4062928735414,730.7526776459081,1218.5973,691.8439,1
627548344,1112.1887092442519,731.626518670249,1163.0518,769.7062,1
627548360,1112.7024225887371,732.5548073888872,1188.4058,771.5233,1
627548377,1112.8133362869057,735.8432181915815,1184.1992,806.7893,1
627548394,1119.6513822169918,731.6801186225749,1295.9375,698.231,1
627548410,1290.6818535996017,639.37239244105,1408.2087,652.3624,0
627548427,1285.221707272458,678.4560487375883,1402.9427,696.4163,0
627548444,1317.2976190763475,702.8247665443387,1487.7397,750.5613,0
627548460,1315.9967880562172,693.145154182173,1438.8596,690.8737,0
627548477,1323.4702639030627,692.7417340198555,1481.2219,710.568,0
627548493,1304.6077575616055,709.8896040701113,1336.522,808.1642,0
627548510,1310.0088441635776,713.5307237554883,1471.8564,754.4013,1
627548527,1307.2843708366393,710.6659768367853,1411.9905,712.8041,1
627548543,1304.2786750785976,711.9514796879804,1404.1582,742.947,1
627548560,1303.1583697461804,715.7824513009069,1419.2397,769.7429,1
627548577,1307.669222034725,724.9751189204818,1487.0229,832.6504,1
627548593,1309.3042807270326,725.5159287378984,1455.387,750.9206,1
627548610,1309.6630254483357,724.1302260808101,1439.7964,728.652,1
627548626,1311.213461298879,731.1184199015444,1462.4496,835.1434,1
627548644,1312.1308805958824,737.0920603231383,1455.0576,831.9764,1
627548660,1313.3696073612653,731.6083263923693,1455.5897,675.8351,1
627548677,1304.863698857351,723.1330473065847,1287.8658,625.5781,1
627548694,1128.8135469820768,566.8036777507175,1196.2612,572.3132,0
627548710,1065.8178381369903,443.02197803345706,1109.4431,433.6062,0
627548727,1097.2523896169125,431.66666128491437,1189.3527,407.4341,0
627548744,1119.089775344441,452.3150580109919,1236.1345,489.3466,0
627548760,1126.170635833264,444.63258579741847,1212.703,408.671,0
627548794,1126.679647718444,455.6704514089257,1192.1252,495.957,0
627548827,1124.687339960051,452.3272150517575,1171.6097,424.6543,1
627548860,1117.4129412565374,466.0490703599886,1125.7562,548.3074,1
627548877,1126.433362249517,476.071610728673,1269.7515,542.8273,1
627548893,1134.198738640388,479.77466898354044,1274.3269,501.718,1
627548910,1130.6227783817349,476.147182898655,1151.8115,432.7608,1
627548927,1127.6547399294795,463.71594341329677,1148.3279,326.4738,1
627548943,1123.6714106294812,456.78342404097407,1130.418,372.9391,1
627548960,577.369729532869,579.6229579461509,486.0031,592.3486,0
627548976,1133.317945284286,336.48165777950294,1191.6227,312.9825,0
627548993,1060.1209072716601,478.5074928624815,1016.0186,633.832,0
627549010,1046.0977662822495,494.45818773345536,1052.3143,526.8657,0
627549026,1039.7203572914495,510.7541640750575,1057.3922,563.6273,0
627549043,1016.3616795518924,458.9656629813138,919.9305,222.5869,0
627549059,1049.1279356770353,297.439060121624,1081.3269,269.8859,0
627549076,861.3300329779711,541.4229656383918,850.3102,546.4592,0
627549093,921.2201885362181,435.4982912944998,994.9216,307.058,0
627549109,961.5531893049813,405.68045986308823,1073.6154,325.7122,0
627549126,810.0423456734885,351.58393344873156,188.1897,158.4009,0
627549143,850.9166695503517,397.5538266281252,1050.1418,588.9306,0
627549159,905.3940805798937,564.322556193257,908.1495,571.7906,0
627549176,1044.5315952445496,494.36943232839013,1084.3326,491.6269,0
627549192,1054.487291402791,406.6344479099559,1102.0193,294.1412,0
627549209,839.3628778690236,389.90939446456395,262.4792,343.5439,0
627549226,894.9195000174873,407.7720695479952,1106.4115,454.3441,0
627549242,913.2894802819058,406.11493965684144,1005.6904,385.6935,0
627549259,919.9423459585972,366.7385194333239,917.9427,349.2126,0
627549276,1039.5380777755909,567.5880702389924,1081.2161,574.1035,0
627549292,1320.5650674227445,554.8591860029766,1803.6566,539.7763,0
627549443,1184.7227242064487,522.6836378064635,913.6073,452.9242,0
627549459,1082.638839786083,473.6105252533667,736.6652,307.7802,0
627549476,1049.7478682288233,477.77276731408796,929.5072,494.8093,0
627549493,818.7641918673381,531.7019056955056,794.9998,535.9483,0
627549509,791.7746606610959,458.0068467614432,756.8669,453.2604,0
627549526,826.8060029004545,436.9303209656583,845.157,405.1558,0
627549542,788.133125881647,461.04605950680724,655.1906,511.5736,0
627549559,772.1505204691352,451.6500759963306,669.4567,415.1313,0
627549576,762.4478026359095,438.94866824356114,667.9869,376.3956,0
627549592,768.9343942152461,455.17058871371927,773.2841,539.5035,1
627549609,763.2294574544261,448.840960069027,676.5558,401.7932,1
627549626,526.0362851195139,274.32817598396196,405.9868,249.1848,0
627549642,445.28821816816935,387.7837696635506,307.0435,377.728,0
627549659,554.1783376114967,418.97810095784035,590.2414,445.6621,0
627549675,536.3126244744966,455.6320226701222,384.2739,535.374,0
627549692,515.6153229641162,443.04712972194693,319.0346,397.0541,0
627549709,557.4413644160321,467.2213874314086,671.5636,570.7927,0
627549726,758.4819465873356,540.3992002541171,717.6873,546.3519,0
627549742,950.0388518810804,614.5747671264318,967.9778,627.9083,0
627549758,719.3083431975895,593.7362781553469,372.001,585.7339,0
627549775,727.6828837980455,521.6860705607058,693.6076,364.3453,0
627549792,729.9298325041636,505.72473684401797,687.1208,455.6003,0
627549808,727.231226908374,494.3891567563318,660.9139,446.7388,0
627549825,672.3204886484349,498.99929772715484,604.7433,500.6216,0
627549842,701.2638498277422,442.14965736580257,639.4747,436.329,0
627549859,702.7135527286943,448.6957247093839,643.8002,451.0193,0
627549876,713.2688953191034,424.6361735088714,679.0164,362.4146,0
627549892,715.0366156457179,414.693700247198,661.2025,372.4189,0
627549909,725.7047399253411,410.26448780397004,722.4665,380.8926,0
627549926,721.3714336245773,427.58686769083033,640.4814,515.7059,1
627549942,437.17468450184464,414.87056164003144,297.8131,408.3034,0
627549959,701.8016135039577,418.33651566673126,639.088,409.5159,0
627549976,741.8134386266249,522.4002641119607,751.5377,642.7045,0
627549992,749.1578309945237,574.1366695168377,730.3898,699.432,0
627550025,739.8800595544483,565.1249086712294,657.7048,543.1213,0
627550059,809.0975914127264,508.04643420639917,1121.4037,253.3529,0
627550092,637.3539847664847,689.1247466826399,568.2917,715.0106,0
627550125,861.0129867389957,665.4758429696277,855.5272,686.1149,0
627550158,1014.5704781259564,674.7570743992997,1251.7506,703.8679,0
627550175,933.0023052258339,720.2170553044618,744.9441,850.3137,0
627550192,856.3083962393523,713.6544865868296,558.2462,719.9796,0
627550208,823.1536594663893,699.975300676272,641.6519,665.6098,0
627550225,641.8627594865955,711.0735181360767,575.0991,739.6736,0
627550241,570.8264608329342,778.4274717395873,486.5841,816.2192,0
627550258,599.3201366873022,734.6578537291706,555.9853,717.2191,0
627550275,612.4602044166018,713.4110661254214,568.8744,695.0559,0
627550308,624.1699322932626,707.9414672621715,595.7498,718.3296,0
627550325,639.888117518497,698.5201338037494,648.9789,684.0928,0
627550341,642.6600881191521,701.7679878473655,591.9971,748.1208,1
627550358,648.6522574863938,691.2823488320923,622.8038,649.7801,1
627550374,654.072957046649,701.5347959989747,637.3676,807.4016,1
627550391,654.4190910208322,723.3900269061168,599.1265,938.5971,1
627550408,649.9102318005591,724.8950492280471,534.7443,766.0263,1
627550424,643.8640366573195,729.9283665190077,507.5329,809.1266,1
627550442,1321.7644362961055,546.0112048608502,1444.0419,546.9452,0
627550457,623.238888605914,759.77407531431,553.3005,794.6875,0
627550474,1007.1511295716015,733.5591381189306,1539.4303,727.9466,0
627550492,951.0146246756607,742.4136003821086,829.5242,792.9249,0
627550508,896.8737839382711,756.7673149523384,699.5533,838.0643,0
627550525,868.7146225293866,754.5932345486871,727.3946,777.3849,0
627550542,769.1926136331066,795.0281570121041,743.0411,832.8915,0
627550558,789.3442792647045,818.6882969231102,770.0906,859.3221,0
627550575,799.097837413645,784.7750019281439,792.1323,782.8656,0
627550591,806.285726114428,794.6261691222347,810.0831,854.1494,0
627550608,810.4081607268079,823.0339912670701,816.8117,958.7084,0
627550625,812.9752368769083,826.9548348773266,814.2181,884.6763,0
627550641,821.7168057304522,815.3067180279379,863.3392,789.862,1
627550658,819.7901734920047,812.1959200673236,792.5695,831.4626,1
627550674,819.1792406618774,833.6544141872058,809.4585,1036.9702,1
627550691,814.6920586406692,836.8520156436082,760.2766,903.9493,1
627550708,827.2491996698699,847.4519865972057,958.9453,986.1305,1
627550724,821.1213386230602,854.1671788358036,740.2678,962.6415,1
627550741,822.1651639286598,854.691014660506,826.1661,898.0577,1
627550758,820.7894187691387,851.010816938892,790.0745,845.0484,1
627550774,818.813545553207,843.5575787208965,776.1285,788.4063,1
627550791,816.1504906676573,844.0628744341229,765.9364,893.0061,1
627550807,815.1099356355392,844.0877691888062,789.6473,886.5475,1
627550824,701.8638151010148,887.3449243990481,660.4373,937.5013,0
627550841,778.756909036723,810.3676232181949,756.0656,850.0627,0
627550857,742.3880477197624,811.6362872008865,662.5372,853.6539,0
627550874,746.9702899895432,785.4385143347034,723.5751,763.61,0
627550891,761.1737633603394,784.9576295584284,786.6233,820.0402,0
627550907,773.8176786663926,808.9193478750469,817.4735,954.2923,0
627550925,790.0315169598987,814.075534150648,872.3011,880.6602,1
627550957,774.6732652778611,836.1085156718909,640.6632,1021.9471,1
627550974,777.4263413234834,842.6895336417303,780.6636,931.8579,1
627550990,771.1116666704985,844.8558470922435,686.1891,903.1822,1
627551008,779.4113646130313,855.5365938491483,852.1896,995.4626,1
627551024,782.1171019949786,866.8216053893038,797.2961,1021.9471,1
627551041,784.643526238897,852.0762083138085,788.1117,723.9609,1
627551058,784.0457936770612,850.2681912376866,752.3048,869.2321,1
627551074,783.4228423302166,847.3401593023962,750.3909,851.5994,1
627551091,776.9905076254914,841.7658564808439,652.2328,810.5803,1
627551108,1086.809133046457,845.659139034679,1154.7612,886.6615,0
627551124,769.6239236901196,739.6030284180539,741.0836,770.4923,0
627551141,925.1531771678905,771.8328250027898,1144.4626,839.808,0
627551157,836.7751181800091,809.2638392046123,606.754,933.5803,0
627551174,823.510730064352,824.8513191130236,766.5066,917.5125,0
627551191,746.5469206553232,797.0979431981312,320.8138,714.5714,0
627551207,949.0340679784346,746.4762910307252,972.6642,776.4066,0
627551224,796.6173540946464,798.9598541749612,778.5713,837.0389,0
627551241,783.5441792526041,883.503825556643,752.5686,1027.4126,0
627551257,782.0284655439175,859.7179824150511,756.5601,851.9194,0
627551274,770.5037052854118,842.9526898973415,700.7189,831.1538,0
627551290,770.1918881261075,850.9715522329852,747.2906,931.796,0
627551307,756.258898924266,891.579609617551,730.7474,941.7157,0
627551324,794.53252510222,936.1654207350114,782.106,991.5192,0
627551340,756.6922321189247,851.1049819568249,676.9692,801.0177,0
627551357,859.5936617810229,816.1068312620504,1121.2468,775.809,0
627551373,873.5890583322656,796.0428043286879,926.7303,766.6738,0
627551390,857.920890010116,803.8263031515261,777.7419,878.6455,0
627551407,1143.5086125669072,808.1645791008195,1226.1494,843.8758,0
627551424,815.5485250297286,828.8887030050532,804.3318,870.5389,0
627551441,809.470175185564,820.5049809542706,787.9216,851.8104,0
627551458,886.7403270449599,826.3000220876245,1094.4934,878.3528,0
627551474,833.0639487630816,813.3650930319384,617.8755,811.2933,0
627551491,807.3338991144717,815.9242908310134,664.0922,868.7405,0
627551507,1130.8467267004953,593.5015883496475,1200.0928,602.3477,0
627551524,871.881556547335,523.8072640642416,863.1128,526.5211,0
627551541,872.0599221088227,441.6640532542958,856.1312,341.8078,0
627551557,875.0402406912073,412.4995640958276,867.1608,336.3454,0
627551574,862.9190610059608,386.3143605278211,795.4618,285.7598,0
627551591,859.3425342267683,385.16388551507316,822.8463,367.4407,0
627551607,882.1070822346838,413.88168090054364,871.309,402.6685,0
627551624,892.7053611186271,319.0920462849247,880.6721,295.8514,0
627551640,860.6693453423419,382.1334459463532,803.8956,438.2586,0
627551657,857.5922424818465,415.6323060761776,835.1185,479.5333,0
627551674,803.9649490010279,387.2908416304827,560.8535,279.6331,0
627551690,759.7426434014568,359.61282763644516,484.793,222.3329,0
627551707,528.6533043729947,277.43579039812954,409.5012,252.6566,0
627551723,253.36547724168344,223.44506425056176,52.1926,194.6742,0
627551740,387.6043124799083,208.74438398332566,396.5017,158.8929,0
627551757,418.1034838617013,239.64463968715452,345.3255,279.8416,0
627551773,442.4825833232172,249.92459434378685,390.2511,255.7041,0
627551807,456.21515642460787,251.2676626181043,382.2623,228.5591,0
627551840,510.93444352957647,256.747913224488,385.7225,229.5473,0
627551856,520.5838255021549,293.48402441807076,399.827,270.8049,0
627551873,534.9278032070583,306.46939162647055,437.9365,299.713,0
627551890,537.1165199562638,295.1821063627291,425.7085,247.1792,0
627551906,548.1370200335205,288.00244308545535,476.1161,240.1804,0
627551923,543.7121914930547,281.06584929189705,404.9166,226.4829,0
627551940,535.0660910443235,275.0209288465521,361.8972,217.9446,1
627551956,530.2623211780763,259.73962770134204,371.6224,134.8548,1
627551973,530.1334245145681,256.7528978799989,409.7536,209.8587,1
627551989,526.545269201987,251.5117102037451,370.3897,182.6786,1
627552006,529.6230000303209,260.5096060624199,448.4233,321.6292,1
627552023,531.0181814611187,256.93818901877995,427.5611,194.6289,1
627552039,529.3168609611168,256.8166790215396,388.4005,230.8426,1
627552056,526.121801809338,257.23775836603676,363.3295,237.6804,1
627552072,523.4448014230375,252.48554238918967,363.061,167.1832,1
627552089,522.7669326184182,246.49221238019544,390.5437,142.232,1
627552106,523.2448923164743,242.9923731067603,410.3525,171.391,1
627552122,520.3984667319539,245.1421166307293,354.699,255.2956,1
627552140,241.3404618655273,297.51845860596103,40.0509,278.1845,0
627552157,202.61075464734972,213.78110378259944,-13.6711,184.3108,0
627552173,228.06194976728344,228.4032276400462,53.1857,216.6739,0
627552190,229.40812222925584,252.9420597368537,28.1386,282.9132,0
627552206,224.09888849861372,253.32300093665407,-4.6262,229.5408,0
627552223,226.15068233373105,250.62244618729952,28.2433,213.0322,0
627552240,522.7234515294106,288.1390917567326,402.3427,264.7661,0
627552256,476.2895739240756,235.68507506994217,340.1083,206.1879,0
627552273,326.47897419760346,248.47844884024374,-44.468,237.9965,0
627552290,378.7842881849632,238.9206020612458,348.6713,188.3013,0
627552306,397.9356606234701,229.25329036231463,310.6493,166.9941,0
627552323,420.6174975665134,215.90894312211998,379.0366,125.0499,0
627552339,476.05621133617274,236.82327527158316,339.8591,207.4716,0
627552356,657.743960523407,335.708247832963,578.5483,316.9449,0
627552373,589.0847935102714,233.05570899154998,392.4648,87.5108,0
627552389,575.6697002209539,213.9119029293449,431.6075,138.6908,0
627552406,484.96904663782414,215.90990137282128,4.7911,194.1328,0
627552422,489.47092838103515,212.92953240369417,382.5233,167.8665,0
627552439,531.6148232934148,210.18530879444563,410.269,176.9193,0
627552456,526.4093079135799,194.87248840478955,402.8644,159.7338,0
627552472,607.3642016965046,199.97905187513038,611.7712,169.5732,0
627552489,733.8444469154375,239.05938310139092,999.2639,292.2203,0
