timstamp,smoothx,smoothy,rawx,rawy,fixation
607460099,966.3243722443993,519.7963650854954,922.032,550.5997,1
607460132,961.8718108899166,513.9994384125604,927.0297,468.5168,1
607460167,960.0388369222912,509.9788633849092,944.3157,475.8104,1
607460200,956.6109816743939,505.7684664119039,925.1041,467.072,1
607460234,956.341672215322,505.8591694181782,955.0973,508.8096,1
607460267,956.2163285018132,505.5205112030141,956.1949,503.6185,1
607460300,957.6695402767652,503.436229540723,974.7142,481.0314,1
607460317,960.4551729082356,501.6066514125127,993.4928,481.579,1
607460333,960.0671557980819,501.8100239295657,954.7499,506.9479,1
607460349,962.7304896912574,502.2878611462738,996.7778,510.9966,1
607460366,961.1213068068467,501.99411249923236,937.7548,499.3455,1
607460383,959.8438210845326,503.44616064384576,941.8092,525.4611,1
607460400,958.448237397678,502.0595297872715,938.0316,481.7418,1
607460417,958.8868579539076,501.26458779675005,965.6675,490.0515,1
607460433,958.5446229968264,501.2489808443147,953.7213,501.8966,1
607460450,957.6522229653597,500.33664893625956,944.2101,486.4994,1
607460466,958.5241805473345,500.5426896178627,973.0246,504.8201,1
607460483,959.619626900105,501.39654879180284,977.2868,515.7692,1
607460500,960.9564808368627,502.4145103315631,981.8395,518.7468,1
607460516,960.440041503651,503.09872695094515,950.623,512.8787,1
607460533,962.593170854892,502.08668628139077,995.8467,483.0835,1
607460549,962.5955394796636,502.3673997310948,959.7383,505.6691,1
607460566,963.3662894955193,505.0304225093465,974.2729,548.7315,1
607460583,962.4638205476055,504.09931470250365,943.2548,490.5472,1
607460599,960.6548461131409,503.94369050243097,929.8461,498.4756,1
607460616,962.1273454745182,504.31409014233003,984.3635,507.5182,1
607460633,962.8995512583931,504.2755840711826,971.0089,502.2921,1
607460649,962.2716326495585,503.66377703618474,953.1294,490.5994,1
607460666,961.0290928754162,504.8949736041231,947.8308,519.2944,1
607460682,960.1094589804931,505.13234936769857,944.7245,504.9114,1
607460699,960.6372383041106,505.89313089773344,965.4951,520.2961,1
607460716,960.9741329512813,506.3280701430467,963.2371,505.7983,1
607460732,961.990877859676,506.502320139957,977.3126,502.8714,1
607460749,961.7455662847428,506.92528275639665,953.7012,507.148,1
607460766,961.5971090144672,508.97673990795136,959.5663,541.5996,1
607460782,960.9561208015319,507.65000666546104,949.8015,480.3115,1
607460799,961.8345143188194,505.88349147624723,977.986,470.6016,1
607460816,961.8943036570939,504.80139723924725,965.5209,483.4456,1
607460832,962.4913119011295,504.5460861689701,970.818,501.2753,1
607460849,960.4138747749768,502.8339810132975,927.9204,474.9316,1
607460865,960.6731997437569,501.99666025519616,962.6014,489.4413,1
607460882,960.7961210371035,501.5301384719184,961.0701,498.465,1
607460899,961.2698566512349,500.9602035661516,966.9866,491.5069,1
607460915,960.8314736192167,500.90572235515475,954.264,501.4593,1
607460932,959.7748971565368,500.0448907215556,941.764,487.7465,1
607460949,958.2844533491271,502.0884307433343,934.2592,538.0626,1
607460965,957.7601106825973,504.2031688390905,954.0034,541.0702,1
607460982,956.7756948041416,506.25591541134327,945.8011,540.7092,1
607460999,956.0484919278105,506.19828218501124,949.2975,502.7095,1
607461015,954.6064653613522,508.94197312366424,934.0045,552.4949,1
607461032,958.0668410021088,512.7038218237622,1024.2672,568.5024,1
607461681,957.738938254091,511.2740749773172,951.6164,477.594,1
607461714,956.9959989595935,511.50372436739065,946.3512,512.4976,1
607461731,957.1508822130007,510.3027162275794,958.0272,480.8921,1
607461764,953.5542622501239,513.6857956440734,892.9978,564.9304,1
607461780,953.8646804139397,512.5597434662991,965.1575,485.6322,1
607461798,951.186827519361,511.7084563476879,910.8793,490.4999,1
607461815,951.8430773813741,513.5898956514789,967.6896,539.6627,1
607461831,952.0425523955328,512.5315658752319,957.6094,490.2938,1
607461848,951.1889839605078,511.6323480921198,938.6351,492.0114,1
607461865,950.8808287034318,511.11033943960655,950.0964,500.9243,1
607461881,951.5588947136422,510.60167047362296,966.4512,499.9662,1
607461898,952.2680919391604,510.19393907646923,967.9115,501.7897,1
607461915,949.9429524098304,510.7649238354926,912.2629,519.8408,1
607461931,949.3714584243244,512.0893085397911,943.491,537.2128,1
607461948,950.1272261029301,514.2031281682199,965.5176,545.1138,1
607461965,951.4030020382296,516.7335029536563,977.3141,552.459,1
607461981,951.9780678576586,519.5888995517768,963.3826,560.5543,1
607461998,953.2350258017235,520.0645797249431,974.6991,520.4119,1
607462014,952.3923855373268,522.8790604736926,934.429,560.5278,1
607462031,952.2802866955952,524.3744669371506,950.7061,539.4965,1
607462048,953.0147184870837,526.3362103555712,965.4587,550.0325,1
607462064,954.7675652161182,525.8616418522386,982.9486,506.545,1
607462081,954.4813277775432,529.4971998214531,947.6835,582.7278,1
607462098,952.9253183296191,532.8651575771726,924.5024,577.5161,1
607462114,954.8027670100832,537.1804113897016,984.5323,601.5952,1
607462131,955.3773405289293,538.1064564078054,963.0227,541.7042,1
607462147,954.6641988557765,542.237238326087,941.2408,600.6957,1
607462164,955.9929783207145,542.7691151280993,976.3217,533.643,1
607462181,956.4406774635848,544.114094981378,960.0711,555.4933,1
607462198,953.9769690354916,545.8151169115607,919.0799,564.7276,1
607462214,951.9932834373677,549.8466227996427,920.2566,599.0334,1
607462231,951.0168273973906,546.786860514062,934.8077,477.5215,1
607462247,947.2890468330362,542.1851644465953,887.4355,448.3974,1
607462264,948.2755172954043,536.807725274701,962.6155,445.4017,1
607462281,949.7829393340224,531.8493468966614,979.5861,445.2075,1
607462297,951.0693043777412,526.2964428736371,969.4126,435.7214,1
607462314,952.5735516378971,522.6751777757978,979.9756,475.5626,1
607462331,952.6588606840071,517.5391657931038,953.1061,441.8087,1
607462347,952.0412947616728,514.3167493445083,939.4241,475.413,1
607462364,952.6588940096581,510.43544522079026,961.9329,462.9642,1
607462380,951.0807352090073,509.4411111055214,926.1659,512.6585,1
607462397,950.3557913637352,507.4102688726442,940.4148,491.8813,1
607462414,951.757963941837,505.24109244336364,971.428,488.9349,1
607462430,950.8830151919769,502.2902842756861,934.8783,473.4915,1
607462447,949.6877187931391,499.2581790034702,931.3629,469.5777,1
607462464,950.8794683149641,495.94204344443824,973.6261,462.0384,1
607462480,949.3803960760445,496.2236306613186,925.954,523.9884,1
607462497,947.8737265787311,492.716466926528,925.1576,448.0537,1
607462514,950.4785576278858,492.4257408956876,993.5286,507.7809,1
607462530,952.2694749700437,488.20070270860043,979.5234,431.2794,1
607462547,950.6223611653006,485.69891568104975,921.6187,460.2469,1
607462563,949.9995643856292,484.444123486712,941.5573,475.4473,1
607462580,951.6830083142452,482.4734996757079,977.5197,468.147,1
607462597,952.576095502202,482.7586114476184,962.3587,504.9679,1
607462613,954.579337135944,479.8681557734396,987.1478,447.2677,1
607462630,955.4955727220532,479.5348089023792,966.7453,484.2663,1
607462647,958.0772871231192,476.69488135478963,992.9696,443.206,1
607462664,967.0528748848197,478.4366582316124,1110.6848,517.1215,1
607462680,969.8298482342143,483.5341263869691,1002.7785,577.8705,1
607462697,971.1261497778517,481.96039480706384,971.7608,457.0235,1
607462730,973.6455462154128,475.44335982032317,993.6135,370.396,1
607462763,973.9063441507299,473.4891126646573,959.6144,438.6829,1
607462797,973.6872311001655,476.7000753517318,950.4349,528.9232,1
607462830,971.440812314132,477.2670564439335,924.1587,481.1358,1
607462846,969.571592497674,478.4206595250375,933.8256,492.314,1
607462863,971.9992268079569,478.71514589950266,1008.1954,476.8381,1
607462880,968.6634971199858,477.2576234901469,908.7093,449.3423,1
607462896,966.9166746307792,475.57692961625764,934.2053,442.0417,1
607462913,963.7192699436988,473.93072706600105,908.1292,446.2121,1
607462929,965.6547702565515,470.0086078515335,999.6801,403.9884,1
607462946,965.4784754303505,468.435495687659,960.061,450.7205,1
607462963,964.8107762216881,469.02715738192876,954.2199,486.2291,1
607462979,961.964076223901,465.3810215337441,917.7636,408.1597,1
607462996,970.9649396195905,465.9301281961414,1122.0452,482.3999,1
607463013,977.7622990187027,464.0447097954724,1082.4647,436.8961,1
607463029,974.3676882240039,468.3150234572936,911.8882,545.3289,1
607463046,972.7976177089726,474.1156340398261,939.877,578.7072,1
607463062,972.3323971642442,477.95564218042267,959.1601,534.7333,1
607463079,972.1399590492881,481.3530304760115,971.3033,533.423,1
607463096,972.3359880177541,482.30866836432085,975.3244,481.7905,1
607463112,973.8263220791943,488.38041077284953,993.9051,578.6882,1
607463129,973.3459895521137,489.821435147488,960.5363,497.7679,1
607463146,972.3765913502876,494.84108894460974,957.45,563.0219,1
607463162,972.6367712612308,495.12377206175705,975.4689,483.1801,1
607463179,973.3435593894237,495.17031494173835,985.7668,474.6606,1
607463196,975.9642613715521,496.54725064610204,1017.4399,504.9489,1
607463213,981.1314069477298,495.3154450514586,1063.8474,455.7291,1
607463230,980.2408234282536,492.2623591495219,969.4376,431.9734,1
607463246,984.2105527801291,491.6835371622326,1043.2249,484.0769,1
607463280,988.2756645177925,495.6737471980586,1044.2667,554.1791,1
607463296,989.3066632775826,495.660864856669,993.5254,474.6627,1
607463330,991.0183427510952,495.2758479698836,1003.277,477.8718,1
607463346,999.9767571762738,496.94017379013206,1131.7087,526.2646,1
607463363,1009.6356938931797,497.06927472337685,1143.1675,493.9785,1
607463380,1019.3817254468206,499.9393997381103,1150.2083,545.5132,1
607463396,1028.1285816332886,500.971679139153,1143.5167,511.4684,1
607463413,1034.077781823687,500.142634437603,1087.4403,475.9257,1
607463430,1213.5809050314851,552.9375630809668,1214.7808,554.7573,0
607463446,1112.7161020375133,524.529288638134,1113.0825,524.7684,0
607463463,1113.5647504616982,505.6079163956895,1113.9565,485.6407,0
607463480,1130.8068109464778,492.45475296763345,1164.2759,464.8821,0
607463496,1129.5138572542087,492.12441306867555,1125.0876,490.5729,0
607463513,1131.2197656111575,499.8122191714812,1138.2395,530.8642,0
607463529,1133.037757150111,501.59739779890066,1141.696,510.079,1
607463546,1132.2383166579077,500.0639077158422,1126.8682,490.1123,1
607463563,1129.0367954920641,499.9950875456739,1107.2119,498.7887,1
607463579,1112.873387701879,498.1174523378092,990.8791,482.0755,1
607463596,1106.6749682795873,504.0255607282289,1058.774,554.3905,1
607463613,1099.3399049713278,497.64229319769737,1034.8928,435.3938,1
607463663,1091.9720719895938,499.94839697822596,1025.214,522.9338,1
607463696,1080.15112271046,503.71812574803926,963.5137,543.3954,1
607463712,1075.347525482753,507.982433881457,1033.1694,555.2098,1
607463729,1067.5892168291389,507.97011785735265,987.5937,503.9319,1
607463746,1063.2750510767848,506.0226446118498,1023.236,477.5498,1
607463762,1056.8942852719285,503.8403211942379,988.6994,471.9999,1
607463779,1052.5813983399878,500.1891686934306,1010.3264,448.2096,1
607463796,1049.2356399963346,501.76725458364734,1020.8486,524.9148,1
607463812,1044.5355879172748,502.3675505125603,995.4968,510.7097,1
607463829,1043.2504817797926,504.3023893285047,1043.7401,532.9125,1
607463845,1042.2467233315358,511.29842137121983,1047.1083,617.4374,1
607463862,1035.6523434952987,513.5499817849569,952.374,542.1496,1
607463895,1030.1881269178698,511.2765051115626,963.6426,467.0774,1
607463912,1027.9523127130522,511.46651895466107,1013.3013,509.2059,1
607463929,1025.5489934212133,511.865458931548,1007.0273,513.3645,1
607463945,1023.6324353552445,512.0036070454812,1011.7173,509.4285,1
607463962,1019.2369686674351,512.7766406791405,966.0243,520.9953,1
607463978,1014.1202237382272,514.8420448529425,950.0711,544.8069,1
607463995,1013.3638082137002,511.11301381412363,1019.9385,441.7277,1
607464012,1011.376757799393,508.91621671119617,1006.0931,470.7812,1
607464028,1007.6109544511975,508.3972843775411,971.5049,496.9561,1
607464045,1006.794470400861,503.29343777539503,1022.2687,412.8244,1
607464062,1001.7134916468581,503.54700977855265,941.2905,512.0714,1
607464078,997.4208097465036,504.78272319646425,953.0096,533.5913,1
607464095,996.6589568151271,502.42596897111315,1009.7346,466.1011,1
607464112,994.6614651421435,501.20805349409693,983.334,483.9229,1
607464128,993.654729337998,500.5604635324055,995.624,494.7036,1
607464145,993.3605832809948,499.75716899642384,993.5732,489.5686,1
607464161,992.5641570149974,499.4140698592069,990.9973,504.5625,1
607464178,991.156553580662,501.6997383438948,977.1422,538.3341,1
607464195,989.3272794172004,499.91027582346476,965.9092,473.8407,1
607464212,987.4118561907119,500.4820130390729,957.899,517.4751,1
607464228,982.7807610830209,495.9685973282239,915.1698,425.3253,1
607464245,980.4424487056617,494.725120544225,950.2089,477.9283,1
607464261,979.0807287628674,493.2131508817223,969.5662,469.6676,1
