timstamp,smoothx,smoothy,rawx,rawy,fixation
607468407,974.8961211510051,585.1047473651138,967.0415,542.1199,1
607468423,971.921273632647,586.0094558778391,937.3015,598.2551,1
607468440,972.8908773024652,583.14309899864,987.7679,545.4837,1
607468458,972.7991391689815,582.3564659891623,973.9744,573.4252,1
607468474,977.8949935560304,586.9916238701367,1052.3691,656.0861,1
607468491,978.3672114478379,588.232561239937,985.1825,606.3405,1
607468507,1495.0482695440653,739.47011756124,1500.9149,749.5113,0
607468524,1011.1185551638632,597.8882963706768,1012.8709,600.1582,0
607468541,989.6391629471836,623.1427302708292,970.9768,652.1519,0
607468557,990.6766629536858,664.7800700336563,997.8239,754.8762,0
607468574,994.1126907151302,640.1972795335583,1005.4448,567.6841,0
607468591,999.9407997597144,663.8019446091004,1028.0366,764.4084,0
607468607,977.0394350762328,627.3352495591747,979.3623,630.4583,0
607468624,982.8599093044738,880.013090214571,990.7096,892.1462,0
607468641,972.9853607866569,758.8382985877474,965.6616,641.3944,0
607468657,998.9484437756141,759.0380362202677,1055.9698,768.3031,0
607468674,992.315115294843,712.1942666836552,973.454,575.1193,0
607468690,980.6632754842395,685.4581435750376,936.0527,583.8036,0
607468707,960.7189735290892,566.3988329826084,961.6774,567.2645,0
607468724,946.651038282292,537.9082285574884,946.9579,537.682,0
607468740,951.4059559163053,526.838768300447,955.9933,514.8395,0
607468757,942.1392968896156,517.3160789374737,923.0963,496.6895,0
607468774,934.6541599469768,523.7301018196155,912.9241,542.7034,0
607468790,929.3717855273254,523.586041615386,908.8806,522.0548,0
607468807,926.3057364636269,527.5833919500279,912.4178,546.9307,1
607468824,927.2439335048862,522.9333822456296,932.8149,493.9969,1
607468840,929.5737303436332,522.7946153524895,945.7115,521.2646,1
607468857,929.1299625640108,523.3951918779225,926.1767,527.4131,1
607468874,933.6371943272497,523.5155837106403,971.579,524.0533,1
607468891,933.2847301291193,524.620330972289,929.7141,534.2942,1
607468908,935.1925363876348,528.6550785962194,954.4476,568.9921,1
607468924,933.2011429940787,526.6393723333141,910.7393,502.4741,1
607468941,934.0956539783871,523.619591623848,943.0056,487.2922,1
607468958,936.7823634431866,522.8453790162499,967.6272,513.2936,1
607468974,936.900736447278,524.2693190336596,937.0718,542.5417,1
607468991,936.4523559887512,525.4390991323662,929.3776,540.395,1
607469008,935.5886629055208,524.9681241711345,922.5985,517.1885,1
607469024,936.0886931559297,523.561950066397,941.8049,502.5729,1
607469041,937.2446296443958,523.5077287083184,952.707,522.6776,1
607469057,937.3567826771326,522.875842940907,937.2403,513.2148,1
607469074,1213.6371735046957,580.2976021528618,1215.4343,583.0897,0
607469091,1281.831763923944,628.3797646972018,1284.8226,633.2664,0
607469107,1310.2330583859662,590.4305402246972,1340.0186,555.0929,0
607469124,1329.12742678632,610.9002697446681,1370.2129,657.9696,0
607469140,1328.1561077730555,609.0892145361881,1327.391,607.8495,0
607469157,1319.1249281308023,602.0006134950302,1285.104,577.0833,0
607469174,1322.9476180446088,601.4882628226173,1344.0892,603.4742,1
607469191,1311.8102293078584,606.0732550855959,1250.303,637.717,1
607469207,1313.7623114234927,605.3898765881509,1330.1678,604.8465,1
607469224,1315.546231281198,608.0980560175625,1332.6737,633.5189,1
607469241,1315.9344049894248,603.4887169447611,1321.1689,567.46,1
607469257,1311.9341023272807,600.3165756148701,1277.5258,574.7461,1
607469274,1305.6621501996103,603.9835240264508,1248.3788,646.3402,1
607469290,1316.714558618727,610.0087551553839,1440.1755,680.8668,1
607469307,1328.1828900379383,615.0945079229173,1459.7357,677.4108,1
607469323,1338.5346582586403,619.1963418656823,1459.6071,671.0341,1
607469340,1346.3680840625711,621.0838122700649,1437.6754,645.4513,1
607469357,1354.7068740461289,625.6410684387505,1454.5157,686.2988,1
607469373,1361.17110666575,628.8523620107505,1436.338,671.3065,1
607469390,1367.2694596554197,633.1291725997811,1438.3485,691.2352,1
607469407,1371.4600393661678,634.6435334247255,1414.9999,652.1122,1
607469424,1377.1419635931466,637.4774651680729,1443.5813,675.6163,1
607469440,1382.7766015975976,642.519322022872,1449.4838,714.9366,1
607469457,1385.4647835616881,644.0280917187794,1406.3341,660.0055,1
607469473,1390.813990520847,649.0761452249891,1455.3916,722.7093,1
607469489,1385.8187710514944,649.9051862962522,1286.7133,653.1601,1
607469506,1000.4792309076415,527.2029572199867,1000.6664,526.9013,0
607469523,880.4179590599676,550.5400214492297,880.8603,550.3874,0
607469539,911.7243976715594,534.7453386926486,942.8373,518.0716,0
607469556,904.9274084964462,533.9882379088963,891.3342,531.8334,0
607469573,910.1819621192474,537.2700772879003,926.1691,547.071,0
607469589,908.4182560326249,535.3428382588012,901.2775,526.9255,0
607469606,911.0482634369805,533.2591689612927,923.6609,522.3315,1
607469622,907.5986674750317,536.695619414369,887.9705,556.8818,1
607469639,910.6520226107176,536.1815863581729,931.1964,532.1352,1
607469656,904.8121723835797,539.9027606317836,861.4106,568.1336,1
607469672,908.8900797306765,535.882492899241,942.9725,500.2377,1
607469706,909.3682627270255,535.4703275936081,913.6242,531.2618,1
607469722,907.9452443488109,533.0615661960068,893.233,508.1172,1
607469739,909.2673633491532,530.5727010634852,922.8376,503.7947,1
607469755,909.2591102319699,529.288377029648,908.6145,515.4228,1
607469772,914.1904893217613,524.5680465583168,970.8867,468.5624,1
607469789,915.9793310216722,524.1589481548083,935.7504,522.1186,1
607469805,919.7563400741014,523.5355997447904,965.3552,518.4971,1
607469822,917.3615137556394,523.737009431899,880.8499,529.3322,1
607469839,916.1037777509263,522.8892527292882,895.493,513.2237,1
607469855,917.7398177967912,522.9486743704919,938.9912,526.6642,1
607469872,918.2073647611458,520.9537995121336,921.5618,493.1928,1
607469889,919.1660332513072,525.8337937054109,932.3241,604.3711,1
607469905,960.9378849097374,805.9774886340194,967.1254,815.3561,0
607469922,906.3235260018979,791.9914415626214,912.0902,800.5638,0
607469938,905.214395030349,744.5432542222318,907.8018,702.4087,0
607469955,910.1568407190355,745.4593125298193,924.8093,754.5895,0
607469972,923.7650842835887,789.8022231651804,972.754,934.9833,0
607469988,929.8850642963127,780.0820919039252,958.1792,747.8459,0
607470005,936.3735722600836,780.9965495155551,972.9019,793.4993,1
607470022,939.0598603725771,774.7111400358052,958.0444,744.6717,1
607470038,942.6777617860846,768.0919132910351,969.7377,730.5225,1
607470055,946.6286708188292,759.4193507653251,978.2432,700.7212,1
607470072,950.198436197716,758.1628700748099,982.4993,757.4893,1
607470088,951.1841464151722,758.1080347643119,962.3405,767.7985,1
607470105,954.8498219810605,752.50715767562,991.767,705.5705,1
607470121,954.733535601076,752.0504424621048,954.6157,758.3966,1
607470138,949.8635156297751,751.4515072168537,896.6962,755.4122,1
607470155,950.6512613048133,762.6036344558939,966.6248,910.2418,1
607470171,947.9973973571499,761.173187724697,918.3452,749.2361,1
607470188,946.671238117482,762.3675660218745,934.9071,785.3656,1
607470205,945.8049148926165,761.1238594198244,939.6003,750.3534,1
607470221,943.7594463576053,760.4868764463868,921.5995,758.347,1
607470238,945.3680167315481,758.5589594713255,975.0565,737.7791,1
607470255,943.0962534418974,754.695005532235,915.1035,704.7313,1
607470271,944.9818650889973,750.6351619534329,979.4574,699.0054,1
607470288,942.8200069281103,746.9298492875707,915.0292,701.66,1
607470305,942.6716283584551,746.8057970711952,948.0718,760.0565,1
607470322,941.8671914586496,744.6082285411268,936.0789,723.4817,1
607470339,941.9593691083568,740.0411641898127,949.7089,680.4869,1
607470355,946.9344904241773,736.2493961561386,1032.9835,691.8721,1
607470372,942.0829743654735,734.4571517546223,865.9938,723.9609,1
607470389,902.7370561045773,479.7407396818717,901.6815,477.1992,0
607470405,919.6096705736467,467.28991635202823,918.3181,464.4016,0
607470422,918.5470341807945,470.762463594314,916.3423,471.5723,0
607470439,910.4727635046626,485.40498313982704,894.1172,513.1323,0
607470455,912.75964154777,505.24901435442115,920.4821,564.3826,0
607470472,904.3776888551562,499.82364484168716,870.3718,474.9145,0
607470488,899.0248186667923,494.242743017999,872.0558,463.391,1
607470505,898.3358947164356,494.24651149537556,894.4433,492.0872,1
607470522,895.9349548712798,494.33458248747206,880.058,492.6967,1
607470538,887.5566360285503,492.3759276207193,824.5511,474.5253,1
607470555,883.9685231740493,493.9845996531002,856.051,505.8013,1
607470572,882.0661044592617,492.68997108950987,866.7375,478.1366,1
607470588,883.268818139221,493.96563679375396,897.9807,505.1436,1
607470605,879.4979761802413,495.8591249890022,842.2367,514.0615,1
607470622,879.6614545545505,495.4731131317361,884.438,488.1886,1
607470638,872.6357499341227,497.28194589813063,792.8911,516.2597,1
607470655,872.8273520658281,495.29756141073165,879.864,466.5606,1
607470671,876.0490555480496,491.1634868926248,920.9916,433.818,1
607470688,874.6858814923073,490.72633939206656,858.884,484.1494,1
607470705,876.2426074341765,490.82617450075713,900.6411,492.092,1
607470721,875.7120653814909,489.2575108986873,869.2046,465.6603,1
607470738,878.1824952941538,488.5720695440041,915.4253,478.763,1
607470755,880.1973713759983,488.49229077932114,909.7124,487.9818,1
607470771,879.9739848551067,489.16399206329726,874.7684,500.0522,1
607470788,881.7074889219361,491.1904762083284,907.207,523.3863,1
607470805,883.5187165912752,492.42022630703326,909.0337,510.4961,1
607470821,885.5627488828787,492.17467202946904,913.3087,485.2563,1
607470838,887.9513648560602,491.1999708709179,919.9343,472.327,1
607470854,895.0494885418599,491.4130922926199,1002.6688,493.55,1
607470871,1111.2714126060857,477.13923662522285,1110.6005,475.6865,0
607470888,1041.15679456924,451.2842665344695,1039.7732,448.5158,0
607470904,1040.511572230238,451.4899151097833,1038.4907,448.9337,0
607470921,1085.1090246887363,484.00626136919414,1174.762,550.0659,0
607470938,1101.1986101306054,498.97385714071856,1149.0699,543.9466,0
607470954,1102.9600227345088,496.9054651697853,1108.2935,486.773,0
607470971,1103.8440763639153,497.90320982774074,1106.8148,501.3587,1
607470988,1098.1229849084746,493.9214787386226,1062.9473,468.1129,1
607471004,1103.7503868578972,486.28713422268055,1139.1073,432.2774,1
607471021,1121.1291976041878,476.90318429080224,1248.4153,403.9369,1
607471037,1127.602502922182,463.4682311196688,1174.1781,348.4064,1
607471054,1916.3454777016839,472.14836381036366,1917.2698,475.0786,0
607471071,1910.358521933187,411.48781288749836,1909.9463,412.229,0
607471087,1897.799337630647,405.83672432363255,1884.5605,400.398,0
607471104,1919.5656078432999,400.5744865293298,1962.1182,390.4259,0
607471121,1934.296944336965,413.4950042064548,1978.316,454.4655,0
607471137,1929.0212746269438,405.20317827549223,1906.3438,371.7156,0
607471154,1927.9193141620744,409.4091898855176,1922.1544,431.4611,1
607471171,1930.3360180721247,406.92940205420814,1943.2103,392.6875,1
607471187,1938.0946075308875,388.73805280198275,1985.8179,263.7852,1
607471204,1949.6621202155438,372.2793703107876,2031.3159,246.9391,1
607471220,1951.74062080179,360.1460664671387,1962.1516,260.1057,1
607471237,1971.9170112131312,363.5047519378827,2151.6653,403.1104,1
607471254,1978.9060349936126,352.3741103753386,2035.6538,244.8047,1
607471270,1987.3811933680104,347.24686326205733,2064.3191,299.9112,1
607471287,1990.6551810976532,340.29963767286415,2012.1144,269.0317,1
607471304,1992.6821578949816,333.0752235920917,2000.7539,255.6186,1
607471320,1994.0359249944247,327.3507338394404,1995.2729,266.712,1
607471337,1995.011195574584,320.3339986999618,1991.9492,240.6269,1
607471354,1997.6185084864842,311.57163724273715,2016.74,206.2861,1
607471370,1998.2971788533157,307.0030063972047,1992.8527,260.4348,1
607471387,1742.587817838882,230.91055281245673,1737.8795,224.2859,0
607471403,1790.2069428250759,294.65047772295986,1786.9905,290.5601,0
607471420,1790.2434747242644,285.6829667918825,1786.6725,272.012,0
607471437,1789.1891056392008,292.41863564826946,1784.115,302.1396,0
607471453,1781.569923676052,288.69846354708505,1755.3435,272.7401,0
607471470,1790.824800876229,292.44348743379453,1824.5251,303.7624,0
607471487,1800.2502437777566,287.1560487532428,1842.0404,256.3544,1
607471503,1801.390820009379,282.4048864168402,1803.0359,249.8285,1
607471520,2022.3653547621414,477.88066528551104,2023.6392,481.6151,0
607471537,1900.9012584241507,246.6108016211413,1896.8707,241.4407,0
607471553,1870.7031539483535,252.1471619960105,1836.6652,252.5506,0
607471570,1769.0196953260427,273.38954574992584,1563.865,310.9657,0
607471587,1683.7377761900907,271.87019848893027,1428.0183,259.9201,0
607471603,1604.304455168079,276.58802898919737,1292.4993,287.9289,0
607471620,669.2423231654625,264.03519968637056,662.9849,252.5075,0
607471653,697.4563642766391,317.3949289729478,692.4232,307.9228,0
607471670,656.1272039446894,303.2659083303865,609.0793,278.2305,0
607471686,665.4874688895652,303.1706713054556,678.9244,292.9966,0
607471703,671.160874790802,298.3359033850954,682.2645,273.3654,0
607471721,673.4587713495282,294.7636996710935,676.5085,270.1064,0
607471737,672.4066959959301,290.8965504148081,660.9926,261.2351,1
607471754,674.0483097864837,291.63936116717775,677.8732,286.2903,1
607471771,683.1398789079434,296.47737844281903,738.6914,320.449,1
607471787,683.0492320778671,293.69784271568636,674.8477,261.5694,1
607471804,683.5255972183778,291.302640655111,680.0293,260.556,1
607471820,684.5104968051087,290.8314037712825,686.3369,276.7736,1
607471837,686.6493720087739,287.70631578164,699.776,246.3136,1
607471854,686.9653884089062,290.0071810306523,683.1287,306.3221,1
607471870,686.0123574188565,289.56035418823575,667.5478,274.6617,1
607471887,688.3233861234414,288.4138947138859,708.1062,264.9784,1
607471904,687.6627700568794,287.2965341015611,671.1876,263.7084,1
607471920,688.0298921180727,288.469578855371,685.6185,295.2997,1
607471937,676.5090517757882,296.10912167026794,517.3832,391.4194,1
607471954,395.43510681382577,451.80810260823625,392.6961,445.4006,0
607471970,488.46586385797787,437.11427563299424,485.6031,430.7117,0
607471987,485.10094818547293,428.72170558270767,478.5017,413.3144,0
607472003,484.4243591486437,431.2794664403627,480.2072,429.9466,0
607472020,481.05912397780145,437.74743581694077,468.6421,451.1286,0
607472037,478.4998610124246,438.2093227585765,465.7375,433.413,0
607472053,480.22692216303716,436.0549790460494,485.7564,418.5521,1
607472070,482.28230955820464,433.0565635707555,490.9502,408.5644,1
607472087,482.8293955704226,431.32710838966165,483.1362,413.0521,1
607472103,479.50944989521514,435.7063298603057,452.18,463.6003,1
607472120,477.30008695745914,436.2121731444328,456.4426,433.7012,1
607472137,476.8583896352286,435.6179853003327,470.6002,423.1161,1
607472153,475.7493438653788,434.9532828362122,462.6214,421.3749,1
607472170,473.0490895552366,435.47426875664564,442.9063,434.449,1
607472186,470.7042558333431,435.7719740908666,443.5305,432.3556,1
607472203,468.950835485899,433.44575179940273,447.3345,398.0583,1
607472220,466.56872094503865,432.47696403133745,437.0477,413.9774,1
607472236,470.9483505223776,432.5181912047751,528.4607,427.8763,1
607472253,689.4443299959956,436.70228387059126,686.998,431.4235,0
607472270,625.2084321051825,468.58289553728287,623.3219,464.0729,0
607472286,653.7353189882775,452.6432090288191,679.7289,431.4257,0
607472303,657.9409162227377,447.3463717234869,663.6625,431.4971,0
607472320,655.9737081408672,445.7780344260684,647.5067,435.9479,0
607472336,653.8016706586405,443.39239434677086,642.5423,428.6146,0
607472353,641.45005616463,449.25101527545615,579.5852,473.6314,1
607472369,638.9664746153497,447.7132179233193,622.9603,433.1381,1
607472386,640.7541807560225,452.149094610146,652.2159,477.8271,1
607472403,642.7905557752207,449.2768058244318,656.1835,421.3658,1
607472419,640.7868427441883,448.1521135711379,622.025,433.152,1
607472436,644.8976053408004,446.5408723039273,680.5424,426.5691,1
607472453,646.7154004225797,444.8572895311756,661.692,423.15,1
607472469,645.4518039946462,444.3885986471342,628.9267,434.9714,1
607472486,645.7401632823895,444.4541368276004,646.3173,441.1028,1
607472503,651.1668594859055,443.32771690415467,712.1461,425.7181,1
607472519,653.9000528038007,440.60236084085744,681.9547,402.0355,1
607472536,654.1566020695178,441.2854393530617,651.6052,447.6445,1
607472553,652.4359421788297,439.91091958812314,623.0472,417.4462,1
607472569,650.5314208441257,439.4826240227587,619.2858,430.4276,1
607472586,652.4075151676522,439.93782473029546,675.6956,444.03,1
607472602,665.3255028983837,440.7794505428351,849.3225,451.3332,1
607472619,1019.3839439063918,530.5052495461916,1019.6832,530.428,0
607472636,988.7000263145012,534.1007174311969,989.0128,533.9774,0
607472652,985.840890627313,532.7896907165336,983.2327,531.2334,0
607472669,980.9930639047708,531.4924393980925,971.5363,528.5157,0
607472686,982.7414569019636,520.0100788389004,987.2734,484.1585,0
607472702,987.2292767338287,513.6447056401969,1004.2393,487.3995,0
607472719,988.0207638915577,512.5879659586311,991.432,507.0929,1
607472735,992.0122084080535,511.62603209231884,1014.5933,505.8543,1
607472752,995.0520138664708,510.3962063326736,1014.3435,501.923,1
607472769,995.9845165454428,514.7502351374505,1002.6278,548.811,1
607472785,998.2043780819322,514.4404662898985,1015.4418,511.2567,1
607472802,997.2048171411155,514.0270171757389,986.3967,509.4736,1
607472819,994.8678785836496,514.663250626601,970.707,520.4839,1
607472835,993.4661038016993,513.5563177819623,977.8599,500.6263,1
607472852,996.6850860590488,516.9976220783947,1033.5886,556.7119,1
607472869,995.5498264478957,517.8848320544963,981.2588,527.0148,1
607472885,993.9280613425082,521.1929869434239,974.2563,561.5136,1
607472902,994.8116048156928,523.1076581029586,1007.0386,545.4396,1
607472918,993.877661820726,522.9802740364606,981.225,517.1048,1
607472935,992.2243371776169,522.8393460446177,969.7641,516.9524,1
607472952,990.4098678609954,526.7116495307952,967.2654,580.1321,1
607472968,987.9627663288254,526.4083852855925,954.6244,516.1961,1
607472985,986.0875022947444,527.8945088790331,962.4995,545.8503,1
607473002,986.1091374059025,528.4543948089154,991.4524,531.9103,1
607473018,985.9479587378408,534.9297525324034,990.2106,633.2582,1
607473035,980.9330784671574,529.80222866304,904.6538,436.7529,1
607473052,978.8333498771501,522.7171400957736,950.4391,401.4025,1
607473068,976.3316196037943,515.0296313093804,941.7592,388.3905,1
607473085,971.7884628697233,507.47718748318795,904.8625,387.8535,1
607473101,965.5743076914544,503.32626048002516,874.6556,445.7353,1
607473118,961.7065841171706,499.45490954891744,912.6648,448.7276,1
607473136,958.8807970149882,494.47735753807274,930.9103,430.4702,1
607473152,954.621588493025,488.00860416086607,902.1857,400.6268,1
