timstamp,smoothx,smoothy,rawx,rawy,fixation
609799683,1042.8459282511278,733.3565746490358,1046.7894,700.8813,1
609799700,1044.515623352872,733.4679075249637,1051.187,701.303,1
609799717,1043.108162219694,731.7888688603779,998.8334,677.5962,1
609799734,1044.493551210634,732.4273003242677,1054.1758,712.7972,1
609799751,1045.4159472168387,730.5784386741145,1046.4863,674.6313,1
609799767,1045.0631630796445,729.0711797426313,1026.0258,681.5071,1
609799784,1046.3557490270011,729.2564163432074,1054.6968,710.8628,1
609799800,1046.311880042858,728.5427782736888,1034.692,693.7759,1
609799817,1047.3720059625396,730.783567378864,1059.7456,734.2646,1
609799834,1046.0943630619918,731.4446816316064,1026.7731,714.3621,1
609799850,1045.9208133424736,731.989322066594,1044.3823,709.3809,1
609799867,1045.6223498696024,732.6763804016014,1046.0656,711.4509,1
609799884,1045.9699183146033,735.2437746047816,1053.017,740.7681,1
609799900,1045.719950262349,734.4535216323385,1039.9446,690.8159,1
609799917,1045.514445870008,734.1749299218461,1044.8362,699.2766,1
609799933,1043.0517549946608,730.8115516211842,1004.047,652.8754,1
609799950,1037.4600274012805,722.8027365607524,949.9939,585.7401,1
609799967,1032.0829193571083,715.3816456454763,948.6804,589.5286,1
609799983,1025.2226372209943,707.1876563653092,924.5968,578.7909,1
609800000,1019.2301490605853,699.3660822448761,937.3947,581.765,1
609800017,1013.7934750243329,690.8624184252138,949.7441,571.8671,1
609800033,1007.7871389138423,684.2496866994834,931.6692,597.6298,1
609800050,1004.1549521271537,677.1435544107065,966.4829,582.6245,1
609800067,997.93329601221,670.5219010439113,924.4926,589.0415,1
609800083,993.8036421841005,664.1159922438443,955.6807,590.9222,1
609800100,989.1125707669048,656.7388967252967,943.2976,568.7845,1
609800117,983.3721000124951,653.5890988135737,921.3636,628.511,1
609800133,979.8426315858968,648.0926581113215,951.8252,587.8339,1
609800150,975.7638426914095,642.5056164629518,938.3717,580.6407,1
609800166,971.2229583816165,636.2350689543083,927.0506,566.9854,1
609800183,967.0314689633844,631.04188239063,928.8257,576.1774,1
609800200,964.8999665884278,625.7833880416595,960.3274,570.4183,1
609800216,962.7100154043931,621.0083165799865,949.616,570.347,1
609800233,959.0752071263407,616.8005391302888,926.7538,577.6997,1
609800250,956.3666384409175,613.0620392441897,937.7018,575.9412,1
609800266,954.7473498121661,610.5343518633761,950.495,590.7487,1
609800283,952.9026891118434,607.2228781783159,945.8306,577.3412,1
609800299,951.2039535639531,604.096689048982,942.5663,573.8384,1
609800316,949.603220363496,601.6667125815961,943.6185,584.3837,1
609800333,948.5143160965882,598.7522321040566,945.6838,570.5543,1
609800349,947.9703272024551,596.8000125308092,954.3569,580.8746,1
609800366,946.9359984390435,595.1471113626197,943.4551,582.0231,1
609800383,944.9943480317277,595.6519341311675,926.3513,614.446,1
609800399,943.4629387986855,595.3287448532928,929.7346,593.4951,1
609800416,942.4571217813705,593.5290586202323,937.2065,569.7284,1
609800433,943.315879446003,594.0972153025384,963.7072,599.2489,1
609800449,942.6929563274167,590.9028097666792,931.2507,533.8752,1
609800466,942.6654352202912,587.5581496243628,941.3065,531.9072,1
609800482,942.5235045567102,582.5377371250728,936.6367,504.8865,1
609800499,941.2815526687702,577.5033176198473,919.2068,504.3053,1
609800516,941.177304445828,572.5582836961183,940.0797,503.824,1
609800532,940.6169889626696,569.0342232279207,930.2759,526.8197,1
609800549,940.0631798678226,564.1713763397238,933.7253,503.0493,1
609800566,940.4750084971315,558.678070287772,945.5121,492.3061,1
609800582,941.2730550324894,555.5834466081584,955.6417,526.7642,1
609800599,941.0422699282992,551.0640613204629,936.1165,500.1625,1
609800616,940.4769532307872,547.1095418724638,928.0718,512.3369,1
609800632,938.293643602356,541.3977975161173,903.1707,477.8136,1
609800649,936.0688073579336,537.225796125419,900.8361,497.5117,1
609800667,934.4366903057789,532.8654528189386,909.5081,490.2039,1
609800683,932.3896450315563,529.5903974302175,902.2379,504.5375,1
609800700,930.6757037908058,525.204187161488,910.4387,483.7431,1
609800717,926.8974976577452,524.0856971287791,872.8768,529.9739,1
609800733,925.3751996526154,522.4112302844123,908.239,519.1789,1
609800749,923.1326373097434,523.5756646420307,896.1685,558.902,1
609800766,922.4870522709776,523.3653480042584,923.5141,536.6349,1
609800782,922.6245638775324,520.2806786503953,934.6494,488.6996,1
609800799,922.1605281357603,518.7230392848064,922.6489,509.0478,1
609800816,921.8674435491039,518.4970064888435,924.5343,528.0587,1
609800832,921.9494915848379,518.5978249374552,929.9856,529.3894,1
609800849,922.8053356372387,518.4115508522732,942.9806,524.3132,1
609800866,924.3078472021978,518.0325559870912,951.8563,519.832,1
609800882,926.9485513081596,516.679868942815,968.8988,506.8762,1
609800899,927.5517967882188,516.1742482732478,933.9125,515.6482,1
609800916,927.560120598378,515.1488788331004,924.2501,503.994,1
609800932,927.8888398958303,513.260874682095,932.2462,493.0707,1
609800949,926.420436369756,512.0918244310297,897.6366,496.0757,1
609800965,927.4088226968989,513.3058534087324,941.4602,532.2677,1
609800982,929.9819829163098,515.0546302497165,968.4222,537.7544,1
609800999,942.3663074583627,923.4041834500717,943.3109,871.1968,0
609801198,968.4855195238094,497.78029971333143,966.462,499.4105,0
609801215,978.0513192937015,520.277755286633,985.6716,538.7962,0
609801232,981.8276985062142,521.3036823925281,987.2222,521.775,0
609801248,980.0406709285724,516.4287811438273,972.5814,503.0037,0
609801265,982.7517778194419,517.5169011669683,991.2336,520.5592,0
609801282,978.6521747734729,516.4292457189017,976.6496,515.769,0
609801298,972.5670265468219,536.2912737182277,970.7499,533.0892,0
609801315,960.2555064092031,529.3753789380258,946.3074,520.8684,0
609801332,974.8518416297541,537.5329396483921,1001.9133,548.5614,0
609801348,983.8371345860866,541.5879594443787,1008.2449,548.3743,0
609801365,983.6414918685297,548.8832179914439,980.7982,568.991,0
609801381,980.2760671138133,552.3247345781115,961.9822,561.1794,1
609801398,981.0068267780522,550.9127291753912,983.1809,538.1223,1
609801415,982.1352955110231,552.5606297455934,987.6313,556.4501,1
609801431,984.953131312456,555.9523299331577,1003.912,572.016,1
609801448,986.682925665404,558.2700698474912,998.4595,568.16,1
609801465,988.5756179782001,556.9325204309088,1002.6129,539.19,1
609801482,990.9020230889894,556.8753225639622,1010.206,549.6944,1
609801498,992.2298644664455,556.0866120341494,1002.1006,542.294,1
609801515,985.79091688809,554.1182440249206,910.2528,528.3617,1
609801531,980.3807562360374,551.7481869023237,915.4589,521.8452,1
609801548,976.2057648202369,549.7299195834753,925.624,523.6577,1
609801565,972.58254673856,548.8318964133215,928.7556,535.3423,1
609801581,968.2654182202905,544.5518330876415,914.8068,492.0305,1
609801598,965.1125090267437,541.2449597593068,927.6595,501.1618,1
609801615,961.2717919822765,541.1462640909332,914.4767,540.9717,1
609801631,960.4072913747007,537.4891666080482,956.3383,492.4684,1
609801648,958.7437502069608,532.5993347267561,942.1757,472.69,1
609801664,956.3211780036105,527.993060127732,928.0713,473.383,1
609801681,953.8209312178014,523.6414773717468,924.4341,473.966,1
609801698,953.3534124507823,521.214063608737,955.7174,499.2152,1
609801714,950.8854755056511,516.9724551478613,920.6388,470.1027,1
609801731,946.8688428025807,513.9150770205534,892.3754,484.7017,1
609801748,943.35769948462,511.6234096881385,898.2318,493.7007,1
609801764,942.497501394681,508.63056084198456,940.8953,481.0034,1
609801781,940.3136009109317,505.5647200052633,916.0069,477.1979,1
609801798,939.6300620038918,503.84816747211863,943.2078,498.3041,1
609801814,938.5819651520887,503.814805015931,932.3204,520.1697,1
609801831,936.6245489571638,502.53539699391905,920.2241,501.6554,1
609801847,942.3203427615194,500.5369745748143,1050.2488,488.9703,1
609801864,948.74633879023,499.68891459517226,1057.9182,506.2311,1
609801881,955.5093683141248,497.18257255831696,1060.5544,477.6361,1
609801897,961.2338425656486,496.3117944008685,1044.8914,497.8014,1
609801914,967.4644474119141,496.7183485945826,1054.55,517.296,1
609801931,973.4467186113392,496.7234788291857,1052.8118,510.791,1
609801947,978.901699711051,496.35314838801156,1044.5145,502.7274,1
609801964,984.9486850166307,494.80853385786924,1057.1296,480.3929,1
609801980,989.1836457519498,492.8793931196761,1029.1844,474.3849,1
609801997,993.2414140080671,492.54597705399453,1028.4725,496.7855,1
609802014,995.9895617899749,491.8189470800428,1000.0326,488.2982,1
609802030,999.031529385082,491.9403410969689,1010.6974,499.9401,1
609802047,1002.9287969960577,490.4085594803786,1031.1285,474.5444,1
609802064,1009.3479056599272,489.37573934448346,1079.6639,483.0992,1
609802080,1014.0247253855117,489.6878946459614,1053.026,498.3596,1
609802098,1018.333208311673,490.4049450160824,1053.0203,505.4124,1
609802115,1140.9069493407446,669.0090337030337,1138.313,650.0878,0
609802131,1157.8185903167987,671.3259597773528,1155.0763,652.2149,0
609802148,1160.531490621539,685.8156704129176,1160.6276,677.54,0
609802164,1153.7613179020375,694.6329932292308,1137.9802,687.7247,0
609802181,1154.6212502905887,706.7086643972907,1154.975,714.2375,0
609802198,1149.6753886058177,718.3130450482075,1128.4358,732.4177,0
609802214,1151.1366491649535,719.2429816578398,1156.1245,697.0684,1
609802231,1146.393814098804,713.3646188942057,1116.8651,658.0479,1
609802248,1150.563288077454,719.0283884112106,1176.5708,726.5352,1
609802264,1153.7767663138118,721.4601230247973,1175.4734,711.0369,1
609802281,1155.6878012827387,726.1138833555184,1168.843,732.6572,1
609802297,1156.2717911420718,726.7474533839033,1158.3531,703.6089,1
609802314,1154.44044324879,727.465614497271,1133.3546,705.2074,1
609802331,1152.3769616125985,731.0662123375936,1128.4089,735.2299,1
609802347,1151.082424771935,732.8290816246719,1134.8788,720.0658,1
609802364,1150.5578224519395,733.30577830944,1142.9329,707.8931,1
609802381,1150.5240607685857,732.3868934320358,1148.6646,692.4071,1
609802397,1150.6045022034054,733.6615676745191,1150.3385,718.4136,1
609802414,1151.7843375087878,735.235646970722,1166.0093,723.6377,1
609802431,1152.8324143165548,735.0684100633755,1164.9385,702.7031,1
609802447,1153.0368816700825,738.3285377858623,1153.4307,748.3138,1
609802464,1154.5785407016701,747.5756447575422,1174.7898,832.2292,1
609802481,1155.253267106991,755.7995551487063,1162.1895,823.9843,1
609802497,1155.5351392125147,762.560655001622,1156.3147,808.5834,1
609802514,1157.8480487851264,771.3985880042828,1189.8732,843.0537,1
609802531,1157.663269114138,776.4125670278519,1149.6599,792.5673,1
609802547,1159.141724665534,780.3622481020956,1177.5358,780.9713,1
609802564,1157.7388088364535,783.9794396540656,1129.8253,779.2985,1
609802580,1156.6343385700643,790.4694417458076,1135.1362,825.9573,1
609802597,1155.2456109604607,794.9561046681284,1130.0182,799.9388,1
609802614,1154.4803808598701,798.3328050383756,1140.5068,787.0312,1
609802630,1153.0162049177063,804.2173212370479,1128.9773,817.4455,1
609802647,1152.337785864119,806.924335610261,1142.6912,776.5948,1
609802664,1151.7191773900045,810.754315730983,1141.3259,799.2207,1
609802680,1150.569828665063,812.6914891964856,1133.6906,777.239,1
609802697,1149.3649870696936,815.0137678821661,1129.7747,788.6512,1
609802714,1148.8960967787898,819.0045178082763,1145.3774,813.9176,1
609802730,1150.2648068684398,823.2968823386726,1172.6055,818.5698,1
609802747,1150.4998573373664,824.3494026380358,1158.7168,780.3072,1
609802763,1148.8203303378384,827.5189066905091,1124.9955,813.8734,1
609802780,1149.477733783691,827.3994625221923,1163.521,769.3678,1
609802797,1149.772612194532,830.1833840187934,1155.8938,813.2806,1
609802813,1149.5694400501545,842.2982322305512,1145.4268,958.4089,1
609802830,1148.0818146609486,854.5170718941012,1122.7749,965.9786,1
609802847,1149.9781665712212,866.8556228119546,1181.864,969.9256,1
609802863,1150.5168492198472,876.0560094830131,1158.7915,924.9454,1
609802880,1150.1583492750926,887.43899605174,1144.0344,961.4316,1
609802897,1149.851347373766,895.1706691388363,1144.5397,913.995,1
609802913,1150.5884491002457,902.3644872144031,1163.9308,911.968,1
609802930,1150.3483291604941,909.7456491122997,1146.6467,918.2809,1
609802946,1148.830903825616,919.8039879750908,1123.5128,969.684,1
609802963,1147.8074156690468,926.6855879110768,1133.767,935.5322,1
609802980,1145.7111033024107,934.8326867998635,1113.6687,958.7036,1
609802996,1145.7586194027663,937.7539240184942,1149.1519,883.0952,1
609803013,1144.176573877185,943.2831440369459,1124.376,931.8018,1
609803030,1143.0721186943076,949.1596754410016,1127.7913,937.2208,1
609803046,1143.004468734121,953.4841905354933,1148.0305,918.5161,1
609803063,1096.022276870535,698.1117905932358,1094.047,675.2484,0
609803080,1068.3092969089366,488.7081956655129,1065.265,492.0869,0
609803096,1055.2745392826455,443.73947757154025,1038.9064,413.4348,0
609803113,1048.7314391285986,433.8966127618774,1032.5907,427.0965,0
609803130,1044.3294449692678,430.689480738867,1028.3252,433.1788,0
609803146,1039.0899619670968,426.18339561686435,1015.7427,422.0949,0
609803163,1047.0521509305536,418.3974306080302,1043.7642,430.515,0
609803180,1053.1229102993468,460.4554077915937,1050.0448,467.3054,0
609803196,1054.7445187356147,446.4673204125289,1053.0745,442.9083,0
609803213,1048.5803037046317,431.19786283546443,1033.0258,415.1803,0
609803229,1045.7492877715258,428.75466734827495,1034.2676,433.4402,0
609803246,1048.153565338478,425.34075041983743,1054.3275,425.2587,0
609803263,1048.3679584419403,424.49063657437677,1046.1602,432.6986,1
609803279,1046.1843321694857,426.3966404894582,1030.567,447.5374,1
609803296,1048.4354098780127,425.72843923420373,1060.2377,433.4391,1
609803313,1049.4858954618442,428.0393275812035,1054.0966,454.5237,1
609803329,1049.8585595252682,430.6453404163024,1049.5959,460.2028,1
609803346,1049.665226294313,430.138944472834,1044.3499,436.2842,1
609803362,1049.6742191139856,429.1977924366158,1046.2109,431.5278,1
609803379,1047.1987642464012,430.6201681575201,1018.0536,453.9981,1
609803396,1043.6274714249878,426.91339222899006,1001.2094,400.9918,1
609803412,1042.5342038311965,428.6875691395247,1028.5645,458.356,1
609803429,1034.2672268672463,440.80598584072044,933.3174,580.1302,1
609803446,1027.5087752784539,450.78162378391136,944.9823,565.6254,1
609803462,1020.7560612340578,461.93530063097904,938.2285,589.2745,1
609803479,1015.4822263857939,472.36593452168694,953.174,589.4875,1
609803497,1008.105084641187,484.6328988963684,916.5804,622.1715,1
609803513,1002.3864254052841,497.8580714961994,935.6028,644.7912,1
609803530,997.7056338577946,509.4133553447073,946.4534,631.5328,1
609803546,991.6150387874709,520.279912303005,919.2621,630.3768,1
609803563,986.6384509620979,530.3689668494084,931.9728,627.618,1
609803580,981.3081642730027,539.9545673381142,921.3549,628.184,1
609803596,976.569468690982,551.2192514554838,926.5191,660.7147,1
609803613,973.7712622646088,558.6179062548491,954.1512,611.7914,1
609803630,968.736367455627,566.3477744692975,912.1225,623.8187,1
609803646,965.8673663917479,571.9618931111254,944.3653,599.4397,1
609803663,961.1757049359891,578.9047224617923,908.9448,626.4171,1
609803679,960.1998418729078,584.5067558191818,978.0088,602.5729,1
609803696,957.1921690954952,590.2045695641242,938.4136,608.8643,1
609803713,954.1723263524193,598.4648315998436,931.8418,652.8193,1
609803729,953.4090787132244,604.4171563421479,966.4904,627.7267,1
609803746,950.8747987147332,611.4427649371137,934.0996,650.5962,1
609803763,948.4585225085259,616.5620324075674,931.1169,629.7595,1
609803779,946.900309658717,621.996795254351,940.7583,643.2146,1
609803796,949.4006697308863,630.6557165692826,1010.9915,697.877,1
609803813,950.2692489880624,635.9049942825338,978.6505,654.4977,1
609803829,954.146726733703,712.6446894334011,953.6327,687.0895,0
609803846,984.2332988842155,692.7340219549719,983.302,669.8721,0
609803863,981.0502906361974,704.8948032034032,977.1604,691.0607,0
609803879,985.0477229331343,702.3917144489615,992.0216,673.9637,0
609803896,983.3214586068447,707.9722837100024,977.4889,697.5896,0
609803912,983.0886555150595,707.1507862871002,981.3417,679.4763,0
