timstamp,smoothx,smoothy,rawx,rawy,fixation
608229262,997.9020960032,361.83597181783,917.7595,357.5311,0
608229278,1008.5016916928961,367.2276951415714,940.5262,367.5479,0
608229295,1006.5650925942429,369.19576569909754,923.9887,368.6434,0
608229311,998.5708892442061,373.4159561209302,897.4682,382.539,0
608229328,996.6897026814966,367.68114925577885,907.1664,340.9321,0
608229345,993.5453184044295,368.8889962352842,899.8373,371.3501,1
608229361,994.7739412449698,369.61604850069125,923.8105,369.4088,1
608229378,996.5584714243223,373.53748345788944,933.5518,395.0339,1
608229395,994.0034130049212,375.05932597463783,897.5782,382.5816,1
608229411,991.619557923344,375.3337789660355,893.7743,373.5465,1
608229428,992.0520447227894,374.72112878445614,917.636,364.0927,1
608229445,990.1344080011377,376.09327045218396,895.0901,385.7435,1
608229461,985.7579723332171,376.7836370883689,862.9021,381.0193,1
608229478,984.8741258850487,377.42861368865164,899.9793,380.0706,1
608229495,986.2317637646223,374.901887911903,922.676,339.2219,1
608229511,985.9816435822936,380.9198420223014,916.3608,451.6299,1
608229528,985.4889116408582,385.82471270531147,911.3837,442.8188,1
608229544,984.9703820432705,389.51661117584035,908.7717,430.4808,1
608229561,983.5013521310428,394.69526096317946,897.11,456.8493,1
608229578,983.8933380450985,396.94839326475966,919.2268,416.0988,1
608229594,983.6173102999819,403.272357364501,917.0204,482.4581,1
608229611,982.6235768568806,409.0163213599292,904.5468,478.8913,1
608229627,981.0509639585312,414.5308215939017,894.3243,480.3018,1
608229644,981.6093627266785,417.0756835694469,922.9341,434.6372,1
608229661,982.6534678289078,421.11954882117175,934.5367,462.4349,1
608229677,983.9637367461451,425.5435294783035,940.4817,472.4128,1
608229694,985.2811055535274,429.78406474005385,940.9696,473.1564,1
608229711,983.9081892057393,434.7671804738779,896.6503,491.5627,1
608229727,984.0345058561556,438.19803576312927,919.5669,467.7486,1
608229744,983.8949401249281,441.8362670073023,915.7396,475.3357,1
608229761,982.9039104585902,445.30757856152536,901.1292,468.3115,1
608229777,983.5671141579074,448.0392947631944,931.1967,459.6743,1
608229794,982.1523341914788,452.9233552694461,897.5679,503.0006,1
608229811,980.5195814570162,457.020065461,889.5724,494.9167,1
608229827,980.5761038301064,460.0510015347608,918.5282,474.9721,1
608229844,981.0898889923874,461.98320690302853,923.7465,463.09,1
608229861,980.3131230820564,463.3984219647632,902.7091,458.6352,1
608229877,981.7834262436924,464.91222188620816,943.5565,465.2109,1
608229894,981.4786826752963,464.3470440045018,904.032,431.8699,1
608229910,982.5019043520097,465.5019096003011,931.3757,463.2383,1
608229927,983.025187359894,466.80696276458906,925.8508,468.1024,1
608229944,982.1172528898427,467.31491781973364,896.8456,460.0121,1
608229960,982.0050000528183,467.3691486857041,907.171,453.2362,1
608229977,982.0265436919564,467.94549032403523,915.2901,464.1594,1
608229994,979.9658868057342,469.72329465626075,883.7296,484.1727,1
608230011,979.9468390829032,470.09259215834106,915.7814,471.6442,1
608230028,979.6661262097956,470.4549438274304,910.4625,471.1176,1
608230044,978.7224723050656,471.02428753507803,898.8368,474.3494,1
608230061,983.2385424883015,470.1160252785985,990.5256,448.1063,1
608230078,989.6641923088016,465.5930338593343,1018.6604,379.5355,1
608230094,998.3259909298563,460.0776932609945,1055.9684,367.743,1
608230111,1006.2192976645115,455.59551828989015,1044.3846,384.8175,1
608230128,1011.0989774506323,452.71035645763504,995.5444,413.3789,1
608230144,1017.4378616882367,448.927715633512,1024.6334,390.2879,1
608230161,1025.323599443359,444.1423551087134,1053.2852,373.1044,1
608230178,1031.9537488540948,440.63661963325063,1037.3389,395.124,1
608230194,1038.2566959523144,437.93130274446025,1036.623,406.7607,1
608230211,1045.061616622851,434.7892040514491,1043.7546,397.7992,1
608230227,1053.062998935214,431.6645865736313,1071.9448,391.6898,1
608230244,1060.085859541889,427.19112236460563,1056.1506,366.5016,1
608230261,1065.6940121331563,424.2064807264053,1038.2284,389.5186,1
608230277,1070.8960297589495,422.1949381605494,1041.8989,402.6452,1
608230294,1239.8472164008479,460.31821913231005,1174.833,447.3043,0
608230311,1222.78549931058,492.7314919265506,1161.6563,480.5005,0
608230327,1230.2858870696653,476.36494978732384,1172.6946,447.1035,0
608230344,1227.4477332963888,473.264927211355,1157.4148,454.8848,0
608230361,1225.744154071088,473.7343188591758,1157.3474,463.0269,0
608230377,1220.9263029743838,471.489512358392,1136.9442,451.2125,0
608230394,1227.159427504018,464.95089808709986,1189.561,419.5669,1
608230410,1226.2300271664415,464.91288419593394,1156.0986,453.1092,1
608230427,1228.0230461698336,464.04487746182264,1174.6985,445.9092,1
608230444,1229.4425704544597,464.81753904102175,1176.1689,458.401,1
608230460,1228.3499097738709,463.760632652181,1152.8737,443.3106,1
608230477,1223.98244836162,462.2821384283367,1116.9768,438.6364,1
608230494,1221.7668258202643,463.4790849501799,1137.3214,464.8293,1
608230510,1220.2207752917523,462.23158427872545,1138.5889,437.9975,1
608230527,1219.499541058572,463.38880152342347,1150.0647,465.3668,1
608230544,1212.9895566923285,474.13114043212914,1089.8239,592.5665,1
608230560,1203.3115177140483,485.94651107830754,1042.6777,621.2691,1
608230577,1192.3225517172734,492.5094288572921,1005.9493,562.181,1
608230593,1184.0478856920301,499.9417600181118,1036.1625,580.7428,1
608230610,1177.264550878875,506.1476354046182,1048.5325,569.6255,1
608230627,1168.964957296637,511.34978913811034,1017.1106,561.7598,1
608230643,1162.6672937557184,518.6003148192104,1045.2454,598.2141,1
608230660,1153.742362559783,526.4040115624597,998.6263,615.5283,1
608230677,793.3928734160156,688.243211655045,752.0031,693.0565,0
608230693,620.2307221887013,751.4416184724246,584.8328,763.0613,0
608230710,652.8883634905382,735.2091721213494,646.7236,728.0369,0
608230726,661.3965053725477,723.1866362408592,636.8461,708.5869,0
608230743,659.9280805816669,718.7328145178184,614.5392,715.8923,0
608230760,659.9800484889123,719.0868576648135,621.149,730.8555,0
608230776,657.3099477825906,721.0986573025199,606.423,741.8743,1
608230793,658.0223533691308,718.0889506370074,620.8267,710.7283,1
608230810,658.5379087377571,718.7280677942679,623.4316,733.3984,1
608230826,658.9288666017688,716.6195647189254,620.4596,711.0085,1
608230843,654.1028275027486,709.3855437785089,565.4974,661.3275,1
608230860,654.9962072777996,708.8348227957717,623.276,715.7185,1
608230876,657.9465778145229,710.2213284409119,649.6517,734.9637,1
608230893,657.9174309652752,711.6597601608553,619.4296,738.5408,1
608230910,657.8075003669982,712.1277045983452,617.1475,728.5109,1
608230926,659.45071366442,708.0192396099711,632.3815,669.416,1
608230943,667.2631919492982,706.4893541453265,721.2772,695.9087,1
608230959,680.5043275997637,703.4454463732961,803.0576,669.8293,1
608230976,692.0604566074517,699.9474910668841,790.9506,660.4183,1
608230993,703.963197675529,698.3941784429337,810.6586,685.1267,1
608231009,712.84339601811,695.7833256329773,773.2183,668.5465,1
608231026,721.7063587129209,694.5135714693092,783.7547,686.6328,1
608231043,730.8623093308884,692.7136485423503,795.5063,676.1667,1
608231059,740.6272830538749,690.1513800857906,812.0399,661.2692,1
608231076,748.5182287325051,689.559732770715,793.3459,692.3394,1
608231093,757.1238703257437,688.9054277905867,812.7432,689.3256,1
608231109,764.4990947898012,688.9047821035651,800.9874,699.62,1
608231126,771.1451519075384,688.6658384571517,795.3324,694.7759,1
608231142,778.7211931975595,686.0272836811046,813.4766,651.4928,1
608231159,786.3249437105378,684.8533939617305,824.5603,674.9387,1
608231176,792.5078727166051,685.3438434365644,810.6658,703.3824,1
608231192,799.3983049614869,684.6364317273094,810.4283,688.0769,1
608231209,805.6875957074428,682.8722636245511,812.2899,664.2168,1
608231226,813.3422488849852,680.6462069130321,841.8784,651.6569,1
608231242,819.0388409157035,679.4702471750811,815.0966,670.6913,1
608231259,828.5930981813624,678.0986203067582,891.2627,664.7156,1
608231276,1168.9031423142562,714.4635702330033,1135.0615,705.217,0
608231292,1204.3190857444474,682.4658303780221,1166.8524,671.7454,0
608231309,1190.2023566692806,683.4766103914008,1138.5898,674.8372,0
608231325,1185.885500574065,683.68409631944,1139.811,674.3945,0
608231342,1186.3717780513773,691.2071888475134,1154.2014,703.5327,0
608231359,1185.2082990014453,695.7594565935486,1146.9171,703.694,0
608231375,1184.9906212144083,698.0170601396095,1149.6887,698.6982,1
608231392,1185.7365865637214,699.6257157565169,1155.8503,698.2368,1
608231409,1184.300006755399,700.3445148442134,1139.79,694.8765,1
608231426,1185.6737173636795,700.1708055464471,1160.6687,687.7184,1
608231443,1188.0309137874603,700.0255922177633,1172.2163,687.3083,1
608231460,1187.862308867428,702.2933044962361,1153.2124,712.4128,1
608231476,1187.3206333989096,705.2850318594161,1150.3066,723.9032,1
608231493,1188.0861669613007,705.3915673514693,1161.1394,694.3009,1
608231509,1190.1524560556668,704.1598339432528,1176.1755,677.5723,1
608231526,1190.5671864174324,704.0078382446685,1159.0162,690.7246,1
608231543,1190.485033828384,706.1378040380513,1156.6956,721.4758,1
608231559,1190.789118104943,708.3408336545263,1162.5388,724.7069,1
608231576,1192.15353676692,705.4488301662449,1169.416,653.1104,1
608231593,1049.0903466019556,571.2295749294387,995.8719,565.8907,0
608231609,1225.0915234697968,750.2636834051832,1196.3899,739.05,0
608231626,1207.4234270396732,755.1535953558753,1161.9282,750.1913,0
608231643,1197.5317426248375,761.6275077846426,1151.7739,765.1371,0
608231659,1195.0042347345689,756.2387240210178,1157.3505,730.2928,0
608231676,1189.921652702025,756.0995966901804,1141.6299,746.4739,0
608231692,1184.0029079345406,735.7071609582975,1153.0049,725.9818,0
608231709,1208.2984796839323,789.2801805827625,1184.3157,778.8676,0
608231726,1196.0460283536422,790.2689156432536,1159.8136,781.7748,0
608231743,1193.7698705919067,795.694444609204,1167.2737,796.8495,0
608231759,1188.5688498809927,795.4216205468366,1149.5256,785.4589,0
608231776,1185.064106026465,794.077609832568,1147.0898,779.6977,0
608231792,1185.3687820490336,790.1883863841053,1160.7771,761.5718,1
608231809,1182.6466105958507,788.1916102416421,1141.304,768.0187,1
608231826,1179.2944216162616,786.5759221650924,1131.4189,767.7325,1
608231842,1177.1567766774244,780.5109519887626,1130.901,726.7455,1
608231859,1175.7300688437708,780.628999781128,1139.9761,774.4354,1
608231876,1174.7880270394926,778.9138008333717,1140.2664,755.8638,1
608231892,1173.2717413658652,778.7241871336578,1134.2017,770.0863,1
608231909,1174.5523051712091,773.7259507224859,1157.4954,712.9292,1
608231926,1174.1610931154626,770.5819677443645,1140.4774,729.5042,1
608231942,1175.7052418520834,768.4087651879455,1165.9,736.8998,1
608231959,1174.4650151839212,767.7797545584901,1132.241,756.1026,1
608231975,1171.218038631868,768.1359814480741,1104.2301,769.869,1
608231992,1167.0970184374628,767.5347265200255,1086.427,756.629,1
608232009,1163.4604329019382,767.508787798204,1090.5857,764.093,1
608232025,1159.6229947671052,765.1478813441395,1079.5369,728.2935,1
608232042,1156.8599070360613,763.4100505616115,1093.8757,735.2928,1
608232059,1153.0677705941575,764.6193442421226,1080.4067,781.2264,1
608232075,1149.8891596421981,763.3220419575593,1082.123,740.4872,1
608232092,1146.128459206026,762.9107713292263,1071.2944,754.3149,1
608232108,1142.783169749609,762.5121247726548,1075.0962,753.6181,1
608232125,1139.4338207228295,760.2321922713633,1068.0156,721.1694,1
608232142,1135.7783319382022,758.2145807404728,1060.1594,724.5066,1
608232159,1132.4508552912214,756.6577728546611,1063.5919,730.9877,1
608232175,1129.4982323928732,756.1700281646279,1069.2904,748.2104,1
608232192,1126.8572410695228,755.1787043287173,1070.5845,738.3455,1
608232208,1124.5185525924494,754.3223112299927,1082.1584,742.7996,1
608232225,1124.3214642638484,754.4059143298344,1115.6978,756.9161,1
608232242,1123.464960281669,754.3136841401932,1101.183,754.6201,1
608232258,1119.816507759304,754.3584941588252,1047.345,756.4474,1
608232275,955.0797445836238,610.7439358395625,905.769,609.1226,0
608232292,888.9461339449654,576.014185554154,834.5175,576.7399,0
608232308,898.4791504832563,580.618630632707,854.9318,585.2579,0
608232325,903.0346768642073,579.9742260438125,858.2063,578.5358,0
608232342,901.7370767614905,577.3965064491797,842.6559,570.1069,0
608232358,901.6250150595288,576.6210025704445,846.5215,573.8986,0
608232375,901.8921036340927,578.9632389740668,850.6728,590.7067,1
608232391,899.9718716241597,578.3636378552706,834.2217,575.5548,1
608232408,893.1785212372812,580.0973127844128,795.1393,593.9644,1
608232425,892.2362907148133,584.3956197932345,836.7919,617.428,1
608232441,889.3260233446881,584.7238745193627,812.8705,588.1439,1
608232458,887.4671247471538,584.8250830224171,818.7048,586.1744,1
608232475,886.2835801517474,583.0648624732818,820.6926,565.9635,1
608232491,884.4217788790634,582.4470447302101,812.3337,577.1066,1
608232508,883.6375143063664,581.6469762884454,822.5679,573.6959,1
608232525,881.8360886811961,582.3051654773819,810.467,591.9741,1
608232541,882.0552831661352,583.7503410365794,836.8162,602.368,1
608232558,882.9481503454306,583.0503408420112,842.6816,573.7356,1
608232574,883.2399603485005,583.6725858788998,836.8895,592.4457,1
608232591,883.5127396429684,582.3192841450614,833.0219,563.745,1
608232608,882.7720099405335,582.7891132383465,820.8021,591.042,1
608232624,882.11178573314,580.8997971342366,816.7087,554.5765,1
608232641,883.0300152627035,578.7440964387335,840.6389,548.1317,1
608232658,883.9951338926285,577.2924463182884,842.9739,558.1007,1
608232674,884.0374146980155,575.112589647073,826.3771,545.6561,1
608232691,883.8122964232873,574.7641873679994,825.4343,575.0682,1
608232708,883.9929003004715,574.7208892866586,832.7205,579.4167,1
608232724,884.4452141689333,573.678629644423,835.1841,561.7133,1
608232741,882.8705873849408,574.0763952865522,803.0735,587.0535,1
608232758,884.8871967092153,573.3417552728442,862.9349,564.657,1
608232774,884.8212556326077,572.2614988824492,825.8479,559.2866,1
608232791,884.4491080814103,572.9844533504992,824.8303,590.7577,1
608232807,883.6120161491447,570.7944513961969,812.2261,540.3452,1
608232824,883.9536119266701,570.9815414371049,838.1349,579.7735,1
608232842,884.6203533968921,570.2861870122705,839.9401,562.5956,1
608232858,885.295574482514,571.4151297285295,844.3944,594.3882,1
608232875,884.6867595007628,571.5097464460054,819.8445,578.2927,1
608232892,883.7457744800159,571.1420092410938,811.24,568.2205,1
608232908,885.2514704480355,569.3065073052306,847.3346,542.3921,1
608232925,888.7625626435982,567.3375641163154,887.2685,540.4099,1
608232942,892.0578844944972,565.2518780582506,880.9943,534.4375,1
608232958,897.0234345175061,562.69066793265,910.7906,524.0684,1
608232975,900.3398997835465,560.802234007195,884.4238,534.0056,1
608232992,903.5685839357367,558.9175709266482,883.3331,534.5131,1
608233008,907.1478249392593,555.7705515594458,889.3934,510.7857,1
608233025,911.0674305579756,553.7091228461741,898.231,530.2113,1
608233041,912.850915629174,553.0624073538787,868.4075,555.7952,1
608233058,916.7627398087574,551.8289345443242,907.0573,539.4282,1
608233075,921.4527912847989,550.890866403873,922.7586,544.619,1
608233091,924.143204569271,548.8763450631039,887.0514,522.5403,1
608233108,925.6094772598022,548.6715624386462,870.7651,556.5114,1
608233124,927.1258963186651,549.6739956662108,876.6466,572.2487,1
608233141,929.7158496662967,548.1363379522928,895.1777,525.4277,1
608233158,932.964859346558,546.7837603147984,909.8351,528.3617,1
608233174,934.3573800026572,545.8969189649063,878.9019,535.3801,1
608233191,937.0692955631337,545.4597452201289,905.7509,544.3992,1
608233208,940.0403778241654,544.8540753378282,913.3427,540.3542,1
608233224,942.4686085623882,545.655184954685,909.6781,562.2091,1
608233241,945.2060138535134,543.8359995264975,908.6914,517.739,1
608233257,947.662533274601,542.560979590118,913.97,523.9404,1
608233274,949.7393899518213,541.4652617600435,906.0008,525.8557,1
608233291,951.8385735220511,540.2894301203547,908.7328,526.749,1
608233307,952.7600746345643,539.4800795243148,890.0565,527.5305,1
608233324,952.941700781851,538.7164091021874,882.3225,532.2401,1
608233341,953.2051111197659,537.3422432393778,884.5906,518.6237,1
608233357,954.0469901526549,536.2596592624186,897.6329,525.6803,1
608233374,955.3190172565901,534.165945583853,902.0499,504.7331,1
608233391,956.8103798141294,534.392161692177,911.9053,543.0739,1
608233407,957.5911116941463,533.7216031001367,902.8125,524.2994,1
