timstamp,smoothx,smoothy,rawx,rawy,fixation
627645039,917.9434524031956,577.4984294833229,869.7694,687.3257,1
627645056,917.4728790001212,568.1375714602314,917.7222,503.5668,1
627645072,921.5642136030829,565.5434586999395,968.5554,549.9674,1
627645089,919.2762706058105,561.1260896821518,899.5996,526.6161,1
627645106,918.2286688852626,553.0115442361713,909.0806,476.7265,1
627645122,919.9943260844266,549.4497785352718,947.9841,518.2836,1
627645139,920.0950262639693,546.6777796791002,926.5962,522.9187,1
627645156,920.3300393895357,540.3371053337493,926.7021,469.6595,1
627645172,705.2123510056291,539.5557113153806,648.9818,545.9437,0
627645189,884.366604719419,489.024467569438,877.6293,487.2375,0
627645205,830.1159942068538,557.4475631448869,744.1417,642.1971,0
627645222,816.3034655087312,549.0209369444013,756.8079,536.504,0
627645239,812.3268031293122,558.0668088861685,774.5234,595.7587,0
627645255,809.9285461932651,550.5071593365652,771.7172,523.3619,0
627645272,806.9864236634861,795.353081128277,791.774,832.8732,0
627645288,822.9546920336375,670.2454906038254,806.6844,691.8711,0
627645305,844.8518520515391,605.7753211014519,857.2257,546.4569,0
627645322,969.6174815107782,607.6956793988945,1312.5647,622.1102,0
627645338,922.3632743624846,589.3977157637553,745.5641,540.5512,0
627645355,1056.3692230860515,569.9384580163692,1776.8414,486.2003,0
627645372,1625.0399355634006,491.86645240467254,1832.5242,482.9097,0
627645388,1543.9160941142216,880.8575461984692,1745.5918,921.6407,0
627645405,1161.2005970068155,760.8940287413758,749.3021,659.6558,0
627645421,1115.2949250280226,553.2620480846183,1044.4363,94.2824,0
627645438,1078.4302627148334,596.915502654446,1001.185,757.6952,0
627645455,1024.6390982299959,578.4405614298261,791.87,509.5919,0
627645471,828.0733451030187,553.2177072482489,807.9755,560.0751,0
627645488,800.4518728101834,503.1659857463018,770.1002,504.0101,0
627645505,825.9294342594883,504.28205821725885,835.8016,506.0025,0
627645522,810.5219271516445,511.9287139939021,744.5306,531.1856,0
627645539,801.9041377207415,510.25224962427876,739.2659,506.4999,0
627645555,837.8931756277884,489.3252532374725,996.5452,394.0744,0
627645572,769.857828893116,577.1805663816832,734.0194,587.6429,0
627645589,919.2317258297858,543.1482440294085,925.0267,547.813,0
627645605,893.4640536423606,539.6808065124741,858.3654,540.5391,0
627645622,894.0433857599239,540.1683816482873,894.1195,545.8116,0
627645638,893.5059498843659,540.5097881689495,889.8919,546.2701,0
627645655,919.6972520789506,524.9475101314612,1054.704,457.5157,0
627645672,928.9947135085158,554.8487298238109,1001.5527,724.9888,1
627645688,921.9964499323961,562.5649034917204,876.9979,618.6248,1
627645705,920.9707838187215,566.7929099133028,919.3671,603.7404,1
627645722,1005.6485732621878,835.0930221624071,1049.6619,875.5915,0
627645738,960.9061679671732,526.4401062856982,977.9895,528.5803,0
627645755,939.1235815741916,556.2107872267801,924.6001,595.9658,0
627645771,956.1003123389601,553.2144971702263,1016.3637,551.5533,0
627645788,961.324670750179,560.0378555687901,1000.7396,588.8991,0
627645805,959.5571959322032,569.0008947738389,970.4313,615.8389,0
627645821,848.1079042195204,637.6917345696945,837.6319,654.9681,0
627645838,1128.1413936181136,514.1662791513364,1193.0077,513.0635,0
627645855,1064.5423542932056,538.6261310702524,1031.4673,569.3558,0
627645871,1042.419443520102,545.829574674008,1028.3293,565.9992,0
627645888,1036.663631298319,551.7886316116916,1056.4268,576.1417,0
627645904,1020.2806136142923,540.1578090120398,971.2175,492.2247,0
627645921,1005.4270866049644,538.4854563227951,1035.9255,541.6879,0
627645938,923.2914303365326,590.5192195732418,932.4081,601.0996,0
627645954,916.8503829079627,501.32766483208565,907.7443,400.6713,0
627645971,931.3917853708368,435.32824444174014,967.1776,278.8715,0
627645987,904.4830524717386,420.51077308864393,795.4526,362.8852,0
627646004,906.0338281130447,416.8760926349871,910.3705,391.7505,0
627646021,904.3290152549368,420.67531641234586,891.1868,433.1855,1
627646037,894.4003521910557,431.00754210091253,817.6199,491.3899,1
627646054,891.3854684304576,427.528758704655,859.0568,392.6064,1
627646071,880.822462767101,431.12436506386484,771.9775,454.2621,1
627646087,882.7380555972375,420.66996869987975,893.6622,312.4229,1
627646105,882.5444503720898,419.7982228650551,873.5088,402.9277,1
627646121,862.9997314124183,426.85785217930845,847.2671,417.4706,0
627646138,883.6271757583693,371.5152864738747,871.3472,354.9591,0
627646155,868.9975240672652,400.50754598499134,836.3047,420.4489,0
627646171,848.2062533799909,391.39859919978545,772.5957,357.578,0
627646188,862.5003293838167,390.0645235935483,899.8984,371.161,0
627646205,851.864632334966,395.1155701818175,778.5045,404.6294,0
627646221,855.0728900098309,398.09447792604084,857.1112,401.0739,1
627646238,850.935397052015,400.2475786839365,800.5398,401.397,1
627646254,853.4904250921688,391.35738301719977,853.4203,310.0898,1
627646271,860.5333383615223,395.8055962283297,912.7102,420.2286,1
627646288,866.572691384241,396.9095499780656,914.5096,393.3568,1
627646321,864.3282902365056,389.3669233738677,815.1148,297.8148,1
627646337,863.4793503542562,381.0829076666201,829.5081,275.99,1
627646354,863.2218633854,369.5725179250247,834.6294,220.8421,1
627646371,862.9846282408189,365.01252439738846,837.7395,298.6507,1
627646387,863.6061519105984,366.31407163625016,854.7291,376.0225,1
627646404,864.4674794554314,360.3052339421641,855.5063,267.2711,1
627646421,866.3656791466474,362.8350066516855,880.4009,392.4656,1
627646437,866.2361895934273,355.45049068720954,839.1329,234.6679,1
627646454,868.8415718407706,354.2008144314856,895.0887,327.9438,1
627646470,871.9621237813896,349.23595630018553,905.5557,262.1025,1
627646487,876.0345806602446,353.25353418810084,934.1451,413.6203,1
627646504,880.9648293903323,361.2615353111536,958.7804,486.4115,1
627646520,1570.9458301194502,260.8605211323155,1752.3182,223.4046,0
627646537,1242.7148080037591,406.78108804647565,1335.8289,391.0103,0
627646554,1038.8325901642895,391.3643627364983,809.4726,360.4823,0
627646571,994.6152367717107,372.2668094962253,900.7905,312.9225,0
627646588,1050.005570070852,357.09808072878826,1296.9834,285.1388,0
627646604,1080.5262127857686,349.33655809527085,1277.1924,293.3941,0
627646621,1147.4578414971706,246.30893973944316,1205.7605,211.3269,0
627646638,808.843958196753,250.94434365549947,769.48,219.9864,0
627646654,831.0524939732087,231.0885040566172,824.8641,174.8873,0
627646671,828.5149361308545,229.9670395988052,787.1438,193.8278,0
627646721,812.2587361229395,222.804340960644,709.4312,164.989,0
627646737,901.4093439804371,242.9873384883933,1343.5992,296.0671,0
627646754,878.6085499016295,219.36386568293435,857.978,183.7257,0
627646771,1257.3466961358765,238.46346150724855,1347.0571,201.3781,0
627646787,1205.9051318452557,230.95994585686216,1213.9246,185.5497,0
627646804,1117.5094756055473,245.01197892987344,942.2544,243.4338,0
627646820,969.8923441314425,276.3019981247706,420.3547,355.5583,0
627646837,948.3729885533455,299.55175750241807,854.4573,375.56,0
627646854,1158.7027274099096,293.1998974307246,1222.3822,264.0001,0
627646870,1221.9534918198576,287.67192918963786,1303.665,257.1342,0
627646887,1032.5984694722183,264.2726419227136,813.9906,208.3616,0
627646904,997.1064549068492,265.6008316100754,923.2643,238.3846,0
627646920,971.0066932143598,261.59271001287016,880.6276,217.8286,0
627646953,962.8983809366674,252.31648959492207,928.3264,179.5232,0
627646987,773.3053504117329,233.17097349215425,722.8629,200.3392,0
627647020,841.7564237110676,216.35137229950325,810.3371,180.7089,0
627647053,952.3613798211612,296.54747700295604,1102.3893,358.7951,0
627647087,927.8859073867092,287.73678388476173,860.3656,240.5273,0
627647104,839.5932698838719,331.7122979058266,481.0345,459.7248,0
627647121,879.5174826476167,330.60613151288885,1069.0825,300.6731,0
627647137,1012.4708571399759,211.32183619129657,1030.1687,173.312,0
627647154,1000.9550094820517,250.0925972938247,1017.0824,217.0752,0
627647170,984.9165588973736,204.76840447649397,971.6807,115.4833,0
627647187,1089.0592737032357,203.49570606659285,1395.326,159.0303,0
627647204,1141.83919613341,200.1056813380355,1395.7551,146.7573,0
627647220,1094.112935481073,226.01808417487345,895.339,305.8271,0
627647237,977.927959436398,201.751017408463,985.2071,162.8887,0
627647254,1034.9851564550015,241.62253847866614,1060.5649,207.1942,0
627647270,1025.1477495496194,337.77707024682365,1043.9453,423.61,0
627647287,1019.7821603901856,358.8010808503507,1034.4729,385.8573,0
627647303,1022.3264362181613,340.63750041034905,1056.1498,257.196,0
627647337,1004.7835710510035,320.62951561029615,932.9605,208.4831,0
627647386,1004.4670747328369,310.3664727940585,1021.3062,229.5792,1
627647403,994.036505597517,289.2600016118532,928.003,126.3136,1
627647420,992.828827229149,272.209164538013,994.7333,118.3515,1
627647453,1021.3716981991462,145.53132305311993,1038.6588,99.1579,0
627647470,924.9472288691966,243.88825463484315,918.8231,210.8631,0
627647586,758.5780814938408,273.37257109188914,493.1236,280.5397,0
627647619,696.3715842037034,248.81144376079175,463.9098,164.8598,0
627647636,675.5834562753967,252.34769964006415,521.0836,235.5828,0
627647652,630.035906160691,253.2062552855944,311.8439,230.0645,0
627647669,629.4102780367958,254.2000304438827,538.3284,225.475,0
627647686,27.350945956626962,245.42686696853656,-238.1549,221.7171,0
627647702,301.1194347655984,248.50161674853965,467.0278,223.0738,0
627647719,382.60519646404083,222.68771196670048,423.3857,133.108,0
627647735,427.65034950470834,225.1878910842609,446.0881,202.2997,0
627647752,420.9185711757401,260.18544950430646,237.0359,389.5914,0
627647770,38.38741586474715,183.5231893236648,-226.7356,151.9169,0
627647786,660.2043486111539,278.8831815526089,579.1429,252.9491,0
627647803,331.51675543066557,258.1201105897457,-269.0487,212.9328,0
627647820,340.8083070250306,235.53118535460146,189.3756,156.7693,0
627647836,433.04862287607796,262.0672825442502,643.5778,322.5944,0
627647853,473.44097385900835,248.57599746630646,537.2661,159.1201,0
627647869,649.9049557501089,360.32130137333036,569.5596,344.7327,0
627647886,774.5162784962275,429.86169819790985,733.3436,421.7514,0
627647903,803.064708544619,418.01814633886437,805.7778,394.5401,0
627647919,821.4545525558875,420.48005129842755,840.5721,415.9181,0
627647936,818.4906872935671,427.96144803118085,779.0822,444.2517,0
627647953,825.6095605843078,436.1094821638879,836.5308,463.7559,0
627647969,1204.875264783519,562.7624455682949,1294.1254,566.9908,0
627647986,543.7021857722782,441.69295240796885,436.3489,437.4161,0
627648002,768.8489458581925,465.7054639133249,1018.2361,486.8411,0
627648019,609.0583741670816,430.2751278588202,106.07,347.7353,0
627648036,685.0726504484392,470.3462076258656,917.4427,600.1329,0
627648069,700.5151931323155,512.882164098794,726.0858,702.3972,0
627648102,556.1127888948528,622.5100031518341,460.5467,640.8447,0
627648135,597.1140120874361,349.1577238687318,501.0031,332.7018,0
627648152,903.1813219786458,422.7753717368776,1295.7394,492.0278,0
627648169,898.0880522216016,492.9682801967276,886.7595,648.2724,0
627648185,901.7054643820073,486.1097055621147,910.822,459.1919,0
627648203,897.7091922869876,491.11311614786445,873.5929,510.397,0
627648219,862.150714604209,453.90416121465734,847.3992,447.9266,0
627648236,873.4010748427855,461.14150138562275,862.2297,455.9597,0
627648253,916.1064882448337,507.5597257199774,976.3931,559.4704,0
627648269,995.6245543289733,519.0863652465405,1226.8628,543.8682,0
627648286,1025.7240694163334,543.5692422580859,1178.7996,627.5656,0
627648303,1044.9397204562754,542.9746880957526,1181.1785,541.7019,0
627648319,1112.3346831317401,522.5272527941672,1173.0112,522.6365,0
627648336,1122.5740406517916,510.8807539067617,1185.6821,509.4214,0
627648352,1201.2934237792651,650.540934252791,1401.021,821.8677,0
627648369,1162.294279047071,628.6089412442035,1139.7947,592.4795,0
627648386,1135.4625105284013,637.0970806404538,1106.8599,680.1036,0
627648402,949.1554498409707,518.0447955271137,0.0,0.0,0
627648452,1437.073427035728,594.2498524581301,1594.8687,600.078,0
627648485,928.0317053871888,760.0978471777942,946.2088,791.9545,0
627648502,1030.246424512714,660.8273411852027,1200.4011,566.6569,0
627648519,1039.6499874385004,662.4728799371452,1109.2567,684.9814,0
627648552,1027.5826122768617,704.0121030741398,1030.6429,867.3353,0
627648602,1063.3996145177541,678.6630324579617,1293.3131,584.5972,0
627648635,1140.7962992865616,773.2512521282652,1221.0698,804.5997,0
627648652,1114.9676708270088,610.9819653776177,1180.4166,622.1876,0
627648668,1124.4538093262458,551.8205002001024,1199.4827,488.9627,0
627648685,1198.894972479248,546.5417201370917,1475.8551,535.8157,0
627648701,1173.4772668679566,542.7760427371264,1153.6129,533.4407,0
627648718,1147.6277259038407,539.3159496604636,1087.4026,527.4622,0
627648735,1033.637141946481,646.7408681340643,1077.199,663.2697,0
627648751,1022.1324886969833,546.4277822004433,1057.8198,550.4592,0
627648768,1053.347291928662,571.1452000195142,1140.4312,605.4058,0
627648785,1023.4310705961777,573.5674736148042,984.0961,586.8827,0
627648802,1026.6873425532506,579.1772398816601,1078.7485,605.7222,0
627648819,1029.4439352956479,577.8411649203365,1082.6128,579.3698,0
627648835,1035.957348201285,576.4249469534649,1117.5737,575.7339,1
627648852,1038.9256574158876,573.4986885277552,1101.4705,561.4197,1
627648869,1040.1309285098166,569.2548040217844,1090.2076,544.2826,1
627648885,1040.647228714011,567.6398329504515,1086.0372,561.2894,1
627648902,1039.750035787256,568.4938258675411,1071.1202,584.2975,1
627648918,1039.4943586561596,574.425164072083,1080.0955,643.4159,1
627648935,665.787999161497,454.39898278643597,594.3,450.4792,0
627648952,957.064578587565,682.2227583827482,980.1021,703.9916,0
627648968,962.8315991940867,679.5703105532344,994.7109,697.9102,0
627648985,1021.4521319550837,672.1527079246305,1212.1086,674.2377,0
627649001,1055.012617917531,643.4158217269857,1227.8198,562.5416,0
627649018,1043.5602039556939,630.5500955037529,1026.6276,589.681,0
627649035,985.9120403587841,571.5599306362825,1012.2695,579.1198,0
627649051,1012.6180149376851,595.6910534245701,1047.7892,606.014,0
627649068,876.278257670629,688.7989110759993,705.1731,818.1468,0
627649085,886.535968473398,685.3188698575595,916.1596,699.6632,0
627649101,909.226190705558,657.195645795931,1000.8871,581.294,0
627649118,914.8639786902273,649.3542880179012,951.139,633.0494,0
627649134,952.3928824397848,572.1998228096816,969.0906,580.1808,0
627649151,953.9885473023967,607.6118858690211,972.7534,620.0297,0
627649168,978.8416025624119,638.9296596457959,1039.5824,689.9474,0
627649184,960.622403750293,641.0682752307315,936.1725,662.6008,0
627649201,957.3944048402484,633.1619834711508,965.0903,622.2557,0
627649218,957.8757195002127,622.448669860731,979.2841,589.3984,0
627649234,959.5680046273051,613.5919916766267,989.1756,578.7905,1
627649251,957.6829759353016,613.0693561103184,963.7576,624.2122,1
627649267,960.8577114585923,612.2799830191634,1009.2275,620.4611,1
627649284,960.0691322824968,611.3013337675767,972.6447,617.3502,1
627649301,956.1690151695676,609.2362783627233,933.052,604.3685,1
627649317,955.0621050675987,607.1494474516808,961.3248,600.147,1
627649335,952.9831342075319,617.9456957271161,951.7565,753.7025,1
627649351,955.9698317457279,619.2465645778638,1018.8641,646.9842,1
627649368,953.9799754231035,629.5494577046669,950.8301,772.8524,1
627649385,952.3011260607894,631.6602632667045,948.5338,669.4557,1
627649401,947.528486027208,641.6577773799819,897.5986,791.3896,1
627649418,950.7360569145544,640.4929510756085,1026.8995,628.6074,1
627649435,946.2114805980648,642.0059150156845,889.4452,672.3616,1
627649451,939.8491867849307,648.5556331168198,852.3484,758.7708,1
627649468,933.2147889587445,654.2113111258267,839.4133,750.5878,1
627649484,929.1878119234308,657.6001423864051,883.0172,716.5742,1
627649501,929.0356104031739,655.3486232695783,953.6262,619.3486,1
627649518,924.5133187255154,662.6335840849125,868.0801,793.5538,1
627649534,919.3724636277186,668.1998801132404,849.2481,768.0637,1
627649551,703.1019722932393,668.6935338677997,652.1177,691.342,0
627649568,886.1823121877204,639.610842322299,886.7988,656.7416,0
627649584,864.3195547715247,589.118546373017,825.9325,543.6468,0
627649601,835.3168243244089,611.6197818297616,747.8459,676.9598,0
627649617,826.0056034839497,610.1521142792626,772.8118,619.4673,0
627649634,814.4241412874337,636.8251880087947,741.3743,772.5835,0
627649651,813.7039508185894,618.6740655346218,785.5931,533.0373,1
627649667,812.7821417896796,624.0823126140342,787.79,675.2082,1
627649684,806.9601428799153,633.5412840483268,739.0683,721.387,1
627649717,799.6763740891597,638.9229230594876,709.2133,700.8939,1
627649750,787.295541658258,646.5643013480438,633.7147,735.2811,1
627649784,801.1693232098315,648.2133302391649,947.8385,678.3655,1
627649800,995.5247150782428,502.7376012760092,1021.5397,501.5454,0
627649817,969.5665848607017,521.4538396686352,988.9271,522.879,0
627649833,983.400104986497,544.2079976908772,1026.6069,573.7639,0
627649851,994.5095248245082,538.0113271217441,1049.6359,527.0486,0
627649867,1004.5319898827703,517.270617478716,1069.0164,448.2723,0
627649884,1004.9869279779359,516.7581796823227,1035.9268,515.6335,0
627649901,1001.5986093999456,520.8137581683209,1009.1787,544.8976,1
627649918,1000.5172753621285,524.7078841887733,1021.6056,551.9457,1
627649934,1002.5263619967651,524.5928653029398,1048.5708,524.9581,1
627649951,1002.4278899933977,524.3907770858385,1029.8889,524.0435,1
627649967,997.9453764701085,521.7356094086894,975.9872,498.3414,1
627649984,986.2114750129253,531.2749892449219,877.9606,633.035,1
627650001,981.671948657467,531.3385616683921,951.7651,532.9212,1
627650017,974.3752897154121,540.321506844748,907.0268,649.1898,1
627650034,974.9429978590986,549.2212384722368,1018.1161,660.7236,1
627650050,973.1502588298431,558.2254442473017,980.213,675.2797,1
627650067,971.8101042531056,568.0674912493993,985.7818,700.1013,1
627650084,973.4055636410484,573.0504057179515,1033.2059,636.5923,1
627650100,976.1253078139105,581.5116475379473,1057.8508,699.3013,1
627650117,666.0296212042193,447.4757340997089,594.2975,442.6829,0
627650134,921.8820008359927,674.3957547228814,934.395,695.5379,0
627650150,884.6436920157852,660.4483033934,837.2498,664.931,0
627650167,965.1740017472233,618.1120656302667,1190.3759,535.4729,0
627650183,954.0980787115805,609.0277541158396,928.1148,592.446,0
627650200,1007.0809010314233,635.9856520126626,1314.4883,769.5142,0
627650217,1549.901875582873,383.17247919736263,1730.7382,361.3111,0
627650233,941.5147180335531,846.7765559556475,967.5199,889.396,0
627650250,995.3148144505159,691.3404357039699,1091.9657,538.7855,0
