timstamp,smoothx,smoothy,rawx,rawy,fixation
608126174,1085.0187482613005,499.16947011488355,992.3098,553.2057,1
608126190,1082.1531346397728,505.20165074768573,992.5957,567.121,1
608126207,1077.8009342024272,510.5964586240871,964.7707,560.2209,1
608126224,1075.9152464718732,514.3903213469677,1000.2092,536.2605,1
608126240,1071.4564723818405,519.4535289385072,966.7202,567.0295,1
608126257,1068.3504668582384,522.9654441566013,989.9531,541.5109,1
608126273,1064.3462560123921,526.0089683573423,969.9717,539.3468,1
608126290,1058.9396895717914,529.8681678950766,946.441,557.1053,1
608126307,1055.1353214295846,533.1914348620968,967.6445,550.3074,1
608126323,1051.5377243083692,535.1761456171421,964.6468,533.0091,1
608126340,1046.6697180064477,537.172658698138,938.2376,541.0291,1
608126357,1044.090183625084,538.8499110336567,972.3313,536.3062,1
608126373,1041.022776168052,539.3468118847983,957.2921,522.4003,1
608126390,1036.5735703990267,541.691139610821,934.5005,555.7709,1
608126407,1031.4595499909892,544.7479211579742,920.6293,572.3203,1
608126423,1029.207856176093,547.5550017735194,970.0198,570.0531,1
608126440,1029.0507405486485,547.455598263407,996.6178,521.5535,1
608126456,1026.338528954792,545.2992821544157,940.0557,489.9948,1
608126473,1022.1567181029833,541.6195339944982,908.522,467.7528,1
608126490,1017.7430532697731,537.0764375151663,901.4592,456.2991,1
608126506,1015.7024918482479,533.3745979101931,939.1316,467.8747,1
608126523,1012.0025513038837,531.4535944346404,911.9363,502.7805,1
608126540,1008.1481535903378,527.3254262162604,898.5942,464.873,1
608126556,1005.7881698843046,523.9592915971393,923.6879,485.4275,1
608126573,1003.7826486721672,519.9368492581319,919.5728,470.9639,1
608126590,1002.0160685799752,519.5503334375268,924.1993,531.9419,1
608126607,1000.3589643100381,516.9485488350343,923.902,490.1767,1
608126623,997.6907089550846,512.3803343219128,899.7012,452.0264,1
608126641,995.5836962710405,509.544074997783,910.0631,485.0556,1
608126658,993.461349094939,507.9803799591033,908.0771,500.4617,1
608126674,991.6541071399186,506.6585403266943,915.9539,502.2425,1
608126690,990.5328291886287,506.36657369122696,927.6568,518.4313,1
608126707,988.8526316386303,504.3056980071834,908.5294,484.3177,1
608126724,987.1040394629849,502.6610561316212,909.7101,486.6828,1
608126740,986.110993226951,499.72725776195375,914.24,464.5919,1
608126757,984.6996815060165,496.87133949036684,907.3762,461.1073,1
608126774,984.3585601036355,495.62968948285396,925.4789,486.275,1
608126790,982.5884173069339,494.1503255165963,895.5311,482.7358,1
608126807,979.8751070862859,491.20166564663566,876.3683,454.6837,1
608126824,978.1435210629252,487.752802411076,890.4326,441.4285,1
608126840,976.5077776754794,484.60177922596205,888.2704,445.468,1
608126857,973.4496378180295,483.25015662781357,869.0905,475.291,1
608126873,972.2699202124402,481.08402114599056,896.8151,456.3413,1
608126890,971.6719086455538,477.68124301482703,900.1847,435.8446,1
608126907,970.1201209108519,476.04588899312546,884.3515,466.6948,1
608126923,967.5855276936021,473.3838451017461,868.4324,446.5333,1
608126940,964.6077557472528,472.63566802827626,865.3556,472.9543,1
608126957,963.972156901997,471.92741671695126,898.46,467.2407,1
608126973,961.3729862924303,472.1760540933348,861.0977,481.8813,1
608126990,961.7030005401361,471.7981299063651,909.3966,467.0444,1
608127007,960.6371912748629,471.6564124449978,887.9271,472.6619,1
608127023,960.078564177401,470.79283223412085,890.8524,462.4374,1
608127040,959.3049496542451,469.7839611213257,884.1708,454.9575,1
608127056,956.8635141203237,470.74300530220273,860.5969,491.9064,1
608127073,955.1703475860268,470.30050030548244,868.8551,464.5179,1
608127090,953.4400738959623,470.67130721381244,869.014,484.3453,1
608127106,950.9127450676019,471.3455310161201,854.0681,484.6056,1
608127123,948.4675399810153,470.3080941737548,847.7615,450.226,1
608127140,947.3452118801991,469.80837876567796,871.994,462.1944,1
608127156,946.2979703349249,469.4323667708899,871.8521,465.4366,1
608127173,944.9194467467901,468.31742039131746,863.6974,452.2886,1
608127190,942.056140451887,466.6706168763471,835.939,444.9958,1
608127206,933.778097178599,465.62079347468267,738.0406,454.7283,1
608127223,602.0795336903052,441.8240585617033,527.5216,452.8011,0
608127239,539.1754593143626,417.55264848979,460.852,430.7997,0
608127256,550.8425873266189,422.05407973533926,485.5515,438.95,0
608127273,549.8250673227669,425.5793600790385,471.4056,445.5504,0
608127289,549.5898184748276,426.32498408960726,472.008,441.3884,0
608127306,553.5506306827825,430.24476215544246,494.5959,457.7719,0
608127323,549.8395301126826,430.61192544212855,454.9875,445.7078,1
608127339,551.3098189208714,429.7159583066793,482.6021,436.734,1
608127356,549.6796984175278,429.0249981747889,461.2412,437.5157,1
608127373,550.2377207681498,429.8060096303081,478.6663,448.3144,1
608127389,550.6981605663489,429.2786487003754,477.3027,437.3703,1
608127406,551.6791229318472,428.77503122243803,483.2782,436.5673,1
608127422,551.7756720747642,428.33755111349546,475.0772,436.8484,1
608127439,553.7270381990345,427.1616409681352,495.6948,426.8774,1
608127456,551.4165591852361,425.0992839104744,444.319,416.33,1
608127472,549.3892393336586,423.84554619034424,446.1017,424.0766,1
608127489,543.0980230446178,422.76782810439755,386.3096,427.1425,1
608127506,539.1380790662254,421.6873075947559,411.9517,424.8708,1
608127522,535.367289725623,419.0402436529758,407.5303,401.1411,1
608127539,534.0703737269635,418.9869248240387,445.1635,435.7867,1
608127555,526.3033950152087,417.4582431560373,341.3952,416.7314,1
608127572,524.1447596374201,416.7720158201012,424.424,425.3632,1
608127589,516.7750806299658,418.44012045729266,342.978,465.2287,1
608127605,513.9252038682962,418.9156229883037,408.7565,443.9688,1
608127622,513.5083733120517,421.38231362289355,450.1752,475.338,1
608127639,516.4289377245016,423.4725765132135,503.8409,467.9693,1
608127655,811.9731774630009,475.8440621004213,744.0706,479.0453,0
608127672,905.3625238049505,481.68974265392575,839.2522,481.3914,0
608127689,898.3801922482177,467.30390831887337,821.5323,453.0595,0
608127705,897.0322709160583,468.542026576959,826.8185,471.1458,0
608127722,887.0675540202127,466.3441686591414,788.1863,461.2927,0
608127739,879.5466691727987,466.7327533669718,781.9741,470.0945,0
608127755,878.6376819683283,467.4899996877019,807.1645,472.0721,1
608127772,880.3574966702096,467.5728526725448,823.0618,468.2698,1
608127788,884.295463169983,464.23917255240667,840.0353,441.3843,1
608127805,886.0237509508039,464.6481468605294,831.1213,468.0597,1
608127822,888.2455882891522,464.83191416186213,838.4555,466.3279,1
608127838,892.4727852590731,462.3295850419419,859.0828,438.4701,1
608127855,892.8993980780011,463.1248756818158,827.8894,471.8728,1
608127872,895.2749999946851,463.3356305515528,850.5732,465.311,1
608127888,894.4939580144928,462.2696241216922,813.0775,451.2698,1
608127905,898.3255058634179,463.3672255315813,875.1592,475.4632,1
608127921,897.7917947825395,461.73189508120004,816.4614,442.0811,1
608127938,898.8300766412914,462.47798198138497,842.0966,472.6139,1
608127955,898.9884376008225,461.44827431001085,827.5049,448.1228,1
608127971,897.1572381169997,461.484208126118,800.0626,464.0223,1
608127988,896.4445254015576,461.98555944805946,816.8645,470.4501,1
608128005,898.2948935366645,461.0508033846988,854.0559,446.8324,1
608128021,897.684738211026,461.5011441115316,818.744,469.5909,1
608128038,897.7191482538591,460.4742463056952,826.1726,445.4032,1
608128056,900.1006519513656,460.2949963232411,867.0396,457.2438,1
608128072,903.2095079342308,459.3035803625151,878.9685,442.93,1
608128089,904.1006920467165,460.56440828713863,847.6306,481.782,1
608128106,905.3623879676969,460.24987527019164,851.5304,454.886,1
608128122,907.5953921164255,461.3437612814648,872.4188,478.2898,1
608128139,910.0995254797147,460.776503361431,874.8987,449.398,1
608128155,910.6292298959598,459.308490251605,839.5391,434.6746,1
608128172,910.9354932186333,458.37276162953737,837.4595,446.1024,1
608128189,911.060060369488,459.03741283666733,836.9119,470.8168,1
608128205,910.8393013563891,458.7636549945269,830.4607,456.3213,1
608128222,910.9955941236818,461.498924414136,840.8059,507.4013,1
608128239,911.2670838307746,462.9577152852481,840.8817,485.7897,1
608128255,909.4481304798209,463.1996280158742,805.3273,466.0679,1
608128272,908.9089554151511,463.40529683364485,830.2492,464.2905,1
608128289,908.5669318615077,463.52129097211883,835.6293,460.074,1
608128305,906.5038998530342,464.7196902497619,806.8143,483.4431,1
608128322,906.716532373352,465.2415773665187,846.2345,470.1644,1
608128338,907.231076683369,465.8888215150776,853.7329,469.7042,1
608128355,907.3783241923511,465.6796756994497,841.7897,459.1079,1
608128372,907.2271131511667,466.836308940885,841.8647,482.8253,1
608128388,906.2062410832439,464.87648382396355,815.6228,427.8314,1
608128405,904.9807989518652,460.7681511001195,813.7477,393.3466,1
608128422,904.0767700512422,457.62988914640323,814.7424,406.6514,1
608128438,901.6038191343307,455.9324353996782,792.717,436.0348,1
608128455,902.0063041452016,454.81063622376905,842.5059,441.1013,1
608128472,904.1897753304771,453.00259673267874,869.0685,429.0936,1
608128488,903.9205809375463,450.93639716027815,826.8745,426.0232,1
608128505,903.2050540591478,449.45663760698494,823.7363,433.1375,1
608128521,903.804413009302,447.7331488813612,841.9254,429.4426,1
608128538,902.7129453034872,445.15570782447594,810.6656,411.8493,1
608128555,903.057907144727,441.3766324870104,836.9956,389.9532,1
608128571,905.952050356032,438.61390862349776,884.2766,403.091,1
608128588,914.5150537001288,434.05404211680934,976.0968,370.2498,1
608128605,923.8407831069189,430.4602194274264,992.095,381.5402,1
608128621,931.1390572198098,427.13502574258297,959.8645,387.6746,1
608128638,938.6677467313582,425.5654000953622,969.2964,412.5268,1
608128655,947.2355018578809,423.14354477761566,984.1312,392.9776,1
608128671,955.7192697450541,419.14189408825615,982.1641,364.2126,1
608128688,964.1111558146387,416.2324919028231,986.7582,383.2084,1
608128705,971.0126859460016,412.9258449996502,963.4269,372.5862,1
608128721,978.7459889558534,411.0189878642973,987.2422,398.645,1
608128738,984.7815939033441,407.6998134235018,959.5049,369.0626,1
608128754,991.1950562013261,405.80150694096875,971.3237,388.307,1
608128771,997.8073488345578,403.0767485644939,981.8711,370.4633,1
608128788,1003.8423359617183,402.00551127519236,981.9862,396.3618,1
608128804,1009.3887494227307,401.45251222295036,977.8047,405.2447,1
608128821,1014.4554236653557,399.5337636874426,976.9938,377.2849,1
608128838,1019.1971386921255,397.5056198307404,977.8344,372.8778,1
608128854,1024.8422858961517,395.3705313958067,998.214,366.7861,1
608128871,1028.9562280641528,394.37466790034193,979.7538,387.7856,1
608128887,1033.1738153997967,393.80150351748074,985.7981,386.9947,1
608128904,1036.3578396928226,393.3973064236667,973.8776,385.5642,1
608128921,1040.4761786055403,391.6682529092761,993.4138,362.0982,1
608128937,1044.1829321502487,390.46570781674694,990.6643,373.3323,1
608128954,1046.5028497555215,387.819213444143,973.6655,347.8193,1
608128971,1049.1608644328774,386.1827481657682,989.0444,362.342,1
608128987,1049.87954190185,385.1517929922111,955.7717,372.3433,1
608129004,1052.698137509556,383.6743065405105,995.6454,362.3685,1
608129021,1053.3047849238656,382.1108068322644,962.1205,360.3871,1
608129037,1056.3945525881131,380.87541665334777,1006.6774,361.2359,1
608129054,1056.822183959133,379.8447756356663,966.2332,363.1428,1
608129070,1057.9106923958825,378.193737432917,983.9766,352.2637,1
608129087,1057.555493232515,377.9045716983998,972.4492,372.5845,1
608129104,1056.4829942082197,377.48359924811024,961.2998,371.1965,1
608129120,1056.3150468730353,375.34433420180574,970.0806,340.2888,1
608129137,1056.9060866389957,373.98815640743896,986.3853,355.0009,1
608129154,1057.8910563319,372.24341233055304,994.0366,344.54,1
608129170,1059.1541056350197,371.8838235986415,1001.6586,364.5519,1
608129187,1060.3107915573687,372.1733371011416,1001.6721,377.1402,1
608129204,1061.1877281059403,372.6767751170849,994.9044,379.0028,1
608129220,1060.0522702140677,373.88812682942006,963.869,394.6061,1
608129237,1060.0007787054312,374.88938988236436,979.8246,386.2678,1
608129253,1059.7764037341797,376.62617402792927,980.0444,400.8671,1
608129270,1059.8404195727803,377.86258812666904,985.3354,389.6927,1
608129287,1059.898370982413,377.70833675168217,982.2764,368.0019,1
608129303,1061.2823288774105,376.7321553360786,1003.5193,353.3989,1
608129320,1061.9072256599268,376.49555442084323,991.8821,363.7037,1
608129337,1062.5961468892176,377.508810284767,996.1343,385.214,1
608129353,1065.7845243008214,378.4549868554001,1042.4225,382.0136,1
608129370,1070.7756971026297,379.17547131407474,1072.0533,379.4037,1
608129387,1076.1766036593965,378.3176875904012,1077.2916,351.5818,1
608129403,1079.9984047930245,378.03832579417985,1050.7412,362.7798,1
608129420,1084.4813278552297,377.99341034210835,1066.6406,364.2314,1
608129436,1088.9505542067398,378.00692738819936,1068.0367,366.8528,1
608129453,1092.9048495848813,378.1981481777455,1059.8237,367.9683,1
608129471,1097.2998705587179,379.3581482950359,1073.9918,386.6637,1
608129487,1100.8248068026505,380.017656361052,1056.9617,379.8047,1
608129504,1102.340332438195,380.6449644688942,1028.9393,379.7592,1
608129521,1104.6711754440146,379.83172114894825,1039.6881,354.1765,1
608129537,1107.6817835094748,380.49002290504296,1062.7876,379.9142,1
608129554,1108.759416843719,382.9553227133724,1031.3555,413.2739,1
608129571,1109.9473406840727,384.89653242962214,1037.2898,403.2587,1
608129587,1112.244388595276,385.37945545593067,1055.4529,379.6844,1
608129604,1115.774738516791,385.8134349462129,1078.9958,378.2675,1
608129620,1118.3460291434508,385.70623881555076,1064.9839,366.7417,1
608129637,1119.1415358606573,385.754654763775,1038.6855,372.968,1
608129654,1118.7113871366205,385.64907308620263,1020.1589,370.5718,1
608129670,1116.5898240440442,384.0973562753118,990.2386,349.0209,1
608129687,1118.7169845593105,381.7110711529451,1065.1428,333.0904,1
608129704,1120.8494679569212,379.60866958355723,1066.7545,338.0743,1
608129720,1121.4020636784248,377.976524250875,1038.4502,348.516,1
608129737,1122.448628092347,375.22083992818773,1048.2679,326.9031,1
608129754,1122.8951076787032,372.26387068729383,1038.7709,324.4339,1
608129770,1124.2132073794144,371.2487705789,1060.2415,355.4881,1
608129787,1126.3803285032109,368.4101333886309,1072.0002,319.6407,1
608129804,1127.7022874263068,365.0813006061266,1059.252,309.1414,1
608129820,1128.5885771061671,363.38024486119764,1054.7244,337.9066,1
608129837,1129.4644052498033,362.0525930642126,1056.6721,345.1832,1
608129853,1131.845580602244,361.27748582527914,1089.8279,351.7119,1
608129870,1134.6994396395592,358.8910280871122,1097.7423,321.1486,1
608129887,1136.0430745108054,356.68669135850973,1071.9917,320.749,1
608129903,1137.634101885215,354.5841550404169,1073.9932,322.015,1
608129920,1140.0461157450757,352.7957568522996,1091.4056,325.3538,1
608129937,1142.675738272415,351.2841844518982,1096.5575,328.4601,1
608129953,1144.3494331639695,351.4897705090094,1083.4329,357.3375,1
608129970,1145.169637229002,352.00969665582676,1071.5957,363.4199,1
608129986,1148.911012920632,352.7686470315969,1122.8818,363.0472,1
608130003,1152.978661902025,355.48073604339584,1131.5183,395.4181,1
608130020,1156.8823235238929,358.0286399902221,1131.4808,388.8021,1
608130036,1160.3903211619377,359.6199132039263,1126.9512,374.3933,1
608130053,1164.7388639132726,361.490512000294,1141.3298,381.4914,1
608130070,1167.8451322698359,363.8263306394974,1123.8809,388.6663,1
608130086,1170.7205414068612,367.8119616489818,1128.1792,415.0798,1
608130103,1174.3811169275305,370.88314725843844,1145.1512,398.9338,1
608130120,1177.1131306762695,375.2520229032043,1132.8259,422.0273,1
608130136,1180.1643522687186,378.45394998054303,1136.2483,403.4818,1
608130153,1182.8835141314307,382.31412198314206,1133.4495,416.6841,1
608130170,1186.1677039259644,385.32446316681006,1142.3219,401.29,1
608130186,1189.7413444948716,388.54363314479735,1159.6042,405.7314,1
608130203,1192.631571280198,391.3466944505649,1149.892,402.3415,1
608130219,1193.6864748149978,394.3285214485604,1118.2131,410.674,1
608130236,1196.2673943450004,396.4298183384739,1147.6927,394.9344,1
608130253,1198.2066410724358,399.1974402635625,1140.1438,409.9675,1
608130269,1200.7430266908739,399.2770258167013,1150.2617,368.8285,1
608130286,1200.9721241924706,400.6799562839754,1116.5868,392.4935,1
608130303,1202.7903128947999,402.14589115778665,1146.061,394.4483,1
608130319,1203.0622523371123,404.3855505077021,1122.6914,414.8349,1
608130336,1200.6694554101427,411.9035046745607,1090.0396,512.0862,1
608130352,1197.4443498592475,419.2547611484135,1080.5392,512.8174,1
608130369,1193.194717355011,427.24600612839197,1065.9709,524.4147,1
608130386,1189.9336645847397,435.84555302420915,1082.8823,538.0696,1
608130402,1184.8468731941396,443.45713050552786,1049.4468,526.2505,1
608130419,1180.9629596909688,452.31585833311823,1075.3517,552.1807,1
608130436,1177.670394131814,457.6675432672822,1078.099,495.638,1
608130452,1174.077672212056,465.3699197111197,1075.7084,545.0861,1
608130469,1170.4293363804027,472.42089054258565,1071.0779,539.3542,1
608130486,1166.5704704636896,476.9404706941273,1065.8159,500.4417,1
608130502,1162.127078915948,483.28685636231364,1058.1599,541.574,1
608130519,1158.4045159572358,490.53388502676313,1070.2698,561.3842,1
608130536,1154.4380995500205,497.8732145111075,1063.0046,567.2939,1
608130552,1150.7001652052315,503.93076372455846,1062.9033,551.5071,1
608130569,1144.6886404842935,510.4144769153397,1018.9288,567.3481,1
608130585,1139.9351682239271,517.4856516758647,1039.8623,585.6487,1
608130602,1136.3462418471915,524.8070052587938,1059.4038,593.6064,1
608130619,1133.3365826875045,530.409790724894,1061.0598,571.892,1
608130635,1129.8350426500308,536.6122404407625,1050.7428,587.0365,1
608130652,1126.1581812500726,542.3934794989372,1043.1177,587.619,1
608130669,1121.9883517429055,546.6871919971226,1028.8119,566.6842,1
608130685,1118.863954840876,550.4184724234683,1044.3608,563.0841,1
608130702,1115.1514262920307,554.504136262894,1030.1873,575.5458,1
608130718,1110.3010321936006,554.9085412797878,995.4935,518.7366,1
608130735,1108.0873567718506,559.2269758251582,1050.574,589.4886,1
608130752,1106.8130868308356,560.5733097454422,1056.4497,543.7826,1
608130768,1105.4561011836772,564.3974964087444,1058.3623,587.9578,1
608130785,1105.1723394210803,568.377718971912,1071.2102,597.5243,1
608130802,1101.6256668682527,571.2001593681341,1011.8832,584.1469,1
608130818,1101.39423358892,572.1185863755335,1061.2358,554.9884,1
608130835,1102.1770669840243,572.2172087209717,1071.96,553.4175,1
608130852,1102.0814648892522,574.0880779601562,1058.0725,586.9648,1
608130868,1101.5975774847816,576.8036704403531,1050.6086,604.9255,1
608130886,1100.9652713811772,579.5581944411939,1049.1031,608.6599,1
608130902,1099.7165395467332,581.5846756208439,1032.4316,596.6008,1
608130919,1099.0367809167951,582.1040932060507,1041.4716,574.1619,1
608130936,1100.5739357854914,585.2344839943079,1085.8601,614.0203,1
608130952,1104.255426418012,587.6773532956543,1121.333,607.7061,1
608130969,1108.8867813958811,589.5597751317073,1136.21,598.1521,1
608130986,1113.7106215343285,592.4399829601762,1141.6221,613.1788,1
608131002,1116.672898200288,594.2847727604728,1106.7125,602.6407,1
608131019,1121.5687047571923,598.3009255823175,1148.2283,642.9848,1
608131036,1125.942903152844,600.8268823746084,1136.6782,619.2885,1
608131052,1129.5078145500443,603.845980841298,1125.6765,628.4282,1
608131069,1134.563291773185,605.3347975038173,1146.6923,604.1812,1
608131085,1140.1633361544596,608.3510171516862,1165.2205,634.1683,1
608131102,1143.0424168117797,610.7953958775929,1121.4419,628.3329,1
608131119,1146.009178182433,613.377493238739,1126.8625,630.1139,1
608131135,1149.3455579398776,616.1129827564123,1136.1814,636.151,1
608131152,1153.5442584125433,618.2334547920648,1153.03,626.8131,1
608131169,1157.194265167377,621.3967465545338,1148.1969,645.3352,1
608131185,1160.4395182573367,622.6559274796966,1142.7417,614.3124,1
608131202,1161.9086619919613,625.8815430902649,1118.3762,653.6035,1
608131219,1164.480761992878,628.2905874458207,1136.7163,635.1274,1
608131235,1164.9157377006877,631.8720461576767,1111.6732,667.297,1
608131252,1156.5809251490018,630.12208252068,949.4382,577.2007,1
608131268,1145.9371293324343,628.0296431385472,910.8726,579.8236,1
608131285,1136.2976740608171,626.0047194895981,931.5156,582.9269,1
608131302,1126.2733680054134,623.6531716396486,918.1344,577.2847,1
608131318,1115.8689594311443,622.2753028766981,918.3242,592.7065,1
608131335,1105.232872166277,622.5744986939743,916.8459,623.2437,1
608131352,1096.766936825858,620.6012438052504,945.309,586.388,1
608131368,1086.6231441741245,618.3477658198553,910.2321,584.6511,1
608131385,1080.0000298307955,614.743754593732,964.2761,558.8047,1
608131402,1071.2439241745471,611.8672216688465,920.9523,571.1296,1
608131418,1065.7663752127269,608.5038139742188,972.5917,557.4691,1
608131435,1059.6999418091223,605.6375491048359,961.1249,569.8804,1
608131451,1054.3936851682329,600.3448792273904,965.2156,524.6849,1
608131468,1048.4601448388253,596.3190025428607,950.2432,544.5256,1
608131485,1043.3406522019316,594.8456037325234,962.3558,588.186,1
608131501,1040.8627654393963,592.9779933600247,996.2178,576.119,1
608131518,1040.0996614873602,590.4325081897439,1021.6445,564.9393,1
608131535,1036.942990036748,587.7340423574299,970.3466,558.5586,1
608131551,782.0045737492537,420.8048215180302,706.8381,424.9011,0
608131568,613.8259249862775,353.8561055275177,528.3332,364.0126,0
608131585,621.1210503808499,358.7197777766035,544.292,373.2193,0
608131601,612.4459831330489,358.4386737236363,509.9682,368.733,0
608131618,618.8477723538226,353.6226383925175,550.8729,348.5099,0
608131634,622.0039556356575,349.99511271198253,546.7702,345.1901,0
608131651,625.9480858019745,349.9739605426863,559.2704,359.1406,1
608131668,630.5028502443786,349.8189286848876,570.6793,357.751,1
608131684,634.3781486848901,352.43108663266895,576.2753,378.6324,1
608131701,627.7978116134078,349.0038319205669,487.1943,334.6326,1
608131718,617.3416186927395,346.2459265702179,439.8333,336.9893,1
608131734,609.7359680694034,343.9482313146375,452.366,336.8058,1
608131751,604.8777183996879,341.01873617338396,469.6007,325.7401,1
608131768,604.6062016926902,337.50953677849213,514.5728,313.0611,1
608131784,441.14360227102753,300.4569118044151,346.9784,316.9017,0
608131801,516.4774872900106,287.9627974765891,421.5928,301.5108,0
608131818,513.431288504919,296.7007597216101,417.6353,319.269,0
608131834,519.5699471758907,298.68682491976523,438.9133,315.6224,0
608131851,492.75255055531824,301.5017271543885,319.8629,327.3139,0
608131868,507.05247797550896,301.6166341746029,471.3064,313.7297,0
608131884,505.80660038662904,305.20980485055924,409.0272,336.8538,1
608131901,506.2597786891396,308.09493652143476,418.5751,338.3315,1
608131917,763.5575963556488,248.23133018661176,666.47,252.2838,0
608131934,847.3590777063112,222.5352075066454,747.9868,223.3147,0
608131951,844.8258404582782,216.14808853744825,741.2643,210.693,0
608131967,840.8639589784788,229.14502839540665,737.5538,256.4668,0
608131984,835.3332889398087,223.13267495828254,717.1282,206.9191,0
608132001,829.6389869597205,223.85466781207526,708.2291,229.0073,0
608132017,828.9258417476317,222.2142869175017,725.3082,215.772,1
608132034,826.7769367000619,225.65044932039223,718.075,247.702,1
608132050,825.2951011648873,222.76609133321972,714.0256,205.1944,1
608132067,822.4843546592512,216.58919728712482,695.8373,172.6209,1
608132084,826.1812290338556,217.71459672443115,759.7239,228.6305,1
608132100,825.2539201313757,218.6167302573754,718.2584,229.6439,1
608132117,830.9200767892517,217.882527516814,786.9524,210.514,1
608132134,831.115444678513,218.9556990417509,733.7251,232.4241,1
608132150,832.7024954510298,219.01205494947885,749.7478,220.7208,1
608132167,838.1063989810635,218.35114012903614,799.9523,209.6289,1
608132184,1046.3531230519845,143.28466764066113,939.2617,136.214,0
608132200,1112.7231930479788,141.35086171213865,1006.1395,131.767,0
608132217,1103.0308027926333,145.5345167953498,987.6118,140.8902,0
608132233,1094.3302478761148,150.61187282673342,972.5335,152.5246,0
608132250,1097.4093418301431,146.71698418163504,999.2755,125.6886,0
608132267,1093.7548365492514,153.92325621168666,977.6791,174.0719,0
608132283,1092.8885945645225,155.19769797757831,984.5635,152.4601,1
608132301,1091.7177163423537,154.71069570227868,979.6494,142.9777,1
608132318,1090.2897423213751,154.7355951426566,975.9206,146.2122,1
608132334,1088.5812188335674,155.42356289596603,971.7229,152.1206,1
608132351,1088.2543880928633,156.3044504419138,982.2396,154.7073,1
608132368,1088.4851178028448,160.09460569129737,991.2374,185.4305,1
608132384,1090.7211469684846,157.79177157596848,1005.911,124.0589,1
608132401,1091.479980809448,159.2667859442605,996.9135,165.1158,1
608132600,1091.8973832302045,161.88152686291298,995.7007,181.1962,1
608132684,974.6243734445601,467.50859528648874,907.5136,464.5354,0
608132700,972.9121188008854,454.19805018876997,904.1073,451.2324,0
608132717,945.6919696072151,462.7341186447413,851.2662,470.4079,0
608132734,962.5868253695176,470.42607034370224,931.7191,481.9556,0
608132750,965.7822990285763,471.11252845315704,908.7207,470.0202,0
608132767,959.8703493605668,466.0594713528372,866.2124,444.4282,0
608132783,962.4351303224547,469.44933356608675,910.2117,483.1053,1
608132800,967.5776638252039,468.692465728733,929.8937,460.3152,1
608132817,971.3303540128019,471.1670860496664,931.3483,483.8748,1
608132833,975.7211359716944,481.6628926781968,952.5013,556.2308,1
608132850,974.1224511770794,486.8727154295138,899.3931,525.9771,1
608132867,975.6403070650622,490.2122808706198,927.4191,514.2442,1
608132883,976.9915680191375,493.96737691525715,929.1866,523.9088,1
608132900,978.9539957714803,496.54628297072,937.3376,515.4998,1
608132917,971.2967601401753,492.6356573386416,812.2274,444.2156,1
608132933,973.722679405686,494.5506033999403,941.876,509.9409,1
608132950,975.9867539910043,497.9055661780789,945.306,531.7424,1
608132966,977.3098294042476,500.8547543280577,934.4489,530.4713,1
608132983,978.7552114233948,506.60574391077546,943.1703,574.0961,1
608133000,979.1625283098177,509.9715833506207,925.4587,545.0369,1
608133016,980.3592913406864,511.08587264389183,934.2982,513.8242,1
608133033,978.9395859765787,515.5827077459754,901.1818,569.844,1
608133050,978.4693755753078,519.4306606646264,914.933,563.0267,1
608133066,979.6931802992611,520.3649424524989,937.0577,518.2906,1
608133083,982.3461694536754,525.1067364593795,969.756,581.9907,1
608133100,982.6077003776651,526.9897324092997,925.5908,539.4054,1
608133116,982.651448794579,529.3627078211823,923.7258,550.2634,1
608133133,981.6949234453514,530.5688351074032,904.7379,533.5591,1
608133149,983.8275271362812,531.8784069644298,958.9412,535.5299,1
608133166,985.8423503091761,531.9577092180141,955.4441,516.347,1
608133183,987.6441436792062,533.9901958396767,957.1844,552.4206,1
608133199,988.6442279273272,536.8761649339551,943.4629,561.8027,1
608133216,989.2806413811182,538.2463086841158,929.6932,540.3514,1
608133233,990.351855494686,541.3728307898748,951.3419,574.5048,1
608133249,991.3777272089803,541.9277689910597,943.3606,530.6129,1
608133266,991.6356388892533,543.7293773491614,929.4501,552.7667,1
608133283,991.37242931552,545.3578602351005,926.0846,556.5913,1
608133299,990.9871894140873,546.5365662401456,925.89,548.4072,1
608133316,990.8759431042499,547.7630084552604,931.5563,553.5875,1
608133332,989.9379785245414,547.9543876612902,917.3533,544.9665,1
608133349,990.0775298833265,547.5018948944133,929.7184,530.4589,1
608133366,989.982618718477,548.1121957387319,931.5914,548.9489,1
608133382,989.7591042557312,549.3143051360112,931.1279,561.3612,1
608133399,989.0338229382254,551.6334869392649,925.8107,581.2126,1
608133416,990.5948312025699,551.5915813272584,948.4072,532.1963,1
608133432,989.7659674842114,552.0958364916762,922.4043,551.9575,1
608133449,989.1293836991172,552.4645298879931,925.6109,552.4738,1
608133466,988.111898954385,552.5042581934634,916.7579,547.2966,1
608133482,986.501620652249,548.8218746593652,898.8011,487.3646,1
608133499,988.0316403652206,547.2057500099517,956.4274,518.1681,1
608133515,989.1860163457521,546.4996457078687,952.4597,531.0525,1
608133532,989.4465418339747,542.998690993572,926.9717,488.5313,1
608133549,991.9142530624937,538.7827048079976,965.9583,472.9827,1
608133565,992.0145651923611,537.1426236742319,932.19,514.0393,1
608133582,993.3813135367037,534.6372501773312,955.7493,503.8074,1
608133599,994.6891117812539,533.860738171462,953.4954,528.0272,1
608133615,995.3418403896857,531.4197404918428,938.3922,499.1786,1
608133632,996.0610144709128,528.4923363520056,936.957,487.4454,1
608133649,996.7580827561583,526.2282534750428,944.1434,497.8429,1
608133665,999.7838102897931,523.7105451249236,984.154,488.2958,1
608133682,1002.7753279893309,520.9988773770131,983.4169,487.0334,1
608133698,1004.7549416891143,518.2097510767665,964.4161,485.0651,1
608133716,1005.5029730690055,515.6584233739871,942.6414,485.407,1
608133733,1005.7301514317644,513.3904229767135,937.3481,491.9247,1
608133749,1005.2319786074927,509.89092764239126,921.7928,463.6457,1
608133766,1006.5648854240274,507.01536435355916,954.8309,473.4168,1
608133783,1007.5247297317916,504.65550970579045,950.0033,480.4399,1
608133799,1009.5578746747855,501.4114545624923,967.9546,460.7144,1
608133816,1012.4011467528534,500.5709678744615,989.0947,500.1506,1
608133833,1015.1916473169173,497.8687728311423,983.6779,464.0463,1
608133849,1017.0294107417142,494.4068778430017,967.8436,447.425,1
608133866,1017.3869511376405,492.6234196973969,946.8831,477.2945,1
608133883,1018.1436529184664,490.84410869105545,955.088,475.6984,1
608133899,1020.3607741783972,488.49137494224686,980.1876,463.9462,1
608133916,1021.1159070416358,485.929858948727,957.4669,453.3601,1
608133932,1020.7407568233775,484.372777268773,938.0292,471.5067,1
608133949,1020.6956397761621,485.23378235269684,950.684,511.2303,1
608133966,1021.0152290066799,484.6487528130801,954.0593,482.9155,1
608133982,1021.2133668979236,484.8197973534971,952.8049,488.2847,1
608133999,1022.4325905218972,484.2036547237197,976.0698,476.0718,1
608134016,1021.3677375643185,484.5216022343724,937.7087,493.9808,1
608134032,1021.1067023616669,485.22174804907024,950.457,494.571,1
608134049,1021.0774329192432,484.868060051736,956.7189,473.9409,1
608134065,1021.3738630693288,484.70524592480416,959.3998,481.0374,1
608134082,1021.2159121748144,484.10864296504644,953.2183,471.9805,1
608134099,1019.8983932676314,483.41339923432037,932.3344,472.9457,1
608134115,1020.0172487886338,482.03041547809545,954.5771,456.2429,1
608134132,1018.4323249455051,482.38218971330843,928.2812,486.1866,1
608134149,1017.1827339735975,480.9096428861309,930.9101,454.8979,1
608134165,1016.3277298192709,480.5080957052186,943.9503,472.084,1
608134182,1016.7150477089419,481.661368211916,968.2134,498.1168,1
608134199,1016.0023223324147,481.67162495184607,943.4993,478.4665,1
608134215,1016.4531122078114,482.23522161109304,962.4773,487.3531,1
608134232,1017.2339807938654,481.8282379251827,965.4159,470.7686,1
608134248,1017.2631249146095,481.87692907029265,951.5099,476.2789,1
608134265,1016.6362179124116,483.11605512123003,946.0249,498.827,1
608134282,1015.8630355455878,483.8920465291445,941.5657,491.6932,1
608134298,1015.8233302885028,483.325776257608,953.0342,465.8738,1
608134315,1014.1689416261903,483.600857662666,927.9529,486.0626,1
608134332,1015.8237310934005,488.00004732717696,993.892,552.2613,1
608134348,1016.5861100892406,493.27281011328,977.8058,567.0444,1
608134365,1018.7947470868547,503.6608217058889,1012.2133,659.8391,1
608134382,1021.6819120506276,514.6051563103866,1026.6074,670.3494,1
608134398,1025.1456083348592,523.1765257057527,1034.6873,629.5532,1
608134415,1027.8087513307983,534.3494252751746,1024.6499,677.8395,1
608134431,1030.904260488749,542.2599326476357,1024.5618,626.4547,1
608134448,1032.6851675513674,549.3818068436191,1002.9556,622.1085,1
608134465,1034.3023292582075,558.4581200930656,1006.7568,658.0935,1
608134481,1035.5958974228474,565.8133009623069,999.3237,634.2272,1
608134498,1037.903066078685,571.2810302756108,1017.7255,605.1895,1
608134515,1039.2492344387035,576.4210951401376,998.321,608.2427,1
608134531,1039.2467066956808,584.230611226261,984.4854,662.1193,1
608134548,1041.0651411452225,591.7407368723668,1019.1172,659.9969,1
608134565,1042.1040453914404,599.174967382148,1007.9368,666.8422,1
608134581,1043.208013570883,607.1655676911399,1012.1384,682.6302,1
608134598,1044.040510023128,613.2290859187648,1003.5681,656.4586,1
608134615,1044.807047889784,619.2608509378908,1007.3604,661.5862,1
608134631,1044.7041693459796,623.4347696913328,987.6601,640.1359,1
608134648,1045.969595047509,629.5139600845879,1018.8124,676.2953,1
608134664,1047.086138814733,633.8260092577937,1016.0045,654.3323,1
608134681,1049.3769231622725,637.6267684509413,1040.1265,653.9054,1
608134698,1052.1319370006174,640.7194845380275,1045.9799,645.2285,1
608134714,1052.1034356262105,645.1809772272555,1003.9824,677.9111,1
608134731,1053.675841493189,648.8800597931128,1032.646,667.4016,1
608134748,1053.738579989864,652.0335051320371,1005.1498,664.959,1
608134764,1055.2812495473843,655.466108116034,1033.1511,676.3001,1
608134781,1054.6609858081404,658.36227920652,995.238,672.1492,1
608134797,1055.1358379616324,661.0366327316017,1016.9728,669.3428,1
608134814,1056.4169087967828,662.8776874304602,1028.2616,660.7521,1
608134831,1057.4191744840512,667.0925403787977,1036.9119,713.017,1
608134847,1058.0427469760878,669.3019007910204,1024.9153,682.351,1
608134864,1059.9006331423557,671.1386438165572,1050.2981,686.8257,1
608134881,1059.4921375647004,671.658596961661,1009.4199,667.3941,1
608134897,1059.7335825214682,672.4512105804808,1022.6774,668.6019,1
608134914,1059.87286435364,672.2631736105243,1017.984,657.933,1
608134931,1060.308814332798,672.8816747511993,1025.4153,667.4596,1
608134947,1060.0365912672535,675.3893473422977,1015.3602,702.0465,1
608134964,1060.3056122752587,675.8482328030716,1021.5666,670.9875,1
608134981,1059.3865343097755,676.9727234787006,1001.9904,682.0109,1
608134997,1058.5231592907733,678.3799042409358,1006.125,685.3259,1
608135014,1057.9698775186823,678.2109471101701,1006.4482,659.5564,1
608135030,1057.454446973183,677.699586821061,1005.4234,660.496,1
608135047,1057.8316155798218,676.1653009796848,1022.9232,642.3406,1
608135064,1058.3501512499854,676.4800216841306,1028.248,675.7452,1
608135080,1058.499265868365,675.8338205025129,1020.1335,660.9832,1
608135097,1059.0202561253243,673.350133885966,1021.8113,625.8854,1
608135114,1057.4234238791269,672.3566274697711,988.2539,654.0585,1
608135131,1052.104128680279,668.264019432252,913.8184,599.9843,1
608135148,1052.310980427346,668.5565718001604,1023.8739,676.6933,1
608135164,1050.2325263201653,668.6604823765897,982.028,671.8734,1
608135181,1046.2982955923067,667.6228484171731,948.36,652.6107,1
608135198,1045.5914829062476,667.740567494015,1006.9092,669.3289,1
608135214,1046.1486337780254,668.3799533728712,1024.4402,680.4985,1
608135231,1044.1247770915338,667.5069138598692,977.5524,653.7898,1
608135248,1049.1154475444584,672.9200564549716,1110.8225,758.3052,1
608135264,1053.0794431374609,682.3119891505714,1103.519,829.3866,1
608135281,1058.5586087852953,692.0582869591732,1126.5686,834.3187,1
608135298,1062.8688786650055,701.9828047287455,1109.1001,839.0256,1
608135314,1068.817931705712,711.3841161207168,1138.7871,829.9579,1
608135331,1073.0849265996426,719.9436538931778,1109.4287,824.589,1
608135348,1080.49123593827,725.508814285032,1158.7451,770.006,1
608135364,1086.2790439533414,735.153098151905,1144.283,846.9832,1
608135381,1090.1987304021382,742.7798280422193,1105.6731,815.4814,1
608135397,1094.4143280839348,749.7145933069088,1114.6691,808.734,1
608135414,1098.4794895116706,759.3289901824689,1121.488,860.4758,1
608135431,1099.3050003313663,764.4440120734911,1059.7073,791.1985,1
608135447,1102.4681032421224,769.928274675106,1105.1382,806.1572,1
608135464,1135.5238035209024,809.099571110136,1113.2111,801.5186,0
608135481,1104.4703056059095,845.8303598064123,1086.4275,839.5789,0
608135497,1119.2218954505813,851.257234606313,1117.5903,849.3533,0
608135514,1123.359512053574,857.6329540354915,1116.8457,863.109,0
608135531,1126.319997790162,861.8757930069779,1120.8499,867.0505,0
608135547,1130.5148136131302,867.9244736139726,1134.9275,883.7642,0
608135564,1128.73681637826,864.6738088445318,1102.1128,841.5135,1
608135580,1130.044977833018,863.5605545540642,1121.0391,849.4047,1
608135597,1127.61012075337,865.4276531258898,1097.0469,871.3388,1
608135614,1123.5989636661234,864.424965997525,1076.6086,850.7198,1
608135630,1124.5737559694749,866.6303987912107,1120.4888,877.6078,1
608135647,1127.1343412277897,861.6511906283563,1129.5267,807.6076,1
608135664,1127.6441724046383,861.4969936104923,1116.5657,853.345,1
608135680,1128.1772719041678,861.6421909194548,1117.9829,856.5409,1
608135697,1130.6002467856656,862.4974698855005,1143.0912,864.4952,1
608135714,1127.7537144445137,862.8904524989664,1077.4639,862.033,1
608135730,1129.0022989390989,861.4000668908814,1126.3547,835.3024,1
608135747,1129.222349991805,862.3249060677489,1117.3242,867.7969,1
608135763,1130.7873925796612,864.2113834874116,1138.9508,881.7827,1
608135780,1133.8467032560784,861.5715662366663,1154.5906,815.4237,1
608135797,1135.2459967800494,859.7663187837385,1133.1338,826.8206,1
608135813,1137.5152961059234,850.8256046733516,1133.9941,713.4977,1
608135830,1151.536715833908,578.8166132767434,1100.4321,569.6438,0
608135847,1170.238313787425,555.897121015834,1116.4617,545.9202,0
608135863,1184.016082169873,547.6630229379034,1142.2244,528.3638,0
608135880,1183.3025234923705,535.530418849271,1122.5781,500.8568,0
608135896,1188.3018823342927,533.6822271744013,1146.204,517.0934,0
608135913,1184.1200638470054,534.9542447254192,1111.7228,530.2795,0
608135930,1180.1582583949776,545.7497276688134,1112.3705,589.0076,1
608135946,1176.137290217814,543.7385946408034,1096.1783,522.0933,1
608135963,1173.9372659753117,543.8222040408915,1104.5938,534.3606,1
608135980,1172.4401898153665,544.7785014768488,1107.7472,541.8923,1
608135996,1171.7809748744912,544.5438280787939,1111.9141,532.1427,1
608136013,1172.313724165782,540.5468744076932,1118.1521,493.2411,1
608136030,1161.4712850712308,529.8266353936355,984.395,418.7687,1
608136046,1150.5330874282931,518.2340231970325,964.5421,394.0729,1
608136063,1140.7358808975946,507.8582556071742,963.5562,393.3412,1
608136080,1132.2701618274862,499.189321076769,969.0684,401.7272,1
608136096,1122.710660837335,491.79732990166804,944.5006,409.0486,1
608136113,1111.8116175332025,486.2222910832295,916.4472,426.5835,1
608136129,1104.8020367057811,479.6205488307925,957.9689,403.4196,1
608136146,1098.41776354415,475.18163202823723,962.2766,428.0204,1
608136163,1091.1014376451978,470.64177108460103,939.7524,421.8864,1
608136179,1086.1169971360846,464.89798148624936,965.4805,396.6599,1
608136196,1081.4786804681492,461.89042168610683,969.6531,434.1786,1
608136213,1078.133277300938,458.9063575416543,984.5219,429.7313,1
608136229,1070.2599226394584,456.1924435674927,904.4609,432.9893,1
608136246,1062.920844871403,452.6970451056095,904.1429,415.8798,1
608136263,1061.1406383840679,448.3529856155415,989.6543,393.9885,1
608136279,1056.9294911064826,444.4289776836801,943.5593,398.377,1
608136296,1054.3854977931471,441.5460263075001,968.9079,411.136,1
608136313,1053.381815747232,438.63492918038963,990.614,405.8841,1
608136329,1051.2877662702053,438.63290542934635,973.1458,453.8264,1
608136346,1049.918421337014,437.91789049234717,993.595,449.3733,1
608136362,1045.9202643221192,435.1837189007867,939.5306,409.6511,1
608136379,1043.2214317255293,434.7964218841171,959.7181,443.359,1
608136396,1041.5864715382913,433.89876544401403,974.4825,432.3002,1
608136412,1030.0707229541772,424.00218278814157,958.1136,418.7498,0
608136429,1049.5420590603158,420.4034907207251,977.3525,414.4008,0
608136445,1017.6436773185667,422.05860266797475,913.332,420.1256,0
