timstamp,smoothx,smoothy,rawx,rawy,fixation
609758795,960.767558291734,532.256665262358,988.9756,538.4237,1
609758811,961.3658210599527,530.2991644018816,959.6472,510.015,1
609758828,964.6756047820917,526.7486361774295,1006.5411,485.7592,1
609758844,965.8026216213538,525.6132144062437,969.4568,521.031,1
609758861,966.4404702143457,523.6394188088643,964.7263,504.0743,1
609758878,968.6842348369102,520.9407847196519,993.6928,492.9186,1
609758895,970.6364262854025,519.865673682793,988.9454,514.8339,1
609758911,969.5754534598334,519.6210443065808,940.324,525.7913,1
609758928,970.226285801284,519.0483800428273,969.9478,518.6274,1
609758944,967.9554016798746,520.6748586336374,921.5916,550.5889,1
609758961,966.0650679176234,521.7874181673156,928.5447,541.8224,1
609758978,965.9615806567543,523.2116706451179,961.4531,548.0656,1
609758995,965.900419944668,523.7712096780784,960.0715,530.7531,1
609759011,964.5858959901902,526.034629081611,940.6223,559.5005,1
609759028,964.0039370029868,529.3011204206024,952.5791,573.1201,1
609759045,962.4298405404264,531.9200477516832,936.2293,562.5468,1
609759061,961.8221337725503,533.8544987499789,954.7473,552.8761,1
609759078,960.846745889781,536.5465200613712,947.0433,562.1394,1
609759095,960.3766285525286,538.4868838025188,955.4524,553.0804,1
609759111,959.8265137615697,540.5566523100377,952.5047,552.9619,1
609759128,959.8823477159564,542.9705543267821,962.0801,561.1376,1
609759145,960.2478959213302,544.8944866048821,971.3784,552.5489,1
609759161,959.6676980507578,545.5841833160924,957.4061,537.2157,1
609759178,959.2865425894448,544.5936675133188,954.8266,513.7246,1
609759195,959.2996579782977,545.3475698770495,962.6096,544.0477,1
609759211,959.4225831527726,548.6790959836746,965.8047,583.6754,1
609759228,960.1308572301793,550.1924745810497,973.7332,554.5748,1
609759245,959.746975024262,551.5525277989123,952.4374,554.5266,1
609759262,960.5810892721822,550.460559608219,973.9526,520.8872,1
609759278,959.3615480582463,547.8871908359064,938.4006,500.3902,1
609759295,958.9816218352144,547.7087912568705,954.2592,538.7195,1
609759311,958.4687454782645,547.4626534515492,948.4562,535.341,1
609759328,958.7264654624681,548.1938057478475,966.5077,548.692,1
609759344,958.8227997105668,548.6787882766149,959.2162,549.5271,1
609759361,959.4441891603092,549.8233819123025,967.8103,558.3376,1
609759377,958.11650610918,549.9137121307177,937.0197,541.5697,1
609759394,957.1977977418762,548.9964950839004,943.1124,529.1884,1
609759411,956.712754205079,548.881303666882,945.4558,542.7914,1
609759427,953.5173975806857,541.7098940589649,901.2112,434.2735,1
609759444,950.8544541492397,534.259930082481,905.207,433.0624,1
609759461,947.4875577788827,525.8952664128889,893.7911,416.8749,1
609759477,943.6730992471157,518.9322926819095,889.2093,437.0726,1
609759494,940.2380347723073,511.6505146651058,894.4207,428.1393,1
609759511,937.1669171212847,504.70779518969465,897.3434,433.644,1
609759527,934.3572068403959,496.8114183958675,901.5493,417.038,1
609759544,932.5583736556305,488.4408121686094,915.4764,404.7762,1
609759561,930.3136550256137,481.7601387686868,908.0983,425.1682,1
609759577,928.2796937839364,473.39894283218075,908.646,395.9807,1
609759594,925.7212048089777,464.71936870968386,898.3064,385.1522,1
609759612,924.7221753291457,458.73233540205007,922.9137,421.0756,1
609759628,920.607548132541,454.0686659260165,867.9592,436.2345,1
609759645,919.1622510450488,447.6527430012097,912.2958,403.286,1
609759662,918.5062283374623,443.71876312962155,922.1084,434.0495,1
609759678,917.787576156525,437.53227760490785,918.1758,392.0178,1
609759695,915.6516038206707,431.9019098400299,892.3753,398.3759,1
609759711,912.6614582336365,427.4991368568657,875.8717,415.4502,1
609759728,911.4245330130818,424.5052360516793,904.8246,428.1552,1
609759745,910.0856168828425,419.9141117212121,898.3984,398.4861,1
609759761,908.578684063094,415.91782519400977,895.8249,399.0407,1
609759778,909.4297337525358,412.6521016025027,930.8787,403.9001,1
609759795,915.7971732647882,410.07903981610735,1026.3501,414.8827,1
609759812,923.5059204352356,410.6917449543514,1048.0856,458.8228,1
609759828,930.0942752891026,412.77511207576214,1030.4104,478.5103,1
609759845,938.0245096904306,414.33572608826654,1052.9934,467.2069,1
609759861,947.2148940140604,415.7718048028404,1076.7173,463.3631,1
609759878,954.7986100544838,416.09071342144324,1047.6084,441.9524,1
609759894,961.4355494932508,417.45076184147007,1035.1106,454.6691,1
609759910,968.5644986846752,419.364915022004,1047.5142,463.327,1
609759927,975.8138430408155,421.00737331309557,1049.2307,447.302,1
609759943,982.2103606835724,424.40494912020387,1040.3782,474.8156,1
609759960,988.6509144654034,426.57848278917163,1045.4033,455.7548,1
609759977,995.1944340207783,429.69651243023804,1052.7986,473.8241,1
609759993,1002.3814968510474,432.05677713783086,1070.5957,462.9393,1
609760010,1008.0152356210854,434.4391316549363,1050.4287,465.449,1
609760027,1013.5196943369511,436.18419387040655,1054.9921,455.8593,1
609760043,1017.7505355646296,438.24773269109,1040.8296,461.4627,1
609760060,1021.7362947330971,440.03203852824305,1041.9612,461.528,1
609760077,1026.231303433478,441.465743802427,1056.8792,455.2766,1
609760093,1031.2555042873576,442.8857129430227,1070.9213,456.4024,1
609760110,1105.4792701748286,807.1008842031046,1104.1083,770.5491,0
609760226,953.7603710087641,675.6367005987737,953.0139,654.7466,0
609760243,948.1386994037998,601.1017225826464,940.9431,524.5754,0
609760261,954.5004234845227,555.7746869942468,964.9582,471.6945,0
609760276,950.799592342973,524.3929430705696,937.5962,442.1134,0
609760293,952.6482019661813,508.88305240147974,957.701,457.5876,0
609760310,960.7479999862906,426.2600465785984,958.3427,436.8635,0
609760326,970.127560422255,405.81276187953006,967.5013,419.0518,0
609760343,962.5077430522695,424.3061713571501,952.6635,451.2405,0
609760359,964.4608201880694,429.04821088967367,965.9791,447.4998,0
609760376,964.6775524890346,427.7880705609998,962.8635,434.8187,0
609760393,959.8893737287661,429.6046663877431,938.9497,445.7912,0
609760409,965.9824217314243,423.23081181066095,992.887,407.1631,1
609760426,965.8302475559248,426.0837432724964,962.3997,451.3633,1
609760443,965.1144334860691,427.7305742736956,957.8346,447.7044,1
609760459,962.3149986888303,430.2897888916531,939.1371,456.848,1
609760476,962.1084088417176,431.91901696783543,958.4768,453.0863,1
609760492,962.6830066657557,431.4089030450388,965.8278,436.5259,1
609760509,963.2168010383962,434.6454649006811,966.4786,471.3618,1
609760526,964.5800131797761,436.24962820955557,976.5846,459.027,1
609760542,964.5513692154129,438.2346517297392,961.635,464.9361,1
609760559,965.8398686220912,441.73364190626717,978.4193,484.2184,1
609760576,967.9547357236025,442.63193008585904,990.6412,457.679,1
609760592,970.8457627444575,444.9447149459065,1003.7312,475.9821,1
609760609,972.2296485154684,448.6840383501741,985.4211,496.0305,1
609760626,970.8273221388208,450.62708393606636,945.9525,475.9246,1
609760642,970.7994527249342,457.13022539500133,966.1785,538.4146,1
609760659,973.1022921938801,459.33551375243917,1001.8567,485.1483,1
609760676,973.304616784152,462.63044368323125,970.7858,502.1891,1
609760692,973.9989062530883,467.94375206397797,979.3456,533.4194,1
609760709,975.5504339037747,472.2119636577512,993.9243,522.1636,1
609760726,977.221609622175,474.6163914836931,996.8678,498.2334,1
609760742,978.3199487509073,478.150799812838,988.6544,517.2401,1
609760759,979.8900884762871,482.30422148496814,997.6793,529.325,1
609760775,980.855579078492,486.5542931619499,988.572,533.7461,1
609760792,981.5742817188409,488.64307863302423,985.1142,504.1118,1
609760809,981.7840500816626,492.6475505573649,977.4838,535.86,1
609760825,981.4484813056658,494.25089505086595,967.3777,494.2354,1
609760842,982.4869954427228,493.81263470432367,990.2825,469.9677,1
609760859,983.224715341178,492.3703710038069,987.3844,457.0014,1
609760875,983.0525517166764,492.7782554555879,972.4169,486.2949,1
609760892,984.0245508539234,489.98532849270913,990.2542,441.1512,1
609760908,983.6389173045509,489.37636039351617,973.6152,472.2535,1
609760925,980.3654184503964,488.80021508010697,920.9456,478.9429,1
609760942,980.3331475635496,488.2297656733588,976.9442,480.0648,1
609760958,980.85401773273,487.8778258523064,984.9827,485.2401,1
609760975,980.2376131867602,486.9468424463033,967.7842,476.4384,1
609760992,976.4500876759989,485.7859626601673,913.9104,471.3088,1
609761008,976.0958707869644,480.75592090986527,972.6013,416.6287,1
609761026,976.6641787323205,479.90564387569736,989.5696,478.6485,1
609761043,975.1792111254217,477.2172787170056,951.828,450.4222,1
609761059,973.9949224017955,475.4097887527547,958.3904,464.9221,1
609761076,972.7015729847677,474.1834540341228,957.0205,469.7333,1
609761092,971.5931192942868,472.0620091337698,960.4007,456.9069,1
609761109,970.9685735067264,469.2447830994075,965.5764,446.9322,1
609761126,978.4079173916945,468.38524005367464,1100.0637,473.7261,1
609761142,984.2719971578344,466.70606172234477,1074.7754,465.7813,1
609761159,992.4827375082355,464.94459899768736,1119.1086,456.937,1
609761176,997.3673466018762,461.7803546684881,1058.772,435.3325,1
609761192,1004.0099166307411,461.35774055111585,1091.7751,478.5179,1
609761209,1010.7765278219674,461.2571945447074,1097.2852,479.988,1
609761226,1016.1750699515294,461.66951305506745,1076.269,483.3186,1
609761242,1022.0886116573719,462.4215601339405,1087.1104,489.1014,1
609761259,1027.1697294047892,461.21400240990425,1076.7379,458.951,1
609761275,1033.013109819015,459.8638453847425,1092.5518,455.8785,1
609761292,1038.5693680226673,460.9507929339184,1091.5819,488.6046,1
609761309,1042.3269814135253,461.9900097381425,1064.2048,490.1268,1
609761325,1047.0683693614392,463.7210192838722,1084.979,495.571,1
609761342,1051.0908021963653,465.7372538221796,1079.884,497.2709,1
609761359,1054.6410865584896,467.3765013565134,1076.0787,490.6138,1
609761375,1055.689950298966,468.04301140733617,1036.0359,479.2509,1
609761392,1050.3086728871197,464.27759780961657,931.1452,406.9313,1
609761409,1046.9788797868841,459.6666227204908,968.7415,398.3553,1
609761425,1044.6065333340898,455.4299592070218,983.4462,404.9321,1
609761442,1043.0201107994142,452.09541214042264,1006.2639,418.5204,1
609761458,1041.6812231182532,449.0982125808362,1013.4001,423.5505,1
609761475,1039.7859145032855,447.59809246682806,1003.648,444.4435,1
609761492,1036.1755845658258,444.5432778879211,969.6351,419.0813,1
609761508,1031.7693284247953,443.9092959902744,963.4725,449.2907,1
609761525,1028.930252767039,440.1783372857657,991.6795,408.1051,1
609761542,1027.1030914849212,439.13421478220647,1004.6726,444.7323,1
609761558,1026.5066003479283,438.19988932192746,1025.8031,446.7172,1
609761575,1023.4539703491553,437.0692778929469,982.085,442.4133,1
609761592,1021.2368414666921,435.1955921923877,995.3508,428.2826,1
609761608,1019.4322593340146,433.23299552143925,1001.2292,424.5162,1
609761625,1016.1357968943048,429.98387502349584,986.8566,406.0859,1
609761641,1014.1949736116544,428.9500378068354,1003.8448,437.2889,1
609761658,1009.4118946620164,430.50798171731424,955.9208,473.7887,1
609761675,1002.4165092822984,430.00797080896564,907.2113,438.5233,1
609761691,996.4885258841189,430.10247815333105,925.5943,451.0022,1
609761708,990.6081617776101,430.8770689755513,922.8665,459.9284,1
609761725,985.8113620120631,430.28641606555533,934.9031,438.1855,1
609761741,981.0598887823226,429.29001615182443,932.5688,431.3378,1
609761758,976.8604754808392,428.4605244284648,936.6875,429.6791,1
609761775,971.6240598882874,429.0255917859008,916.2858,449.8239,1
609761791,967.2960028844109,428.96437305459654,927.2828,443.1272,1
609761808,962.2569129374721,429.6356395813497,907.8112,453.4559,1
609761824,957.6967963196913,427.08621448166997,913.6748,404.245,1
609761841,953.893332796756,428.28904050185827,922.132,460.8912,1
609761858,949.996120842407,428.44889507331646,915.6174,443.6214,1
609761874,946.0081709837802,428.6969188237234,905.7299,443.3863,1
609761891,941.6920853808699,429.1597162568689,885.8447,439.182,1
609761908,940.3670415745474,430.3134458614111,939.0796,450.1203,1
609761924,939.8779331041351,431.69093514897855,952.0532,455.3056,1
609761941,938.5441874816544,431.3431467885124,936.5171,431.2102,1
609761958,935.8841960000067,433.85562253192387,911.4412,475.7917,1
609761974,933.123886952852,433.2105812322028,905.1832,430.372,1
609761991,931.1642013461492,431.9229498196153,912.5345,418.4142,1
609762007,928.9083640714775,431.7001011470972,904.5261,438.2183,1
609762024,926.7291439210876,429.89801619452476,906.2381,410.0394,1
609762041,931.7060049661629,430.3438093784943,1028.6796,449.2463,1
609762057,939.6048603939377,430.3180394640293,1078.7614,442.4274,1
609762074,947.5994499177312,430.5883288096464,1074.1698,446.3692,1
609762091,956.0721372143854,428.8550325987178,1083.3113,414.4056,1
609762107,962.6760667233215,430.809212394113,1052.5541,470.0717,1
609762124,969.8582380012516,434.03827962698796,1062.4941,487.8123,1
609762141,977.342172266586,434.7049521211814,1071.3615,452.4921,1
609762157,984.1765592710364,435.3217692559272,1058.0251,455.5129,1
609762174,992.2353543725523,436.01730127978806,1078.3401,453.0048,1
609762190,997.7889712015531,436.51127989361186,1042.2299,451.2736,1
609762207,1004.3401154741447,435.73513174598276,1064.4075,433.1384,1
609762224,1011.422728108221,436.14333596849525,1080.6023,449.1336,1
609762240,1018.036919453954,437.7272567716411,1078.1808,466.7221,1
609762257,1024.645191064476,436.18699290671617,1084.2197,419.535,1
609762274,1027.6795476398795,435.327069809112,1026.7452,432.1039,1
609762290,1030.6495484482389,435.7262314147183,1033.375,450.7282,1
609762307,1035.5520907358302,437.1908708756864,1070.9958,468.4079,1
609762324,1040.6258573397904,437.84494576983957,1080.6594,451.2375,1
609762340,1046.117061277002,435.3789978782619,1094.3866,410.3509,1
609762357,1049.6198088855149,436.5917429358453,1065.5989,464.3514,1
609762374,1052.3858385584776,436.41168903565216,1057.4595,443.1641,1
609762390,1054.7210566542105,435.40990741480397,1053.4939,430.3343,1
609762407,1056.5691669452679,433.955145066093,1055.8805,424.6311,1
609762424,1057.810136767072,433.61046081632395,1051.1277,441.8668,1
609762441,1060.481544933192,431.77076683335434,1077.8411,416.5457,1
609762458,1062.7753182240344,432.0609820764857,1072.7404,453.4368,1
609762475,1064.3469267281719,431.5518569360712,1063.3816,435.8751,1
609762491,1065.6714189892564,430.96949071635714,1063.4302,433.4971,1
609762508,1066.8482400909113,430.9115600310136,1063.2712,443.5274,1
609762524,1068.0867654874892,431.4163223255612,1067.4963,448.9744,1
609762541,1067.806758331458,431.0725627154857,1056.0952,439.9608,1
609762558,1067.6765480396734,430.45427258984193,1064.2064,434.6251,1
609762574,1067.7365770984777,430.47777303655835,1066.7847,444.436,1
609762591,1060.4585259950138,431.3628613707891,940.9302,453.1329,1
609762607,1051.2404853179914,432.1816302681094,903.7016,457.6141,1
609762624,1042.3873014778978,432.93184419910375,910.1333,457.7294,1
609762641,1033.4550162636444,434.1268316051454,907.9004,460.1718,1
609762657,1024.6611307011588,433.27458508458534,906.0381,429.2396,1
609762674,1013.6145713954661,433.6829659497259,866.1443,447.8885,1
609762691,1006.0458128303344,434.0671390730767,918.2712,447.7068,1
609762707,996.5177873362741,432.4092269311035,882.0525,414.6418,1
609762724,988.4526110515004,431.59141118057846,903.6904,429.4969,1
609762741,978.4095864551476,431.17636665512106,863.236,437.1343,1
609762757,970.2763677861547,431.7980061652975,890.3743,448.0319,1
609762774,963.9132448133473,432.2908910115809,908.0665,447.8949,1
609762791,957.9300858518144,433.1443511065515,908.8698,455.475,1
609762807,951.9689760499076,432.09602551804585,906.0714,428.2174,1
609762824,946.9682470054058,432.7217111717022,916.4177,451.7707,1
609762840,941.2533512971509,432.98352967298246,897.9528,441.9888,1
609762857,935.1452924485488,434.2749857320271,880.8541,463.6442,1
609762874,933.0640637538502,436.1010932375333,942.6157,469.8611,1
609762890,930.9254248820479,436.3847102225336,934.4313,445.3091,1
609762907,928.1085534861365,434.3790051638548,916.5732,410.2828,1
609762924,925.343784141544,434.0814106733797,911.3934,438.5056,1
609762940,923.122839455651,434.6959633758146,918.2189,449.9816,1
609762957,920.4015471758968,434.54602841564355,903.6249,442.4362,1
609762973,918.6693960715153,434.5841188361442,914.9171,443.4959,1
609762990,915.4399620480352,433.7980286132181,884.6653,430.6685,1
609763007,912.3997052911877,433.14474226079943,883.9512,433.8307,1
609763023,909.9260615911508,432.0138960234367,890.3812,427.0525,1
609763040,909.0472120236088,431.24173163462603,913.2732,431.5146,1
609763057,908.3549429116008,432.3843260437742,914.4896,459.9745,1
609763073,908.3259568473835,431.6645199669714,923.1864,432.5613,1
609763090,908.3847079728544,432.1370608968843,909.6969,451.3716,1
609763107,908.0391869786025,434.0939551484872,898.8309,474.0339,1
609763123,907.849397369147,434.9023596885262,902.3225,456.2755,1
609763140,908.2252167655498,436.532931292693,912.0898,468.9607,1
609763157,909.4995546439081,438.8605779873685,927.6526,476.5135,1
609763173,910.7594447908152,444.3235359339918,923.9838,526.7375,1
609763190,911.1617920776629,450.42444330341084,915.4005,536.9323,1
609763206,911.7096635944312,454.70441411786686,914.1891,506.9213,1
609763223,913.3889261967958,462.1688597341989,936.9492,558.9409,1
609763240,914.8610857630827,469.0856948062301,929.6473,553.3862,1
609763256,916.3101395986679,476.0311835461418,933.0942,557.3246,1
609763273,917.9455795036108,482.08532803950567,938.7255,546.4534,1
609763290,919.2436715199611,488.9376849712027,933.6428,562.4574,1
609763306,920.7508073433158,493.57627756891,937.3976,529.4048,1
609763323,921.6714211462295,497.6922024024813,929.0797,527.8411,1
609763340,922.5805310648656,501.2115578701217,927.7031,521.6239,1
609763356,925.6328794450969,505.59822272819184,964.149,541.3285,1
609763373,927.0714074164528,510.2283649182807,943.954,549.3201,1
609763389,928.1678644884133,516.6090563503211,938.0504,577.3245,1
609763406,928.1761955420388,521.8505617878986,918.2163,560.7007,1
609763423,928.1346391918225,525.9647987444004,917.8752,551.3567,1
609763439,934.2073392124529,528.9540354383249,1025.1582,540.5302,1
609763456,940.5976183497698,523.8707469223008,1029.5215,421.0911,1
609763473,946.8903310197276,518.9951420226735,1030.9194,428.2617,1
609763489,952.4003903403152,515.8908755852227,1016.7549,456.9978,1
609763506,959.2290026474693,511.1985401910284,1042.2822,435.8857,1
609763523,965.5413840873729,506.5455983644537,1037.4004,437.6395,1
609763539,972.5071305403944,501.03664080490853,1054.5197,426.3822,1
609763556,978.527174356625,497.5460658921147,1042.2057,460.3635,1
609763573,983.7707411373192,491.9537171966321,1033.4661,424.941,1
609763589,987.2177356800872,488.32682764529136,1005.4745,455.8742,1
609763606,990.2697418021424,484.3361483990959,1002.0341,451.0452,1
609763622,995.5333419056105,479.066588354158,1045.0725,427.7626,1
609763639,1001.041073725159,472.42169388611387,1054.7456,405.7579,1
609763656,1000.589658984567,469.56356049950114,958.4705,460.5732,1
609763672,998.3658638493484,474.97672937432935,932.6727,588.0403,1
609763689,996.4723264193271,480.942720511804,941.4397,593.6505,1
609763706,995.8249696663485,485.39495278523526,966.1063,564.4089,1
609763722,994.2691672693578,490.25193117056386,955.7485,573.5687,1
609763739,992.5177468218278,493.0766915831522,953.6064,539.7626,1
609763755,989.2492615258674,497.72410884759125,929.8142,566.2287,1
609763772,985.966294944385,503.39659491323124,931.5165,579.7739,1
609763789,984.148040791096,508.6954974216916,956.8815,575.7371,1
609763806,981.1486802985775,513.5264302893977,937.062,565.49,1
609763822,978.169623622952,520.6752739064913,936.5963,602.0703,1
609763839,976.9141155123705,526.1124025452343,965.4675,577.5878,1
609763856,975.1041024658149,531.4329900637955,958.6867,580.4164,1
609763873,972.7176669234699,535.415739876664,944.9187,563.5889,1
609763890,969.8922933046342,539.1797610955358,935.2031,566.0864,1
609763906,966.6059977500818,540.4954962048175,923.3022,529.9783,1
609763923,967.7848439696778,541.7999802837626,998.7083,532.6425,1
609763939,971.0888661645864,533.4710356011991,1043.3953,388.458,1
609763956,974.8327877990464,526.7786267913266,1048.5916,404.5247,1
609763973,977.2850864737193,520.7700866437656,1024.0457,419.5237,1
609763989,980.8656575823487,512.5067410508714,1039.9231,391.0739,1
609764006,984.6489199436296,505.9300938659407,1045.0339,416.1152,1
609764023,989.2164491645237,498.804689786759,1057.0614,408.8117,1
609764039,993.0631065737614,491.8232003131447,1046.125,409.6596,1
609764056,995.6800948359163,483.9654405369858,1023.676,398.7526,1
609764073,999.3474787285722,477.9310889094379,1041.9333,420.8843,1
609764089,1002.9060670135572,470.82274454010474,1038.4783,405.254,1
609764106,1006.2779075998658,465.7587649409194,1037.3037,432.4186,1
609764123,1009.8936471133918,459.27722707988414,1048.189,404.6197,1
609764139,1013.2299729294303,453.15900155294645,1046.5105,403.9597,1
609764156,1016.6297627692044,447.4870793512117,1040.2632,412.2225,1
609764173,1020.5172237574204,441.69494349689063,1049.9995,418.0623,1
609764189,1022.7510026540729,437.2239395145815,1026.8313,431.3826,1
609764206,1024.3077468087176,432.44019116035014,1021.7029,416.5357,1
609764222,1027.800684674855,428.703586220916,1057.7888,427.2441,1
609764239,1028.6457454356942,425.270375498799,1015.5366,421.9394,1
609764256,1031.7886600660947,421.8231911816657,1056.3188,419.2066,1
609764272,1033.1831002253773,419.23926593801156,1030.0867,428.0063,1
609764289,1037.7788157464686,417.3297113821067,1091.4349,432.8567,1
609764306,1040.3565740461038,415.26225967433794,1057.5455,424.3505,1
609764322,1044.5455567900335,411.7088446843299,1088.3916,401.2975,1
609764339,1048.6426124324544,410.0891683065971,1093.0991,423.8104,1
609764355,1051.1481808303872,408.47513903391916,1067.7278,420.2898,1
609764372,1055.5275514635964,405.68149310062074,1101.4459,397.4454,1
609764389,1059.831742659979,405.5759207083261,1102.5649,435.8008,1
609764405,1062.4452951460446,403.04637300044413,1075.2014,392.4945,1
609764422,1065.7654837354082,402.59779854138,1098.6777,422.7571,1
609764439,1069.76970266001,404.1812625595751,1117.4956,437.6065,1
609764455,1073.1435912697154,402.70128269975504,1108.5945,393.1772,1
609764472,1075.043936928633,401.49230196309486,1082.6833,399.036,1
609764489,1077.7294402459017,401.3356923523448,1100.4136,412.2882,1
609764505,1079.0978421002094,401.19427218425096,1080.4717,415.2493,1
609764522,1081.0854718710589,400.6054810044239,1094.5649,407.6661,1
609764538,1081.0119963370403,401.6188286981355,1060.1365,431.9115,1
609764555,1083.4918062279244,400.3041034295402,1103.8799,395.569,1
609764572,1084.5205532930042,399.6735503568452,1083.1946,408.1446,1
609764588,1086.351888206496,400.352033330387,1098.9535,426.247,1
609764605,1087.554571872112,400.44875013114665,1090.0107,419.9493,1
609764621,1088.471829788569,402.32755031166454,1088.4236,443.796,1
609764638,1090.3273062694157,402.393539776618,1106.0276,416.2664,1
609764655,1091.7436811855887,402.93998201955617,1099.6091,424.493,1
609764672,1091.4229963924342,402.1864939358415,1072.251,405.1201,1
609764688,1091.3303069044623,401.96639650967523,1075.4153,414.5486,1
609764705,1091.952148499052,402.00660264473254,1088.9045,416.8251,1
609764721,1093.618694069635,401.13372669514075,1111.9971,404.0921,1
609764738,1093.3162857435243,397.85734152911414,1074.397,366.5478,1
609764755,1093.5504777720616,397.08433220126216,1089.4736,404.2274,1
609764771,1093.5474563067687,398.9008485701656,1083.687,444.1943,1
609764788,1092.4345904249742,399.7989545270848,1071.5298,430.1705,1
609764805,1094.2551281283747,399.4421304996322,1118.481,410.1718,1
609764821,1095.7029547024251,399.18183728775284,1115.5421,409.1346,1
609764838,1096.992115679043,397.0623203322906,1113.083,383.2409,1
609764854,1098.7115164017023,394.47431293149026,1117.9626,375.531,1
