timstamp,smoothx,smoothy,rawx,rawy,fixation
627665400,929.5692044707275,752.1877622368137,947.832,783.0341,0
627665417,903.4926832952922,713.875596869547,877.2192,697.4136,0
627665434,920.5939598718052,710.6643973076576,978.0778,729.0677,0
627665451,903.675255419085,723.9431601440757,850.1479,796.5975,0
627665468,966.9518116796631,756.3002258582592,1322.5642,927.5286,0
627665484,919.6596615298284,790.6628307866144,936.8029,826.4481,0
627665501,904.4299867263458,661.6930563083763,911.3224,681.4152,0
627665517,884.0903932888018,714.5801250997106,863.7423,800.7516,0
627665534,895.7409087822684,718.8489246988796,933.0643,754.859,0
627665551,888.4489873259465,727.8670003739543,866.958,786.0218,0
627665567,889.3235474730207,724.8823116152547,898.7668,738.8183,0
627665584,1180.2847782509398,572.5201188218376,1262.8695,578.2254,0
627665600,871.2892002814451,799.3336138018573,874.8441,836.7008,0
627665617,889.2282382199801,771.2990556710286,918.4944,773.2974,0
627665634,884.5551102561851,777.0456345261858,879.3696,824.5865,0
627665650,875.0216718674665,728.2132084688333,833.4109,593.9722,0
627665667,874.2117659147619,690.5103920904638,863.282,549.3179,0
627665684,875.8538423303937,531.5674877172041,868.5852,535.2168,0
627665700,911.1122909195293,503.446684973893,912.7599,503.2015,0
627665717,859.91780056677,544.914548515002,784.6998,597.4866,0
627665733,877.709447640916,524.5955623613055,914.7317,481.2934,0
627665750,882.4061047265548,523.9884382103427,894.541,524.5634,0
627665767,878.2903177377157,534.7242828777645,852.7626,586.4764,0
627665783,853.8292795778746,742.2461960762552,849.7485,772.6121,0
627665800,975.2096539408534,602.7099623474029,999.8862,614.2957,0
627665817,989.2785655564022,538.4937078165318,1030.2942,469.6113,0
627665833,930.6985468563614,574.2089989458835,794.2917,664.1152,0
627665850,915.981335113721,585.7823851093498,869.123,634.6542,0
627665866,912.3300691271891,614.9796359341868,907.6813,757.2438,0
627665883,880.330796098522,534.8150993036448,874.5035,538.8273,0
627665900,500.46148658077044,665.8314824610109,390.7739,690.1794,0
627665917,652.8432672734817,616.0454507814948,778.6196,575.1356,0
627665934,726.093373386569,648.8254854646561,870.4719,740.8896,0
627665950,765.8506065920625,666.4483534062288,884.792,745.5347,0
627665967,793.1781534124505,637.1751642563721,895.931,523.6854,0
627665984,831.7459997561941,550.5552357034047,812.589,557.0405,0
627666000,859.656353032037,583.4736052700088,850.0597,593.8147,0
627666017,915.9806294887759,547.9737046705034,991.8689,512.8452,0
627666034,885.0242834793198,557.3679812585444,802.7616,586.0159,0
627666050,864.5942491062564,551.2325830099134,776.3066,537.6455,0
627666067,845.9917682672532,556.3606776378887,739.0532,587.0651,0
627666083,837.7596536124798,550.5373936633741,769.6342,525.4221,1
627666100,832.216340947708,550.3635233445075,774.7793,556.4202,1
627666117,762.5596233600099,584.277998382733,724.9335,595.707,0
627666133,844.8947109703633,563.2706965244946,830.115,571.2213,0
627666150,824.333168399486,528.1517336874673,773.9916,492.6691,0
627666167,820.4295259618588,537.635839912197,788.4125,564.1071,0
627666183,808.0839554812335,521.5732422322153,731.6437,471.4534,0
627666200,804.4107309703201,519.193379538165,757.6252,512.2133,0
627666216,805.9320171650222,513.4950077685535,786.8325,484.9958,1
627666233,798.3648190898141,531.3169083861382,717.7849,653.1593,1
627666250,802.7257609138111,527.3592063512441,811.9843,500.3287,1
627666266,796.6982413975312,521.7468080004778,706.7033,477.6653,1
627666283,797.5355085146554,526.2566996959579,780.173,572.9092,1
627666299,792.1022043097577,525.0573064538187,697.8627,516.6094,1
627666316,794.8297826021193,524.964940687091,801.6606,527.2754,1
627666333,793.9540452167506,524.095475791913,752.4944,517.4237,1
627666349,795.581780104365,522.3041733785552,789.5325,503.1889,1
627666366,801.1040528133252,521.4068340675648,856.5071,512.9938,1
627666383,799.9771130264947,525.3470063196797,753.1157,585.2496,1
627666399,799.7811343903383,532.6862123847386,770.517,642.8516,1
627666416,800.9241295774016,533.5378367521629,791.1171,546.1392,1
627666432,799.6610928589353,535.8337862700141,747.6378,571.6739,1
627666449,799.9135980367234,535.1481685386822,774.0419,523.0045,1
627666466,796.9535459711013,534.3291748611108,709.8743,521.0519,1
627666482,963.0980334657032,587.5476337257547,983.5861,597.3498,0
627666499,753.2249807291553,739.1240979196241,719.9228,770.1198,0
627666516,766.6520537017946,749.7596369658146,755.4585,793.7628,0
627666532,770.8577147358928,699.8906792634384,747.0625,614.0615,0
627666549,760.9752882610574,660.4005201751822,683.1318,550.7103,0
627666565,782.5680511935127,666.0923174162754,864.9885,713.9908,0
627666582,868.9380736850455,640.9275239117663,864.6298,658.3991,0
627666599,832.8614606059826,715.0747120713838,821.4877,742.2369,0
627666615,844.9620114094868,685.8606428193639,849.9982,676.2997,0
627666632,823.8199725312265,680.4267008990062,753.5393,691.7607,0
627666649,838.9725814769189,689.2759954175467,887.6347,742.4625,0
627666665,841.8136665217419,680.9295326354546,844.1079,666.6713,0
627666682,846.2966377055965,670.6431054414423,862.2087,635.9655,1
627666698,837.7566459316853,653.0085547875183,755.9981,559.4182,1
627666715,828.7029174809963,639.0396319729509,731.1828,555.7873,1
627666732,824.8191494939623,641.1185408366335,772.9196,682.0427,1
627666748,825.4163164660217,642.0407430378884,818.0972,673.1788,1
627666765,822.1254582671779,652.8675345879457,773.1934,787.5143,1
627666782,823.1063903683818,659.2012421613822,824.8785,750.264,1
627666799,822.5325617078627,664.5529370413461,803.2722,747.611,1
627666816,824.4095584410477,660.4658604743896,835.6609,625.9327,1
627666832,747.5776608925461,856.5703823080945,717.9692,902.3923,0
627666849,823.8841462781774,760.5512255325082,811.9778,793.5233,0
627666866,807.7451976362588,693.8318475365722,764.3792,643.8236,0
627666882,784.2932541579236,685.0414091094804,696.7698,690.1074,0
627666899,789.774167180866,657.6587660343953,781.1866,587.0056,0
627666915,804.6785002201825,627.7827322649248,851.6776,513.092,0
627666932,823.2525132879387,464.08919103280016,797.7193,459.7877,0
627666949,908.137751005251,563.6845660194912,911.6573,571.0445,0
627666965,900.6917734709759,538.688447642621,890.2211,514.9886,0
627666982,886.5787116132204,524.3235078497856,844.6874,495.2426,0
627666998,883.9820368397309,510.59550932381876,866.6801,466.1689,0
627667015,878.8134377146035,500.0394084821143,843.3931,454.0956,0
627667032,876.296643260164,497.3464675804994,852.0206,483.4623,1
627667048,872.955615358737,485.08507888422525,835.6635,404.9641,1
627667065,662.9592270058185,525.4617233705935,593.8762,530.5068,0
627667082,818.1386721890565,635.5236990136325,798.9017,652.832,0
627667098,807.6526709198955,550.148172936209,764.1686,461.0668,0
627667115,813.3488979087058,515.5889678652982,798.8542,440.9191,0
627667131,829.1394762495997,502.7713513684678,865.6823,461.0865,0
627667148,820.7149150927766,494.44026660356934,751.1296,458.985,0
627667165,808.4082558943519,486.0281227908134,700.5557,441.0807,1
627667181,800.8968655653786,479.29080290340096,713.0707,436.2629,1
627667198,800.3597219093434,479.17846995410815,766.3812,479.3414,1
627667215,802.721292413943,487.43252540473077,800.1193,558.8503,1
627667232,801.0007181353928,489.2629630845288,753.897,506.9366,1
627667249,803.8027677351653,491.45294927620074,809.4625,513.6934,1
627667265,1248.902578601183,743.5339336363796,1359.0767,770.0468,0
627667282,1008.9577460961417,869.7641688525582,1055.4999,914.5889,0
627667299,965.8394542866312,895.0060219753839,946.7646,972.2238,0
627667315,973.7955621917821,898.0439574820845,1032.3872,953.2719,0
627667332,1041.8523497251485,918.9352226700712,1363.1359,1037.087,0
627667348,1032.4929258229588,906.8132410639691,1035.4692,902.0031,0
627667365,988.9420965712353,859.6184749363256,1029.2386,903.3708,0
627667382,929.5730526624691,870.199741278267,953.1887,915.886,0
627667398,983.8732144104712,889.6818982509176,1094.7665,958.5919,0
627667415,1003.029760578703,851.0510877428374,1092.2432,806.6627,0
627667432,998.8463700173805,846.2198054859665,1024.0627,872.7416,0
627667448,995.7602331737952,850.6055381626824,1022.2731,913.3578,0
627667465,985.8776969657412,872.6235496412736,968.4774,1039.5034,1
627667481,975.8423105187917,890.9376705507107,944.4283,1057.0229,1
627667498,973.7228530654224,886.0972165534986,992.9429,893.7601,1
627667515,975.6463460928318,891.8397436990521,1036.2373,985.5538,1
627667531,975.2239722495783,907.5988498666343,1016.7181,1101.6157,1
627667548,969.2687880302359,906.6448898387116,937.2556,940.3499,1
627667565,967.7383333423894,897.7237644631429,983.4785,841.5824,1
627667581,967.0053872473623,898.623566122895,996.9113,955.1113,1
627667598,966.6166684417395,895.4918302840794,998.6407,901.48,1
627667614,966.7723513022365,887.8007613296554,1003.8923,831.7659,1
627667631,970.7652801519321,884.160323480899,1071.8595,882.3039,1
627667648,976.4684659906591,882.3609528068522,1108.609,906.3873,1
627667664,983.5644452228286,889.8851957712029,1147.4392,1054.5356,1
627667681,987.6627524229657,887.9087788599156,1092.6603,904.3732,1
627667697,993.6382295420469,887.249508237718,1135.0211,924.7301,1
627667714,994.954395573312,885.0663190804645,1047.1152,898.1321,1
627667731,1001.4535890768389,880.9406668973011,1153.8232,860.7773,1
627667747,1006.2433686030055,879.8651849243806,1126.7258,913.3352,1
627667765,960.1105645388513,1115.5711262558732,1003.6805,1191.8024,0
627667782,1060.1236039733633,903.7511031103063,1122.9966,952.3297,0
627667797,1056.0972002366561,909.4610596090125,1113.1465,965.2512,0
627667815,1038.4569263795202,931.4928052712072,1053.1461,1033.3929,0
627667831,1028.7622581956273,921.7754374704903,1045.3846,940.3912,0
627667848,1089.3954644373998,908.9125333537844,1466.1514,898.5187,0
627667865,1013.2671356650524,944.0252603170969,1064.4226,998.1445,0
627667881,1180.744169222698,777.9578707219879,1272.7781,809.4922,0
627667898,1090.310498111509,806.4314841969482,1042.5071,875.3545,0
627667915,1067.853852953843,799.4229827124511,1070.6542,819.4109,0
627667931,1051.126984181748,819.1189359250363,1047.3024,923.3352,0
627667948,1165.5855731983065,831.8907781011785,1838.6124,921.5095,0
627667964,975.0544150496606,906.9498395216889,1013.4831,956.7952,0
627667981,943.1530965675447,886.1697299575765,971.4183,933.7262,0
627667998,970.4577678936511,868.3430182816492,1040.108,893.0863,0
627668014,1013.6526195056413,844.8037445185772,1168.7781,833.0103,0
627668031,1029.9016481254744,855.034733917416,1144.3063,931.9572,0
627668047,1035.9312114059192,892.5477614355464,1126.8708,1105.6174,0
627668064,1031.5625086280138,895.4382822222867,1057.0231,957.374,1
627668081,1019.3348806682441,904.0237043264368,980.0942,1007.4662,1
627668097,1210.8942997216113,850.2245657485694,1314.9204,890.54,0
627668114,1036.8316663162118,805.341380574922,1088.5093,841.7817,0
627668131,1055.282054002123,828.5325979158838,1138.1165,893.5557,0
627668147,1051.85260104481,851.9562328677044,1103.1858,946.4472,0
627668164,1078.5421755959073,825.3728217336262,1241.5327,773.8572,0
627668180,1086.4483015008955,754.0152545678121,1176.3748,468.3026,0
627668197,1061.773374480634,321.43685704969573,1098.7158,296.7729,0
627668214,1081.9636528681253,293.2773852138767,1123.4651,264.8672,0
627668230,1112.857207124543,277.6391463102259,1201.5939,229.0755,0
627668247,1120.0366236331747,305.91671468536106,1193.8582,341.9174,0
627668264,1119.8752890295611,320.0993182703622,1174.4888,341.6243,0
627668280,1115.5585641698167,323.74393945807503,1146.6042,314.2384,0
627668298,1112.628945129255,313.7686550288569,1143.2805,232.1194,1
627668314,1108.025507853008,316.52212445829946,1124.8018,308.7529,1
627668331,1108.628255909413,310.110241685984,1162.6558,234.9653,1
627668348,1104.505333668074,300.4178558163776,1110.3812,191.5758,1
627668364,1109.2492280005522,298.0358077095516,1210.4855,249.5222,1
627668381,1102.2851857366886,308.6756757362147,1073.4683,394.3368,1
627668397,1102.5626703271832,309.7012323570818,1157.1082,294.2135,1
627668414,1110.6304360095853,304.18480977074955,1269.8378,210.0622,1
627668431,1112.2146219818217,317.71765876040985,1191.9714,463.535,1
627668464,1109.2005645165402,313.1062153179086,1109.0394,221.9619,1
627668497,1117.9057927388315,315.106542651874,1309.9213,313.8984,1
627668530,1114.5528330695286,307.18659783346016,1100.3909,163.2277,1
627668564,1328.2278739113983,361.72971519057364,1444.0166,339.4247,0
627668597,1780.0426197759903,245.6977941537451,2021.1671,204.2102,0
627668630,1497.8724621580825,252.45748461203377,1295.2426,225.1381,0
627668663,1393.1364827847924,281.77369347655247,1260.2369,316.403,0
627668713,1349.3634781597757,284.3438499740942,1304.6428,261.4234,0
627668730,1311.0341678245304,285.6768948364414,1230.1466,260.7479,0
627668746,1346.6465105989964,516.7190484847338,1474.7878,513.7167,0
627668763,1324.503003850838,266.7962116674407,1434.9099,232.5912,0
627668780,1238.8423833411778,243.7934639489643,1212.2656,182.6053,0
627668796,1221.4473656181776,261.31469721433797,1259.3989,267.1441,0
627668813,1211.6795104756713,250.71840948090187,1250.8734,180.3926,0
627668830,1227.472773500354,250.1532754093278,1390.1256,211.8959,0
627668846,1307.3566083983521,246.00166577716138,1411.8643,209.356,0
627668863,1431.425188266281,162.84281713606273,1568.0239,114.4791,0
627668879,1364.3478277246934,214.8673699595191,1400.0244,232.8247,0
627668896,1306.0276649306468,241.4916881764582,1263.3708,264.7341,0
627668913,1280.9978390725644,253.4728000660486,1285.7188,258.0186,0
627668929,1289.8979261218506,303.282586896299,1448.2948,492.5796,0
627668947,1237.551424450453,211.5351187139564,1320.3188,171.2647,0
627668964,1542.3494235313008,150.71150321466254,1710.4608,99.695,0
627668980,1274.1415157379747,220.48546630556515,1026.1942,262.0354,0
627668997,1097.9268024931655,263.30280406337044,696.8615,329.8995,0
627669013,943.6846215833853,305.9189407329895,367.1801,426.2192,0
627669030,888.4541464681467,285.4339369544834,601.4759,167.0892,0
627669047,581.4646204068264,183.0855021608722,473.299,145.9051,0
627669080,745.6482021948173,256.1369433836994,688.2529,226.4742,0
627669146,726.513969051756,254.19667757950307,638.8099,222.4996,0
627669213,705.14076738187,241.5140995874814,579.6035,182.4924,0
627669229,704.4897202307092,262.71480310843265,636.4059,305.2944,0
627669246,701.4571138533894,275.632045761196,619.6604,305.5645,0
627669263,689.2303492537443,267.80672155021193,538.3658,196.7477,1
627669279,691.2265838714405,264.65894068378236,634.3476,215.503,1
627669296,690.096818625393,275.4028206465105,612.5793,329.1743,1
627669329,690.0478724540241,286.55174976381153,622.8459,353.7805,1
627669362,685.2371605248339,286.13399317278265,561.386,253.6362,1
627669379,688.4697676931743,286.78898045716204,656.6594,264.5139,1
627669396,462.27087245022096,268.7050586938366,323.5349,243.5026,0
627669429,497.22700266838194,321.93762888162814,371.0092,303.0739,0
627669445,611.7231391846088,232.5465054789176,657.7187,99.742,0
627669462,657.201849370564,257.2262224754519,692.2919,283.4097,0
627669480,744.7829349933667,278.3771524575181,1024.0677,319.5646,0
627669496,805.2849709418963,275.0730941942499,1066.4998,229.5778,0
627669513,1527.6174007335505,213.02881066529534,1694.2965,169.9984,0
627669530,1589.9229757578787,422.4244744396106,1784.1075,405.0923,0
627669546,1250.7727079355238,550.948217280724,922.4989,700.9792,0
627669579,1378.5076211193668,500.67000142791943,1840.0057,379.5132,0
627669613,1402.0430196608377,539.0910503321811,1642.0138,665.9933,0
627669646,1305.6501534094575,590.3745665921358,945.4835,826.3259,0
627669696,694.0616099044355,544.1418817174209,634.8159,551.2199,0
627669746,835.6429225762263,432.96896585509114,812.2799,424.6282,0
627669762,1012.2704375075473,476.4394619758622,1271.0015,518.7918,0
627669779,750.8700931286437,448.09025741536186,30.3339,384.1303,0
627669795,782.9281527947319,524.8615860455366,885.2874,784.0696,0
627669812,858.4499455950134,553.1030326335481,1236.7661,679.0297,0
627669829,841.8047376100941,685.0577235114491,831.6548,708.3544,0
627669845,1256.6520624028194,449.7116281473402,1355.7416,439.1977,0
627669862,1113.550407559995,445.6650940208215,986.9141,433.0035,0
627669879,1104.846978771378,491.6057279083081,1144.7363,590.8727,0
627669895,1083.7012881962746,525.5552888439713,1061.0505,639.5104,0
627669912,1079.5773253953237,543.317488980281,1115.8224,623.1154,0
627669945,1014.6262179408517,554.2376155311223,1048.498,559.3274,0
627669979,1045.4776155458833,513.3914367558015,1086.4147,513.0313,0
627670012,1071.517022920656,510.51959738863377,1153.2014,506.0449,0
627670046,1042.7140952345665,517.9763066293913,1009.7771,535.5024,0
627670079,1022.7915990885159,525.7873115582292,983.0379,553.7714,0
627670096,1035.8129544782087,528.4004421736462,1142.1167,540.6713,0
627670112,1036.6610799356404,519.6201763163316,1078.9894,471.5168,1
627670129,1027.5822399308195,527.3356890413125,998.6233,579.8333,1
627670145,1034.8140643024767,535.2654222994746,1139.4495,596.0547,1
627670162,1034.349247163462,541.3134601624853,1070.9019,593.9391,1
627670179,1036.5648251246535,558.4892298809461,1107.2521,721.747,1
627670195,1032.538008443157,569.0136635657226,1028.6709,677.3189,1
627670212,1036.0709851300817,578.8751852900344,1126.8492,686.4994,1
627670229,1035.9349070264007,574.6857253297408,1072.045,520.8109,1
627670245,958.7430253518445,745.8115501413737,985.1494,775.5596,0
627670262,1035.4547021378003,561.7132312437562,1075.686,567.5314,0
627670278,1020.9753071825494,598.8470232376384,1041.7678,651.3254,0
627670295,1031.1248129175672,596.2001160920753,1097.516,600.06,0
627670312,1038.0582565663403,636.2082684152421,1114.1842,784.5201,0
627670328,1031.5122058181748,625.4075319267511,1038.0231,590.3155,0
627670345,1013.0447144378368,620.272839805409,932.5796,605.6195,1
627670362,1017.9834642731062,614.0367199469448,1092.442,585.356,1
627670378,1014.3943227653476,606.5258357015176,1018.6119,562.4597,1
627670395,1005.8190914800061,599.1059382854404,955.3879,549.3068,1
627670411,1002.1426494655759,586.8019036245911,993.3238,483.9351,1
627670428,991.3199583121861,481.32037751963475,1015.1483,477.4777,0
627670461,966.8847376689762,545.8983922445883,986.5786,550.4247,0
627670478,969.8413011359867,513.5854752390751,991.2643,477.7049,0
627670494,991.515728703123,522.9274002675509,1073.6416,544.9612,0
627670511,990.1038932968208,527.4595378346598,1010.4472,544.6248,0
627670528,976.3576254526723,515.6720162876956,925.3967,464.6419,0
627670544,977.830525047581,510.72719420691334,1007.7639,484.0963,1
627670561,971.5844691214792,527.492400015205,950.0936,639.9293,1
627670578,961.6364847695966,527.8664642458963,894.854,532.6363,1
627670594,955.220154257883,522.101855023701,909.1694,474.4641,1
627670611,953.9030148090835,517.0755281064477,956.5698,471.1757,1
627670627,950.9489566910089,509.3098395043771,930.7937,431.3326,1
627670644,947.9909174077211,509.11942295467156,928.0016,510.619,1
627670661,947.2660097507965,511.7951805443672,956.9561,547.1222,1
627670677,947.260886556267,517.8306682662253,968.6274,596.903,1
627670694,944.2623390666656,513.9228072333483,913.4514,462.558,1
627670711,940.9377811809399,516.6224429630952,906.7029,556.7579,1
627670728,945.2309670839444,516.4011059202876,1035.9542,513.2937,1
