timstamp,smoothx,smoothy,rawx,rawy,fixation
618501828,1194.0388,536.2513,1212.6683,523.7267,0
618501828,1194.0388,536.2513,1212.6683,523.7267,0
618501828,1194.0388,536.2513,1212.6683,523.7267,0
618501844,1190.858,533.4521,1187.8967,519.9039,1
618501860,1190.7942,533.4521,1172.0059,529.5049,1
618501877,1189.6998,533.4521,1164.7561,521.9144,1
618501894,1189.6998,534.0371,1190.9072,554.6171,1
618501910,1189.6998,536.35,1207.0544,555.6333,1
618501927,1191.2068,536.35,1205.1158,538.1804,1
618501944,1192.5227,536.35,1205.2773,536.2552,1
618501960,1193.0914,535.3369,1217.8176,521.7055,1
618501977,1193.0914,534.7024,1181.23,527.5779,1
618501993,1193.0914,533.6754,1184.4366,515.1034,1
618502010,1193.8547,533.6754,1202.7706,515.9973,1
618502027,1194.8883,533.6754,1207.376,559.0956,1
618502043,1197.0964,531.614,1225.3042,503.6588,1
618502060,1197.5543,531.614,1201.5531,533.8733,1
618502077,1197.5543,530.6241,1208.8348,503.1536,1
618502093,1197.5543,530.6241,1192.473,509.4836,1
618502110,1193.005,530.6241,1112.7711,569.7471,1
618502127,1002.4672,594.7117,990.9348,618.0863,0
618502143,1002.4672,594.7117,1001.0438,594.7117,0
618502160,1002.4672,605.0818,1003.8869,615.5203,0
618502177,1002.0006,605.0818,1001.0662,604.9346,0
618502193,999.5579,605.0934,990.1399,613.0742,0
618502210,999.5579,605.0934,983.8678,598.7837,0
618502226,999.5579,605.0934,1017.5066,603.3732,1
618502243,999.4836,607.6932,999.0215,622.7098,1
618502260,996.8866,610.9756,975.6601,632.5719,1
618502276,996.8866,610.9756,1001.1002,620.8676,1
618502293,996.8866,610.9756,990.1995,605.2989,1
618502309,997.1382,609.7731,1006.6406,592.7769,1
618502326,997.1382,609.4313,1012.1641,599.3162,1
618502343,997.1382,609.4313,986.2421,615.1882,1
618502359,996.8357,609.4313,985.5331,610.0215,1
618502376,996.8357,609.4313,1001.459,591.1973,1
618502393,996.829,609.4313,997.0112,618.6937,1
618502409,996.829,618.2888,987.114,740.8434,1
618502542,996.829,781.4225,930.7473,963.1927,0
618502559,996.829,781.4225,1008.2048,781.4225,0
618502576,960.063,819.9393,912.0438,872.8403,0
618502592,948.8149,819.9393,926.7054,807.5021,0
618502609,947.3282,819.9393,943.3301,817.6233,0
618502626,946.6312,825.2745,944.3385,846.1102,0
618502642,944.1644,826.7659,932.6315,840.9265,1
618502659,944.132,826.7659,944.5677,819.0586,1
618502676,943.0215,831.1013,913.7312,859.5642,1
618502692,943.0215,831.1013,966.1654,832.2876,1
618502710,941.1159,831.1013,914.4291,854.0585,1
618502726,941.1159,831.1013,953.3571,794.515,1
618502743,939.8344,833.7084,925.2969,871.3436,1
618502760,939.8344,833.7084,943.5925,829.5032,1
618502776,939.1722,838.3679,932.7306,889.1719,1
618502793,936.6338,839.4496,907.8422,852.1454,1
618502810,936.6338,839.4496,938.3885,840.3192,1
618502826,936.6338,839.4496,936.928,829.923,1
618502843,936.6338,839.4496,956.233,833.9049,1
618502860,936.6338,842.1267,939.5395,879.7333,1
618502876,936.3942,842.1267,917.0248,856.9705,1
618502893,934.6432,842.1267,910.6732,852.8964,1
618502909,933.175,838.247,913.7716,745.6003,1
618502926,930.6194,829.5787,892.5013,698.5823,1
618502943,930.6194,820.7025,937.7739,690.4521,1
618502959,928.4082,812.6987,897.9785,700.1674,1
618502976,928.2814,804.1301,914.6865,686.1619,1
618502993,928.2814,798.585,937.348,732.7821,1
618503009,928.2814,790.2785,945.2642,681.3541,1
618503026,928.053,781.518,927.9739,668.4604,1
618503043,926.5661,773.6873,905.4526,679.2267,1
618503059,926.5405,765.3482,927.5046,666.4063,1
618503076,926.5405,758.0386,938.3387,688.9381,1
618503093,925.4468,751.0045,908.9086,680.6931,1
618503109,925.4468,745.548,930.7105,703.4115,1
618503126,925.4468,742.2151,916.1945,737.0774,1
618503142,926.1891,735.3396,953.7052,668.1628,1
618503159,927.1555,732.678,945.2415,732.86,1
618503176,928.6566,727.1462,951.0644,680.7334,1
618503192,928.6566,724.6918,956.34,724.9886,1
618503209,928.6566,721.0977,915.6322,701.3035,1
618503226,928.3515,717.6802,887.9521,692.3379,1
618503242,928.3515,716.524,933.2083,734.585,1
618503259,928.3515,712.2847,940.3379,670.8957,1
618503276,928.7482,707.6172,933.9583,664.7053,1
618503292,930.1948,705.8542,949.9332,706.1675,1
618503309,932.233,703.4813,963.9419,689.8055,1
618503326,933.0432,700.9078,947.8407,681.2522,1
618503342,933.0432,698.9862,925.7645,689.4288,1
618503359,933.5646,697.5499,938.5483,699.1112,1
618503375,933.5646,694.6169,940.5242,666.9668,1
618503392,933.5646,691.7613,922.4244,664.788,1
618503409,931.818,689.2334,891.2222,656.802,1
618503425,929.0429,685.2691,879.1842,625.8019,1
618503442,925.9156,681.4063,878.2471,626.0305,1
618503459,924.6609,677.0505,906.4967,617.4803,1
618503475,921.4922,672.7959,874.8011,616.3974,1
618503492,919.347,669.0307,894.3761,628.0513,1
618503509,914.3669,665.2165,844.6339,619.4608,1
618503525,912.4767,662.2437,895.2297,630.8273,1
618503542,911.0069,657.9883,898.7648,607.4871,1
618503559,908.5112,654.8804,881.798,623.715,1
618503575,906.5939,652.2938,891.1783,632.5461,1
618503592,905.6746,647.1747,903.5507,584.588,1
618503608,903.5058,642.762,882.324,596.1504,1
618503625,900.4448,641.2272,863.2866,646.1123,1
618503725,892.235,638.5285,775.3983,614.8069,1
618503741,890.8559,634.8658,890.791,601.5859,1
618503758,889.2576,633.7682,884.6413,637.114,1
618503775,886.9286,631.6173,869.5226,620.1736,1
618503791,886.1431,627.5281,881.7879,580.4443,1
618503808,886.1431,625.3201,891.6652,609.1897,1
618503824,886.1431,622.7839,914.8495,604.7317,1
618503841,885.0468,620.2313,880.1925,594.521,1
618503858,884.465,618.7125,886.3752,609.4617,1
618503874,884.0673,618.2645,889.2949,629.9835,1
618503891,884.0673,617.0397,873.4202,610.7219,1
618503908,884.0673,617.0397,901.1078,631.495,1
618503924,884.3128,614.7172,905.967,588.5565,1
618503941,885.7319,613.6981,913.5157,610.2802,1
618503958,885.973,613.2344,892.3567,614.7168,1
618503974,886.5258,612.977,895.3624,616.7349,1
618503991,887.3712,612.977,897.1519,618.376,1
618504007,888.2543,612.977,897.033,613.8272,1
618504024,888.7829,612.977,891.4452,618.0275,1
618504041,888.9688,611.4799,889.0541,586.4462,1
618504057,889.7659,609.5662,909.7334,579.9207,1
618504074,889.7659,608.9151,872.9141,602.7703,1
618504091,889.7659,608.8716,912.8623,591.6918,1
618504107,889.0079,608.8716,843.0468,619.9637,1
618504125,882.5723,608.8716,776.3447,623.8849,1
618504142,880.3204,607.5374,847.4965,588.4726,1
618504158,874.6746,607.5374,789.0554,594.2769,1
618504175,869.3583,607.5374,795.2841,624.0762,1
618504192,865.8094,607.5374,822.5161,627.5212,1
618504208,861.7119,607.5374,809.5302,596.7897,1
618504225,859.0704,606.9473,824.4991,591.8344,1
618504241,853.9431,606.9473,792.1428,611.4847,1
618504258,850.7629,606.6075,822.6595,593.8392,1
618504275,848.28,606.6075,830.3311,588.1544,1
618504291,845.0612,606.6075,815.8742,635.9113,1
618504308,842.8229,606.3445,830.8035,602.7722,1
618504325,839.4784,606.3445,810.4995,580.4478,1
618504341,836.4512,606.3445,808.838,600.9264,1
618504358,833.8664,606.511,813.9858,649.3103,1
618504375,831.2759,606.511,809.5909,603.6614,1
618504391,831.2759,606.511,852.4536,603.1979,1
618504408,830.7254,607.051,841.4469,617.9598,1
618504425,828.1981,607.051,804.4293,629.9415,1
618504441,823.9906,607.051,772.9628,652.116,1
618505140,820.8415,571.465,712.7269,571.465,0
618505156,820.8415,571.465,820.8415,563.7709,0
618505173,819.0718,571.465,817.3066,570.1298,0
618505190,813.8337,593.1887,803.4331,647.1821,0
618505207,813.0806,593.1887,810.9352,590.9078,0
618505223,813.0806,597.1414,809.6357,612.2607,0
618505240,813.0806,602.0351,811.119,625.2568,1
618505257,813.0806,609.2414,840.2078,649.9479,1
618505273,813.0806,610.1005,789.811,614.2244,1
618505290,813.0806,615.2542,819.4419,652.3043,1
618505306,813.0806,619.2874,805.6339,650.4412,1
618505323,813.0806,619.3368,825.7402,627.9905,1
618505340,813.0806,619.3368,798.7252,609.4686,1
618505356,813.8672,619.3368,827.5873,612.3937,1
618505373,815.4625,619.8183,833.1545,622.7823,1
618505390,815.5236,621.1785,837.7197,634.8362,1
618505406,815.5236,622.0242,795.3402,629.7877,1
618505423,815.5236,622.1594,812.355,621.1218,1
618505440,815.2495,622.862,802.2075,629.6875,1
618505456,815.2495,623.6258,819.3303,631.5291,1
618505473,815.2495,623.6258,819.44,633.8732,1
618505489,814.5809,623.6258,804.5779,613.873,1
618505506,814.4429,623.6258,812.5662,610.5377,1
618505523,814.4429,624.0859,806.2996,634.8549,1
618505540,814.4429,624.4612,821.5275,628.4966,1
618505557,816.118,625.1159,844.1141,633.6205,1
618505574,816.9376,628.9485,828.8575,687.7317,1
618505590,818.6163,630.2125,843.9005,657.7719,1
618505607,819.2249,630.2125,826.2503,618.8161,1
618505623,821.305,630.2125,852.174,620.0923,1
618505640,821.5507,630.2125,829.7291,620.0198,1
618505657,821.5507,630.2125,808.557,624.045,1
618505673,822.0085,630.6167,825.3335,649.6531,1
618505690,823.5822,630.6167,843.9101,644.4912,1
618505707,826.3511,630.6167,866.2847,594.1835,1
618505723,827.0416,630.6167,830.747,625.5061,1
618505740,828.5897,630.6167,846.7753,644.0566,1
618505757,833.6489,630.6167,911.8626,616.3326,1
618505773,840.5806,634.1607,940.2085,697.4036,1
618505790,846.8449,634.1607,933.583,633.5074,1
618505806,853.7266,634.1607,945.004,632.0836,1
618505823,860.4592,634.3308,947.1844,646.3478,1
618505840,868.1455,634.3308,964.0247,617.0936,1
618505856,873.0311,637.4711,921.9534,685.2595,1
618505873,877.5751,639.3224,920.3453,664.5218,1
618505890,883.3424,641.7283,946.0794,676.0917,1
618505906,890.907,646.6652,977.2961,720.3672,1
618506023,895.9796,646.6652,940.6987,698.8792,1
618506039,901.1592,646.6652,946.6428,778.6377,1
618506056,970.3625,599.3925,1282.9438,591.8612,0
618506072,970.3625,599.3925,970.3625,595.9791,0
618506089,970.3625,599.3925,998.6143,602.7971,0
618506106,970.3625,618.4941,964.9719,656.4375,0
618506122,968.4988,619.7901,940.3851,623.3269,0
618506139,955.8207,628.5089,906.3761,662.3895,0
618506156,943.9731,650.6862,933.734,670.4725,0
618506172,943.9731,650.6862,943.9731,650.6862,0
618506189,943.9731,654.587,928.9549,683.0033,0
618506206,945.1639,654.587,965.6523,664.149,0
618506222,945.1639,654.587,946.1593,620.7341,0
618506239,945.1639,653.702,940.8747,650.5036,0
618506256,946.4553,649.7449,957.09,627.3743,1
618506272,946.4553,649.7449,951.325,623.4204,1
618506289,946.4553,649.7449,936.9537,680.5702,1
618506306,948.7928,648.9047,966.7928,642.9713,1
618506322,948.7928,646.1589,947.8412,623.7974,1
618506339,949.6601,644.1469,957.5997,623.39,1
618506355,949.6601,644.1469,960.7197,633.9614,1
618506372,949.6601,644.1469,937.0107,660.4856,1
618506389,947.1649,644.1349,918.8318,634.8672,1
618506405,945.3002,644.1349,923.8276,648.1394,1
618506422,942.2548,644.1349,903.8171,652.2921,1
618506439,942.2548,643.7929,945.7759,620.4707,1
618506455,942.2548,643.7929,945.7358,650.7252,1
618506472,942.3911,643.7929,957.6693,657.8521,1
618506488,942.3911,643.7929,937.7762,631.3607,1
618506505,942.3911,643.7929,939.666,639.7347,1
618506522,941.4449,644.0709,929.0701,665.5594,1
618506538,940.2806,644.9846,924.767,658.6619,1
618506555,939.0422,645.605,922.6738,665.4971,1
618506572,937.9874,645.605,924.8194,633.1494,1
618506588,937.9874,647.2142,901.6009,671.5325,1
618506605,937.9874,648.2151,959.4208,664.5803,1
618506622,939.4098,648.2151,987.0928,654.9944,1
618506638,940.5461,648.2151,960.1742,633.0946,1
618506655,940.9056,649.0587,946.6796,662.706,1
618506672,941.3478,649.0587,948.3356,645.1333,1
618506688,941.3478,649.0587,959.2642,649.0537,1
618506705,941.3478,646.9922,940.4115,611.8802,1
618506721,940.8003,646.9386,913.2939,642.6699,1
618506738,940.5228,646.4177,935.2781,638.1332,1
618506755,940.4185,645.8807,939.9497,635.5963,1
618506771,938.9528,645.8053,912.2343,639.071,1
618506788,938.9528,645.8053,931.2958,655.4437,1
618506805,938.9528,645.8053,953.6008,627.0988,1
618506821,940.2349,647.0034,962.3339,684.9093,1
618506954,1074.8527,757.3103,1107.178,802.2345,0
618506973,1074.8527,757.3103,1077.7709,790.9822,0
618506988,1074.8527,757.3103,1071.9418,723.7241,0
618507005,1069.2797,752.7926,1058.2192,729.6726,0
618507022,1068.9053,752.7926,1056.1289,751.2477,0
618507038,1068.9053,752.7926,1080.748,768.9653,0
618507055,1068.9053,750.9227,1064.2886,741.8983,1
618507072,1069.8579,743.4783,1092.6648,700.6849,1
618507088,1069.8579,742.1921,1057.1935,734.5623,1
618507105,1069.8579,742.1921,1074.6809,707.0424,1
618507122,1069.8579,742.1921,1065.5712,778.2212,1
618507138,1067.1216,743.3172,1041.6841,755.4198,1
618507155,1067.1216,743.7777,1044.7961,773.8743,1
618507172,1067.1216,743.7777,1075.1897,723.3492,1
618507188,1067.1216,743.7777,1098.741,739.7194,1
618507205,1067.1216,743.5402,1054.6475,741.0474,1
618507221,1056.0269,741.6155,916.7211,718.2164,1
618507238,1043.3641,738.807,885.8201,703.8479,1
618507255,1033.4496,734.3247,912.3291,676.9599,1
618507271,1022.6956,731.9711,890.1322,704.1472,1
618507288,1010.6282,729.9597,860.0853,707.0292,1
618507305,1002.9004,727.964,916.7266,705.295,1
618507321,995.1011,726.993,908.0825,719.6238,1
618507338,987.397,726.3407,902.1636,717.5365,1
618507355,977.2291,726.3407,854.3845,739.1094,1
618507371,970.9161,726.3407,909.9831,702.5121,1
618507388,965.3407,726.3407,915.5758,767.4457,1
618507405,958.4577,724.2244,886.7615,688.7804,1
618507421,950.733,722.7825,865.2796,704.9681,1
618507438,945.0028,721.8041,892.5098,708.0155,1
618507454,940.0044,721.8041,898.4587,722.4146,1
618507471,935.2665,721.8041,910.7687,742.8829,1
618507488,932.1912,720.2974,931.5387,698.9894,1
618507504,928.1047,717.7255,905.2803,677.7466,1
618507521,922.0302,717.7255,863.6968,729.0875,1
618507538,918.4696,717.7255,903.4879,722.8043,1
618507554,915.7274,717.7255,909.4333,715.9547,1
618507571,915.7274,719.2684,911.9651,756.1023,1
618507588,915.7274,719.8587,920.78,731.593,1
618507737,950.5071,855.4059,951.5991,953.0609,0
618507754,950.5071,855.4059,953.1912,855.4059,0
618507770,950.5071,864.203,947.8298,872.9777,0
618507787,950.6299,868.0065,950.8874,875.5204,0
618507787,950.6299,868.0065,950.8874,875.5204,0
