timstamp,smoothx,smoothy,rawx,rawy,fixation
609771531,1010.3013440394511,724.5445298013273,1016.0099,690.3801,1
609771547,1009.8380325141342,725.585409948141,1008.2983,714.926,1
609771564,1009.9908311958637,726.3963617056125,1015.5903,709.4724,1
609771581,1010.3017601638194,726.8931317029735,1021.2841,704.551,1
609771597,1009.4530411073022,727.1646083557299,1000.4523,701.7262,1
609771614,1009.9188576796143,726.7065136302331,1021.8767,696.3491,1
609771631,1009.8690533708069,725.6446997448423,1008.9524,682.3895,1
609771647,1009.6098002891945,726.4050662920422,1006.7844,710.8998,1
609771664,1009.8319689582349,723.7371443891982,1012.1993,657.3689,1
609771681,1011.6481521639632,724.5888681240142,1039.1156,708.6459,1
609771697,1013.7314074252954,725.3785503583414,1049.3713,709.6295,1
609771714,1013.5777133288905,725.5213965054162,1009.1014,704.1559,1
609771731,1010.8015807848112,725.6552898201376,962.4148,701.8829,1
609771747,1011.6344755664126,723.6870089199584,1022.6697,668.319,1
609771764,1011.8505164931018,722.9259118464018,1010.2151,684.3497,1
609771781,1012.4879215417899,725.1264885447372,1016.8331,729.6512,1
609771797,1011.48178413776,726.9806220505986,995.1431,729.0458,1
609771814,1011.079708540755,725.2094808378239,1003.5496,670.2019,1
609771830,1011.8784783479967,728.0198927191873,1024.2485,741.6148,1
609771847,1012.8173073411574,728.6508900811358,1025.353,708.4187,1
609771864,1011.5187191193164,729.5695072704727,987.839,713.7803,1
609771880,1011.2202857559978,731.7875527001015,1005.4591,733.5651,1
609771897,1011.3192874723468,730.2759051590474,1009.5403,672.3388,1
609771914,1010.5754809831343,729.4347181164445,999.0148,685.7979,1
609771930,1009.103319444719,730.9016377320113,986.7726,725.2752,1
609771947,1009.6393149652502,732.3079570475696,1019.1189,721.4637,1
609771963,1008.471050901247,730.2387642474471,988.0789,670.8492,1
609771980,1009.050822065543,728.5340576080149,1018.5518,672.3124,1
609771997,1007.3995080493469,728.1557416940865,980.3373,699.4823,1
609772014,1009.0902689554234,720.9237052041897,1038.9884,591.4844,1
609772030,1035.6801006313585,463.28531304917345,1032.7883,469.6728,0
609772047,1030.5926184705577,482.35714162849905,1027.8716,486.3085,0
609772064,1041.2706636161572,467.5730325731195,1048.8062,460.6314,0
609772080,1034.6496432020072,466.03035464238997,1018.6813,469.3717,0
609772097,1028.3928479074168,468.4189863651139,1007.327,480.2755,0
609772113,1028.5709173922157,464.6187208687162,1026.5835,457.7869,0
609772130,1024.4203627488957,463.60316733804194,1001.8373,465.6286,1
609772147,1027.454744395566,464.98016310428727,1042.5691,478.403,1
609772163,1025.3770320533372,469.6139526902197,1009.3116,502.1279,1
609772180,1024.7467982657488,470.04560831555096,1017.7816,477.8915,1
609772196,1023.6532719612991,468.3341847120761,1012.3295,461.0384,1
609772213,1026.2426938523124,470.6776670443795,1047.6605,494.6882,1
609772230,1023.1101585961279,470.9000823780272,989.9572,477.334,1
609772247,1024.6160715510487,469.83653102058264,1038.3901,464.9897,1
609772263,1024.5544731434966,470.35430536281035,1021.5286,480.511,1
609772280,1024.8163742671732,470.9223629254727,1025.5171,481.689,1
609772296,1024.785716803571,469.11431898800987,1021.712,454.5771,1
609772313,1025.8418976216603,470.46302263395177,1036.832,491.2627,1
609772329,1025.8178694457633,468.1276295719522,1022.1663,446.1878,1
609772347,1026.8959880441257,466.8553424460441,1038.3628,458.1991,1
609772364,1027.1144465499676,466.34586485102574,1026.4067,467.2885,1
609772380,1027.3816125453268,465.6737850800867,1027.3506,464.6739,1
609772397,1025.7740387093907,465.44930620802415,998.1968,470.1938,1
609772414,1026.033970886932,465.1006617158425,1027.1469,468.3615,1
609772430,1026.4562278661888,465.9806946484822,1030.0701,485.6786,1
609772447,1023.4628483045112,469.94613597538626,974.3396,530.4216,1
609772464,1021.5554097452454,470.1874134301293,990.7818,477.1259,1
609772481,1021.1161293970963,473.29683091958594,1014.9707,520.1019,1
609772497,1017.9881634551791,476.68063071493845,968.8481,525.0084,1
609772514,1016.8819883380056,481.680166283915,1002.4413,550.8834,1
609772530,1012.814848832048,485.30128201381126,950.3734,531.2888,1
609772547,1009.590629678547,491.9483227354945,965.8664,578.5069,1
609772563,1006.3385508803234,496.32179028218775,965.9739,542.6398,1
609772580,1004.7821553496907,500.36195632018206,990.3876,540.7556,1
609772596,1002.950042170133,505.38277036219404,983.1283,559.0,1
609772613,1000.7528353227062,507.5629332819901,977.0497,515.7674,1
609772630,998.766198266607,513.4194856924821,976.7939,575.4328,1
609772646,997.374328803926,517.8139380938571,989.4691,557.3933,1
609772663,995.6555419656117,520.682757658753,978.1074,539.4437,1
609772680,994.5114376186324,525.0654235807253,987.3733,562.8445,1
609772696,992.8725729615423,528.3336297167843,976.3222,547.3279,1
609772713,991.9739196359826,531.6063201568763,990.9169,554.4033,1
609772729,991.5424996547279,535.1255790374678,990.9871,559.4966,1
609772746,990.6450206697359,537.3385054996612,986.431,541.65,1
609772763,989.0459607344815,539.34985679396,970.7144,543.5402,1
609772779,989.2658149825187,542.4159154804311,1001.0713,563.0275,1
609772796,989.523683664948,544.4559413092701,999.7262,547.6839,1
609772813,987.6491285877161,545.4860004075027,963.0623,539.0776,1
609772829,987.5427041476927,549.1367789481498,991.015,577.2156,1
609772846,986.1881459994522,548.2580553130921,969.5079,512.4261,1
609772863,986.5581396508253,550.3696254673748,997.1794,561.7821,1
609772879,984.6759646631971,552.4255068577891,957.455,562.742,1
609772896,984.3049977921585,553.8966986199721,979.6582,556.7729,1
609772912,984.3242875906361,555.9018734164416,988.9327,566.7655,1
609772929,1144.7749305056748,891.4491452569547,1143.5632,844.4973,0
609772946,1153.6246061759177,1006.1201101609745,1153.0593,944.7596,0
609772962,1136.2171343173945,984.8813777156385,1118.3535,907.4761,0
609772979,1139.0278671873425,973.2666136224811,1143.866,895.9187,0
609772996,1136.878588949158,964.0129594614281,1129.7659,884.095,0
609773012,1138.6317341661186,968.8965634151277,1145.0198,929.4126,0
609773029,1142.7916600801766,965.6215342015892,1162.0233,895.7657,1
609773046,1148.635605987092,968.9472984538378,1181.1462,929.6852,1
609773062,1149.3385559425851,970.8011494856308,1152.446,924.8182,1
609773079,1154.3863245838265,968.7360396410688,1190.0835,898.6862,1
609773096,1153.788255496936,967.5138139041931,1146.2783,902.2997,1
609773112,1152.196765602808,964.1821627459011,1135.3494,881.9286,1
609773129,1151.6317392264461,963.990398182083,1144.2754,907.3187,1
609773146,1148.5263166212596,964.3615018714298,1114.6155,912.5047,1
609773162,1151.7043724019884,967.918464032164,1186.6018,947.19,1
609773179,1153.1424506478838,970.3462487998554,1168.4587,938.2688,1
609773195,1155.4726814877697,971.4190415919009,1181.8853,924.9999,1
609773212,1156.2371222147594,973.7590319960541,1163.1056,941.2888,1
609773229,1154.5819915387733,977.1540271732467,1129.7911,956.4108,1
609773245,1153.2113721488386,978.1880332222115,1132.4695,928.7983,1
609773262,1153.2729708493384,981.3056528263636,1153.2314,957.5792,1
609773279,1154.6551627175647,982.3462209008281,1173.5112,931.8945,1
609773295,1155.9797048236157,980.6122095028885,1173.3734,894.5148,1
609773312,1156.142328219325,980.0708488619607,1155.8711,910.8064,1
609773328,1155.1380174730295,981.3594461873471,1137.3992,937.1146,1
609773345,1156.845862356892,981.034871699162,1181.6431,914.8951,1
609773362,1158.0874746153977,982.0321284434664,1174.9125,934.6526,1
609773378,1160.8875852066951,985.7300573416794,1202.2141,975.7684,1
609773395,1165.3484280150137,989.3319157789233,1231.752,976.1122,1
609773412,1168.6187621134327,996.3067837444862,1213.5889,1028.6758,1
609773428,1171.4494818347537,1001.2091274939381,1207.45,999.6023,1
609773445,1174.971746673251,1002.7934128595804,1218.6621,951.427,1
609773462,1178.526739013092,1008.3090157666195,1217.7712,1009.1002,1
609773478,1182.172645188501,1013.0666770907841,1224.1555,998.7072,1
609773495,1185.1079031465063,1019.3119585526769,1212.7637,1022.8417,1
609773512,1187.5147069676514,1025.002014545976,1207.6396,1022.0325,1
609773528,1185.8010985195438,1020.9872486259213,1139.4985,873.1302,1
609773545,1111.8125188388449,588.824203939245,1108.9875,579.8397,0
609773561,1107.4753189037908,437.25835762662473,1103.7249,447.363,0
609773578,1098.7525354076129,450.3655358684,1086.6367,470.1367,0
609773595,1084.674623466193,461.4628513415854,1053.7751,487.4218,0
609773611,1081.2299800128915,462.4057192836447,1068.0498,471.3589,0
609773628,1079.17195670165,465.89573788436036,1068.3132,483.9172,0
609773645,1071.49901532929,469.3634340112766,1031.8938,489.3476,1
609773661,1068.3041385961667,467.64905990947204,1047.7614,464.353,1
609773678,1064.7280183166445,458.84654078935307,1038.8284,414.2199,1
609773694,1061.5414750159503,456.5910739030066,1036.2289,449.6807,1
609773711,1060.100210239698,452.73039223246695,1046.9327,433.4102,1
609773728,1061.207000864512,451.9445862708674,1070.2063,455.3383,1
609773744,1061.9400033213026,451.814205049319,1067.7275,460.4311,1
609773762,1062.1762653620656,452.17726344585435,1062.9763,465.1188,1
609773779,1060.9780221041628,452.97411629050515,1045.8906,469.9472,1
609773795,1060.8098302527255,450.4934777109282,1057.0449,434.177,1
609773812,1059.160305812081,450.87166012964417,1037.3398,464.7711,1
609773829,1058.300107371724,447.00134580710505,1045.8761,413.5643,1
609773845,1059.829426371476,452.2715644474976,1079.5684,524.8076,1
609773862,1056.1256382958106,459.9125663426709,1004.3759,558.9068,1
609774095,1044.6630715346462,454.49088086309723,883.2998,390.3978,1
609774112,858.0648991770366,382.4683003928963,856.3706,397.9731,0
609774128,856.8392676407084,370.9053010754154,855.083,387.861,0
609774145,871.2332184370524,378.55080694076696,883.6543,401.3805,0
609774161,862.9069156713014,383.8925068949718,844.7828,408.3893,0
609774178,874.2088509551936,431.8084133567375,906.8156,565.4238,0
609774195,875.0973984573442,457.36982579415184,877.519,549.8641,0
609774211,877.387648440346,470.14735586186384,887.1566,526.6559,1
609774228,883.5424668022308,476.62688984473255,917.1492,510.1685,1
609774244,882.9316605076957,477.61638188747435,876.5287,483.398,1
609774261,883.156525663074,487.0503243475351,883.0425,547.8664,1
609774278,882.7140382954658,494.4025636837593,877.2775,544.6655,1
609774294,885.8725884062277,502.39688077215925,912.7628,560.934,1
609774311,886.083509920285,507.0215667859028,885.7317,539.687,1
609774328,887.5190027829001,509.11408335949363,899.9548,520.4631,1
609774344,888.9859561818167,515.616595800186,902.6962,570.3834,1
609774361,889.7762975075431,521.9444805069248,896.1217,576.0933,1
609774378,890.6706271556616,524.9056240660384,898.3422,544.0352,1
609774394,892.6030411718081,525.20738285065,913.5347,515.6171,1
609774411,891.2532271133798,529.2022902442066,869.3958,562.9067,1
609774428,891.3274637551525,529.7788571215838,889.0214,523.0997,1
609774444,891.5859853587443,529.8684974124312,892.0609,518.2319,1
609774461,892.4118177771235,530.0617737104368,901.2515,520.9098,1
609774477,895.3063419529299,531.9572004097041,934.7454,545.9515,1
609774494,895.2369109476238,530.9012440989093,889.1066,506.1364,1
609774511,902.1295298036573,529.8773878427016,1002.6401,507.8855,1
609774527,908.9210237814813,527.5136598943623,1004.6552,488.9607,1
609774544,915.8540724434531,527.7058225302843,1011.0754,526.5613,1
609774561,924.2373857262252,525.4572854927915,1039.1755,491.1438,1
609774577,930.4070105062918,520.6757954903859,1005.78,452.7896,1
609774594,936.9776302086829,520.1993245704574,1017.176,517.0242,1
609774610,942.6831970974009,519.5988516283377,1006.5703,514.9196,1
609774627,949.4182797813863,516.885237770548,1019.228,469.5007,1
609774644,955.6324282953972,518.2159453202346,1018.3759,533.9173,1
609774660,961.6411787587404,518.4523882874862,1015.4894,518.8522,1
609774677,965.5728606087471,513.5229931143781,990.8094,456.3579,1
609774694,971.4684477096827,510.9030789326446,1026.7133,488.1541,1
609774710,976.4040708273851,508.7382746040726,1016.42,490.7164,1
609774727,978.9532222552884,506.83237036336897,983.5,491.1036,1
609774744,983.5012447334569,504.7556175922394,1018.649,484.5469,1
609774760,987.9041082679296,500.36891382725025,1021.8475,454.6658,1
609774777,990.3478402716248,498.7454717790931,992.912,493.9278,1
609774793,993.9535303873582,498.30510389731194,1021.7584,511.4111,1
609774810,996.8211881403473,496.5505610286541,1010.5189,486.7585,1
609774827,999.3063872823487,494.55618607746806,1009.9608,479.1652,1
609774843,1001.6139811574025,490.9308962346305,1011.1879,457.6741,1
609774860,1003.5134883526536,489.11554551473887,1007.6218,483.3369,1
609774877,1004.9001310608078,490.2645644025438,1003.1171,522.7441,1
609774893,1007.0111492394358,486.16597196123155,1020.0422,438.2506,1
609774910,1009.877146916367,486.2203835103516,1032.0896,505.0558,1
609774927,1012.0459339662458,486.24117596394007,1025.5103,498.4548,1
609774943,1012.3088473968318,485.21049539668684,995.7782,480.5392,1
609774960,1015.5668580275737,485.1032449692798,1051.1807,494.1389,1
609774977,1016.4577278826235,482.58402951425614,1015.7598,458.6532,1
609774993,1020.732215718718,478.81431762501035,1071.1785,434.5986,1
609775010,1022.0216632006519,480.00371780121634,1034.0374,509.1324,1
609775026,1023.8638112496458,476.0895072508494,1043.9399,428.6371,1
609775043,1025.822418281984,474.2224815137298,1047.6263,462.9474,1
609775060,1028.8307583143933,473.1847967089666,1069.522,470.7418,1
609775076,1028.9350849417033,471.066164325817,1016.5316,449.2405,1
609775093,1029.9178240653766,468.47124495487645,1034.0532,448.1543,1
609775110,1031.1106797686018,468.7768684561048,1038.0227,490.6257,1
609775126,1032.0054917906784,468.6388436287651,1035.386,477.8188,1
609775143,1033.892932974506,468.13187890119474,1053.498,478.1127,1
609775160,1036.3539391522143,467.1810636021795,1064.2454,468.3044,1
609775176,1037.4919211089746,466.6318016066484,1040.3022,466.7325,1
609775194,1037.7210894185453,468.29943528894,1030.222,503.3146,1
609775211,1038.435459018592,470.32416879227077,1038.7604,508.3593,1
609775227,1039.4290222384075,472.38015342810553,1041.5322,508.3719,1
609775244,1043.9762095157816,474.56989352076516,1108.1334,509.8277,1
609775260,1047.2640677818026,474.9547232871199,1087.7832,479.2208,1
609775277,1052.144104820898,476.2764785114932,1113.9229,498.2198,1
609775294,1057.9960401109784,477.0147628011812,1135.6622,491.2878,1
609775310,1061.632211893043,479.25590042943315,1098.4792,511.4492,1
609775327,1065.7721537084121,482.1848324916262,1109.6538,521.7503,1
609775344,1069.490632537468,482.4338233407042,1104.8778,479.5811,1
609775360,1073.2463778109818,483.1048105318851,1108.032,489.8745,1
609775377,1076.2481749292654,486.7806299843656,1097.9187,540.4063,1
609775393,1079.274274297923,488.8474799338271,1103.0428,507.8471,1
609775410,1082.3718014603069,488.21300820704664,1108.1548,475.362,1
609775427,1086.60327524021,488.23530252936564,1130.0098,485.7006,1
609775443,1090.511432294144,487.2074045200303,1124.4117,468.7947,1
609775460,1093.5242098055326,486.06086402958465,1118.1606,469.3696,1
609775477,1095.4337817018913,484.7363573691252,1098.3931,463.7076,1
609775493,1097.2965745229428,485.48465486642425,1106.7799,493.9323,1
609775510,1100.3531924144786,484.25702158596994,1125.9092,472.7174,1
609775527,1105.1447776017817,485.53155695682426,1160.1904,502.8939,1
609775543,1107.1426121545348,488.906280342972,1115.5535,539.1609,1
609775560,1107.7765652988055,489.6838031390278,1096.9084,500.8587,1
609775576,1106.396435485021,493.4629871461746,1059.6769,544.7704,1
609775593,1103.6867011035622,502.80179775078324,1042.1425,630.1781,1
609775610,1102.9876318246986,510.40584879779914,1079.3445,609.6184,1
609775626,1102.3785162245144,517.6673535010489,1082.4003,604.42,1
609775643,1101.113464249133,524.9459898958693,1074.4275,606.6765,1
609775660,1100.7477553543029,528.7508738412873,1091.5825,555.3806,1
609775676,1100.4935121908654,532.4788882224715,1091.6124,557.0558,1
609775693,1098.5872380127266,538.5097361755029,1063.0303,598.8069,1
609775710,1095.691657056862,544.7700082606204,1047.3892,605.5624,1
609775726,1094.1197190478624,553.008567508471,1070.7875,638.9899,1
609775743,1093.1785592714787,558.1610999561713,1087.7233,595.7837,1
609775759,1092.7672853024064,561.7819494230371,1093.1775,573.3456,1
609775776,1091.570546309249,566.8426469855528,1081.2407,601.6115,1
609775793,1089.869322615458,572.6113980373243,1073.2257,615.9146,1
609775809,1088.060424726552,574.9539963983539,1065.3591,570.251,1
609775826,1085.1592643512854,580.152720380002,1046.6057,618.89,1
609775843,1082.7944778698545,584.9283347896632,1053.7111,612.3105,1
609775859,1080.6474176330278,587.8194603504874,1055.9286,589.3973,1
609775876,1079.476105123638,588.4641607734783,1069.7373,564.8365,1
609775893,1081.4449910152464,585.456404477454,1122.4165,509.7379,1
609775909,1082.5417247621112,582.5331906600973,1106.3392,511.2188,1
609775926,1083.6461334661717,582.1483713403854,1107.6033,554.3394,1
609775943,1085.1280387481522,579.0439750499589,1111.8408,513.9522,1
609775959,1087.5752005404618,574.1146797917831,1126.636,488.7147,1
609775976,1090.2092356066044,570.0361514722707,1127.366,502.809,1
609775992,1091.642771838003,568.5461552908853,1107.8241,546.1979,1
609776009,1093.876802112424,567.7969397643968,1123.8359,555.4865,1
609776026,1094.8342292995333,564.2881119915581,1105.092,516.4003,1
609776042,1096.509383727662,560.4652308388536,1112.8689,514.565,1
609776059,1097.0269293940294,557.9809859671777,1091.9758,529.2775,1
609776076,1097.5689585431605,553.1701665266182,1089.6088,496.8654,1
609776092,1099.397809847342,548.5145279697415,1111.8237,505.6079,1
609776109,1100.0598364087202,546.330009776974,1097.678,537.2122,1
609776125,1102.156047558361,542.9936378190862,1123.9907,515.7815,1
609776142,1104.1081904365835,539.4031947387172,1122.0293,508.7437,1
609776159,1105.0074427283432,535.7241516990547,1107.1163,498.7137,1
609776175,1106.8581603079158,536.1682578494585,1125.3029,559.1273,1
609776192,1107.8227281621348,532.6795206606354,1108.0231,500.7014,1
609776209,1110.2302184551083,532.0577251480579,1133.4286,542.072,1
609776225,1108.6699239518891,526.595818436546,1068.7061,468.2166,1
609776242,1112.6035852758744,530.479170233485,1167.7402,603.3356,1
609776259,1187.2580790117422,817.492475660819,1185.1646,780.1252,0
609776275,1172.1447408199524,815.7307891431043,1170.1858,778.4942,0
609776292,1173.8698635671556,769.5227064375049,1173.0093,697.8573,0
609776308,1182.0295651778713,765.1516295547565,1195.6489,727.0653,0
609776325,1176.1996652373905,763.9396725066314,1156.6033,730.2725,0
609776342,1175.5431593228097,754.4238117114494,1170.4174,692.572,0
609776358,1177.05005058149,751.2966991974038,1181.8745,709.6552,1
609776375,1182.597781012345,752.3437690157074,1211.8748,729.5008,1
609776392,1184.3658828088674,752.258054641308,1192.9614,723.4005,1
609776408,1186.0505843084106,749.7428375904527,1195.1528,705.1841,1
609776425,1183.9198598780235,745.3664950477222,1162.5815,686.1616,1
609776442,1183.316891152822,746.0015365251644,1174.865,724.3626,1
609776458,1183.6244764389182,749.1013170688734,1183.9565,748.4688,1
609776475,1184.2612636899798,748.6085092919595,1187.9417,716.0413,1
609776491,1182.9921880828767,750.400267948061,1166.0173,739.5544,1
609776508,1182.4457319623175,761.97806133996,1174.4646,850.7479,1
609776525,1182.346559143375,775.7231900452364,1180.0474,887.7256,1
609776541,1182.766492191873,785.3003088897725,1186.8052,850.3782,1
609776558,1182.7681369637746,799.1167169587486,1181.7383,912.3212,1
609776575,1182.7836133392113,811.0216695433576,1181.8663,899.5014,1
609776591,1182.7722835573506,822.3229495488324,1181.5017,901.5054,1
609776609,1183.6196121743571,831.6222415599125,1194.5812,883.7072,1
609776626,1183.5900028181047,837.5335521597814,1181.1088,844.5642,1
609776642,1184.8060801265503,843.9821885963282,1201.1494,858.2131,1
609776659,1184.753558368687,852.5873899789725,1181.525,895.1967,1
609776675,1184.237658848185,860.4573710678981,1173.9343,891.5558,1
609776692,1184.8016444719644,867.1256574093836,1191.7351,880.7751,1
609776709,1184.0001723246944,874.3559959879151,1169.115,895.3755,1
609776725,1184.1883907374497,880.9369419035177,1185.7546,892.2762,1
609776742,1183.9862064431593,886.2700782460963,1179.0765,879.7277,1
609776759,1183.5108612119152,893.1429602077161,1174.5679,909.2142,1
609776775,1183.9728386923625,898.0599975128365,1189.3618,878.4307,1
609776792,1184.8677484937266,905.4754072357376,1197.6194,914.5784,1
609776809,1184.0259624731134,912.6626553257994,1170.1016,921.183,1
609776825,1184.1069356608932,916.5657171967525,1181.6084,878.3693,1
609776842,1184.6752689658456,919.5976640132692,1191.7303,867.9038,1
609776858,1185.0016381780645,925.2825648306962,1189.1956,916.7525,1
609776875,1184.4057183494324,933.0347774700091,1176.5673,956.2612,1
609776892,1185.881835025801,946.2479835424807,1210.6443,1044.7528,1
609776909,1187.6885177831655,959.9191455156456,1216.6125,1055.9268,1
609776925,1188.702618659386,969.2084708983115,1199.2844,993.877,1
609776942,1189.8894191988795,978.5238347061187,1204.2383,1005.3383,1
609776958,1189.9001628084377,986.2115388110077,1185.2634,989.5472,1
609776975,1191.784616579941,994.4419446972068,1218.5686,1001.1677,1
609776992,1192.3133887118363,1006.5906291071727,1193.8929,1070.0415,1
609777008,1192.6627505765384,1020.0680834232329,1192.7085,1108.2595,1
609777025,1193.8428111080132,1032.9522883799693,1208.3187,1108.678,1
609777042,1194.3305582012244,1044.2750571107924,1197.5833,1086.8535,1
609777058,1194.9401002876473,1050.7996444052883,1199.2932,1026.9937,1
609777075,1196.6769649330527,1057.488985532387,1219.5376,1034.687,1
609777092,1193.1455564486323,1049.2849799325647,1127.6907,814.1864,1
609777108,1112.8619385078177,588.6836204123341,1110.0259,579.7232,0
609777125,1088.428095120252,480.4758351396415,1085.1372,485.0146,0
609777141,1088.7865675325565,472.168440790089,1085.7405,470.5182,0
609777158,1086.6097723818139,470.60115374334003,1078.9675,473.6629,0
609777175,1081.1109580556245,466.1467576054309,1061.6013,460.8666,0
609777191,1083.6571357136722,461.89741862708996,1090.2782,454.4101,0
609777208,1083.960721541157,465.03807914405263,1082.24,485.202,1
609777225,1084.259430621934,466.2873249717765,1082.7137,479.0444,1
609777241,1082.644093329996,461.79881587968157,1068.4539,442.4998,1
609777258,1083.9163730933178,460.4656789539021,1090.1533,459.344,1
609777275,1085.3546513264807,462.31397809190935,1093.9292,483.3331,1
609777291,1086.3712969688781,463.7494663083969,1091.9409,482.1848,1
609777308,1084.2953859103266,460.20603871408014,1059.96,436.7199,1
609777324,1082.5278345392626,462.5881730140336,1060.9985,491.9991,1
609777341,1080.3489146160048,464.6883356285384,1053.7124,491.6672,1
609777358,1081.571964056462,466.34118814167715,1094.0286,489.1749,1
609777374,1076.5464466412977,481.1559415295636,1013.9259,643.8209,1
609777391,969.8262344394882,788.8062166272967,969.647,753.7405,0
609777408,976.5307002532779,784.7640291241443,976.261,750.2487,0
609777424,977.2407531635807,791.6582224384847,977.7535,762.2915,0
609777441,974.8092000771168,792.4258567377913,969.8253,758.2072,0
609777458,975.3834757762037,797.1525020506242,977.0117,773.2833,0
