timstamp,smoothx,smoothy,rawx,rawy,fixation
607430715,992.0731127545223,425.62385585868157,1032.0148,418.7576,1
607430732,996.0628457326029,424.80466050101626,1043.0286,403.6224,1
607430749,1000.5835057773637,425.08740812486104,1051.6438,424.5845,1
607430765,1006.3808228364708,422.5769603206602,1073.6792,373.8484,1
607430782,1009.6588211477671,421.470985192334,1035.7239,398.3428,1
607430798,1011.573601297623,420.59428624120005,1017.1822,406.3627,1
607430815,1014.1463032640544,419.3961794522075,1030.288,395.6825,1
607430832,1014.6930216765103,418.95283370506735,997.957,408.7787,1
607430848,1017.6155413358168,419.14958900571855,1044.2452,419.7157,1
607430865,1020.5579037848304,418.71013502891776,1044.9943,409.7726,1
607430882,1021.216887396292,418.0008998323076,1008.1787,403.4325,1
607430898,1023.7114460598742,417.8891401499716,1042.3334,416.9687,1
607430915,1024.8551487256764,417.3611210833008,1024.6361,406.9731,1
607430932,1026.1799149379522,416.6568386455227,1029.6699,404.7994,1
607430948,1027.758528224722,415.57754174961076,1035.2686,397.8536,1
607430965,1033.4203829150445,414.3706488164164,1108.9504,394.4032,1
607430981,1188.6583297437307,523.1693351905351,1189.1558,523.7903,0
607430998,1087.4984451368205,474.5911257826469,1086.7216,472.9132,0
607431015,1083.555237767883,459.81647283854534,1078.1846,442.3085,0
607431031,1077.6671937966137,448.2608704805239,1064.0891,421.8225,0
607431048,1177.623895137047,511.6634189744615,1479.0217,708.3903,0
607431065,1144.8782062499936,500.4146488526996,1012.113,451.8078,0
607431081,1035.741853387096,421.20779035603994,1033.6904,417.3401,0
607431098,1001.6156402470259,447.8868475749144,1000.0742,444.7737,0
607431115,1007.2669022930959,460.9171000816395,1011.9542,471.7896,0
607431131,992.8867912887611,454.59158686314936,962.5306,438.4195,0
607431148,1008.4407268320044,448.3389259791477,1052.9181,426.3793,0
607431164,1012.3443456175498,434.79519332024523,1024.4564,376.5457,0
607431181,1009.8194509968445,436.0066548433405,995.4129,439.4568,1
607431198,1008.0236105044493,437.3556986903345,995.7902,442.7043,1
607431214,1011.6770818276655,435.63262102077414,1033.9503,421.0203,1
607431231,1011.0126874213355,433.9189668145685,1003.3759,417.831,1
607431248,1006.6134678326375,439.8679321997932,968.9172,488.6109,1
607431264,1007.747981241474,440.28421616865455,1016.9753,440.6803,1
607431281,1005.1709070427293,443.65795238070217,979.0942,474.2556,1
607431298,1001.094599773475,450.6976377610026,959.1591,522.8041,1
607431314,998.4467019232358,456.33369967690584,970.9453,514.9146,1
607431331,995.4757015357715,461.9049928757806,963.5251,521.4546,1
607431347,1000.2546438633119,471.78124142379033,1064.9121,588.5066,1
607431364,998.2026267297072,472.86081022361964,972.4748,473.21,1
607431381,994.9018393258558,476.76355147113816,953.2456,516.9385,1
607431397,993.4421596817025,479.85962309145873,977.1041,509.31,1
607431414,991.5970844638032,483.45107788109846,969.9196,520.8023,1
607431431,990.3221606207389,486.29756997792805,976.808,512.9127,1
607431447,989.7134876635246,491.7392855421228,986.9967,559.0256,1
607431464,989.686077441878,496.2190834095553,995.2324,548.0378,1
607431481,987.7420159459248,502.2480011847283,963.7584,578.5919,1
607431497,983.9417045851253,506.44772095610756,930.6907,552.0554,1
607431514,981.8098184971714,507.574852372736,955.4387,502.9066,1
607431530,979.2938065814469,508.9007962725179,947.2959,509.3806,1
607431547,978.5888625791023,508.74666531510616,976.1057,486.2438,1
607431564,973.3323700326256,510.0305275512835,896.3824,514.049,1
607431580,971.4853655799217,508.9268992758976,952.4952,474.0204,1
607431597,967.7348016773307,511.1035137515031,921.7205,528.829,1
607431614,972.6176722569852,518.0862729377742,1073.486,622.1914,1
607431630,979.1828056899083,522.3095417041242,1094.8003,571.9336,1
607431647,979.3754568889678,525.5463536142419,991.5557,555.7469,1
607431664,978.2420640176337,526.169147152601,962.9622,507.0489,1
607431680,981.3380705251991,530.9592289302446,1034.5479,593.1628,1
607431697,981.350196751193,525.8478561112229,976.6758,417.4788,1
607431713,986.1860585534478,530.7644865980712,1068.5585,599.4209,1
607431730,991.637878635763,531.9347289858131,1074.5276,534.1809,1
607431747,993.8285514640471,528.0074477588778,1012.9268,451.6109,1
607431763,992.1527480984789,524.8618948322883,952.1819,461.6889,1
607431780,989.586042081106,520.8772977622507,933.4386,451.227,1
607431797,989.6834731414466,516.5455435983257,979.1752,450.4474,1
607431813,990.7713490028452,511.4100347678301,998.8022,434.3672,1
607431830,989.6987207680409,507.1532450048353,961.8729,449.4582,1
607431847,988.6522590442327,502.414335674549,973.5612,445.7643,1
607431863,987.7930497721314,499.3135661498761,967.7017,460.6522,1
607431880,987.0498851451829,494.49496991471153,968.0209,432.4473,1
607431897,988.1804612217182,490.5054062911113,1004.4276,444.1944,1
607431913,987.0489424519998,486.015627692066,964.4669,433.2543,1
607431930,987.6605562329904,480.24643018516775,995.6028,406.2538,1
607431946,988.8760779028762,475.52257322524275,1007.804,426.34,1
607431963,988.7184785181903,470.2959561801324,984.5432,411.5827,1
607431980,992.0773376503091,472.3822101215274,1045.5353,542.5712,1
607431996,993.1396867493735,467.37411901334974,999.9044,406.9189,1
607432013,993.6051816129132,466.64189650929575,994.694,475.0287,1
607432030,999.627173081712,465.5083575015442,1091.4248,465.7115,1
607432046,1007.9006514785849,467.4836163276409,1135.8047,516.5089,1
607432064,1017.9834620618458,472.970467149786,1161.8104,580.3161,1
607432080,1392.5756994584426,571.4405872949499,1394.5583,574.9316,0
607432097,1121.5091919013726,500.2671609746263,1121.3647,499.6941,0
607432114,1102.7940509459688,504.07286336304327,1084.0688,507.3542,0
607432130,1116.2334945475664,496.3478879815402,1142.5166,479.8402,0
607432147,1122.3726215653844,488.14040711157463,1139.5649,462.1486,0
607432164,1123.4679474469242,483.77625158916146,1126.6172,465.2686,0
607432180,1128.5487658740408,502.5410012255082,1128.4688,502.0886,0
607432197,1100.438340377858,551.854432731468,1101.3751,552.9948,0
607432214,1102.2870470125827,533.4198994075948,1104.272,514.8856,0
607432230,1108.3323154841598,517.5950776143874,1119.8831,485.1615,0
607432247,1117.342217983214,507.32327621318626,1143.353,475.9363,0
607432264,1104.650051403123,504.6305372437642,1054.0625,493.5415,0
607432280,1380.0815805963023,565.5831609029207,1381.9099,568.7953,0
607432297,942.4324474597424,465.7096805880864,941.1547,462.8945,0
607432313,930.5740285215608,469.9810977149158,917.6042,471.5953,0
607432330,953.9645527352716,499.16255063323007,1001.3488,557.895,0
607432347,948.5449652738251,500.78732485417873,931.7453,503.6705,0
607432363,932.219548458588,500.5112088689563,867.3126,496.8708,0
607432380,878.2843043924863,505.96901743875617,877.7494,504.2208,0
607432397,975.0972918863287,487.61703260295917,974.3668,485.7652,0
607432413,963.179749817438,488.73820588539235,950.5605,487.9493,0
607432430,941.8462470040823,493.7216956059197,898.9691,501.9084,0
607432446,940.0940098423639,487.780885009578,934.0834,467.3877,0
607432463,936.0232642217076,486.7207091949565,919.518,480.3212,0
607432480,929.9434303600112,487.05535864150994,900.1295,486.6032,1
607432496,936.1484456654122,482.36562664719094,971.5774,452.394,1
607432513,929.4406474401619,479.2222015190836,883.6035,455.4981,1
607432530,926.3456872245991,482.4393350126646,903.8876,506.0229,1
607432546,926.8995595624165,477.2458121213851,931.1938,430.4586,1
607432563,925.7181982911804,476.7125495136263,915.2701,470.5891,1
607432580,938.5982699919922,476.31684957012885,1066.0151,472.0811,1
607432596,949.2504891534227,474.1235344716792,1057.9406,449.9158,1
607432613,960.380071845632,470.49722647550476,1077.5505,428.8386,1
607432629,970.0053795733869,467.52886398199934,1072.499,432.6908,1
607432646,977.4798902939308,464.9430919330184,1055.4628,434.0757,1
607432663,980.3810673604626,464.6490066182028,1001.4131,463.46,1
607432679,990.7033349303805,467.4432630281801,1112.9626,509.2279,1
607432696,998.9467351495076,469.12260548969317,1092.5269,494.2504,1
607432713,1004.9386077293958,471.1957120037867,1066.9657,501.3908,1
607432729,1010.3727177130347,471.8411981479488,1064.3958,479.7597,1
607432746,1016.0991229063073,470.6578046880358,1074.4731,450.0677,1
607432763,1020.8961538030935,467.7488799489419,1064.948,420.2766,1
607432779,1026.0506197134955,468.24022636462956,1077.5496,476.2895,1
607432796,1031.0393426809064,467.1000751534978,1079.8612,448.1599,1
607432812,1034.0326053785955,466.93517843817006,1052.0564,464.2391,1
607432829,1043.4193873578818,469.2192592629369,1166.72,507.6976,1
607432846,1046.5546065187568,469.4091535001886,1065.2109,470.4303,1
607432862,1050.9284056664696,468.7375393876302,1091.3599,455.0928,1
607432879,1053.589052680289,469.73280859970066,1067.3005,484.7867,1
607432896,1055.0784387603312,468.8833514239501,1042.7498,453.2791,1
607432912,1056.2690658112303,467.7677423421726,1040.2495,448.3969,1
607432929,1059.2427606066665,467.49788547206924,1071.7292,464.9168,1
607432946,1061.1244672846617,466.64608912833927,1061.5702,450.2964,1
607432962,1062.5885958576746,466.93348512157655,1057.9302,472.111,1
607432979,1064.8389616468926,467.2941253212267,1074.24,473.9216,1
607432996,1066.7227472632144,468.1796924853657,1079.6108,479.6614,1
607433012,1062.7708456095647,471.8209131774381,972.8514,529.4681,1
607433029,1053.813518099076,475.24316620664587,891.1395,530.5577,1
607433045,1044.7997936695567,479.6925470917274,895.6369,541.4983,1
607433062,1036.954450803406,484.29062681479803,915.2094,549.8553,1
607433079,1027.4462740082984,488.6529031263706,901.0984,546.8326,1
607433095,1019.030141676665,494.9920594148391,916.7343,581.9948,1
607433112,1010.0816148793639,498.93119875566526,904.5314,538.8638,1
607433129,1002.1544157016067,503.833049818613,917.3256,559.7456,1
607433145,993.2669228805312,509.9915928883419,893.9412,585.6608,1
607433162,986.3118090820996,513.1686169605732,915.4902,538.4749,1
607433179,979.9400048218603,517.8144532382132,932.17,572.9385,1
607433195,970.3911471425034,522.8900183951692,867.4884,581.6999,1
607433212,962.4617818607284,527.6988852528061,885.9026,581.1583,1
607433229,955.8873796341801,530.6780812092899,901.5027,549.6708,1
607433245,950.8276552744762,532.8882202803754,921.4435,537.012,1
607433262,948.9301014185312,536.9374100128135,969.0402,571.9917,1
607433278,943.6844093488315,540.7586631356507,904.7603,578.0018,1
607433295,940.2847599126007,543.3954412740072,929.9014,557.9315,1
607433312,997.5293851331076,510.3130285547881,997.3417,509.3946,0
607433328,1048.7445686404465,452.1623883584588,1047.3962,449.4681,0
607433345,1050.1247225015227,474.0795035234911,1051.1141,494.8176,0
607433362,1045.82233143565,476.8332399106052,1036.5482,480.5022,0
607433378,1048.7796297683685,475.8408460714461,1056.7246,470.8357,0
607433395,1050.4297223824178,476.3180453880326,1056.1084,476.3459,0
607433411,1045.143541043901,476.2983870232431,1018.4366,474.0555,1
607433428,1044.8417722606791,473.09587461616115,1042.0647,451.8306,1
607433445,1040.035840383782,479.64386186231525,1008.4603,523.0466,1
607433461,1041.2516291200923,478.7795811094056,1050.3771,469.6417,1
607433479,1038.5275985108005,484.2641562665639,1016.8099,529.2733,1
607433496,1038.1017071076449,484.30965232442594,1034.7185,481.4847,1
607433512,1042.6151248537374,483.7885982825646,1087.489,475.5811,1
607433529,1101.376478595754,679.9630986977337,1105.1111,685.6602,0
607433546,1052.7382155840676,475.01766861984174,1051.8971,473.158,0
607433562,1076.6454434397117,464.83936070818544,1099.308,452.3755,0
607433579,1201.749938832961,566.3176148849425,1456.6443,778.8394,0
607433596,1177.4776668286972,572.4782303673827,1105.2734,591.7485,0
607433612,1150.430505002916,565.7890877564445,1043.5542,538.2225,0
607433629,1002.7376783355141,471.21808418491537,1001.7078,468.9402,0
607433645,958.0196098012367,536.9993234584592,958.3307,536.8052,0
607433662,965.1466603365674,532.3468451173344,972.3942,527.2625,0
607433679,959.3641869232952,517.3503906916485,947.0468,485.5638,0
607433695,970.462719466492,517.1292794040537,1003.3818,516.0655,0
607433712,973.5705831287323,510.23134365350785,984.6866,481.4678,0
607433729,973.2913008342142,512.3287107740268,971.543,522.499,1
607433745,976.9631048281653,506.4326849583995,996.7694,470.5426,1
607433762,979.5357098975085,503.0213112395273,995.093,479.3327,1
607433778,979.0508517767499,500.32176658805326,973.4957,479.3666,1
607433795,974.8474778205275,496.9755597090772,937.7838,468.2461,1
607433812,974.3669262798719,500.1724048618344,970.1968,531.2711,1
607433828,985.5418634704968,506.5601621743936,1096.85,572.5719,1
607433845,1225.3595787770603,535.5575184585866,1226.2051,536.8265,0
607433862,1230.3204667437747,554.8347404150177,1231.5972,556.8167,0
607433878,1224.4512297673368,578.4442907531683,1220.8783,605.5846,0
607433895,1233.07949853959,571.2077161376791,1251.6156,558.8683,0
607433912,1239.586147697519,591.0882479577542,1262.1887,655.5429,0
607433928,1236.0132140907863,592.4260571704095,1223.8779,600.5084,0
607433945,1231.691016067832,585.4039210678656,1211.7053,552.3243,1
607433962,1232.5695385363033,591.0315088807167,1240.6438,627.875,1
607433978,1229.499532886193,586.5458638527606,1210.4362,557.9172,1
607433995,1227.046146092381,586.2837724298944,1211.0239,587.1753,1
607434012,1227.1942534335656,587.4833163215061,1231.5354,600.9653,1
607434028,1223.1187096299068,585.7728703584713,1188.4019,572.2717,1
607434045,1222.4683018445128,581.3092376332306,1218.718,538.9479,1
607434061,1222.3790432118656,579.0891191737933,1224.6077,559.2199,1
607434078,1222.3555823106635,572.5235136356353,1223.952,501.3333,1
607434095,1221.5007851111666,570.4527261167289,1214.2229,552.1744,1
607434111,1219.6133800363978,565.6690700080928,1198.4353,511.8587,1
607434128,1218.9634990819095,560.9613076878894,1213.3323,507.3656,1
607434145,1216.3628399966528,565.6425255390519,1187.2668,641.2882,1
607434161,1214.5692374351177,572.538486892495,1197.3806,678.9718,1
607434178,1212.7887048088578,570.1283977809337,1192.7814,538.1186,1
607434194,1211.2423756987678,577.6018417784704,1197.9686,694.9602,1
607434211,1205.1527000980225,580.3082824316593,1122.6401,621.2147,1
607434228,1202.3169227291544,583.0566036729527,1171.009,623.9365,1
607434244,1197.9250111798124,581.1554260319373,1141.3372,546.5447,1
607434261,1201.3899517432008,797.3609894889075,1207.8984,807.7955,0
607434278,1131.199196002445,507.15786113363225,1131.2256,506.8845,0
607434294,1118.2920452675226,526.3874863929086,1106.228,546.5134,0
607434311,1113.3630176836289,522.4176462522421,1103.7595,514.2598,0
607434328,1112.5906269266613,449.11963889701,1104.4119,221.61,0
607434344,1106.7199260214868,463.85681358108025,1084.1279,523.9031,0
607434361,1073.8387709738975,547.6927593243986,1074.6284,548.5346,0
607434377,1120.8002261688757,528.0558071917995,1121.2607,528.466,0
607434394,1101.2591026265875,529.0541284006099,1082.189,530.3098,0
607434411,1114.641224013198,521.2349254170168,1141.3503,505.4229,0
607434427,1110.223161856265,515.5400767190737,1096.7913,498.0049,0
607434444,1114.7075926464126,518.6044060614618,1132.8834,531.4886,0
607434461,1097.7172423933464,515.9520781465457,1014.5977,502.1032,1
607434477,1075.658631616202,504.1488697693162,947.4139,432.4733,1
607434494,1062.2686726130842,505.9909704867968,976.3251,519.031,1
607434511,1055.6277208348465,497.86740034449906,1008.908,434.6558,1
607434527,1045.9562866672138,490.7242635186468,969.3297,429.9688,1
607434544,1039.4543734275796,486.8055176161273,986.3153,452.0043,1
607434560,1034.6641392926651,483.18449844512344,994.6724,449.1159,1
607434577,1029.7881453890086,479.2308815233656,986.1588,439.5234,1
