timstamp,smoothx,smoothy,rawx,rawy,fixation
609780471,953.7274532893715,510.89804887459627,937.8578,557.93,1
609780487,951.2856249012766,514.5922413375757,927.2205,539.0938,1
609780504,951.6932032835059,519.1605231144491,956.3472,553.0135,1
609780521,953.1345844414317,522.5487137645874,969.183,546.312,1
609780537,953.61738270882,527.4469543934559,958.8703,567.3663,1
609780554,955.2978636653743,529.4415363414809,974.9464,539.2408,1
609780570,953.5335133465858,530.841134302471,929.3215,534.4244,1
609780587,951.8006362352676,532.3708524072722,928.0192,538.1272,1
609780604,950.9003317916558,534.4267975779806,938.624,547.1254,1
609780620,952.1964745978911,535.4390104524427,970.6614,535.9459,1
609780637,951.7962345788405,536.3132982211162,945.357,535.6156,1
609780654,950.6736597462836,536.8063817423593,933.5837,531.8262,1
609780670,950.8773777899787,540.7155736276803,954.3346,581.4769,1
609780687,950.2648538963355,543.7736669618517,940.9269,572.1157,1
609780703,949.2607548685236,545.4995079423827,933.8735,555.1754,1
609780720,949.0112573028813,545.8741706690992,945.6906,537.2634,1
609780737,948.8410758050312,547.2280517065542,946.8011,553.2172,1
609780753,948.6794218798592,544.9550621275981,946.243,500.3828,1
609780770,947.3068544865871,539.7413169075859,924.855,456.322,1
609780787,946.2825016116316,534.2211132100592,930.2032,451.3793,1
609780803,944.6976263701691,531.5709739203998,920.751,489.2827,1
609780820,944.1931095804379,528.4291878949103,939.1127,481.0343,1
609780837,943.5520018471221,523.3714957321472,938.5083,452.3052,1
609780854,942.5470831280148,517.1544946669968,929.5538,436.1204,1
609780871,940.7997071280301,512.958244476895,917.876,464.8034,1
609780887,939.4196741178482,509.185136906958,920.6903,471.6869,1
609780904,938.3074743389445,503.6805323976272,922.5145,446.7645,1
609780921,936.962923132677,499.39978700882335,918.8763,468.6429,1
609780937,935.3940366139514,495.92940196557583,914.6711,477.2747,1
609780954,934.6238729102924,492.22107194482675,927.2231,469.6379,1
609780971,932.7087010509919,489.7136290737074,906.1031,482.825,1
609780987,932.5129089263501,485.48328575728425,933.6155,451.1849,1
609781004,930.7568467187389,482.72905485860935,908.9713,471.5149,1
609781021,931.0161436480006,481.10003380189727,943.9057,484.5842,1
609781037,930.682369528852,476.26655923973067,930.8475,434.4405,1
609781054,930.4506720182542,474.2079285327841,933.3945,470.2507,1
609781070,930.7440212166532,471.19621715631416,936.4745,452.1497,1
609781087,930.323802185434,470.8304280424075,923.8304,489.7562,1
609781104,930.8746300650212,470.13864615659156,941.1862,482.9102,1
609781120,929.4152682590153,470.18331473965765,909.2484,490.0246,1
609781137,928.6440566613727,470.633455137037,917.6549,493.922,1
609781154,928.5691251648402,469.4909118191042,927.7368,467.3326,1
609781170,928.0867162529013,468.763147023832,922.4661,476.8789,1
609781187,928.6089997809034,467.03229039265347,937.6924,458.4975,1
609781204,927.8902923905983,467.29474167764226,915.4117,485.1377,1
609781220,928.9525920093134,466.7693481419157,947.0278,470.1128,1
609781237,929.8725113508951,464.70937639223257,944.1631,447.3889,1
609781253,930.3702707406386,465.59346354828733,936.9171,485.7757,1
609781270,930.4337269830119,465.680564509819,927.0825,468.9536,1
609781287,925.5826314230765,465.947384308987,843.0709,471.1898,1
609781303,724.9302704810818,468.98790672838163,725.0723,472.7749,0
609781320,745.9910371817086,481.6934165643345,746.011,484.0055,0
609781337,732.1532160526093,494.25196894323886,718.7974,505.7596,0
609781353,728.1136830390317,479.84628748311246,720.2297,457.1614,0
609781370,730.6051996182873,473.86287957412594,738.0554,461.7492,0
609781387,733.674400841712,469.8676183520961,745.6204,460.2566,0
609781403,734.9982544604246,471.64084170036284,741.3929,483.1815,1
609781420,731.4158512260095,468.6240539797591,710.7006,457.4703,1
609781437,732.0008065224331,469.79727918709534,736.1567,480.9498,1
609781453,732.130568634898,471.4253214245277,733.3489,486.0483,1
609781470,725.3442814185971,470.01939047924617,669.5566,463.2675,1
609781486,517.1900069787691,332.6961232432857,518.4661,352.4145,0
609781503,447.6550562523494,315.4636372522438,449.4919,336.9344,0
609781520,445.7887872840319,317.74632733931827,445.8292,340.8963,0
609781536,442.24789213174745,315.7155424841713,437.1531,333.5423,0
609781553,439.6605264788977,316.4220051408416,434.0596,339.5244,0
609781570,446.93443130300403,312.63895214926094,477.0744,321.6588,0
609781586,447.32746171634403,306.897573063145,450.6072,305.2198,1
609781603,449.61632426717176,306.57091877989694,464.2159,328.1271,1
609781619,449.6461320458452,308.82422397387626,451.2532,344.7851,1
609781636,451.0386784832397,311.53291172692724,462.8521,351.6024,1
609781653,449.7998546777201,314.9762884258664,440.9305,361.335,1
609781669,448.25668052840825,313.595599020176,435.7147,323.4802,1
609781686,449.2075716341712,314.2350952277388,460.3344,340.9701,1
609781703,448.477658097222,313.4160117691746,442.3979,326.9829,1
609781719,447.6068618810784,312.3499299104649,439.7369,323.4186,1
609781736,447.07358687576084,308.9544182452416,442.7489,296.288,1
609781753,445.82499685000596,308.93034057035646,432.9406,332.1004,1
609781769,445.92698084051966,306.39175854429504,449.9066,301.6605,1
609781786,444.03243208533866,306.65411664356986,421.8326,334.3145,1
609781803,442.20934381637045,307.86118897547624,421.19,346.572,1
609781819,441.0431224595973,307.9351811571126,429.3184,332.3271,1
609781836,439.1850227654308,309.3575139884034,417.717,350.4945,1
609781852,439.8119719114293,307.02241727177574,454.8384,299.3838,1
609781869,440.44578969813153,305.4704463847675,455.0411,309.1117,1
609781886,440.3732239510149,303.6630360734747,443.5381,304.4708,1
609781902,446.0992340836069,304.84172650451933,539.0719,347.463,1
609781919,821.8027097185575,444.805233160598,820.856,452.2286,0
609781936,918.4695800049866,503.8907430577509,916.9675,504.4475,0
609781952,907.641756247482,527.7217486480237,895.8518,545.9144,0
609781969,906.2363536615321,533.2918559489178,902.3981,539.6178,0
609781986,910.0247647089296,525.3834121089816,919.7875,502.5814,0
609782002,911.6946312994158,534.5410604325162,917.1335,562.6719,0
609782019,911.6605452714708,528.1566709946995,909.8932,498.1205,1
609782036,910.440399417099,532.8853342761414,902.2821,553.6168,1
609782052,908.9605662888505,531.6723068410935,897.9249,521.1975,1
609782069,909.7507100792566,529.2869881754038,914.4559,510.7771,1
609782086,911.9026280758408,528.2275438698963,928.3621,518.2396,1
609782102,914.4718055498846,528.6043072106414,935.9664,529.4993,1
609782119,915.2811417858416,526.7506216357491,920.759,508.78,1
609782135,916.3395719559994,528.6591116187309,925.0385,544.3884,1
609782152,915.422052707558,529.6571366885797,902.6259,536.749,1
609782169,917.7431564411421,535.4527206420247,942.964,591.6414,1
609782185,900.2154364563849,798.9203281265706,900.7722,762.1576,0
609782286,1008.6674980834704,764.9082752082655,1007.9611,733.0917,0
609782303,1024.1256246907485,679.0491892110466,1037.4458,583.4086,0
609782319,1008.0378626729747,636.1733006063434,974.2346,546.314,0
609782336,1002.390996707767,604.6605105470547,983.7179,512.2137,0
609782353,995.1869761108186,592.0981678616056,965.5343,540.481,0
609782369,996.5091736232467,579.900042132001,1001.4161,521.778,1
609782386,994.0428009486002,571.1064276227733,978.3866,522.1051,1
609782403,987.7279531349495,506.3479535832365,985.5735,507.0141,0
609782419,1004.8801958313052,537.7200450308709,1002.7605,534.5334,0
609782436,994.0708478275103,536.777170160481,981.3655,532.7568,0
609782453,995.2156891131459,532.6875597867129,995.4125,522.993,0
609782469,997.2724996319193,524.3243434219338,1001.0579,501.2095,0
609782486,994.4686609318837,523.6181536372349,981.4202,519.9335,0
609782502,991.9797771842059,524.3666172164938,978.0496,526.1928,1
609782519,992.9176728711698,526.3020327542398,996.5643,534.5249,1
609782536,993.6858700087096,518.8294430389375,996.485,474.5743,1
609782552,994.7530271661657,517.4718654912425,1000.553,508.8288,1
609782569,995.1223776179125,517.2544032091314,995.899,516.0905,1
609782586,996.2271830991307,516.541618691213,1003.7941,511.4166,1
609782602,995.2787548897601,515.535579348223,983.385,507.522,1
609782619,994.1840846582988,517.3080494941048,980.6002,534.1597,1
609782635,995.4648955147597,518.1297246762236,1007.7457,526.1767,1
609782652,996.3199748907111,517.3099596847273,1003.7975,508.6419,1
609782669,997.2528520623611,519.6794510120368,1006.0909,544.9475,1
609782685,997.9718216293479,520.2381627876412,1004.0386,525.1501,1
609782702,996.6572611659426,520.6425182593314,975.9191,523.5107,1
609782719,999.709170747815,522.6214199679648,1038.8838,544.5576,1
609782735,999.8642786920968,524.1709006153383,997.8851,540.0781,1
609782752,999.4101438417529,530.3847355029568,989.2656,604.4833,1
609782769,999.1271250080651,531.0411334660376,991.2902,531.3813,1
609782785,999.1873061533565,531.2290718123269,996.7272,525.5909,1
609782802,998.1872000768852,531.1286629637411,979.6499,521.9261,1
609782819,997.6442226941766,532.5765578973433,987.0011,544.9457,1
609782835,997.5305860590711,533.9775365353831,994.0183,545.3741,1
609782852,996.6530958535919,535.3762544348634,981.1396,546.3271,1
609782868,996.0796119896617,537.2961643309593,986.0968,555.2604,1
609782885,997.0532530299728,535.5960527177931,1012.0111,501.8895,1
609782902,998.1261620982198,536.0410844730604,1014.1424,534.96,1
609782918,998.8966376390823,535.0000217188958,1009.5532,513.1641,1
609782935,999.5877215298362,535.1069198142338,1006.1405,531.0568,1
609782952,999.6750390734821,532.6506016540826,997.1985,491.5022,1
609782968,998.563385294375,533.9247231527519,977.6434,546.5383,1
609782985,998.444957472791,532.418129303303,992.5145,506.8965,1
609783002,997.9718497406495,531.4065084198579,986.3643,515.3585,1
609783018,996.9715930008678,531.4078307676978,979.4735,531.6385,1
609783035,997.0246518567798,534.3307460693086,997.8414,570.0884,1
609783051,996.5120784445211,538.0647840844172,988.3976,586.6375,1
609783068,995.743045954302,539.399011927142,983.0031,551.2137,1
609783085,996.3590966117318,539.3663649213246,1007.3428,530.5204,1
609783101,996.2467049534474,540.4957875190937,992.5126,548.2888,1
609783118,996.670612211283,538.6438566401573,1001.1755,506.1885,1
609783135,996.5559081911214,539.5836812382836,994.9766,547.968,1
609783151,995.2455084210961,539.0132751068697,973.4215,523.2732,1
609783168,996.0326185868139,538.0702798693185,1009.5158,521.9269,1
609783185,997.6848834311837,538.9435081053692,1024.1119,547.5135,1
609783201,998.3521262875374,537.7358607645776,1003.8849,515.6906,1
609783218,998.2835196742703,533.5746687956763,997.5712,472.8739,1
609783235,998.1542347680765,531.3397897319184,992.0697,501.3706,1
609783251,998.7269415072254,529.007700731452,1003.4494,505.9061,1
609783268,999.8393181272386,525.568632989647,1013.1439,480.1307,1
609783284,999.8832523294026,521.6808407210009,995.4971,471.9763,1
609783301,1000.4892771113678,518.0016548759244,1003.7739,474.0237,1
609783318,1002.0156713322975,512.0986273704053,1020.6855,441.5009,1
609783334,1002.2111059040774,507.6406001925096,999.0472,461.6542,1
609783351,1003.4859623358019,506.8477938761911,1017.1966,515.6139,1
609783368,1002.5880555265733,504.1910645319126,980.6196,485.6806,1
609783384,1002.8028639358297,500.7379604271405,1002.8849,465.9382,1
609783401,1002.9389181613112,497.2213199251792,1001.8192,466.6054,1
609783418,1001.7166634001729,491.7940329352458,977.7905,432.7765,1
609783434,1001.6607790653496,487.4762096926041,997.8187,449.3299,1
609783451,1002.5004126829442,487.31407865387285,1012.9514,505.9439,1
609783467,1003.3193257657306,484.4286067595239,1010.5785,467.7695,1
609783484,1003.6949582016764,482.98553297646987,1005.1566,482.6779,1
609783501,1001.831098458501,486.1009288938291,966.7162,550.3551,1
609783517,1000.9664889297231,487.61616388726657,983.4275,525.4618,1
609783534,999.5909884451808,489.7210595089897,976.7642,536.1469,1
609783551,998.9788088282567,492.7570650593773,988.9266,549.7956,1
609783567,998.6382227901388,494.37120093024805,992.7831,522.5974,1
609783584,996.4196256139619,496.0004069577194,962.6908,519.5662,1
609783601,994.148677591025,496.5555725049624,959.5598,504.6553,1
609783617,993.7891383831991,498.227742330097,992.9905,517.2938,1
609783634,992.8221142025532,500.859743270216,981.1837,536.5751,1
609783650,992.4448045549561,503.6756707890606,988.4753,537.097,1
609783667,990.7558443187188,503.43573524457827,968.6658,491.1155,1
609783685,988.8115645922626,506.49538768898526,965.0155,544.9276,1
609783701,988.8566590962992,509.52603878837,995.9564,542.2524,1
609783718,989.172682078293,511.4730861559187,998.8319,522.9714,1
609783735,988.9609684109869,513.2550021736724,988.2969,525.5195,1
609783751,989.7068612491286,514.1955018407824,1005.16,515.0868,1
609783768,991.4729053019303,510.32358624231523,1022.4247,441.0527,1
609783785,993.9243063235809,506.5227911609773,1031.7397,443.2762,1
609783801,996.8986667090884,505.2425168046351,1041.6866,483.4615,1
609783818,999.5395006981299,499.10599417853734,1037.0658,407.2881,1
609783835,1000.2220248760754,497.01551161644875,1001.5757,471.8314,1
609783851,1003.1127950991099,496.9392989335153,1042.339,508.431,1
609783868,1003.9431614373843,495.81783322100057,1003.4912,488.5039,1
609783884,1005.6013819974678,491.6455936942104,1020.9373,439.7148,1
609783901,1008.5620513366498,488.36880259563065,1044.4088,453.1305,1
609783918,1011.5521918199049,487.7736384398405,1044.0021,489.7597,1
609783934,1012.8900525864528,487.8432138134259,1019.3513,500.8172,1
609783951,1014.5022009101747,486.2452150875221,1027.0006,480.2194,1
609783968,1016.3184277176252,480.33640343645067,1031.2339,408.8938,1
609783984,1016.6224569142048,478.8639589195058,1006.6272,476.345,1
609784001,1016.9284608900848,474.84424178095645,1004.1548,442.4246,1
609784017,1017.5044573979274,469.4474090125668,1012.4617,415.9684,1
609784034,1016.8013390047832,464.7364180319915,991.5016,424.6111,1
609784051,1018.1268095336619,461.6047263161289,1029.5544,447.1888,1
609784067,1017.5168002895985,462.25114534813224,998.2548,498.4785,1
609784084,1020.3960062374463,464.54936479046484,1056.7833,520.9757,1
609784101,1022.8975930955771,465.63733426489404,1051.3403,498.6598,1
609784117,1025.032450858699,466.0815317432547,1049.9072,488.3254,1
609784134,1026.3773137054561,468.4178444284944,1036.4272,517.3091,1
609784151,1026.9094707335,470.76459347971075,1024.4636,515.7996,1
609784167,1029.8021622084461,471.2834144990739,1064.1968,482.3593,1
609784184,1031.742991364238,473.5699400679216,1049.0779,514.3876,1
609784201,1033.5241863594526,477.50093118403595,1051.2155,538.3882,1
609784217,1034.6824404454592,478.2716176586258,1041.545,487.9703,1
609784234,1038.0594493881779,481.1650972897582,1080.176,521.1584,1
609784250,1040.829764685099,482.8741735315956,1072.6874,502.579,1
609784267,1040.8034933127735,485.3685179711219,1027.5669,507.7789,1
609784284,1039.9600450539326,480.9045282129249,1014.7556,404.1545,1
609784300,1040.6063177347326,476.150431523075,1042.3491,405.9089,1
609784317,1040.5178918640247,470.06623068619524,1029.7732,378.7784,1
609784334,1041.9322679061563,463.8713762887729,1052.9238,385.2233,1
609784350,1041.7662670076918,460.01650722892464,1031.3044,424.2244,1
609784367,1042.9033900042664,453.8339868920569,1050.2721,385.7477,1
609784383,1044.1647494214121,448.74240271253393,1055.4874,396.2321,1
609784400,1043.920125675564,443.2836256087645,1032.7378,390.833,1
609784417,1044.0871529300814,437.0601076527685,1040.2568,381.2222,1
609784433,1044.4570669693303,431.20800398886325,1041.8085,385.3048,1
609784450,1044.8001516301586,426.62056109299766,1043.0806,399.2394,1
609784467,1045.0777408990227,421.5886598586098,1042.9636,382.0542,1
609784483,1044.694672561313,416.17833119225105,1029.5614,380.5462,1
609784500,1044.1064410289491,412.2541805714208,1026.739,395.9169,1
609784517,1044.5669761881381,408.41614097257786,1046.3524,391.1669,1
609784533,1044.0727274848862,405.7806459334138,1028.3367,406.9723,1
609784550,1043.8305188785114,402.6423065816639,1037.0916,398.1003,1
609784567,1043.4819061859837,401.7569573113887,1032.2993,433.7042,1
609784583,1043.5126014750072,399.7513217989624,1044.9572,414.4743,1
609784600,1042.4840220034876,397.30021677993585,1025.4736,400.8382,1
609784616,1040.9536777785179,396.49835057546204,1016.3416,420.9875,1
609784633,1040.9931603713917,396.2473562802431,1041.5909,429.0207,1
609784650,1041.0316403927472,399.28594901918774,1040.3462,475.4647,1
609784666,1037.3085230445777,879.3214048469252,1037.056,833.2485,0
609784832,1060.3487555807187,448.1002345080881,1057.1221,456.5522,0
609784849,1063.4887742570759,456.8549669677519,1063.4453,471.8719,0
609784866,1072.461388484441,456.81329035158655,1086.8157,464.2365,0
609784882,1075.6682495235907,447.97098970366017,1081.3916,433.6432,0
609784899,1071.393525776218,442.2969638466988,1051.0269,432.1794,0
609784916,1075.2683649963185,432.58733188199295,1071.7988,443.0861,0
609784932,1067.44955380241,456.7649333366525,1064.2097,464.1671,0
609784949,1063.6075245715217,446.52767555932604,1056.4789,446.251,0
609784966,1071.8747261828507,469.06777052952157,1085.2468,514.2346,0
609784982,1077.0284422605275,496.254552261994,1089.488,569.0066,0
609784999,1080.853410253114,505.34737819358185,1092.6265,537.0198,0
609785016,1084.4398157565288,508.3698597933813,1098.2863,520.9896,1
609785032,1086.7246510771784,518.2112136634507,1096.4325,566.2501,1
609785049,1084.471015309445,523.2565755758669,1065.9503,549.3612,1
609785065,1087.573728924683,524.7161756732743,1107.1426,530.6362,1
609785082,1090.0224677739582,523.1148987698186,1106.0416,507.9445,1
609785100,1091.2977045735988,524.300163405623,1098.3472,530.446,1
609785116,1089.8255765538952,525.1507514028452,1070.8464,528.837,1
609785133,1087.162895024049,525.0877221082968,1055.2555,520.7896,1
609785150,1088.278243798038,530.7617787685684,1097.8356,582.2158,1
609785166,1086.806148039236,529.4292306000955,1065.9961,510.1735,1
609785183,1086.6321085461632,532.0869779142529,1081.8696,555.7638,1
609785200,1085.359653734034,531.5512107058336,1066.3816,519.7886,1
609785216,1081.6550228725532,522.6187859634226,1029.8472,414.2442,1
609785233,1077.9846303292622,510.45707852842065,1026.6288,365.7614,1
609785249,1074.4177919640997,501.4050330889163,1025.2357,398.2067,1
609785266,1071.7522948625367,495.6049690771451,1036.385,436.0576,1
609785283,1068.7069702119802,487.41739276982304,1027.8427,398.6765,1
609785299,1065.4309073618042,477.53942166457426,1021.4268,369.2777,1
609785316,1062.889620434115,469.4966575380431,1030.8914,389.3605,1
609785333,1061.171368410535,460.76503189433737,1042.0966,373.9117,1
609785349,1058.7059328782118,452.3587636113704,1027.7188,372.7754,1
609785366,1055.8307152002737,445.0853513564466,1018.6699,383.7446,1
609785382,1055.1209547520211,438.74123120596937,1053.1924,392.3012,1
609785399,1054.0161262162603,435.5400941606208,1044.9703,434.3339,1
609785416,1053.40650087928,431.9900559113373,1051.6133,424.2544,1
609785432,1050.8748127134977,426.2184739599088,1017.9336,387.8401,1
609785449,1049.5695944735878,420.6914047523773,1036.5125,385.1891,1
609785466,1048.0096558135435,415.28396526371847,1033.2417,389.2182,1
609785482,1047.1238471832044,411.40787789187084,1043.2856,412.3914,1
609785499,1046.4733960260526,407.9568773909842,1045.5542,409.2569,1
609785516,1045.638849632726,403.64708045766116,1040.7843,388.9055,1
609785532,1043.257027770508,400.5361513295791,1012.0308,406.3854,1
609785549,1044.454039505975,397.95599689377474,1068.9224,407.5476,1
609785566,1045.890442129369,398.48135931235885,1076.2668,448.0192,1
609785582,1048.5942592516324,402.11106717209776,1096.7719,488.9286,1
609785599,1049.454926699168,405.15643710870455,1062.9362,478.8546,1
609785615,1051.8370477947337,406.7792889047137,1085.5659,454.3105,1
609785632,1053.907170819343,410.2650828097022,1078.8208,479.6281,1
609785649,1055.3842820045827,411.21104453887176,1073.098,445.5729,1
609785665,1057.7815542816786,413.5852670885731,1086.0342,458.3344,1
609785682,1059.9900941963213,417.1679415375887,1085.3511,481.0856,1
609785699,1061.7886599607752,422.0072888961982,1077.6807,496.1455,1
609785715,1064.323693659167,427.0403027827574,1088.0115,489.2603,1
609785732,1064.461375517552,430.43226124915225,1048.0717,461.8832,1
609785748,1067.3031014504945,434.4884176718464,1096.6866,479.1978,1
609785765,1069.7390311707256,438.4790693721155,1092.8057,485.1815,1
609785782,1070.4297547416109,441.03939456795354,1063.5842,462.227,1
609785799,1072.6079812157927,446.11401610752245,1090.9512,501.1491,1
609785815,1071.6875369057964,451.71852634097735,1040.5693,514.8058,1
609785832,1068.584638514383,455.16097058329996,1005.6272,483.7764,1
609785848,1066.3845995409238,456.44869703710094,1020.8551,454.8914,1
609785865,1062.9599534114216,457.92365022243877,999.9919,462.5328,1
609785882,1059.733756056213,461.05420567051533,1007.9539,492.0444,1
609785898,1057.3913384092307,461.2615349745513,1021.9767,454.977,1
609785915,1054.423502702767,461.4979143515907,1011.5467,456.6928,1
609785932,1052.245377716417,460.73246236658906,1020.97,440.1516,1
609785948,1051.6915426868995,461.89091926130124,1050.5802,471.9089,1
609785965,1050.5077218761876,463.1134741010467,1038.3823,475.5141,1
609785981,1048.3178961065616,464.52425875908233,1020.9745,482.6184,1
609785998,1045.6389074643016,463.7795558785361,1011.1443,450.9156,1
609786015,1042.1362502784887,462.64679824482624,994.8021,444.2241,1
609786031,1040.158164722857,462.2715471449609,1016.5608,459.0431,1
609786048,1037.3668580290964,462.44113397090774,1006.8052,468.1902,1
609786065,1034.8068821534193,463.3002881875391,1009.1047,483.4135,1
609786081,1032.5296540707843,461.1946072076667,1013.0504,442.3268,1
609786098,1031.9880362265606,460.77049770866444,1036.8394,466.3702,1
609786115,1029.8904985582492,460.5519306866931,1009.9368,466.2262,1
609786131,1026.8121367586516,460.9073985698392,989.8051,477.1386,1
609786148,1025.0101164377138,460.2709379637799,1008.6846,458.0928,1
609786164,1024.7644739327293,460.8308395822442,1034.6216,477.6431,1
609786181,1023.5032602503234,461.26148816457976,1014.5996,477.5394,1
609786198,1021.4038325431528,462.10406326409367,997.1865,484.65,1
609786214,1018.254825262589,464.3186270172707,978.2556,504.0554,1
609786231,1016.2684346824167,465.84334990328,992.0728,490.5446,1
609786248,1012.9802545757638,468.10968567030164,972.9912,503.6868,1
609786264,1008.82825741727,469.85653345519006,955.287,496.4318,1
609786281,1008.6058472967342,470.1800862346556,1017.6536,473.119,1
609786298,1007.146911398115,469.76690896407604,997.0757,466.3845,1
609786314,1005.2201269137684,472.0232411715415,982.0219,508.5137,1
609786331,1003.7374979305107,474.3467577041424,984.7773,506.5246,1
609786347,999.6496382976336,473.3640695848112,940.0193,453.7394,1
609786364,998.8171661744008,475.97190866295824,993.1508,510.7576,1
609786381,999.1552286218199,474.5613650123305,1012.4932,453.717,1
609786397,998.388717510682,473.4515342169471,993.5896,455.0729,1
609786414,999.2724102087725,474.77271035469954,1019.8545,493.4904,1
609786431,999.8360868029386,477.52444517537214,1014.2738,514.4973,1
609786447,998.8091263794522,478.1597920196184,988.4172,486.4954,1
609786464,996.2502905522571,478.0898639743744,959.2036,476.6998,1
609786481,994.8527330455597,476.7856363177184,976.1066,459.3872,1
609786497,992.8862497795998,476.63127325952377,964.3877,474.0903,1
