timstamp,smoothx,smoothy,rawx,rawy,fixation
625136432,960.519697534541,483.79566784352886,852.2104,398.5132,1
625136449,951.8329827463626,484.89154850130143,821.311,488.4601,1
625136465,942.9493198357447,482.5309862216219,809.2822,420.8659,1
625136482,938.1512975833069,480.60045756684326,881.118,427.9161,1
625136499,931.128186392006,479.74858072219286,827.5262,450.5217,1
625136516,926.9137236839542,481.69719919064863,876.9138,490.0095,1
625136532,918.9553984965078,480.53169422666684,800.5858,436.7238,1
625136550,911.8514439357982,478.0167064120032,805.6326,408.6576,1
625136567,904.2351469258246,475.5466884806625,795.544,410.8394,1
625136583,897.7584468470736,475.90944083763577,810.3967,474.7921,1
625136601,891.3706676650203,478.43310652582574,802.3217,519.0281,1
625136616,866.0235091145748,534.1350094991934,850.1185,527.3098,0
625136650,855.8114902112776,528.2178866792302,838.4983,520.1415,0
625136683,843.1506068382852,547.2325524281853,811.6759,561.0449,0
625136700,851.9555639662973,560.7859036088006,856.005,587.1139,0
625136716,854.2384675673453,562.6984398292453,845.6996,564.8396,0
625136733,859.874098261188,561.3756115325443,868.5975,552.3824,0
625136749,862.4809547931951,569.529933968248,862.6333,611.1285,1
625136766,863.8079946981097,563.4433436905545,855.2958,520.1205,1
625136783,864.7110250718217,560.000484497736,854.684,530.5812,1
625136799,868.8496915823517,562.8492575784301,888.9501,585.2914,1
625136816,866.7887145022162,566.316634707067,832.493,594.0901,1
625136833,869.5514167951324,559.2618540709653,879.5768,484.3773,1
625136849,869.1186429878346,553.841163219716,845.8976,490.6934,1
625136866,869.6056795111349,553.2346510701294,858.9336,544.5146,1
625136883,861.043108012372,554.0695082909027,737.4192,556.8986,1
625136899,849.6100118175873,549.6603617918666,682.2523,480.573,1
625136916,840.0636340746846,548.7419082745794,697.0388,527.295,1
625136932,831.7745942538407,548.6457774232463,705.0478,539.0077,1
625136949,821.7577477140705,546.4162553799946,666.3472,502.5879,1
625136966,819.2870384672794,542.1029087760836,778.3591,471.3689,1
625136982,815.8695982005933,539.3413031363102,759.2297,492.1607,1
625136999,806.9457531203758,536.6187128855195,659.056,484.8251,1
625137016,797.5517556249791,536.1819851815907,643.2036,521.5011,1
625137082,790.4485549353737,537.8594790958689,676.8193,559.9631,1
625137115,777.7586492215513,335.838709217464,744.2189,301.3665,0
625137132,854.6987656810485,340.99051112933046,830.3047,311.4347,0
625137149,790.6732857916144,349.7160701117383,688.1802,323.6649,0
625137165,766.8404619116538,362.3109931431991,681.4274,355.4513,0
625137182,754.5266592757648,367.5362075802615,680.0292,350.3708,0
625137199,759.1658111757628,371.89778464632445,746.8978,360.234,0
625137215,757.0057677706955,374.26884083203055,712.0162,354.6713,1
625137232,758.9444150657413,376.9441811354972,738.7826,363.1891,1
625137249,758.741980366141,373.9516770317414,722.8513,319.4398,1
625137265,761.2773501415726,376.3342476429009,749.9228,366.0056,1
625137282,760.9480080779169,376.66207026432227,724.1609,347.8134,1
625137298,764.3671506172678,373.81603534801184,764.6183,314.8444,1
625137315,765.8498554271766,373.16250548423136,747.5978,335.7437,1
625137332,765.4538407685197,370.01402976615054,724.6722,301.6218,1
625137348,762.7540433872621,366.59353421856105,692.5396,291.6957,1
625137365,760.1153972162932,365.7245351503221,690.751,323.1087,1
625137382,756.571680476641,366.9995807537549,674.8693,352.8909,1
625137398,756.6096316572826,369.3733160115215,726.5757,373.7999,1
625137415,758.8048591834238,369.5265309770332,759.8682,342.5254,1
625137432,758.9069948726271,369.9407092557809,727.5154,345.2681,1
625137448,766.9329944187639,367.2991018979707,860.0203,300.6621,1
625137465,1086.0850502078933,362.9154430247622,1089.4341,348.8807,0
625137481,1207.8746923280487,418.47446616914016,1227.4606,417.6445,0
625137498,1199.890829949019,386.68810206433966,1207.2998,345.993,0
625137514,1196.7315078360477,405.0787807909279,1208.9219,442.6468,0
625137531,1197.423445402836,396.85139318198634,1216.4683,365.7665,0
625137548,1194.6548621355562,388.7576379509938,1198.3655,347.9215,0
625137564,1183.602039950423,379.32988126272323,1137.4458,319.139,1
625137581,1190.7160624150172,380.61292439382095,1254.1974,386.4415,1
625137598,1195.7300975136689,383.5143447469467,1250.9043,402.5611,1
625137614,1194.6415999943483,379.80766653258615,1200.6448,342.9822,1
625137631,1201.4197839482656,375.76383555435837,1280.1541,336.6486,1
625137647,1204.8167155209426,373.59373049890354,1254.4218,349.2423,1
625137664,1207.4761481376488,376.09746408612256,1252.9978,401.7464,1
625137681,1205.304223188739,375.6287305966289,1194.0315,364.4465,1
625137697,1204.993370446037,375.0370005513571,1216.2019,363.0617,1
625137714,1202.8341623220401,374.9131059277386,1189.7615,367.4079,1
625137731,1202.9118706039685,377.9902434309879,1222.0341,416.2155,1
625137747,1203.682267892121,374.33916192362784,1229.6294,316.3398,1
625137764,1203.7742899981333,374.1174483370939,1221.4319,366.5274,1
625137780,1204.352400632225,378.0230731370859,1231.946,434.495,1
625137797,1207.2198858224065,378.12791404374224,1269.3922,375.6346,1
625137814,1205.0467039787445,380.341878746412,1185.7744,407.9365,1
625137830,937.7666797252434,378.095032316524,924.4178,357.4553,0
625137847,745.5737477835058,494.55805152718546,714.1812,476.4316,0
625137864,748.7180389244527,498.23375570926834,721.4654,484.9667,0
625137880,702.6023526770227,479.7544273340643,561.9655,411.4174,0
625137897,705.54522546134,481.85880272528203,679.7631,467.7998,0
625137914,711.9408083041693,491.0025667525272,706.5077,512.2267,0
625137930,724.4718366930418,549.0286513680533,692.6458,535.9463,0
625137947,725.2977481220079,522.5167817978521,692.5835,506.4482,0
625137964,709.4334154791344,545.9209010696542,658.943,556.7621,0
625137981,710.9801300424136,542.1387524436578,680.5657,519.1788,0
625137998,713.0473415546045,552.3979488579258,688.0477,573.2336,0
625138014,719.2112433558827,552.4446508887976,713.8902,540.616,0
625138031,719.2025684254717,546.7207885000089,685.2352,501.6432,1
625138048,721.7719368286762,547.3780987084779,705.9418,539.0853,1
625138064,722.3529099941028,544.027857391662,692.9697,505.5977,1
625138081,717.3520436499339,540.3991862802408,640.7971,493.9355,1
625138098,719.4878319942251,538.6227732588321,706.3026,509.7741,1
625138114,718.1874072036412,534.3125526705536,670.2736,476.3468,1
625138131,948.4620329490755,324.70687383912815,934.3757,298.5616,0
625138147,1174.7650882251155,328.0561452697778,1187.1406,315.0212,0
625138164,1171.7247063572527,313.340186435145,1179.2694,281.9227,0
625138181,1173.081143421286,315.07199963482947,1187.9359,304.528,0
625138197,1169.1010443096768,285.7385747583967,1162.8403,170.0235,0
625138214,1170.5830800246674,288.40994847785186,1188.0437,283.6497,0
625138231,1209.5177076275174,308.5726741835184,1225.2144,295.2635,0
625138247,1140.902646677915,298.9569049467219,1148.2568,280.6889,0
625138264,1163.440413701389,280.1935224459634,1197.1226,241.4544,0
625138281,1163.7892138780885,286.0221699855919,1174.4063,280.6085,0
625138297,1221.3748886657752,294.5525816648583,1429.3271,318.0892,0
625138314,1211.4559489871342,296.5704917507274,1181.7095,288.251,0
625138331,1183.8926749925988,270.49661819897335,1195.1934,251.3908,0
625138347,1165.571872515526,248.8554017672473,1173.9369,226.2437,0
625138364,1171.7430084159737,294.12739829337664,1191.0554,327.7097,0
625138380,1180.9456143562088,294.3531259792744,1213.179,279.0818,0
625138397,1186.9837902764605,288.99845870563246,1218.5278,255.2349,0
625138414,1188.7661126916657,291.57463409223647,1209.2126,286.7256,0
625138430,1197.0585782347314,289.9247931197531,1254.8533,266.8797,1
625138447,1199.4742712520188,293.91275447274325,1228.7533,304.6929,1
625138464,1204.0903775561167,295.12112170070225,1251.8895,290.0915,1
625138480,1203.94302452278,290.79560272284283,1213.8962,238.1374,1
625138497,1207.9023358963414,294.77906603185005,1259.0591,318.6675,1
625138514,1214.263746408824,296.7247380224202,1292.6667,304.4535,1
625138530,1221.612466296023,302.2926391066784,1316.9452,352.5923,1
625138547,1222.153124450797,299.77753425296055,1238.051,253.8279,1
625138563,1222.3720332514351,302.4335971940253,1237.0948,320.2467,1
625138580,1225.733762187735,299.88640655312037,1280.3269,252.2657,1
625138597,1227.749302383961,298.0707457776128,1265.3551,259.2833,1
625138613,1226.2471050195657,297.92867971356367,1214.7048,280.5162,1
625138630,1226.2518795456288,299.2691728599103,1238.6052,305.3095,1
625138647,1226.8185686271806,298.2984436801174,1247.271,269.1859,1
625138663,1230.2127014443925,301.80665614430006,1298.8085,346.6265,1
625138680,1233.111719491199,298.28881987189277,1289.7712,227.7657,1
625138697,1234.5680789001508,290.4280986539296,1264.5625,147.3949,1
625138713,1236.3733194888707,287.13847134634466,1275.3096,224.6843,1
625138730,1236.5308282144797,282.84144750250067,1246.489,202.3931,1
625138746,1236.6476357310228,288.9930944868584,1253.1846,393.1562,1
625138763,1376.1208482699465,709.1339656397006,1426.0791,751.0145,0
625139296,706.7442872336446,258.5417886710299,662.0699,211.2338,0
625139329,782.1155375378269,436.6723678639681,843.3521,616.2086,0
625139347,811.6935201259458,476.1947650426479,855.392,549.493,0
625139362,833.0249234501737,506.67085012759657,885.2417,597.3914,0
625139379,838.3957622240374,517.7620762100845,842.1216,554.4971,0
625139396,878.4123769144186,558.3996444074927,864.8501,555.0468,0
625139413,890.05448885343,652.236181731852,881.3311,660.272,0
625139430,878.4482475061102,605.565005190499,851.989,555.0812,0
625139446,881.3833571009745,600.6441318457858,875.9584,591.9873,0
625139463,885.6755406222417,631.9893743908865,893.3727,742.0765,0
625139480,880.1355618303548,617.7502474765117,842.4771,557.0669,0
625139496,873.2330792808183,601.8863087198578,820.5279,515.4527,1
625139513,873.3353251107492,603.1779125386786,862.5613,614.4129,1
625139529,851.2219532366043,598.1940613074265,671.1242,553.8268,1
625139546,852.8593279086593,602.8472948675179,856.9617,644.8188,1
625139563,863.9122337105173,596.0852859836962,954.1191,539.7969,1
625139579,866.7305852894403,593.112983078905,881.5781,566.802,1
625139596,865.8376005923299,592.1544503155632,841.96,583.9896,1
625139613,866.1400275137524,590.8933038384389,855.6835,579.1088,1
625139629,864.0582098959161,589.6194051812432,823.5928,575.2328,1
625139646,857.2197729809802,593.8993193305256,755.3582,648.7296,1
625139663,845.3825925281755,599.9623870792473,673.02,676.2663,1
625139679,833.4813944222158,605.5828809608515,657.5626,675.7114,1
625139696,679.5129120487278,719.9378131061502,648.8,723.8772,0
625139713,653.5488175768875,661.3118225148851,617.6375,657.0848,0
625139729,664.5843808080755,668.8183215376667,642.8026,675.0333,0
625139746,672.0723861320018,685.9086451464077,657.0399,724.1771,0
625139763,671.178735890406,683.3998801028818,634.7075,673.9153,0
625139779,672.5739383817262,683.7317517565102,645.7091,684.6534,0
625139796,671.4731823971596,687.5446072770468,633.1019,707.4278,1
625139813,673.521689207171,692.7208878237168,655.2732,726.6357,1
625139829,672.8984953649367,691.2401202869084,634.9694,679.1857,1
625139846,673.2863606957503,701.1624020574328,646.8993,784.9216,1
625139862,655.2298186480292,696.6156917609,451.3187,643.2838,1
625139879,656.4724370208584,693.3449462560635,637.3379,659.1528,1
625139896,657.1107714833205,691.6070442747515,632.3915,672.0341,1
625139912,660.8816617753731,693.049292621276,674.7931,712.2728,1
625139929,782.743140518117,365.2802770048478,750.8766,334.4562,0
625139946,738.2015676245126,221.17034276458324,695.8007,171.3566,0
625139962,755.5597067630575,232.90796608457686,735.3784,199.4339,0
625139979,755.7035268742457,255.3719355376077,718.4853,260.1491,0
625139996,744.8203601907593,261.1564171977863,669.1784,233.1367,0
625140012,752.6999630324893,258.87126806423606,747.8232,205.3185,0
625140029,748.6783377460551,259.29057822825604,686.968,215.1089,1
625140045,751.7885005672786,262.807378691806,733.4644,241.6769,1
625140062,745.4797508927046,263.27256787772,658.4935,218.9016,1
625140079,747.2780992669656,265.9055445045562,724.1072,243.6553,1
625140095,746.6166927868358,267.4295155054332,701.5743,235.9004,1
625140112,741.8269328433589,270.1390479309952,654.4053,249.5837,1
625140129,741.36237858777,271.28965674234195,698.2005,237.6138,1
625140145,747.0748223905481,271.3525020021476,776.4311,229.5612,1
625140162,749.4605557316929,270.235053535325,739.0658,211.9603,1
625140179,751.4360981284881,266.1745308462558,735.0717,168.5591,1
625140195,753.9482045243793,266.52819533191405,747.6804,229.6437,1
625140212,757.3022277422111,265.90415039000754,763.343,215.841,1
625140228,760.0231220079113,265.6494619064386,757.2964,220.8001,1
625140245,757.036469640458,258.49161295922875,662.4395,102.2957,1
625140262,755.2223286867466,250.17102724130586,679.1071,76.8671,1
625140295,761.6054790584548,253.52884225977112,826.6001,278.8087,1
625140312,1087.7269843007477,327.2866597804529,1089.9443,309.2687,0
625140845,1341.2653900537057,815.0968803424914,1391.1013,867.1382,0
625140878,1335.6607507050364,792.2412297231592,1376.9084,815.6333,0
625140895,1344.5345507934244,789.2099201863151,1413.2889,832.8828,0
625140911,1352.0755026121828,790.9854209721701,1427.3156,848.1715,0
625140928,1343.653214230183,787.6291138917304,1354.9934,820.22,0
625140945,1474.852453608473,929.9555623876546,1544.4999,1002.6484,0
625140961,1329.3563392678254,848.07050500177,1379.0305,903.2139,0
625140978,1324.8080181231828,817.7904242308381,1366.6427,835.3014,0
625140995,1369.7114348286607,784.3023547083254,1518.8969,765.4481,0
625141011,1368.2361026395338,777.8741464013414,1413.532,806.3854,0
625141028,1358.5165738817964,774.3377912840456,1365.1115,805.9697,0
625141044,1059.5015640717847,667.2253340861258,1071.0552,686.5054,0
625141061,961.2122271442686,611.9247042638726,959.2736,619.3512,0
625141078,981.4678976318564,606.4933249662218,1004.0393,609.5367,0
625141094,985.2255886343493,608.0792773983356,994.2791,620.3734,0
625141111,989.6999592316027,624.4468607018242,1007.976,689.7226,0
625141128,994.0245807582544,632.1034159540969,1016.3787,677.5659,0
625141144,998.5078350844076,635.2513846922941,1026.1029,664.7518,1
625141161,1007.7524368256951,631.0011532581854,1069.6963,617.6566,1
625141177,1001.7679569760842,639.3361789809592,961.233,711.0278,1
625141194,809.704213549825,745.6983622139322,795.0996,759.9064,0
625141211,520.8911405204376,849.9641056338371,476.5452,859.8563,0
625141227,497.20490358122356,919.4043742157504,428.8767,1011.7653,0
625141244,487.8515989010709,938.3727212364997,423.7122,997.0973,0
625141261,482.50899535118003,947.0099762028485,420.8332,992.7994,0
625141277,488.67753651622854,947.0895564005315,471.6547,967.0389,0
625141294,456.05220838431245,901.5205136444406,406.0744,913.6637,0
625141311,473.4941467693827,915.158268979,426.0526,929.8424,0
625141327,482.09703668317843,931.6954639614294,446.4627,967.6195,0
625141344,475.2312031748618,938.8649789060804,414.1171,971.3734,0
625141361,456.79210855467375,947.5474983130811,348.5989,990.3987,0
625141377,456.17997112102853,948.7454873519556,406.1288,970.9402,0
625141394,458.5035296140632,949.9392565524898,424.1187,974.3513,1
625141410,457.10262964822687,951.4324383748867,400.8541,977.8981,1
625141427,463.41745722224266,950.0869090366463,463.2954,959.85,1
625141444,469.31660817113834,953.7713782138329,472.9312,1005.4075,1
625141460,470.181857639024,953.9424482606341,430.4167,973.6274,1
625141477,473.24003399933446,958.4083098059332,458.3174,1023.6331,1
625141494,471.2567188636989,959.0449283069611,401.2462,982.1254,1
625141510,472.0947587983472,953.2952948955525,431.8333,902.9442,1
625141527,474.7158528273992,956.9652779434665,461.3857,1023.6442,1
625141543,595.7086350281236,764.565767950964,556.8994,768.897,0
625141560,828.5451480094001,402.8256870828073,803.4031,378.8723,0
625141577,935.3510656809323,339.27113203273103,1036.8584,249.4018,0
625141593,989.3232264486279,307.1007139360404,1096.1146,216.3545,0
625141610,1021.4429229543109,297.7644801735324,1118.6547,247.9699,0
625141627,1048.5327020509292,312.2029507988621,1163.9237,360.437,0
625141643,1065.7476944455234,284.59306625230465,1063.8219,260.4553,0
625141660,1136.9220397678862,271.1174178396259,1142.7793,249.441,0
625141677,1098.7528039756044,285.56014628529016,1058.7362,277.3018,0
625141693,1089.1607412079202,300.8451560712537,1070.6233,312.5913,0
625141710,1090.8086439354406,298.7850348137553,1097.9155,270.8307,0
625141727,1092.7911040862973,297.9909741289001,1103.3812,273.6263,0
625141743,1084.1642201251916,291.7340711396961,1036.8654,232.9841,1
625141760,1095.5335899552329,302.3176153438683,1174.192,354.0415,1
625141776,1094.6913047157389,298.7168723570444,1089.0518,249.8949,1
625141793,1103.063379398409,293.51784395608405,1174.2128,232.2087,1
625141810,1110.189522362213,294.89431792762963,1178.6161,291.0986,1
625141826,1110.2497339454987,289.0518487549459,1108.9408,208.9065,1
625141843,1105.9435320233304,286.0558400212003,1057.2262,230.872,1
625141860,1102.118428624481,285.6565384455384,1057.7549,259.3911,1
625141876,1103.6862482399113,280.33212210565677,1123.2438,195.2625,1
625141893,1105.4166264114883,276.24188624430104,1128.1473,205.5129,1
625141909,1102.6865785557284,273.6744149575355,1064.6211,219.3365,1
625141926,1110.2424884193997,273.3140904838363,1221.689,257.7795,1
625141943,1117.0258717894471,270.9858244788884,1216.6738,225.1901,1
625141959,1123.487942582907,276.5628470098513,1222.8303,352.527,1
625141976,1129.6575139077788,278.5399164346026,1222.5983,296.2209,1
625141993,1133.126734208936,283.0762946425158,1183.3929,339.6919,1
625142009,1140.3178023953449,289.15861755150814,1254.1827,373.66,1
625142026,1141.7734453569356,290.83517241805083,1154.6635,293.5929,1
625142059,1146.5575404984017,297.3915372572985,1221.4054,387.3834,1
625142076,1153.9564884689569,303.1163629986798,1274.2131,378.7513,1
625142093,1161.2856633678134,306.5193111609162,1277.5043,339.1683,1
625142109,1166.0809963249715,311.1459808460836,1236.1621,363.1197,1
625142126,1169.1267733967552,316.7522850605734,1208.3928,383.8984,1
625142142,1173.123705239545,321.36872655167116,1230.7791,369.9193,1
625142159,1176.4499646253853,330.03673027141326,1225.2555,452.0696,1
625142176,1184.1207138635232,336.0003540180982,1307.8008,401.3577,1
625142192,1189.7697937716741,340.8180570552865,1264.2338,384.8382,1
625142209,1194.483703951496,343.4677511697538,1252.3726,350.1946,1
625142227,1199.0974806602387,347.42069830048223,1260.3674,375.7076,1
625142243,1202.6013549233614,353.16136915228253,1246.3733,414.8756,1
625142260,1206.6188972538207,362.8976909829188,1258.0222,494.2752,1
625142276,1210.1957488758244,368.843851727456,1267.4302,438.7753,1
625142293,1212.4443591621855,372.749074213862,1236.0939,392.2927,1
625142310,1211.4530469702113,378.5178391585915,1188.4197,430.2144,1
625142326,1211.979241143526,380.5369779115983,1219.853,371.6708,1
625142343,1188.7705084829233,402.9836640447248,1205.5579,399.3073,0
625142360,1212.0828378619383,382.85993031205214,1230.8362,378.1927,0
625142376,1215.1588068392252,387.1436287524375,1238.0132,388.0734,0
625142393,1235.1466723036808,384.046676755225,1300.7263,376.1626,0
625142410,1232.9502045528325,389.2259508063998,1247.3162,403.2159,0
625142427,1234.4041138230923,380.054500969977,1260.4075,336.3724,0
625142443,1246.7714664194095,382.3820213672238,1336.772,395.951,1
625142460,1243.954651234197,380.7536111256112,1246.5007,366.3399,1
