timstamp,smoothx,smoothy,rawx,rawy,fixation
625163386,998.8731773871358,553.9687209373323,981.4108,540.1722,1
625163403,988.9468760501047,547.7345916665781,862.9988,462.6539,1
625163419,989.8046071803782,548.4926403513479,1006.0436,560.9216,1
625163437,988.5409785529007,552.704871407686,977.017,611.8596,1
625163453,985.0164569706518,560.6964380256244,942.3265,673.5916,1
625163471,985.9613285654622,564.4715640076126,1007.6631,618.6983,1
625163488,983.8992101634836,566.9201449109412,957.9144,598.739,1
625163504,985.027908990452,567.0613184962845,1008.3435,565.2789,1
625163521,982.4825291195318,571.4250093930823,947.4277,636.1201,1
625163538,840.8929174079071,714.4876031009013,828.7593,726.8795,0
625163554,957.8419536144521,536.4886406329268,952.7103,535.0965,0
625163571,981.2772952262563,564.6188450501328,1007.0554,600.3451,0
625163587,993.1035169862002,558.3627714560349,1018.5259,548.7576,0
625163604,998.472797890056,557.6580209715435,1016.2172,559.4719,0
625163621,975.9011991968525,581.0235669871614,878.5341,682.8993,0
625163637,950.5746967066291,568.7966515940946,806.8095,496.2397,1
625163654,939.6990255414959,566.970489423839,865.8687,552.6251,1
625163670,922.9136593723242,561.5641241292109,792.4855,514.8265,1
625163687,906.7067817065576,552.4889931018424,764.1262,468.354,1
625163704,900.3428844288893,549.9151205158465,838.1367,522.8358,1
625163720,892.7133035017594,544.2623258906395,810.9404,482.2906,1
625163737,889.6963748967155,544.5732324838305,855.4863,546.8499,1
625163754,879.6814769629832,545.7111061520507,760.3424,552.9178,1
625163770,874.9487479184492,546.1294222598999,816.1418,547.415,1
625163787,866.9477827448991,539.3698211905377,758.4669,442.7929,1
625163804,864.504159856232,534.7618528868887,830.4041,469.3769,1
625163820,856.1453718142454,528.7635869158407,733.5129,437.1026,1
625163837,849.1418762302711,528.0060189508372,746.8759,514.1694,1
625163870,847.9311344878535,530.9162148164431,835.3531,577.332,1
625163903,843.9948808924703,527.9174191141631,782.5645,476.7231,1
625163920,805.0990798433438,528.6164446032703,781.8987,517.7336,0
625163937,879.6114384725851,489.4352158442779,863.6282,478.261,0
625163953,836.213396877673,486.0623297324998,766.604,465.878,0
625163970,838.0080414046399,491.71553251366987,821.9121,491.2141,0
625163986,833.6270607044722,471.5486921013723,795.1168,388.3207,0
625164003,824.6789606050689,427.7863791557361,754.8032,213.7138,0
625164020,824.8542313590782,399.8110103383401,796.0016,226.7788,1
625164036,821.5103253699594,377.4740806188978,769.2216,210.5928,1
625164053,811.3016006162974,366.903391627814,705.7078,263.1601,1
625164070,802.2153639255764,359.4590526815031,697.0352,271.7927,1
625164086,794.9451472601199,351.65726927635563,698.4971,254.0787,1
625164103,790.130611844986,335.87021078588316,709.7327,150.7573,1
625164120,726.7454194718333,333.76821836737594,687.1918,296.1902,0
625164136,782.7207148993394,346.5433462832098,750.1559,313.5747,0
625164153,807.4510525926094,302.6009671013907,802.0436,218.5397,0
625164170,798.9716389399847,284.3441361485334,745.6978,204.0356,0
625164186,800.3261372951079,297.85586029931943,773.9965,305.7237,0
625164203,805.3367117541138,300.5623709054464,796.0082,276.6338,0
625164219,802.5916684393151,294.5834741944651,754.1144,223.5531,1
625164236,796.691648253349,299.87526414211004,727.0507,294.9029,1
625164253,796.645877564339,295.5981008276633,762.992,225.6681,1
625164269,787.8852023358517,293.81658493755185,680.6393,236.9615,1
625164286,795.7218796190691,291.84982907673543,837.0153,239.63,1
625164303,789.4490276519448,288.2190366604569,690.9355,210.1017,1
625164319,782.613536451856,277.20890570326407,670.465,114.0654,1
625164336,785.86391718062,274.2067235031202,792.1519,205.4267,1
625164352,790.6687453630816,278.78759770258284,821.1343,304.8369,1
625164369,796.5723257318685,283.01492096524504,843.3207,306.8824,1
625164386,797.3944668080212,279.48057597355444,771.5034,193.1909,1
625164402,799.1014712519858,277.74419802185247,787.0184,217.2506,1
625164419,803.6105261095275,276.97589598823237,834.3195,232.8371,1
625164436,807.9552560865163,274.32355033141437,835.3101,200.7483,1
625164452,815.7040620069508,273.0893407286992,898.1212,224.9803,1
625164468,815.8495426782882,271.59149658261396,773.21,212.5629,1
625164485,820.7069556680871,271.7793310346738,858.6911,244.8907,1
625164502,822.4165201033528,272.3954124658418,806.5985,249.4471,1
625164518,824.132003972334,276.3160540216164,811.1198,309.7703,1
625164535,825.605762911893,278.74071461442554,808.1885,283.5515,1
625164552,827.5376344807044,278.7836548953205,817.6453,240.3199,1
625164568,833.0479388874189,277.8059019148708,887.5121,224.4488,1
625164585,831.293402608922,276.38465245072086,751.805,208.7255,1
625164602,827.963254110497,278.7471894550072,725.2324,279.721,1
625164618,825.7260558939911,283.14189999831234,748.6692,320.9193,1
625164635,820.1607566038492,284.00101662510735,678.1873,256.717,1
625164651,812.9781423752787,284.9366390373906,653.5709,246.6612,1
625164668,811.4326969977891,285.14690243702,757.1159,237.8313,1
625164685,808.8431129339904,289.0082429679955,742.2621,319.3377,1
625164701,805.9860670271985,295.7027418996801,740.5573,371.1884,1
625164718,795.5636790152166,297.90489076761776,584.9697,272.2116,1
625164735,592.4470445037076,315.55887146175803,536.5875,268.345,0
625164751,778.3597970262155,465.65964895153974,749.71,446.0714,0
625164768,762.2210292912732,432.89250488482145,711.292,371.3208,0
625164785,748.5856091247614,406.01873346996183,682.1194,317.0836,0
625164801,754.0801005594257,398.2954837774951,737.7783,345.6864,0
625164818,801.0042455774576,383.47517359068064,975.5281,302.1819,0
625164835,1144.1379948415802,317.19697736493396,1152.5459,301.1974,0
625164851,1178.1284719454736,227.01323709030873,1187.1439,202.6092,0
625164868,1175.1746444965343,240.41548316544873,1181.5511,232.1099,0
625164885,1153.4585594658345,243.19063966949145,1112.2432,222.8939,0
625164902,1136.6954240496445,258.1296292291683,1088.5864,281.4122,0
625164919,1119.301770570489,267.9753907062886,1049.1316,283.602,0
625164935,1120.5964707970495,264.8273769165735,1132.6072,223.7622,1
625164952,1120.508024124465,264.2224485757141,1125.1696,236.1514,1
625164969,1117.3956616038415,262.2558455215463,1098.6431,222.0535,1
625164985,1116.5977640939652,266.4967985283006,1116.4033,277.9816,1
625165002,1119.1338014805558,265.6460853029798,1148.0052,234.5921,1
625165018,1126.2511469281837,275.11945429960105,1207.7805,352.1344,1
625165035,1256.6756315113703,542.3819080233632,1286.5415,558.4702,0
625165052,1234.8714661004155,375.18099511659193,1255.9919,370.917,0
625165068,1190.984307033914,362.6382521169549,1157.1968,338.0675,0
625165085,1183.4915541692158,305.84741702350766,1175.4952,164.2381,0
625165102,1182.573694453843,322.70482655582293,1194.8807,366.0789,0
625165118,1185.3551112140199,306.41732026265794,1208.3778,221.3428,0
625165135,1163.8813168307886,285.4424984785266,1173.408,266.9209,0
625165152,1187.6962992221286,215.69440161782452,1197.405,190.5337,0
625165168,1210.2314129751328,230.36300078925473,1248.7444,225.7166,0
625165185,1214.0714238035816,239.91328740581804,1236.8427,240.4968,0
625165202,1207.6080016385788,245.09388242195067,1199.7063,240.2021,0
625165218,1197.0073733387414,256.7493904676881,1164.5946,285.0377,0
625165235,1200.5855427099577,271.8942433422454,1236.6206,335.9315,1
625165251,1193.3413993232377,271.30244681660776,1159.175,244.4429,1
625165268,1199.4186130256999,271.65018839457764,1258.8615,256.3753,1
625165285,1195.4447825131408,270.84785391255076,1174.6843,242.0126,1
625165301,1196.2431212900026,273.068533222516,1218.0094,274.1842,1
625165318,1183.6970935643326,271.214230340689,1067.5764,224.8502,1
625165335,762.7024290969891,32.34487301344505,716.1423,-37.6906,0
625165351,786.1856566940913,188.07266101241672,748.1404,137.1715,0
625165368,791.2906476113951,196.29509766621766,760.1339,156.0476,0
625165385,803.3476349023109,203.8447193650173,795.1611,173.7321,0
625165401,806.1013323113784,200.46244860528077,779.3381,141.1994,0
625165418,803.8084439252361,219.56227979924262,761.4002,256.2107,0
625165434,801.4257291539362,203.63679146089217,749.7028,67.3095,1
625165451,800.3184983194952,197.10780878754807,755.7424,105.8812,1
625165468,795.2550782779548,192.57776342186256,719.8586,108.1592,1
625165484,790.2158010679263,191.17601586105667,711.0737,128.6387,1
625165501,579.5812135502964,133.9081733126138,515.48,65.1918,0
625165518,804.8071122507355,156.98158876271495,767.7747,103.5712,0
625165534,818.7964590578529,169.87352997842032,799.926,133.8395,0
625165551,809.7868165412249,179.23300372978866,754.7806,148.2919,0
625165568,803.6044142153937,179.42476452011934,746.8913,127.8917,0
625165584,743.0006994109253,174.00478555621396,433.3628,81.7691,0
625165601,773.4657305552819,145.9828568472339,732.3774,89.5517,0
625165617,756.9412062711381,171.6716611078139,714.8835,117.2497,0
625165634,776.7369480504557,152.2200188626132,757.5838,76.1752,0
625165651,790.7157265034637,170.10275941612846,784.7546,158.6709,0
625165667,806.1246830389485,164.5281425420243,819.5585,95.9969,0
625165684,816.520511741775,141.56942122938582,821.6301,-11.1081,0
625165701,824.9212211630576,141.2947838154012,833.8454,89.2164,1
625165717,827.4820912818525,146.23962361393387,808.2676,126.6731,1
625165734,832.5515360478566,140.838456540611,832.2734,49.5009,1
625165750,833.1995519623371,139.46663439022194,801.0397,75.6999,1
625165767,834.2004133516865,142.75140323152445,807.5812,121.7253,1
625165784,840.6021431780654,139.03256782590645,867.9466,51.7674,1
625165917,665.821811043761,586.3348694281954,628.5551,574.2215,0
625165934,741.3902927717612,582.0508683628923,712.7593,573.6974,0
625165967,735.5882629565594,573.0301481900838,699.1523,552.9662,0
625165983,708.2661135789143,577.7770418337565,615.3893,574.5833,0
625166000,699.0735922405946,575.1526311350981,635.0402,553.422,0
625166017,698.1679127506001,559.9157099800136,658.2869,479.8579,0
625166033,696.7927118511524,574.0519171888179,658.6069,639.4381,1
625166050,694.0637171027158,568.958704915159,641.6385,522.5467,1
625166067,692.3281178874945,566.9276462090713,645.1937,538.7159,1
625166083,693.428887745041,570.3218751467037,670.3273,587.4321,1
625166100,692.3398064804412,578.9469111795959,651.5066,646.9174,1
625166117,692.5612487626036,586.5257210916462,664.3964,650.9081,1
625166133,691.9207057834149,592.5505660329397,654.0509,644.3467,1
625166150,692.5136755089941,590.3048086703524,665.5942,548.5684,1
625166166,724.7641929934699,327.74054445589775,684.7562,289.3616,0
625166183,726.6559260488198,262.25635722878576,684.4368,216.4931,0
625166200,716.8589345969519,259.8452428641298,662.4115,210.0255,0
625166216,720.8344891015958,257.2694075330695,686.4387,205.3646,0
625166233,702.2612545413706,241.5943247703126,593.2292,137.2686,0
625166250,706.3909468387611,246.88919476373917,680.7346,222.9053,0
625166266,705.7384829688926,248.5913773066975,657.717,209.4254,1
625166283,702.8659993192379,244.2600797584572,638.1693,166.4355,1
625166301,706.7513709145289,229.53110749671555,686.9641,71.7159,1
625166317,698.5404187538891,222.8476105159409,581.1047,114.3436,1
625166334,699.5133991797727,215.7581502196696,660.9846,101.7913,1
625166350,703.3543589478572,211.1773332866759,695.4566,119.1096,1
625166367,706.0699249855708,211.01282840413762,689.6917,164.1305,1
625166384,706.1002718871412,215.47634256741088,661.3534,221.3959,1
625166400,706.6888913321169,213.86236131235665,666.4473,145.5416,1
625166417,704.6002253270342,215.17533659852822,630.3881,182.7429,1
625166434,702.8423381062323,214.77328954030284,631.8375,158.6487,1
625166450,700.9439114521377,221.70790880615223,631.2885,270.9124,1
625166467,702.9664535271689,222.27274984379056,688.7488,179.4543,1
625166484,702.6766451398084,220.9943805849522,651.53,147.7141,1
625166500,704.0399234144593,221.5212427762918,680.1846,178.3748,1
625166517,701.2274071539708,222.50274427500844,609.1147,183.0044,1
625166533,702.5695976490667,224.16734688267275,680.9384,199.3909,1
625166550,701.7647199427585,223.52768368321506,641.6683,157.2057,1
625166567,704.4595740635807,225.89556522420472,707.0433,215.1805,1
625166583,702.5561156015737,228.75825360096752,623.3589,221.6122,1
625166600,703.9958348619052,231.139854186358,685.0923,217.4723,1
625166617,702.7402329691149,232.7621008340277,634.022,202.1242,1
625166634,703.0370917088683,235.54955062172772,664.1285,227.2882,1
625166650,702.2510050632695,240.8790240828885,644.9578,277.1285,1
625166667,700.1057321569721,249.1677323404355,620.2539,336.0011,1
625166683,695.059105484501,257.3464890520134,566.4305,335.4515,1
625166700,692.2790319181394,267.28839036266146,608.6193,373.5792,1
625166717,690.5396510297983,277.0010825824345,630.3214,372.9434,1
625166733,689.2292524042666,286.36880940343787,627.7347,364.0344,1
625166750,462.04566678992427,454.9978465877714,396.1869,416.4006,0
625166767,694.4271645167812,370.4818340584346,652.4754,335.2859,0
625166783,708.8483219285379,404.60397817413315,687.1639,412.8597,0
625166800,687.508858869481,395.25744730071057,597.5506,339.2258,0
625166817,690.2161837244086,375.19151962973626,654.9789,274.4388,0
625166833,653.2071639871618,383.0208062030462,446.1202,373.6619,0
625166850,718.172299644561,406.812113357263,680.3329,377.1074,0
625166866,699.0205925757537,419.0511783843748,659.4067,389.6694,0
625166883,672.5758883600299,484.9981757641841,605.3279,533.4927,0
625166900,630.2434411203884,522.656070616186,495.4692,579.5599,0
625166916,647.6379810165026,535.0606535908995,666.1124,558.9856,0
625166933,651.4531401406985,550.0258312046966,630.2767,597.8691,0
625166950,643.8168531446493,560.339067491177,563.3957,595.6494,1
625166966,642.229695169809,573.1508009762723,594.7939,637.2466,1
625166983,645.0049512614747,584.3486995376007,629.2932,650.7616,1
625166999,646.3447951280011,591.9042693473556,620.5156,637.4483,1
625167016,640.8747139103027,587.0103211320372,548.259,518.8616,1
625167033,671.4515434154114,662.8100928902329,637.6794,659.7613,0
625167049,683.9815554428797,673.5951159104541,652.0681,672.4847,0
625167066,678.7030988258775,664.5337945122327,639.6257,651.7218,0
625167083,661.5018929462916,604.9697819038735,581.8983,460.9631,0
625167099,666.7069041788068,613.3737304007427,649.0524,634.1027,0
625167116,663.3370386215029,610.5579465892257,611.6693,588.7735,0
625167149,654.6600080370112,608.1871357097556,569.7195,583.6193,1
625167182,658.2947613970085,597.8722347404176,642.848,522.5378,1
625167199,659.4543893691009,587.5084282604023,628.1867,500.8796,1
625167216,664.5237625311636,576.663387216027,666.6945,478.3578,1
625167232,663.6836768913716,578.7792059124282,618.3217,590.2555,1
625167249,659.7131971373062,581.3101867268102,581.8441,596.5079,1
625167266,652.9642160529474,594.4522348664085,546.0292,726.4623,1
625167282,635.2576093453538,829.8361059518555,603.4745,843.8578,0
625167299,585.4315195681088,760.0727082735706,545.2594,763.312,0
625167315,596.0497011810133,761.687616770267,569.0568,768.0994,0
625167332,602.8332645840322,784.4859245222348,582.2646,842.7321,0
625167349,599.491519875504,789.35454416277,551.3326,811.8606,0
625167365,591.7522140363192,786.2926487709102,518.8587,777.2382,0
625167382,585.9416852859771,787.1563343762439,515.8047,796.2703,1
625167399,587.9799657414057,787.9320665606346,563.2677,799.7819,1
625167415,590.159115378046,790.5079571021429,569.064,816.9698,1
625167432,592.5580060671833,790.3335003259394,574.6019,796.1707,1
625167449,816.4833282036116,810.0520241271798,805.057,832.0027,0
625167465,1061.092091854822,725.9967506050964,1075.0129,752.0891,0
625167482,1205.3981282933225,766.7909949757965,1399.8289,859.1055,0
625167498,1218.9104987289618,751.3131650181607,1280.1516,756.1385,0
625167515,1232.3684615225832,725.0520854233247,1306.8099,676.1354,0
625167532,1232.0921600640406,709.9679869513893,1260.4905,678.6484,0
625167548,1321.7956444098518,684.2700656797232,1364.5083,720.2512,0
625167565,1488.6375766657031,755.4576231335632,1553.4106,808.965,0
625167582,1364.6321715123845,750.8207541780588,1276.5448,784.7133,0
625167598,1331.7783086305533,695.0581055777463,1299.7516,605.7307,0
625167615,1322.5184212305228,701.3462776669128,1337.2683,759.5773,0
625167632,1313.343817189915,704.8465588819475,1317.694,756.8001,0
625167648,1405.4044172843905,899.9702061968519,1465.8561,965.3273,0
625167665,1266.2929643019415,764.56977435429,1305.5275,806.6149,0
625167681,1265.900594610485,758.6398609057235,1304.2126,793.3711,0
625167698,1265.9051473963814,741.9548005140495,1303.0371,744.474,0
625167716,1268.2661619545438,750.5145701212454,1315.9769,820.0489,0
625167732,1280.7884173284758,751.9443687767397,1376.2384,802.3955,0
625167749,1250.675458915378,770.0102628255232,1288.2944,811.7994,0
625167766,1312.2707001787765,939.4164759381972,1363.3479,1004.048,0
625167783,1304.134666423088,840.9359782525833,1337.9021,783.9224,0
625167799,1302.5951747515073,790.5335653688749,1339.948,726.3538,0
625167816,1253.9497341056635,746.310071633812,1125.3213,632.7562,0
625167832,1256.2892816654064,733.863188917834,1303.4437,720.8313,0
625167849,1188.0569332171453,459.82817975142933,1206.8718,462.6141,0
625167866,1166.9459422312611,453.046776077544,1183.0521,453.8697,0
625167882,1152.9987550695146,447.457514025805,1151.5365,439.8616,0
625167899,1155.5488541467005,418.88921110250396,1172.6897,352.2164,0
625167916,1142.2497345451015,407.43131234786733,1108.5636,362.0891,0
625167949,1147.1809224035228,387.2151057108555,1177.7085,292.974,0
625167982,556.8833918906047,604.7505668323348,507.622,588.6171,0
625168015,1127.5253020744656,400.1021846623943,1137.0779,392.6518,0
625168049,1130.4029959764728,386.44390757111603,1142.4822,362.5726,0
625168198,1159.9623588667826,380.595854832384,1237.7002,363.167,0
625168231,1190.9544284231565,416.8253030165608,1314.562,539.8626,0
625168248,1183.0986073551132,397.9256352119224,1160.2932,307.8445,0
625168265,1171.2843016515699,239.48106262321184,1179.9661,216.1183,0
625168281,996.2264780010725,423.3509692488062,991.3615,411.1758,0
625168298,1073.9672511676124,352.72331618985794,1159.4791,262.696,0
625168315,1117.6202191140155,324.1231470216339,1217.5107,249.3411,0
625168331,1135.268820252487,321.96380206030307,1199.8564,302.6325,0
625168348,1157.0450959087693,305.34475600926316,1257.8054,221.6742,0
625168365,1239.0280107516237,258.6815457927598,1256.3068,241.325,0
625168381,1226.0444103165037,276.4027225896778,1242.4701,260.3431,0
625168398,1222.936280738132,302.4897417582622,1237.4736,318.0622,0
625168414,1201.212326684236,275.62377408106386,1164.5531,196.006,0
625168431,1186.903519429341,243.59370053209437,1147.0665,113.7019,0
625168448,1061.653872036797,264.9654899994423,513.772,305.5896,0
625168481,1218.4404919229341,237.3533073280539,1232.5314,216.3992,0
625168548,1248.061939412976,310.25420966054946,1268.3069,299.3051,0
625168581,1272.0212632660607,145.57124661754366,1309.521,-64.5777,0
625168714,1241.7138154174384,103.10124886319166,1183.0513,-28.4211,0
625168731,1169.260456707396,114.2570003914163,934.9235,102.8773,0
625168747,1169.959869754357,111.74644662033886,1179.2722,64.2269,0
625169013,1099.9421852135888,69.93294307160907,1094.0261,23.1634,0
625169030,1092.0411922946812,54.79671745945165,1084.6436,5.8514,0
625169047,1129.14499339495,66.30292318758374,1168.2354,35.6317,0
625169063,1124.2110155806686,57.641037202543416,1108.8652,-8.9796,0
625169080,1115.4995929013,55.8033740256303,1081.7155,0.8447,0
625169097,913.1196866678673,64.47841748017649,0.0,0.0,0
625169113,1091.1179137304914,77.87179574821005,1084.4696,31.5141,0
625169130,1115.1114664860202,53.64589505639123,1110.3561,5.8664,0
625169147,1078.7056560561932,73.16146883471461,1030.6211,45.2171,0
625169164,1089.22013132784,65.97104703862985,1104.908,3.2965,0
625169181,1091.6593445574094,64.32828162231374,1092.4885,11.4452,0
625169197,1097.6266202681936,62.13165506525888,1116.9204,6.1148,0
625169214,1106.2779877564938,60.4098603243953,1147.0212,6.1107,1
625169231,1100.794782835865,63.16381089150654,1058.8965,31.8785,1
625169247,1103.027096195647,64.90337812524702,1113.8745,31.4549,1
625169264,1107.8114347863693,69.53203842451096,1143.4392,63.6103,1
625169281,1103.9517318695553,72.51095055002806,1062.0535,50.8977,1
625169297,1106.46593387181,68.80461817566308,1124.856,-15.7633,1
625169314,1108.7703556183887,65.74186506399974,1126.6237,-14.0018,1
625169331,1112.1438698222785,63.45440156650741,1144.2734,-7.94,1
625169347,1113.9495096797327,61.345938967962105,1128.0674,-9.7112,1
625169364,1113.7468587732703,56.48264565868112,1100.7175,-53.2123,1
625169381,1115.8416332538147,57.05721190823195,1137.4159,22.9793,1
625169397,1119.824073430878,54.888427032678294,1168.0082,-17.3408,1
