timstamp,smoothx,smoothy,rawx,rawy,fixation
624929673,1158.0731204868878,486.82599295668285,1174.1135,453.6912,0
624929689,1150.1557252229686,493.84317290179985,1140.4058,520.5741,0
624929706,1155.1104172029566,491.92746012462294,1192.9828,489.3429,0
624929724,1151.9626041202198,493.78482861845794,1151.0789,507.8109,1
624929756,1146.4788621429097,487.89030409914324,1125.1235,451.8676,1
624929773,1453.684895626914,450.9333305333651,1503.0837,467.6406,0
624929790,1073.990224968966,503.87756567505215,1081.1653,505.2872,0
624929806,1092.2595182911716,482.028778567136,1120.2841,458.7054,0
624929823,1103.851719833095,493.7471755531889,1140.6099,523.0428,0
624929840,1082.7968013581876,465.3217653832687,1016.4531,365.3053,0
624929856,1096.745844257841,472.9964703088459,1168.0989,509.6908,0
624929873,1147.3234140861248,462.37741349222557,1161.4923,463.1641,0
624929889,1158.1616699482645,502.9525089248546,1175.0984,508.9901,0
624929906,1163.1220917999574,498.4539270024078,1185.826,499.5338,0
624929923,1175.1466702721282,499.8297850743048,1220.696,510.8803,0
624929939,1157.4902309547165,502.4052689332362,1115.9458,513.8975,0
624929956,1118.346137579431,497.09505246030955,958.5157,468.2934,0
624929973,1089.287636863804,496.27015257075476,942.5747,485.588,1
624929990,1062.2654141596138,497.39895057777875,898.67,496.4082,1
624930006,1041.351463114465,501.29219753463315,897.8165,522.1459,1
624930023,1026.9815553345472,496.5195024616594,917.0492,448.5339,1
624930040,1012.2319733286514,494.68155575119727,886.8914,468.7051,1
624930056,913.748884243768,460.2116109190741,900.6536,447.6144,0
624930072,882.5316919658991,490.3020276159447,866.9205,479.3912,0
624930089,894.9768038071992,503.16852642644847,895.6263,509.4292,0
624930106,868.0522738315866,482.4361221475367,789.1267,420.8114,0
624930122,873.4249234761737,483.9760182172922,874.8637,478.1093,0
624930139,865.2180724586188,491.3337244278387,812.9498,510.1653,0
624930156,866.2939623087973,488.05847130296956,854.5944,458.3658,1
624930173,862.8193529448299,473.36846462172934,819.2705,363.8481,1
624930189,872.5740702591769,474.97140328143115,929.0864,479.0523,1
624930206,880.7340553718733,474.75710227021347,932.139,465.0122,1
624930222,1225.061305140517,460.72516116877017,1248.2161,465.6948,0
624930239,1044.0445971875736,490.7323699472141,1047.2465,488.9542,0
624930256,686.5441569288519,573.0633716671035,256.1552,632.0579,0
624930272,767.4245732838026,547.556951080698,920.1063,488.9113,0
624930289,811.109996649695,518.145193787571,930.1874,416.5219,0
624930306,811.5044196174192,514.5326487779435,788.8978,487.599,0
624930322,932.7556608535305,528.9195138344941,924.4234,525.2507,0
624930339,636.6306775410711,404.7721382603794,589.2256,370.2482,0
624930356,893.4529079991607,482.49541644913717,1167.6824,572.106,0
624930372,997.0735270824013,507.82552913268853,1225.7374,572.527,0
624930389,1025.8893146381051,512.169620578264,1120.4221,529.9624,0
624930406,1042.0005605254782,540.0300850699042,1117.3545,667.9963,0
624930422,1089.0866666761603,606.8541116750731,1101.842,620.8922,0
624930439,1135.5455107581988,592.8836554844959,1153.1891,607.9365,0
624930455,1138.274921513877,557.0841425990625,1156.6204,528.5556,0
624930472,1143.6366089283736,540.2157679929657,1170.9086,513.1422,0
624930489,1125.3297862856703,543.154210529273,1079.5835,559.0763,0
624930506,1120.9704268977769,547.0113618285138,1117.1965,572.3026,0
624930522,1126.4320081638966,545.9095410714555,1171.4623,550.7842,1
624930539,1133.3058266167059,539.6096062265517,1191.9539,510.3696,1
624930555,1134.630068883249,532.7237059547754,1157.5878,491.1409,1
624930572,1132.281412340343,535.9691490061825,1128.0159,572.3323,1
624930589,1126.1243629454887,540.4890860538967,1084.7235,589.2352,1
624930605,1126.211059980565,546.5495561229471,1145.1261,617.4149,1
624930622,1128.6481492728258,555.062772512063,1174.9598,658.5084,1
624930639,1128.6572308868679,564.0549509968353,1148.1697,676.7175,1
624930655,1130.2456459428092,571.4812306796847,1169.3551,670.061,1
624930672,1135.6304844797519,578.5450611734107,1225.8818,678.419,1
624930688,1131.66428509305,584.376018598753,1093.2944,663.1474,1
624930705,1131.2936231765493,593.1807012813152,1146.121,719.4789,1
624930722,1131.0419681563922,598.3854820260987,1146.1139,672.8429,1
624930738,1125.7722477861714,608.9575192940302,1066.2827,763.7755,1
624930755,824.623134337762,560.4012684102738,804.8751,554.2523,0
624930771,1062.868551233619,712.3330293277187,1076.4888,736.9623,0
624930788,1098.0500515605563,713.0716439262219,1154.9954,742.5585,0
624930804,1039.0065898450957,705.8029862809676,917.879,705.6329,0
624930821,794.4274837210844,737.1403652791706,-27.4864,812.4198,0
624930838,771.1951543618408,752.3860925414034,661.7047,826.2665,0
624930854,663.930743272339,765.7185172978326,633.1041,774.0184,0
624930871,635.3577144899648,730.4459643199882,599.8961,733.1041,0
624930888,653.8944217524006,724.3067300994283,640.776,721.5206,0
624930904,671.6068595782394,742.6799816139655,681.3668,791.4752,0
624930921,683.3695773971764,733.5741606288758,691.1293,710.8734,0
624930938,692.4479208007111,736.8117513068424,703.3311,759.5668,0
624930954,702.1458846556359,738.8445143653436,726.5176,759.6806,1
624930971,706.5826937538349,738.8910648406084,706.3233,747.8588,1
624930988,709.5113993260213,744.6615702271614,703.9674,796.6066,1
624931004,745.5974633362957,480.98404189802704,713.7037,461.3062,0
624931021,778.6641536220387,380.25026810222795,746.8787,350.9092,0
624931038,797.6840181021723,357.31271277515856,787.5903,301.9882,0
624931054,799.779355405269,358.1019870310441,774.2328,329.521,0
624931071,794.6783934894345,348.0804248505138,745.4399,282.1081,0
624931087,792.3176793408682,347.4194044091804,750.5105,312.1246,0
624931104,802.8284671864213,349.3384613119412,830.2941,331.5713,1
624931121,804.124109216531,350.3530379345635,782.0782,326.2343,1
624931138,804.5962778808664,355.00127395185217,778.7378,359.0172,1
624931155,805.0170554402188,357.8818965915385,778.9275,351.1682,1
624931172,804.0296856316085,356.94948412703496,763.9469,316.1686,1
624931188,805.4758520777416,359.62742402065294,790.9912,356.4839,1
624931205,807.8543571134641,361.819327023302,804.677,355.8049,1
624931222,805.9351405006478,361.9964967581241,752.4701,330.8715,1
624931238,805.8926790226581,365.0724302896454,776.5579,371.7213,1
624931255,807.3458910862425,366.78975789590487,797.4196,357.8512,1
624931271,806.2193744405728,366.76073295811125,760.1761,332.4852,1
624931288,805.4158565028791,366.7831574124438,763.975,333.7119,1
624931305,804.4371186549859,364.4168787245791,759.1045,295.6702,1
624931321,803.0393745240502,365.21185091236947,752.9189,345.2365,1
624931338,805.2170289181322,366.8900159177835,812.7339,364.1109,1
624931355,808.9326685466334,368.11897014929235,840.9971,359.4274,1
624931371,808.4348057477753,369.30957687996965,769.2994,356.3868,1
624931388,810.674059469482,374.7808821549117,821.1252,437.1069,1
624931421,810.9623448001073,376.3797727910163,784.7419,368.3946,1
624931454,813.0857367746537,378.46672817138574,819.6804,380.8121,1
624931471,821.3286398248009,377.12206539638015,934.083,324.1367,1
624931488,1240.4638482979467,371.63563356087155,1262.1035,367.2806,0
624931504,1159.2040143321506,433.3135529350174,1173.6765,431.4438,0
624931521,1159.1015942206275,425.24524292601996,1172.8496,413.4727,0
624931538,1174.2297623240047,420.18148105194905,1223.1545,408.1766,0
624931554,1111.76409058126,434.73711734551875,915.3826,468.1521,0
624931571,1166.382274874468,401.1659034327463,1416.731,260.9869,0
624931588,1253.9306403925186,360.48291912707714,1276.7235,355.6095,0
624931604,1211.4422357231986,412.5614192028412,1231.2238,411.2557,0
624931621,1264.6836370119045,387.8572395194403,1348.1156,362.2466,0
624931638,1276.2347619240604,380.29253133099394,1327.1317,363.6017,0
624931654,1283.7044352306707,386.5922210971667,1335.8654,408.677,0
624931671,1282.1036443018909,388.27540991502207,1301.7131,395.1852,0
624931687,1282.304221510231,391.80318868406357,1310.6708,411.2009,1
624931704,1271.2803811890883,399.8567256842939,1227.5913,448.3456,1
624931721,1280.4716255079804,402.6676706421253,1377.5475,427.2139,1
624931737,1272.287614526308,399.59124717581454,1228.4812,369.4017,1
624931754,1273.3624984249925,405.34484492126865,1312.6682,459.6251,1
624931771,1270.9183163360735,406.56063166040246,1273.5143,416.8188,1
624931787,1260.8999575653702,406.218856275,1177.2906,395.347,1
624931804,1258.6774186126333,407.2235272995752,1262.2798,416.5,1
624931820,1254.7853063764474,398.3618061872545,1231.6757,282.998,1
624931837,1257.7665191682581,397.5680420684712,1327.4567,390.4401,1
624931854,1252.969120589337,395.55142585140146,1214.4061,365.5712,1
624931870,939.5768448790003,466.72265959168533,929.7292,456.3228,0
624931887,726.9616487008543,641.1699306509308,698.8464,638.7676,0
624931904,729.478942326456,677.0442173249219,707.1203,718.9044,0
624931920,699.7295782017754,658.2912535575033,601.6745,611.2568,0
624932186,686.6714718442074,671.6108186844726,613.7369,712.3929,0
624932220,745.3851982380772,686.0280040469044,981.328,765.5242,0
624932236,1135.1987681377643,703.5925244095228,1156.9124,731.2898,0
624932253,1147.5335678744254,683.3532767964386,1169.9313,709.4291,0
624932270,1119.5849728294158,801.6655185538151,1116.3826,969.6453,0
624932286,1006.8737571862795,726.3939373693423,759.0217,569.5275,0
624932303,986.1971045002034,706.8677733717957,922.1833,659.3165,0
624932319,1006.5294783229753,737.0583075603969,1110.735,899.2626,0
624932336,1166.0307088614184,768.1123555283477,1193.7281,804.924,0
624932353,1249.8107900132113,794.9510297439871,1288.2551,839.5445,0
624932369,1251.615378118484,720.1770035233452,1286.7338,673.3047,0
624932386,1249.9515192235856,725.3321803073112,1282.5201,773.6221,0
624932419,1189.8502719271467,762.1028730519724,1025.2606,911.3547,0
624932436,1182.3020718804696,744.78900581687,1177.4258,701.6539,0
624932453,1259.8186323872135,751.2597191030762,1297.8055,791.4182,0
624932469,937.8098973843462,794.0845682505143,939.9109,821.0321,0
624932486,1084.7731992519132,806.7269466817595,1268.5645,865.6826,0
624932502,1152.5117465558828,796.498482603922,1328.3855,820.602,0
624932603,1104.699507991061,786.6083535688803,964.6635,781.4442,0
624932620,1071.5679237016961,783.6237678884511,942.9509,796.9452,0
624932637,973.7956196830271,779.2360571382522,979.5334,806.5089,0
624932653,846.6883896344671,691.0454982734842,834.3589,701.0818,0
624932670,776.4490707487481,721.6148239793586,679.9979,761.2368,0
624932686,835.5279866747823,714.0084366008916,953.6539,715.6489,0
624932703,847.5409510055742,714.6184521846906,875.4048,731.3453,0
624932720,875.5787716339355,719.9000547963306,990.2985,764.0394,0
624932737,927.137271375361,648.7231163914017,922.5992,658.4426,0
624932753,1015.4447418245302,723.1864149712009,1023.9487,746.3901,0
624932770,999.997203070394,720.3892460564792,989.2946,738.4285,0
624932786,998.3334668622275,718.0935208651945,1000.884,734.5022,0
624932803,999.1182557517091,719.6900575740491,1008.4812,747.0409,0
624932820,1001.101323021477,713.0761877783182,1015.3701,705.8319,0
624932836,996.0093109896034,710.7660197641807,973.714,717.905,1
624932853,988.9286715937848,715.7917426168776,949.903,767.2614,1
624932870,797.5694112843845,651.4936490727468,778.0549,654.2432,0
624932886,810.6683050247143,590.236272218753,790.4039,586.7153,0
624932903,780.0699875458025,612.7017020179808,723.8383,633.2847,0
624932919,770.8028646711116,633.3180842817302,728.6285,676.9869,0
624932936,757.9256866158117,632.2284366528612,690.6534,624.3428,0
624932953,770.3221379123304,633.1396331291232,802.1349,638.5924,0
624932969,765.7394173358138,651.6745625395924,721.0245,751.3865,1
624932986,757.0543860611618,649.4769854861114,676.6274,630.83,1
624933003,756.9757985195774,649.8576600510335,733.4917,651.3716,1
624933019,756.0864874166791,649.1307279974459,725.2603,641.2801,1
624933036,763.0603819403368,644.2199589340944,803.8839,600.6156,1
624933053,605.3304535753455,507.6242508782465,558.1013,483.1052,0
624933069,753.1938140554659,680.3504972807109,729.5862,683.9053,0
624933086,764.1167182516579,640.8054364459485,751.0108,597.1074,0
624933103,761.8586434231031,642.0840678107778,732.8688,644.5482,0
624933119,757.8684322347925,640.5703314724725,719.9391,634.3677,0
624933136,761.3984181368623,648.5801653937992,754.319,685.0209,0
624933153,736.0574758980896,592.3600249459392,707.1886,584.8859,0
624933169,743.4809469445041,387.4168751458052,707.8669,356.9169,0
624933186,757.8438871959569,357.1695810005207,737.6518,291.2018,0
624933202,753.065473748518,343.6469628345096,705.2672,278.3642,0
624933219,764.5016365685527,328.4799445037354,765.34,244.6144,0
624933236,759.5896204567003,329.80735303138636,702.0325,299.2163,0
624933252,779.3638877586908,329.07673048789974,745.7599,293.9213,0
624933269,773.7656057622237,333.60211905054047,739.6781,298.6495,0
624933286,776.828334341256,330.2576449426204,746.2598,291.5489,0
624933302,773.079689617198,334.0611826841105,730.8765,307.1448,0
624933319,775.6151027427483,326.5334818203865,749.0875,266.3867,0
624933336,773.341525513296,330.49221009876527,729.6725,312.1759,0
624933352,773.9753244235862,327.0322487043862,742.5702,272.7523,1
624933369,772.2043597546831,321.8171048374398,725.0033,251.5564,1
624933385,770.9949266553211,322.82682191667885,727.7026,294.373,1
624933402,779.8004232215227,322.62768315777987,820.1672,289.4893,1
624933419,779.1182081244997,326.0782429110736,738.8853,322.8402,1
624933435,779.4904904048976,325.9594899708764,748.4774,289.2372,1
624933452,780.2339987726311,333.33293109546145,756.6418,379.7088,1
624933469,780.9955403119055,334.6022998095642,755.8828,313.0041,1
624933485,778.8483557136253,339.0403862683712,719.0649,356.0428,1
624933502,791.1497384621565,338.4307021345915,920.1171,300.7036,1
624933519,788.7494644156362,341.7818559372962,719.0698,348.8458,1
624933535,788.7281150252286,347.37963005727727,754.6833,389.5716,1
624933552,792.2468777787418,352.02890752499604,811.3898,383.8704,1
624933568,793.1445089652892,355.9989893866356,771.8894,376.0364,1
624933585,795.9207641631076,360.11556116325704,805.2827,384.6912,1
624933602,801.1003631804398,368.0419649350927,852.2231,457.3974,1
624933618,803.9455860402747,377.1549237919079,816.496,483.8364,1
624933635,806.8188507732159,387.15116711771003,820.7258,507.883,1
624933652,809.0082327437566,393.7638190892016,809.3284,453.9201,1
624933668,811.3962503183227,397.6897343239279,814.0837,410.8775,1
624933685,812.5446980068454,401.66232353598775,793.576,415.86,1
624933702,814.8652984484438,405.3960182912548,817.9231,417.7411,1
624933718,819.2361745536007,411.8368394162774,861.6398,476.7773,1
624933735,823.019613884103,416.6967386457885,852.6927,451.9135,1
624933752,862.0102588567288,576.7745031301199,847.2213,574.6011,0
624933768,826.8784650747778,483.57755523531785,804.5406,468.7676,0
624933785,813.4436225065581,494.80116334652644,775.4143,492.2414,0
624933802,838.2777573360197,484.45669818444765,871.7063,450.1954,0
624933818,839.0549613318084,496.23066981042723,822.1321,522.6746,0
624933835,847.0179519080706,507.7385529621414,864.1144,548.6119,0
624933851,849.4894991062703,500.9919001977741,841.8095,452.6144,1
624933868,840.1048000189908,489.45355768198397,755.5695,398.3721,1
624933885,585.935073591531,456.8550982711625,534.5637,425.4378,0
624933901,485.3751764557713,402.01265253795174,420.2643,358.6665,0
624933918,488.14597954585776,397.4157597613316,426.102,348.7453,0
624933934,469.36782351376655,397.2106942321574,360.5247,349.8873,0
624933951,474.72657243711114,392.4350980517241,425.5326,332.5547,0
624933969,476.167832293029,393.7441951305364,416.306,355.1712,0
624933985,470.43170435414635,396.074168536394,372.6772,362.3782,1
624934002,468.8929775683583,401.62540308475997,393.6111,392.4758,1
624934019,471.039182950789,400.7504829009637,420.5735,350.0961,1
624934035,470.62751011842226,410.0853271131492,403.5401,444.2132,1
624934052,472.5275342528338,417.90013810617774,426.8599,446.7697,1
624934069,260.11317096699804,412.8707581188582,169.1891,358.098,0
624934701,817.3023130851727,564.8272976585562,796.8666,558.7729,0
624934734,833.4705250723464,566.0933767489429,833.0143,563.4073,0
624934750,834.2227067677983,570.1840448423242,817.834,574.8257,0
624934767,836.6612846409311,562.8261642993904,825.5601,533.6485,0
624934784,843.5437440209296,556.1829150531446,854.8522,523.2422,0
624934800,835.6800377252061,533.566452940159,816.2225,524.9697,0
624934817,1069.6377184230007,560.5102633958519,1078.4089,568.1533,0
624934834,961.6164321719834,544.4298718042351,836.3376,520.2247,0
624934850,936.5844818739131,525.6813896349657,872.2723,477.6605,0
624934867,909.0876873274267,524.6151649426358,807.7542,511.4717,0
624934884,886.8891189141434,510.9697024822903,775.2318,438.6166,0
624934900,812.1485281498518,452.5343755806407,786.9438,433.345,0
624934917,758.2611439121306,515.8337950803741,729.1351,500.8546,0
624934933,778.5357375663258,489.12936510408434,772.3654,443.6896,0
624934950,783.0357919559181,485.93830709019215,765.3218,462.5137,0
624934967,796.2593008600594,485.47017125544136,813.9598,470.0049,0
624934983,795.589187070853,484.39288810480565,765.9292,463.2378,0
624935000,801.3387755806858,490.16658313022646,807.9668,507.7689,1
624935017,807.8095519689873,489.87690499605065,824.1193,474.686,1
624935033,809.9593597353816,501.4502333358362,803.4495,574.134,1
624935050,811.109452657838,497.80224414609,794.0849,451.7326,1
624935067,810.0134554523974,490.36179220748875,771.3958,404.6429,1
624935083,809.5120129000142,493.7527977503097,779.9203,513.7518,1
624935100,808.5742944860632,495.55606040861716,773.4811,499.9288,1
624935117,804.3746510731522,494.20678936534,728.9169,460.1373,1
624935133,802.2278647553092,494.49316548037643,751.3718,481.4785,1
624935150,802.6212891521732,495.44900179143855,784.9973,493.1227,1
624935167,800.3138382866221,492.3676467025593,743.2955,432.373,1
624935183,799.3839160718841,490.83909542361766,762.4901,453.6695,1
624935200,799.0507674619772,492.30755521273204,772.4404,500.2756,1
624935216,796.7433434274716,493.76644256818275,739.4007,499.8607,1
624935233,794.7216988196451,486.12333087311714,736.8077,347.3675,1
624935250,796.6889763172017,477.08345832222807,802.9478,320.1161,1
624935266,795.7519014585662,466.37275145866494,751.379,280.7692,1
624935283,797.8391903236972,456.9779317372385,805.4359,298.9025,1
624935300,800.4806146665335,257.6421038881968,766.682,215.5029,0
624935316,800.6283166624689,303.9093142816871,768.5647,267.0709,0
624935333,793.1728815987901,326.62560084224475,753.6243,316.7985,0
624935349,796.6938398338416,351.104907755166,775.58,373.924,0
624935366,787.8258778255761,341.7677156359181,725.2648,275.6754,0
624935384,787.8316095021532,331.839927924912,754.1654,253.8583,0
624935400,793.6556603088445,329.3630177857093,793.178,283.568,1
624935417,793.9691794547418,324.41238586722176,762.6579,258.3132,1
624935434,792.1547308269515,323.5698115003321,745.9324,282.6381,1
624935450,793.1504346850543,317.68515620825787,767.4987,234.3575,1
624935467,796.4440770592421,305.15925446962325,790.5798,155.8154,1
624935484,800.886709192631,299.0136903315768,810.9761,206.4699,1
624935500,799.2712742731088,293.5607059777731,745.1158,201.0356,1
624935517,802.7697030400255,282.2624565879261,805.6511,120.234,1
624935534,938.5182349762573,109.37258995481389,915.2797,58.0361,0
624935550,1019.8398642266286,132.67404714587997,1006.9308,88.5765,0
624935567,1032.0837606342193,129.94134678183377,1034.031,83.8692,0
624935583,1079.674565575441,117.50611585192954,1177.764,52.83,0
624935600,1066.5099840848447,110.97453203478318,1013.076,43.4264,0
624935617,1045.2605701226453,113.10104152178101,941.394,73.2206,0
624935633,1028.6102292197818,114.59944897467334,926.715,72.8411,1
624935650,1164.6717068295425,398.6299873618395,1178.4928,393.1003,0
624935667,927.3719002526777,211.74448636531477,906.637,171.4914,0
624935683,948.930757250387,183.78418800591328,952.638,111.6752,0
624935700,1055.4428872567764,127.77324544132564,1278.552,-26.8698,0
