timstamp,smoothx,smoothy,rawx,rawy,fixation
625201661,940.5682022970554,382.7931592617402,903.5984,337.7787,1
625201678,940.6077182523584,385.2006457328172,929.6356,426.9441,1
625201712,936.2180264860492,386.5680982989784,842.8275,403.318,1
625201746,931.5497390822238,384.29460495803306,843.1324,325.2953,1
625201779,926.6139245993099,385.6157664888276,834.29,387.6159,1
625201812,923.1618665465298,386.030919876321,860.8986,387.4969,1
625201845,919.2807485053688,387.8841971814005,851.5656,404.0922,1
625201879,916.2730381300511,389.3104064348468,862.3941,400.5079,1
625201912,910.2335623358905,396.3713650102513,805.1309,483.7134,1
625201945,914.3535693868403,391.97845946381057,995.1946,283.1767,1
625201978,655.6743019224044,458.41226428041807,612.4771,431.0952,0
625202012,596.1750058067474,475.29479978555264,546.68,446.5627,0
625202045,620.5781154936175,482.0153202227253,601.5954,464.2635,0
625202078,635.8200381598253,438.9642140178522,620.0898,314.6225,0
625202112,652.3294159763141,431.9569855434965,661.2598,381.6948,0
625202145,658.5941155151628,384.7178247757444,632.6614,144.7743,0
625202178,712.0661251673263,325.53703753225136,670.4985,286.1919,0
625202195,644.7448089997052,135.41556502090353,588.2834,70.5364,0
625202211,674.04906054688,178.84036307020588,656.8499,170.4892,0
625202228,632.02092825048,160.37531816751755,480.2261,51.7918,0
625202328,665.1696704514267,180.59340713119,725.2456,194.4501,0
625202361,704.7957056013289,172.48972811209885,828.5436,87.9007,0
625202378,753.4707386701679,179.85594313012038,711.313,126.175,0
625202394,712.0095054107976,195.72953648119636,665.6158,141.5326,0
625202411,741.1160948533277,182.65695748760612,729.5516,115.7035,0
625202428,744.7317393317624,191.59795828915688,710.5125,159.0393,0
625202444,742.0586304945548,191.15380005995806,689.8708,136.1212,0
625202461,737.9305650510255,193.30301360568393,676.5603,148.7065,0
625202478,738.6387805694054,185.90593221958292,697.5879,92.0185,1
625202494,733.0787984450048,194.91157301391584,655.2546,198.3874,1
625202511,738.1677694094437,199.6241066616771,734.6022,183.6554,1
625202527,740.8694079207844,200.60559542274052,720.7936,156.6756,1
625202544,737.0355856190613,191.4456139560048,654.3179,50.0207,1
625202561,737.7065309236131,190.88994312597745,701.0645,133.0432,1
625202594,737.8872977518497,193.02836397666644,697.3011,164.3757,1
625202611,739.4124669097938,194.92799154004987,714.8824,165.5361,1
625202627,744.6579249132557,198.50663009807164,768.5475,193.7826,1
625202644,749.906005622209,202.0683558081811,776.0537,198.9063,1
625202661,751.5328596261115,204.61118871499454,728.707,186.1035,1
625202677,706.4078337416713,448.0137127281637,668.729,422.3604,0
625202694,694.5029586995652,611.3832767140005,661.5042,603.7482,0
625202710,714.9948860678307,626.1293246677305,708.2932,638.874,0
625202727,719.810792735504,648.185755674587,703.3173,695.4796,0
625202744,712.9148620069323,642.6155531429764,659.5724,619.5742,0
625202760,706.9703653433626,652.3070627199767,652.3403,690.8737,0
625202777,695.4081109506575,656.0235884769888,664.1721,653.5458,0
625202794,713.0819713551919,685.5896676532063,685.0006,687.4879,0
625202810,714.55137936462,650.060672507039,685.6424,608.5675,0
625202827,714.8256959391726,651.7536824779409,686.4228,653.8594,0
625202844,710.2501324967923,653.7434070255639,665.7253,657.8182,0
625202860,710.8163573942273,659.8271468003107,685.0254,685.4879,0
625202877,712.0947557313285,670.7574394407451,692.3596,730.2493,1
625202894,702.0623928555863,675.6336669214406,608.6545,702.772,1
625202910,702.8813072996085,675.5846217080365,680.3809,674.1281,1
625202927,706.4353288234896,680.5688961044937,709.4766,723.1982,1
625202943,700.4822984758273,674.9411478064121,613.6849,617.5527,1
625202960,693.9289106644467,674.2672903320291,597.9698,662.6703,1
625202977,693.037281680995,675.7243615956822,656.2236,690.2455,1
625202994,692.8640865704664,678.2440734588904,664.4147,706.6515,1
625203010,690.3255324194622,675.0064867919594,629.333,630.7526,1
625203027,688.843935561651,676.2865818660285,642.6473,691.3225,1
625203043,688.5513814809918,676.6394684856302,657.7374,680.058,1
625203060,686.9739239122516,675.878438052427,636.5851,662.3556,1
625203077,686.1940977419662,678.8811199425925,649.2085,722.3196,1
625203093,685.0855675583332,678.4540191489485,640.7696,668.6498,1
625203110,684.9923134070108,678.5053877072818,656.7327,677.3354,1
625203127,684.8951666333041,667.9191101655521,649.9299,493.3488,1
625203144,679.9197385358309,236.89047505523067,631.3196,185.5972,0
625203161,727.6732375780769,150.6556882901338,681.429,92.1837,0
625203178,715.8791815678904,133.58140111265774,653.8631,52.8525,0
625203194,724.5429447998508,131.95822796499425,696.4115,68.6447,0
625203211,727.2966771241161,131.97126741648455,689.354,71.9607,0
625203228,727.9538460412886,141.02235868716224,685.4152,121.3046,0
625203244,727.0386962322724,143.7091820327333,675.7639,98.3237,1
625203261,729.3357313516834,140.87661362959244,696.9829,63.2974,1
625203277,731.334369931862,146.8628484833159,701.3284,133.048,1
625203294,729.5032688486745,152.96895458543761,669.2278,144.022,1
625203311,729.552130846131,156.62526329170697,684.9771,130.6585,1
625203327,732.5498474473068,160.93749833191026,718.7805,146.2296,1
625203344,732.8963301766648,160.7945626063542,690.2042,98.4379,1
625203361,731.7249079860944,159.62708963805676,670.8513,84.3327,1
625203377,731.009216017769,158.33925470151485,675.2722,81.4485,1
625203394,732.3962609109001,158.03298213200875,704.7469,95.3522,1
625203410,732.2410838326924,149.8918672676672,679.727,-22.3658,1
625203427,733.5921350217353,142.02748709434604,702.7539,-26.4523,1
625203460,734.0692804517282,131.94677964548907,688.8585,-71.2174,1
625203494,735.0880278233168,129.81602193963735,702.4106,49.6231,1
625203527,732.5503393769171,125.20571173942898,641.7558,1.9703,1
625203560,730.7954971686332,120.09564179740788,652.9166,-10.9181,1
625203594,728.9760338441356,118.94866939351589,652.6534,53.8972,1
625203627,731.0700993626608,114.06081864440603,719.605,-12.2482,1
625203660,735.8655193476034,116.34162550254688,774.4746,116.7569,1
625203693,652.2421063652778,365.74737931873085,605.205,327.6374,0
625203727,678.309379316835,681.274299256852,646.0209,680.7233,0
625203760,678.596850389061,636.4636944931308,643.3387,581.0099,0
625203793,671.0913520715467,649.2249478310097,621.0698,672.277,0
625203826,668.606549494636,655.7964782323005,626.8686,673.1217,0
625203860,669.3083554874016,652.0288823022678,637.6111,631.1268,0
625203893,721.9081660715267,649.6571841473422,693.5199,647.9415,0
625203926,644.4702875158082,678.7273433137309,608.149,675.9819,0
625203959,670.2534771987205,667.0090546113875,664.7744,652.7941,0
625203993,634.6736238343976,646.4232529818964,515.4134,589.9238,0
625204026,641.9626257402548,643.4764996192984,628.3102,628.4719,0
625204059,646.6996853909383,649.5940997882672,631.4226,671.9531,0
625204093,660.1258773202314,661.5782539475676,699.9833,726.5123,1
625204109,661.4369065500036,666.7277714001513,635.0179,696.2383,1
625204126,664.664474754317,668.1957344990898,653.3369,676.0265,1
625204143,665.6230404319751,674.8154043857801,639.7512,726.9505,1
625204159,671.0143860672359,672.9085240199942,685.1703,653.0318,1
625204176,670.8654249813885,674.6456882047154,633.5569,688.1488,1
625204192,673.5034263979056,675.7737854264336,667.0205,685.5132,1
625204209,678.4978589062061,680.8267896295503,703.4149,739.597,1
625204226,679.0725941111637,683.1720890920898,650.0341,707.9094,1
625204242,674.9240172415933,685.8599415585786,584.0787,713.0035,1
625204259,674.5301281403484,684.6541263432955,633.2148,661.525,1
625204276,676.5236383471315,684.8798873206882,670.6778,684.5142,1
625204292,676.8203635002569,684.0918435309304,645.4845,667.7619,1
625204309,677.0623504598288,682.0623832103867,644.5259,646.9661,1
625204325,677.7051526049208,681.7388419567627,652.793,674.7313,1
625204342,678.1936188258162,682.0454931110183,651.3656,685.6064,1
625204359,681.0574189721249,682.8590693819041,694.4689,697.251,1
625204375,680.0933554095557,686.1978648568496,629.3409,740.1837,1
625204392,681.0243981134898,685.8423683924021,661.7838,676.7452,1
625204409,680.8970138498179,685.080394275675,642.8229,668.5242,1
625204425,680.0417638613454,684.24504807612,629.485,666.5123,1
625204442,681.7449821790884,681.2542729194267,676.7845,628.0405,1
625204459,760.8855019149083,294.103875869527,723.8325,253.9087,0
625204475,732.1542152396822,238.312465074184,689.686,190.1195,0
625204492,761.9907606506802,223.83637996246492,755.1456,161.2484,0
625204509,762.8734984088493,214.4156658349445,724.1902,144.5252,0
625204525,757.3594255502406,197.21325099332566,695.9833,88.2147,0
625204542,756.037905140341,194.6550986153095,708.601,132.1382,0
625204559,753.0437116812049,196.33744794737402,695.6113,153.7444,1
625204576,750.8830389045851,188.99353047313778,693.6104,89.0188,1
625204593,750.8803733959554,188.77201896975606,709.288,135.888,1
625204609,755.646662573295,191.97183871348028,755.6191,170.1086,1
625204626,753.6448760618962,187.70975600297658,691.5529,95.292,1
625204643,752.8725315764129,193.53369495161638,705.429,201.7377,1
625204659,753.9758172538026,196.04964794351858,725.7966,172.4785,1
625204676,752.0636770564296,197.68394019255436,688.4835,163.2002,1
625204693,754.2973574663184,202.52827746295605,743.5068,211.8482,1
625204709,754.0637851485167,204.45824542740795,710.2188,175.4799,1
625204726,753.6473785651127,206.74947176553295,707.4656,183.3474,1
625204742,751.2008977348023,205.49451490157298,673.8323,129.9366,1
625204759,749.5413442264511,201.47045752494677,682.2034,85.1211,1
625204776,748.2026219248702,198.0963134542691,685.9539,92.2247,1
625204809,744.2761522108681,199.87228436192157,643.5101,174.0838,1
625204842,742.7453395884842,198.53558151073082,679.7655,123.635,1
625204876,744.825351411133,191.8509535742972,738.9302,31.3169,1
625204909,1079.5276697752802,191.52284127612126,1075.7501,157.5138,0
625204942,1152.0381751527393,220.20503351402726,1157.7644,193.5549,0
625204975,1127.4887955764423,243.55059524784377,1104.7528,242.7629,0
625205009,1129.7545157816312,255.22620481346033,1140.2097,257.3146,0
625205042,1130.7981630543866,268.4289545512232,1140.8375,289.5718,0
625205075,1127.2201939577703,262.36825831077545,1115.0996,211.0944,0
625205108,1140.5691293809507,254.92091639943368,1217.6135,194.4988,1
625205142,1143.5246615703131,258.4249712065142,1168.653,259.3567,1
625205175,1136.5979926990613,254.0618230370258,1088.0698,195.2261,1
625205208,1126.643966135754,250.92109985856558,1046.1829,196.3586,1
625205242,1124.353119319427,255.58494177831926,1110.1228,274.7377,1
625205275,1125.709042367298,241.34157650624323,1140.3203,72.038,1
625205308,1114.8545006609288,235.0931828544855,997.2885,137.4724,1
625205325,1112.1608839419896,234.3122064437617,1087.0466,202.0818,1
625205341,1106.495462879273,232.09477829284597,1041.6982,178.8895,1
625205358,1455.073514514591,300.67393200380263,1499.0551,300.2712,0
625205374,1097.0120440962905,122.16727436370005,1092.6943,81.208,0
625205391,1088.3437728243919,86.64953169746276,1070.7308,1.1738,0
625205408,1072.5644969484142,62.21760824240943,1026.4205,-42.6425,0
625205424,1063.4091240182422,48.801558486829954,1021.0137,-47.6655,0
625205441,1052.621080726805,45.25900526290847,993.1464,-23.7979,0
625205458,1112.9198417157625,39.963207077544496,1107.4014,-9.5047,0
625205474,1058.1049144047463,62.91009683998365,1047.059,12.9843,0
625205491,1037.5676317136645,74.59246629627985,1002.129,36.6815,0
625205507,1043.7856503543933,65.1984444628558,1044.3741,-5.4401,0
625205524,1051.370235246816,62.57534500602907,1064.3536,4.9247,0
625205541,1051.8841125028384,53.105854924855784,1040.3835,-39.4266,0
625205557,820.5505954043532,53.7081744608275,781.5161,-10.6302,0
625205574,738.9310834657792,76.28183812017771,691.2357,9.9354,0
625205591,725.3130460189435,91.21734663178815,661.9764,41.6512,0
625205607,733.5235762614864,94.43367501129596,704.3998,37.8197,0
625205641,743.5591463207729,90.34444312946852,729.6208,13.8905,0
625205657,754.4527149044471,94.54131452105567,757.1856,51.8987,0
625205674,770.3625100641623,104.49872936623981,814.5477,101.1832,1
625205690,764.1232968690606,99.63022622350567,676.6737,2.8729,1
625205707,787.8180609094495,107.47345745706862,923.5306,113.9843,1
625205724,768.2282434422391,80.78227326680006,724.1096,16.5983,0
625205740,788.3985818012163,112.99266929619601,747.8233,53.6276,0
625205757,804.3900651229488,143.242186641175,785.7262,122.7576,0
625205774,803.2302130082757,142.70721183006322,762.7756,86.0857,0
625205790,794.363493801235,151.83082732960673,727.5082,125.745,0
625205807,786.7722681256815,151.66125282935968,714.3727,93.7644,0
625205824,786.7199021629513,141.72159080644812,745.5637,31.2674,1
625205840,785.828709096034,144.22405552362395,741.5453,104.5225,1
625205857,781.6286924792652,154.91466912777707,713.9556,177.847,1
625205873,724.9348837559901,354.06957977470364,685.9243,318.712,0
625205890,659.5754266055908,542.4258900133777,619.9515,524.9385,0
625205907,692.9388977365282,628.292052612608,700.7172,719.8193,0
625205923,699.5373759584396,622.7970293754789,681.5774,604.8247,0
625205940,704.6182688484533,622.7966276367877,689.7269,617.4833,0
625205957,699.2090733309052,611.7679085776384,640.9954,554.6176,0
625205974,683.9648186826033,611.0542727349114,649.7274,602.7889,0
625205991,687.5847005144245,616.1348294805468,653.9572,608.6542,0
625206008,702.8385293911292,620.1508668270199,688.2699,619.3073,0
625206024,713.4217277147153,625.9958649500048,706.9913,635.1963,0
625206041,705.9440961916207,632.8152395816395,650.808,649.4241,0
625206058,703.8930899464764,629.5132952290456,663.174,609.2406,0
625206074,699.7968253455082,625.0582752527973,644.9832,593.8745,1
625206091,698.3269932555978,623.1700331718666,656.7769,604.7049,1
625206107,698.9963911299529,633.0896827435053,675.3603,702.4892,1
625206124,695.352857964598,639.6689004170075,635.2415,687.8044,1
625206141,697.3420519045745,639.6850782501094,685.2524,634.374,1
625206157,702.3872264275685,643.9557225005121,724.7337,684.2692,1
625206174,704.060024557201,645.3190899813596,691.4085,654.7773,1
625206191,703.8406957987623,646.0423873362055,669.5291,647.7931,1
625206207,704.3678487236143,646.8907021321608,679.496,651.2781,1
625206224,702.5560563930328,646.0732990459019,646.1749,627.3457,1
625206241,701.0449556990673,647.0500525007675,649.2489,653.3646,1
625206257,698.3521578877759,649.8697506817423,630.1841,682.272,1
625206274,699.7827251976319,648.801583201427,691.2532,626.7432,1
625206291,700.2998389806863,652.4485286449524,680.1007,703.0287,1
625206307,701.8945976029911,652.0537037784086,696.6333,639.3704,1
625206324,699.3007427829092,652.1084220934965,625.5593,643.7469,1
625206341,700.162213283792,646.5511651120468,681.4974,548.0731,1
625206357,696.1635846633258,645.3309288422449,596.8507,618.3875,1
625206374,695.139937817571,640.8890075351003,646.8207,561.4852,1
625206407,694.2089976640042,638.9331884534674,649.1337,605.2017,1
625206440,693.4061508817797,634.8468719690319,649.3414,564.0461,1
625206474,693.2582111069481,632.8526141943295,662.2457,602.0589,1
625206507,701.3252475260248,626.5314962945603,816.4321,525.5661,1
625206540,1190.083398054717,599.4100160917366,1214.3165,618.2766,0
625206573,1331.2297496578394,448.72372238557404,1366.295,458.2914,0
625206607,1239.4772392312716,500.95135936953517,1165.5677,564.2399,0
625206640,1222.873620982369,498.0525361574892,1210.6179,498.6249,0
625206673,1225.0802917675123,499.3107116767223,1257.8928,513.0189,0
625206707,1301.4825576986168,478.02009685361935,1666.5026,412.7731,0
625206740,1210.8665216422246,582.3475474617903,1236.8849,600.4312,0
625206773,1236.630681297863,516.8597015698289,1263.2161,528.9012,0
625206806,1300.9235529110647,484.6744472972717,1404.1973,464.4811,0
625206840,1353.3066135604172,464.15944276460675,1505.8591,437.3192,0
625207255,1252.5523175331264,494.10542444723825,948.7608,587.0351,0
625207272,1200.199449453522,513.3382040266774,997.9758,595.1099,0
625207289,1015.7798016941898,617.3591041114274,1020.3936,628.4761,0
625207305,976.6420860335841,602.3036785211507,976.142,609.4974,0
625207322,988.888740867072,583.4408412604924,1002.0523,568.8856,0
625207339,975.7465046375938,565.8516723442286,943.2679,528.5057,0
625207355,982.8737501930253,568.9834015447178,1005.9615,584.6586,0
625207372,985.6306027256828,566.6778840752851,996.5192,561.1101,0
625207390,979.6246741959418,579.301990305347,948.0688,651.1915,1
625207406,981.762023366471,582.0466287080383,995.71,604.9447,1
625207423,962.9595345559807,592.8026934719642,823.4067,669.9686,1
625207440,740.873998857443,662.9731459747262,715.1874,663.8473,0
625207456,713.9521987159133,715.828160404099,687.0948,721.2343,0
625207473,708.4017825700087,692.9069586513662,673.0181,669.5896,0
625207489,705.4450361375038,675.5873288041093,668.301,637.3557,0
625207506,696.0863830658167,674.1471029857183,634.5649,667.8846,0
625207523,694.5599003673702,676.5775358623323,658.0604,687.172,0
625207539,695.5296388992289,676.2274448326787,670.7338,674.7672,1
625207556,691.3959273124171,678.5949101996675,634.7688,692.7076,1
625207573,685.2104106952621,678.0103491957663,608.3025,670.9011,1
625207589,684.7441363063322,678.7736578201658,651.1035,684.685,1
625207606,684.9912926005184,685.3584291569201,659.6539,746.8634,1
625207623,691.1766962613572,687.2580656863635,725.5475,709.0823,1
625207639,704.6792694602716,683.2846971713278,821.9747,646.3983,1
625207656,704.014078160547,683.451883001557,662.5637,685.2924,1
625207673,703.2243084934663,684.7038836555572,660.5638,700.1746,1
625207689,702.2074655905662,679.1550938294312,653.2654,604.9113,1
625207706,698.8905749988792,679.3009501954135,620.4921,680.7185,1
625207723,697.8900412620766,679.7528296143616,652.7301,687.1814,1
625207739,695.1505048879394,678.9116251645378,623.2346,665.5006,1
625207756,693.7263930240557,679.869182259084,643.1948,695.1714,1
625207772,690.8714863512884,679.3376436734794,616.7977,669.492,1
625207789,689.9823213059703,679.489750581533,648.7573,682.4073,1
625207806,690.4878128018003,680.4210868271007,672.9788,697.4034,1
625207822,689.3842268998948,679.2904814982234,642.7803,659.3889,1
625207839,689.1320130050519,680.1568611859855,658.5764,695.9037,1
625207856,686.6854174252423,679.9261480511428,616.6178,673.8604,1
625207872,683.3002563565062,678.3675191382619,596.4945,647.8033,1
625207889,731.0598389266125,487.41140960993175,697.7128,467.6512,0
625207905,651.57458479275,391.7091649247466,605.4237,356.5314,0
625207922,673.5565335487535,368.2217241067262,652.6997,306.7192,0
625207939,674.5147820958085,368.65344786954057,632.2157,333.3177,0
625207955,672.4202319650335,359.353644484462,619.4043,290.6899,0
625207972,669.7769059119058,355.6249300156974,612.2297,300.8782,0
625207989,669.4471737264604,353.69126500838206,621.931,305.2269,1
625208005,671.1400191108189,353.2074978406402,636.7823,312.9249,1
625208022,678.2322799889755,355.9394274422864,687.1895,341.8681,1
625208039,681.7613105458038,353.1451876437003,665.3837,293.6521,1
625208055,681.0590044676532,353.7846386238242,628.9105,322.2632,1
625208072,680.277803316151,356.10952996233016,627.5322,342.1901,1
625208088,680.0100092162922,354.1988520911559,630.9454,295.1475,1
625208105,675.6948660499562,355.4713714330466,579.8066,330.3463,1
625208122,675.6923718385474,358.754191565012,633.0621,362.0828,1
625208138,676.4777344015862,360.13416820758107,643.5549,340.0769,1
625208155,678.642177063142,360.8359627606839,664.8376,332.9108,1
625208172,679.5078248866722,365.5872784156344,649.4647,395.5236,1
625208188,679.6342292309762,366.59688149084207,636.8461,340.5679,1
625208205,681.7196748074448,366.60084352377294,668.8901,326.9799,1
625208222,683.4205879757186,366.74984099788344,664.5177,329.5811,1
625208238,685.9442266926316,367.80447352811285,680.9672,346.5765,1
625208255,685.2286654790485,368.4654120262007,625.642,338.0577,1
625208271,684.2660184620231,371.91783055158686,622.8108,388.9998,1
625208288,685.0524368532849,372.57385979332895,653.0237,342.1169,1
625208305,683.6162795598962,371.4560899248896,611.4343,308.2456,1
625208321,685.5348569339991,370.2369469363785,674.1132,309.6782,1
625208338,684.2312848063976,370.05066777077934,614.6486,326.3455,1
625208355,686.1691230655651,371.9073046468976,677.9857,369.0357,1
625208371,685.0416079498463,368.45268761698077,616.3018,264.747,1
625208388,687.2719771004091,358.7284078746837,677.6037,145.7592,1
625208405,710.6809409925074,170.04768818644342,663.1791,112.8383,0
625208421,723.9853521095704,209.36577631607437,679.4917,157.4022,0
625208438,720.2822907288887,210.23922219798595,671.2989,158.9305,0
625208454,717.5948379753504,212.53728893311683,666.7034,165.3623,0
625208471,715.1123334265394,195.71768963986713,659.0762,85.6726,0
625208488,703.8150490408046,181.48259086332718,604.5315,60.9691,0
625208504,703.5783933619634,185.4256551593976,656.0547,152.204,1
625208521,709.411556352996,183.98104794261795,700.3684,121.8578,1
625208538,712.2406004066697,172.10880352431462,683.2015,29.2528,1
625208554,708.7688143020061,172.13944996658034,631.7751,116.5653,1
625208571,711.5843378112312,172.3361100330996,690.8637,121.1937,1
625208604,709.2362281623556,166.10054954727903,635.189,46.3482,1
625208637,714.9154730228468,172.50262101132878,733.0565,193.0074,1
625208671,716.437987908756,167.77283332217735,684.0929,57.6572,1
625208704,714.3445428153482,168.19524814550635,639.3718,118.0049,1
625208737,713.9555038160637,168.3788279639383,660.7813,116.0086,1
625208771,717.8010383082521,165.5377463078346,721.9272,74.1658,1
625208805,720.9859398866191,162.15578892481798,715.9861,61.8646,1
625208838,725.5258874949367,159.0337879319714,741.3989,63.213,1
625208855,729.2304270866315,161.11363340516644,735.2792,144.7994,1
625208871,733.1077343948499,161.41921915660296,741.1988,116.4858,1
625208888,737.268107739506,157.12693355829703,747.4148,37.0813,1
625208904,744.8140600249448,153.79624728569738,811.8907,53.528,1
625208921,749.047717106108,150.1527281643262,758.2369,42.2191,1
625208938,751.9460123186279,147.96561212641268,738.7509,64.7094,1
625208954,754.5999821930031,145.4730739475626,737.3882,56.7147,1
625208971,1029.5255536575082,79.98266762403586,1015.7874,30.4025,0
625208988,773.6410540033439,180.8479915192198,733.8676,128.4149,0
625209004,842.2410813839898,115.28012452425088,881.9774,-9.8289,0
625209021,824.4530513197795,119.55797602494977,748.7933,70.8078,0
625209038,826.1092661679576,129.52976333494317,797.0447,107.6845,0
625209054,818.5730577839871,115.74996170769951,746.451,-3.5882,0
625209071,708.0256913900502,162.92560951613677,659.9504,104.7522,0
625209270,420.0247331933953,187.05691757747235,677.7902,230.5994,0
625209304,512.015796649283,187.68385616987436,644.4659,132.4044,0
625209320,556.2711587255602,189.5781610328882,634.9637,138.893,0
625209354,592.0674342552462,199.65410812128167,685.5284,190.3467,0
625209387,1040.9154258750452,266.20762588184584,1035.417,238.5702,0
625209420,1004.5995762720755,243.10223138991122,994.0168,210.7794,0
625209453,1025.9127345602615,261.89355639095146,1042.937,255.002,0
625209487,1033.82801031279,252.39216351277744,1043.7274,202.5064,0
625209520,1051.823111328315,258.9506079741405,1107.3541,255.8069,0
625209553,1059.8652170983937,259.9725259857342,1090.8729,238.7258,0
625209570,1345.7628222265812,188.8535997656029,1372.871,169.5122,0
625209587,1048.2917775727205,162.27462589083856,1039.793,123.1632,0
625209620,1069.4536879670113,225.0583846765006,1091.6384,265.2933,0
625209653,1067.848351093224,244.38796708123692,1062.4075,258.0373,0
625209670,1076.3368188044217,248.50700397895994,1102.7375,235.183,0
625209686,1076.5086424046613,248.97509588100246,1074.9368,222.6409,0
625209703,1115.255039418136,185.63038161452795,1115.4167,152.9566,0
625209720,1095.0304865050687,260.92176067910736,1095.6338,235.7231,0
625209736,1077.14687212821,232.68797734477533,1053.6611,170.8674,0
625209753,1076.125240043956,237.817024469257,1071.8888,220.3214,0
625209770,1073.2338393043285,234.21883136373768,1060.4618,192.4464,0
625209786,1078.8522580520223,232.92334359215297,1101.1772,199.3843,0
625209803,1075.053318064513,234.30414545881655,1051.8713,211.6284,1
625209819,1070.9783701004283,240.80588808586776,1043.3663,252.6139,1
625209836,812.0729678199363,272.9408392445793,780.1915,233.2036,0
625209853,810.0650515083308,165.85720658841205,773.9741,113.7578,0
625209869,792.6975459657111,189.6334021724462,737.0093,164.7312,0
625209903,775.3324619034453,217.7054600490349,700.7632,229.6826,0
625209936,770.3865861479649,227.93451767424196,717.1081,213.0898,0
625209953,764.7102542808344,230.79898740398644,701.8135,193.9491,0
625209969,758.7002538870197,240.43466722610972,689.3187,243.532,1
625209986,751.5006132669773,246.8596249006985,667.7998,238.0071,1
625210002,752.4223272984251,253.76588446283182,723.4155,257.7211,1
625210019,750.1818364798066,249.99898288162677,692.1349,168.447,1
625210036,746.0330987738225,243.2728997460777,666.8061,129.7488,1
625210052,742.1582151997831,235.9454995075804,661.8625,111.1371,1
625210069,740.3578511885356,231.50661332418758,681.053,134.834,1
625210086,737.7591904726168,225.22285685920835,666.6735,103.5059,1
625210102,735.0221270540483,219.8066460092947,660.7198,105.5974,1
625210119,737.0369844763625,217.57518662609456,725.5945,146.4357,1
625210136,738.6011314371414,220.25820985536652,723.375,216.0211,1
625210152,735.8988955563857,220.96188916339804,657.8884,184.93,1
625210169,736.1806427311251,225.0979247679595,704.1436,242.3586,1
625210185,736.836264159035,225.34777284539987,708.1413,182.423,1
625210202,736.9493360408821,227.4962504499152,700.1967,214.017,1
625210220,734.9580057273092,232.15269396311012,664.9027,257.1271,1
625210236,739.6625697365812,230.6366323973862,778.0558,157.3158,1
625210253,746.2458455416157,224.42171272922687,811.915,73.6344,1
625210270,747.9408473458548,229.57500400830259,733.1167,273.4102,1
625210286,745.7110243326152,232.31776540376265,660.0303,227.696,1
625210303,745.5588202781063,234.00161105242947,697.8073,211.1755,1
625210320,743.8467291490161,235.23913835240367,668.1914,202.2467,1
625210336,744.4905553428775,236.4415827737626,713.0583,204.7353,1
625210353,854.9079710248235,382.85238663468095,832.0925,358.0969,0
625210370,952.657057564027,430.91118895633804,943.0021,417.1505,0
625210386,1014.150305477168,498.55489955458563,1085.1434,574.6293,0
625210403,1057.9748038130833,547.8718800635957,1165.4263,667.131,0
625210420,1087.8671081218672,609.0517163433813,1205.1089,829.119,0
625210436,1116.3268119440893,641.8817421334873,1260.8699,808.0057,0
625210453,947.1557868327889,569.604877384975,942.01,571.3999,0
625210469,1273.6711312736584,725.5358945935152,1312.3151,763.5309,0
