timstamp,smoothx,smoothy,rawx,rawy,fixation
624966950,759.5308169501003,631.61601883309,734.8513,629.9525,0
624966983,1178.8362683543464,551.2330856620924,1199.9717,563.9562,0
624967000,1177.7004511358573,573.265129265123,1199.073,612.8707,0
624967016,1132.9496096763091,533.4518252152671,1045.8654,448.263,0
624967033,1130.527181595869,536.394455726862,1138.5736,554.6065,0
624967066,1169.809210047768,583.1373514628119,1370.8379,812.5845,0
624967099,1136.7254695882493,472.4573943620536,1150.0352,473.8011,0
624967116,1131.7103308105065,570.6450119398701,1148.0819,582.9383,0
624967149,1136.5297931459845,513.9449576659833,1154.6239,457.2689,0
624967183,1142.722366626001,544.7983817861096,1175.4143,624.0936,0
624967216,1146.6328769938675,554.1061455943837,1177.9561,596.5381,0
624967233,1160.3567650848424,527.6033591731378,1234.4561,423.1769,0
624967249,1166.0031815827645,506.6904264644156,1209.8951,402.7152,1
624967265,1367.1767690582042,669.6248100344646,1414.6272,706.4829,0
624967282,1173.891040821798,494.14031667390606,1192.3312,500.0545,0
624967299,1194.7307904307575,477.8100115957483,1237.5911,466.0453,0
624967315,1168.2932890978966,469.2649167972716,1125.7594,450.226,0
624967332,1167.6585692939825,464.3788302080922,1181.967,450.5408,0
624967349,1170.7301324911093,459.9202960162012,1200.697,443.3297,0
624967365,1195.9287646354117,433.83519505110894,1214.6947,434.0905,0
624967382,1180.3761371743606,385.10553124791744,1195.5228,378.912,0
624967398,1167.1974490565651,454.4694881064679,1171.2797,531.8316,0
624967415,1176.7888876767327,459.6056463013044,1216.0034,473.7915,0
624967432,1168.7053089080093,453.20502758225723,1157.4598,431.1759,0
624967448,1162.9082812481195,464.27200453237845,1155.3499,513.0385,0
624967465,1160.9024535407284,471.9769471022443,1167.98,515.0149,1
624967482,1162.9045595760829,466.75408939995003,1191.434,434.5528,1
624967498,1179.351515114343,475.1984697782652,1322.4231,547.2859,1
624967515,1333.6000029048905,705.2820430507583,1378.4666,744.3306,0
624967532,1305.21623776572,644.134386066193,1344.5092,674.592,0
624967565,1254.6371559623624,576.2920833221008,1226.6907,517.8972,0
624967598,1261.228267722324,590.4351797533565,1309.3729,644.7318,0
624967615,1277.8810883080316,601.6800371907605,1368.9436,665.8174,0
624967631,1288.074000889119,618.4630866658972,1371.123,720.4098,0
624967665,1291.1087487746706,630.6819983228991,1345.9581,724.644,1
624967682,1265.2553050614358,625.9310462466917,1130.2844,610.9067,1
624967715,849.5150046145128,557.8688411453688,832.5699,552.8301,0
624967731,889.456597482308,579.2878319356043,877.9552,578.9455,0
624967748,891.6797572828892,529.1155807303957,879.1918,467.5147,0
624967764,858.0429776411838,499.20227032503146,763.076,418.2086,0
624967781,866.2487161708503,503.3060527657181,877.4147,508.7016,0
624967798,871.939631783093,503.0061978536605,880.7476,493.5374,0
624967814,879.4779874039099,503.6827525397238,905.0203,500.4757,1
624967831,889.0144195642634,505.63285552958155,935.9758,512.9915,1
624967848,885.4706272398078,512.676713807292,844.7227,555.6238,1
624967864,887.3361469922809,519.1076644083721,889.61,565.5229,1
624967881,890.5093690766217,519.5325060525554,905.019,515.8228,1
624967897,896.2389494879196,522.9881832218427,940.6431,552.4674,1
624967914,897.2331040138833,526.0086613378369,893.0912,550.6616,1
624967931,902.107884286648,526.339554631003,943.7896,523.6324,1
624967948,901.2045846646571,532.8690501871135,875.5725,604.834,1
624967964,897.7859861500026,534.6052122988348,836.8184,544.0175,1
624967982,891.4066469288645,531.1139481243092,786.1527,466.5199,1
624967998,883.6469211484207,536.6977268363177,761.9658,601.5566,1
624968015,881.702440583647,528.5012720941268,839.4384,392.1721,1
624968032,874.1941288185744,525.1383230495787,747.863,459.3053,1
624968048,872.0278928401749,523.4184830571186,831.8918,488.4569,1
624968065,870.3609753949627,524.0949492965846,839.3655,528.9298,1
624968082,866.9810510454967,529.9742094839917,809.9878,619.7917,1
624968098,862.3108600008454,529.7941557058466,779.8971,513.4756,1
624968115,858.645931202343,532.0689567167905,795.6998,559.2775,1
624968131,852.9022556727517,535.9348603153545,754.5567,588.2075,1
624968148,849.9147201376068,539.2700658225508,801.5158,582.9516,1
624968165,846.9791517548732,541.2096887079908,798.2411,558.4761,1
624968181,843.118597976052,541.3726624583068,775.9485,525.0222,1
624968198,840.1161594054994,543.6422963119768,790.098,567.3567,1
624968215,837.5594380703498,546.3619819791578,795.491,578.0349,1
624968231,834.3054446622587,550.4720382034723,785.5858,609.7515,1
624968248,833.1644907887406,552.239972005225,821.4507,555.9077,1
624968265,832.1426053167578,556.692518003304,810.019,605.9131,1
624968281,830.144889135825,559.1438609937978,799.3085,578.6782,1
624968298,827.4547406261415,560.8361714886065,782.0518,563.9182,1
624968315,824.5900440383732,562.4358900524917,777.4789,565.1151,1
624968331,822.0237685535438,565.4374675745006,783.4919,596.2347,1
624968348,819.7456519411614,567.6230772861288,775.2813,587.1651,1
624968365,818.3630047114441,570.1780723041287,794.9089,597.899,1
624968381,817.052128682886,571.614664472807,794.0084,572.9385,1
624968398,816.3019928428371,574.2578941468464,806.1755,603.1417,1
624968415,816.9899304674221,577.7781270940817,826.6051,623.4081,1
624968431,820.8430892177066,583.6983189836523,892.6379,672.6127,1
624968448,823.4201416766427,586.5701761340141,856.5635,623.236,1
624968464,826.1488748209057,591.7601361900948,856.4044,664.2762,1
624968481,831.0716497480514,597.0204556979733,894.3735,663.1972,1
624968498,836.6437082592691,604.1540740103914,907.3092,718.4371,1
624968514,840.1282948427726,607.3719148493977,874.3182,622.1688,1
624968531,842.8619786640386,614.6108188187135,854.6868,712.6216,1
624968548,846.69582055165,616.5977237916474,884.4309,619.9022,1
624968564,849.7205000404822,619.2912102798397,872.0956,641.7952,1
624968581,968.865591395653,813.0351581179826,975.2845,843.897,0
624968598,880.2316775486494,589.4750298641367,868.0349,589.7792,0
624968614,886.7416401347825,632.0924289559773,885.712,685.3743,0
624968631,895.314234692977,646.9360543152319,907.0757,688.25,0
624968648,838.2770874932507,687.0114049568116,640.2615,818.5065,0
624968664,752.1842306115781,745.3871643215173,363.843,990.9095,0
624968681,420.19184942689986,910.8219064360217,366.3859,922.0123,0
624968697,439.3690493628558,982.5098405350392,390.4566,1002.9791,0
624968731,431.65374563342556,982.2034001608636,373.2294,1001.4304,0
624968764,415.6507189078316,972.9430874636886,327.479,968.6912,0
624968797,416.14452115720087,969.2700707273248,365.5851,975.0393,0
624968830,418.7032951897552,973.5184017025655,379.1801,1011.2327,0
624968864,437.60638231412105,958.0810673897461,487.5553,897.2136,1
624968897,930.0352781432244,546.9998111331373,922.0577,545.2462,0
624968930,983.8941085254216,526.966328736445,981.4409,525.9501,0
624968964,974.2752348899695,526.5658962039979,959.962,523.9781,0
624968997,949.5154364561882,509.55127304693826,886.2818,464.1661,0
624969030,955.1727803110596,505.10842149797816,967.2797,486.5541,0
624969063,958.9255793339445,508.0319449751364,970.0176,517.5037,0
624969097,962.46498478334,510.30444040498196,976.5883,519.7198,1
624969130,957.756016767053,516.4589588985577,922.5931,550.8992,1
624969163,936.2884411772986,512.6237012605494,767.5263,470.1778,1
624969196,917.1689762150985,512.1743720314943,749.4603,493.9953,1
624969230,906.015732424186,505.80653980240254,794.9574,434.0953,1
624969263,893.779369729871,502.705082796396,763.7101,458.0571,1
624969296,882.8367536194214,501.75524345957365,759.1607,478.5294,1
624969330,878.450674261732,505.2711341141387,827.4161,537.6069,1
624969363,872.0871805701119,504.32270515294664,791.2693,480.386,1
624969397,865.3024557607156,509.64864428108183,778.2607,567.5243,1
624969430,861.3737351971083,512.0471323510595,809.4978,532.3986,1
624969464,744.7002363122282,651.7675609099446,719.0429,651.5751,0
624969497,791.9562387953541,561.8965939983897,768.4619,554.0815,0
624969530,771.0268085560723,539.3348810414617,720.1177,501.5093,0
624969563,802.0296577955428,518.6925564290005,845.4852,464.3852,0
624969597,869.3996098842644,503.8151160759473,1073.7037,456.2444,0
624969630,904.9135822646277,491.4109308158874,1043.1257,436.2976,0
624969663,1063.7503707782596,448.18059951259727,1067.6658,442.6432,0
624969696,1096.638688227886,427.20693824088266,1103.603,421.12,0
624969713,1059.321552333565,437.1687183058289,1021.1277,439.1023,0
624969730,1074.476359278366,457.6964591630241,1115.3392,500.9601,0
624969746,1083.2692490280904,457.65822375404446,1118.8439,455.2398,0
624969763,1066.7246791548093,453.11318899158056,997.6646,424.3702,0
624969796,1065.7670704417833,455.39601344170904,1065.9688,462.8067,1
624969829,1063.3352532392216,464.10738824052356,1054.6116,515.3706,1
624969846,1066.126114254322,488.4942323473661,1099.4315,668.4586,1
624969863,1071.23838085525,484.83284451711916,1119.4941,450.6859,1
624969879,1062.243579511235,491.1334823107239,985.3162,540.7012,1
624969896,1053.769882203005,497.6536064567287,975.8535,553.9235,1
624969913,1047.5296387641222,502.337201548079,988.2749,543.5581,1
624969929,1044.8411047863385,503.6335187190493,1022.7389,509.6418,1
624969946,1043.0223470448375,502.107110145741,1029.0603,474.1704,1
624969962,1039.7476178322377,505.2973498887402,1007.5537,538.6081,1
624969979,1035.9413265122257,508.3266897597519,995.004,540.2792,1
624969996,1036.5923833686834,514.1813615816526,1060.433,591.4406,1
624970012,1031.8966680824756,514.8953717532461,972.3311,512.229,1
624970029,1026.1588513559366,523.1073056388747,953.8035,636.2712,1
624970046,923.224423406043,708.0377074362151,920.4332,724.3221,0
624970062,965.5388252739886,632.4689337835555,964.8665,642.4888,0
624970079,956.9576365411885,656.4476263603245,947.5095,694.9,0
624970096,1015.3489395811665,672.1535289843159,1152.696,730.6899,0
624970112,1027.283819388767,698.6327685158137,1077.7192,808.7195,0
624970129,1031.679326270755,729.319524173565,1064.6735,887.982,0
624970146,1014.2474144220112,716.6623381233853,923.835,662.6995,1
624970162,1016.1268427498039,704.9768381666148,1033.541,649.7402,1
624970179,1009.4250710389616,696.5824709712881,964.1121,651.1971,1
624970196,1006.7119845068047,695.1156436737954,990.8237,702.1163,1
624970212,999.607966683098,691.8457165449738,939.4263,678.1493,1
624970229,1000.1597344136461,706.1507407950613,1019.5868,873.8382,1
624970245,995.8734861947476,697.984078346285,953.6583,623.5049,1
624970262,990.3049097859589,701.8048024852914,934.9753,763.4919,1
624970279,987.7850485858419,699.1175159753218,965.171,682.5228,1
624970295,994.7729505774189,705.375204856933,1101.0781,812.8654,1
624970312,990.342958617852,705.3876253309165,936.7983,719.9554,1
624970329,988.3491614047507,707.53259393209,970.0005,754.6841,1
624970345,984.9547526699375,709.7965244559222,945.1006,757.8566,1
624970362,983.1571359715351,716.188631862422,969.8419,829.5138,1
624970379,977.5284204442603,718.6205975813435,900.6055,765.4365,1
624970395,979.0876133693629,729.0506236684525,1024.4983,912.6033,1
624970412,973.6560713944992,729.3704113909417,895.2639,736.446,1
624970429,982.886724849748,733.5497142240686,1157.3448,820.5393,1
624970445,984.1160783893231,744.0747251037908,1019.3243,933.4142,1
624970462,984.4340041797342,747.373410144568,998.2478,806.0577,1
624970478,981.7020527442853,750.357684523668,940.4943,801.1907,1
624970495,975.4534502908733,753.4314924645952,872.22,803.2632,1
624970512,972.0439707694112,749.1592411169576,919.0991,669.1154,1
624970545,999.9190130317979,356.5663601340168,993.0042,336.9594,0
624970578,973.4674516231082,102.01534895362998,954.0232,51.8028,0
624970612,972.121551913725,123.22677729161614,952.5948,98.867,0
624970645,967.9029176103157,134.48796972340816,940.4917,112.0253,0
624970678,980.8035247330627,145.6790068517693,1007.8304,139.6938,0
624970695,985.7673569850597,138.50300217056628,989.4357,62.1769,0
624970711,987.20559983758,131.67721431542267,970.4615,85.6303,0
624970728,989.8042039179483,46.15321671761875,970.1872,-9.5306,0
624970745,991.8075165730002,102.10128027837337,978.8035,115.2313,0
624970761,993.2157921391355,114.43502813239391,980.5435,93.9097,0
624970778,992.4122581620902,119.30064333782884,973.6384,87.5522,0
624970794,985.2319821421966,117.83348691135399,936.0425,61.4238,0
624970812,720.2295240763169,187.21367098412006,674.4763,132.5049,0
624970829,652.8601408234841,237.58091821074555,601.1364,184.8448,0
624970845,616.9202251243227,188.52513340291821,517.3553,71.6123,0
624970862,611.6966273592479,196.40404234417983,542.8581,153.7946,0
624970879,607.6992402542198,171.20227187206285,532.5435,24.5613,0
624970895,606.6400014075621,161.25868500023793,541.0591,54.4652,0
624970912,612.6413280847294,163.06405684646882,586.884,112.4832,1
624970928,613.8602743104581,170.55142720000137,564.5691,157.8307,1
624970945,612.5968018376416,175.8928785352365,545.6479,153.3828,1
624970962,609.1949769574233,178.956185833875,522.5352,140.8287,1
624970978,604.2698017140134,187.23227800416,502.4098,199.4704,1
624970995,604.3758651222283,184.4174946808485,546.7579,91.646,1
624971012,601.9663153879538,183.7058155574286,517.1291,110.9192,1
624971145,603.1576930996237,178.3585804140197,557.5391,52.5115,1
624971178,607.5709824680456,172.610498689965,602.505,41.5432,1
624971211,608.2658004807456,171.3073848916495,557.3011,94.5142,1
624971228,606.7051818733293,169.66295864337144,524.3406,85.9876,1
624971245,608.1711589141458,163.74317379877618,567.0191,20.0642,1
624971261,611.6914987932254,157.3587070174462,601.0101,7.5892,1
624971278,612.3556792662741,154.10566730705509,558.9611,50.0147,1
624971294,614.9465229783191,157.0018645868684,595.7127,151.9352,1
624971311,897.1225667077026,421.5753516231864,880.6578,403.6235,0
624971328,1005.7813354400754,513.216710429658,1005.3649,511.8586,0
624971344,1099.5078261237543,702.8762994941849,1228.4329,944.5583,0
624971361,1067.792890152427,621.5782766325153,1001.6903,451.4171,0
624971444,1064.5498562956727,600.2968369273698,1061.1544,541.6726,0
624971461,1054.1173681310506,594.3158218294129,1015.9169,577.5234,0
624971478,1040.6130441959676,656.0422458687743,1049.5532,672.9808,0
624971494,990.8024146689486,634.4915518230679,993.1454,646.1636,0
624971511,1045.3435923455709,596.3164994941874,1111.9365,567.3153,0
624971527,1032.4348292050631,608.0382399667997,1010.5652,643.7419,0
624971544,1064.969769221005,599.5242921722994,1181.303,588.6743,0
624971561,1079.6903322703645,614.1718822457896,1157.0968,696.0673,0
624971577,1067.3763437142466,606.821879858492,1007.4637,575.8232,1
624971594,1079.3812374811578,585.7207736194684,1162.2192,464.9418,1
624971611,1086.7096560855905,576.7838195206106,1148.2388,526.0242,1
624971627,896.980883034759,670.4462079439263,889.7397,680.9546,0
624971644,763.5653920177281,511.88355225304514,734.91,496.7508,0
624971661,749.6857032825191,517.9740520381929,704.4111,508.7486,0
624971694,746.325318332119,517.4965591225615,708.4589,500.5731,0
624971710,748.68606077848,504.78675936170316,724.5822,446.3901,0
624971727,753.6184568770373,485.29375771863124,741.6533,382.7962,0
624971744,756.0774830365355,425.01277426089194,723.3253,399.5218,0
624971760,773.1488712183782,520.4291535980179,745.9261,506.8129,0
624971777,755.0040452788866,512.9913222398685,704.9131,488.2184,0
624971794,756.2027561233027,504.5255074399271,728.556,469.5696,0
624971810,754.8303805198659,504.778544586746,720.467,489.1365,0
624971827,754.290840094671,499.9690444552543,721.1786,461.9752,0
624971844,757.7147133608579,497.9827035226265,746.2546,471.5398,1
624971860,753.6194865499032,501.5254631951487,697.6633,506.6877,1
624971877,756.8780800119746,500.6949975505723,751.3727,479.1385,1
624971893,742.5392948781515,492.99877319307626,588.267,404.3419,1
624971910,725.9028154947875,491.3385188149342,539.5929,450.3431,1
624971927,728.2450676146435,485.48721863114815,722.4852,409.5028,1
624971943,727.8238504514231,474.60968350647653,690.3528,337.4935,1
624971960,725.7495600928322,474.20027313870924,672.0234,453.4675,1
624971977,724.3692748197251,467.79607312842637,675.2936,371.4697,1
624971993,724.4724137923106,466.29202045539324,696.1466,432.8874,1
624972010,729.9362789066629,461.4827630648872,773.9423,385.2047,1
624972027,732.950430295591,456.5230834645174,741.8203,374.833,1
624972043,848.3376435959264,290.7599114762996,821.3383,255.1005,0
624972060,818.4810047856462,305.3688316931969,788.5493,269.7014,0
624972076,832.5867997231031,307.47374643180916,820.1601,275.9715,0
624972093,828.0314063224351,292.53506810288195,787.4459,222.3279,0
624972110,831.1919966949033,297.0619857429321,813.3959,276.8813,0
624972126,830.3895412704962,297.85778454026047,798.0618,265.3823,0
624972143,833.4711558013162,296.6145845990999,821.4058,254.9282,1
624972160,832.0087596944818,295.86022058048496,793.4056,254.6556,1
624972176,829.3089135694852,296.2038512696513,780.1906,261.8405,1
624972193,824.4554014604167,292.97370585253964,753.4595,227.319,1
624972210,822.4860777733866,296.5321152859289,776.684,292.9451,1
624972227,823.582611642928,294.2333062058704,805.743,234.8215,1
624972244,823.8858713779736,296.69092518396997,799.6942,287.9943,1
624972260,825.9386092133553,294.7129405681898,820.8344,236.031,1
624972277,826.5049164938691,294.89568732883214,804.4852,261.5455,1
624972294,825.8209038293911,296.7061572290408,788.174,284.0862,1
624972310,825.3108967317157,294.7201214839806,788.0511,230.0347,1
624972327,823.4610779775521,290.9548609228717,765.668,199.1118,1
624972344,825.3566508481525,290.5351635217087,825.1699,251.293,1
624972360,823.471707044768,288.92765429318615,763.9427,228.0874,1
624972377,822.4081194294068,290.0715234798482,777.5477,273.5415,1
624972394,822.8640081998212,289.77132410525326,802.0729,250.5146,1
624972410,824.2834943424386,287.42839873865853,818.0957,214.8191,1
624972427,821.6336696131115,287.72777812566204,747.0747,256.8585,1
624972444,738.0781369233291,490.75395125483345,705.672,471.7708,0
624972460,737.4366917499178,611.9347189275122,709.4551,606.7773,0
624972477,720.7360975627743,614.2896727053294,672.3888,610.1432,0
624972493,709.2479244512945,618.5932765853686,653.1567,620.8505,0
624972510,707.3280825231502,620.9385708182647,670.3644,622.475,0
624972527,709.0733738637059,623.2572802238569,686.5338,628.1818,0
624972543,713.7468382708973,629.52023044813,710.3907,659.9869,1
624972560,722.1791136915701,629.6377581975037,747.2886,628.3522,1
624972577,723.6783451703343,629.2980060091945,704.674,622.5706,1
624972593,730.7466208980122,631.0327518731366,761.1072,644.4313,1
624972610,732.7556045166247,630.6343413003782,720.8913,623.5074,1
624972626,734.5351612544971,627.2631845551674,720.813,589.4754,1
624972643,731.4344825828177,626.300039365524,665.7159,610.1647,1
624972660,732.7143490096065,626.8408922253795,717.9641,630.5831,1
624972676,731.6374613541808,626.3673269189014,687.5726,616.1174,1
624972693,733.9788210119243,627.1712852562911,735.6211,636.0499,1
624972710,731.5492219831225,630.000942064613,668.8121,663.7776,1
624972726,728.2064333875973,631.7739283531465,651.5773,650.0054,1
624972743,724.5876749302018,634.9848503514554,644.465,674.6301,1
624972760,720.9240796618016,636.8721073316281,639.4807,656.0282,1
624972776,717.4765816715558,640.6811760026708,640.776,690.573,1
624972793,716.4169840169113,641.1071414432652,677.1476,637.5281,1
624972809,715.0332377561729,644.8506453384764,672.0853,696.7111,1
624972826,710.8410291021545,648.7427031937534,620.0939,699.9587,1
624972843,706.1518095527705,656.1591587007985,609.9404,767.0479,1
624972859,625.2538899060602,828.1653308622826,592.2445,841.4333,0
624972876,648.2365974011918,803.1769046728257,616.9742,814.879,0
624972893,630.0058172708598,807.9281993595075,576.6733,823.407,0
624972909,646.9939681745749,808.6969540507968,653.6406,824.5402,0
624972926,661.1242817914241,796.0509410613138,676.285,768.1912,0
624972943,656.9413680842132,793.358296917497,606.968,792.0773,0
624972959,652.647514947913,799.2427608914691,599.1151,841.9585,1
624972976,646.6833126222479,806.8199363259855,578.507,865.7049,1
624972993,644.9817921029169,805.0219948796525,600.9246,801.9825,1
624973009,649.3695089551895,801.2333162159357,654.735,782.4387,1
624973026,869.5039918535908,769.1505580834042,862.7297,789.4044,0
624973042,1114.2270858990319,727.2053997852701,1134.3767,756.4243,0
624973059,1188.5151457791405,776.4346547975725,1303.6841,874.3507,0
624973076,1192.0198994375507,776.9075539448628,1230.4493,817.3271,0
624973092,1220.424614916962,775.2888456087389,1348.0695,815.0638,0
624973109,1242.1696161583309,774.0036293522429,1372.6177,814.6602,0
624973126,1288.8527578737426,749.5558540011212,1330.1554,791.1523,0
624973142,1357.2750399774707,814.6261497002088,1408.9567,867.514,0
624973159,1363.0054331468007,832.0360631047811,1423.0259,906.9111,0
624973176,1369.8808315375807,829.0553547572578,1438.5637,878.3699,0
624973192,1369.5840577498766,820.1594439694152,1420.7926,844.8797,0
624973209,1366.9682972033042,812.1731963041277,1406.9371,830.0648,0
624973225,1365.5137743184473,817.6785442042409,1411.402,901.5007,1
624973242,1368.4841794026363,809.8702737539625,1438.9113,813.7833,1
624973259,1365.3945566378052,806.6462298492722,1393.8007,835.0691,1
624973275,1362.5097386235116,804.1294627565264,1389.8417,835.3583,1
624973292,1365.180303964001,803.7693627281689,1442.9192,855.7087,1
624973309,1363.607609115173,806.722053717905,1400.9767,890.0717,1
624973325,1355.4104611736554,806.6693834627288,1317.2017,854.4367,1
624973342,1319.1486966008874,1027.2836750911008,1374.2887,1102.3531,0
624973359,1360.881401748772,848.3506953446889,1414.2349,905.2991,0
624973375,1326.3480763791442,870.0907984129395,1338.8411,949.8118,0
624973392,1317.1670841938187,883.6113277577831,1347.5616,970.9388,0
624973408,1322.3172533398524,887.7307637793348,1390.4778,961.1523,0
624973425,1323.922838933441,895.1578818896706,1382.9801,987.7507,0
624973442,1318.1618770690955,904.5290170051078,1339.087,1013.8426,1
624973458,1316.061102428751,909.0152822379212,1354.3472,996.9998,1
624973475,1304.4245441584044,918.2492494683103,1270.2766,1042.167,1
624973492,1297.7115595044445,922.7512983453346,1293.7764,1016.312,1
624973508,1075.2291650643072,869.1861258754404,1096.1116,912.4529,0
624973525,981.4906470695497,674.188974309324,984.2238,689.8783,0
624973542,964.5903082265097,731.6288277299583,950.7972,815.8375,0
624973558,962.9184613777005,749.0043720639774,963.9255,810.1813,0
624973575,964.187979577123,756.0996495701991,973.0327,803.2338,0
624973591,960.9359729016195,766.6221749446391,952.0425,836.2039,0
624973608,959.8670012101727,769.1884398051178,958.4769,806.7736,1
624973625,968.8673576764235,769.8636283334437,1032.1339,801.5312,1
624973642,970.3787186410631,771.9818298953244,986.4639,812.9305,1
624973659,961.5752793847786,760.3382370553077,887.212,681.8192,1
624973676,966.9215558496087,761.7095953006122,1022.0684,802.3167,1
624973709,974.0692723165891,758.9305982259035,1050.2603,759.5546,1
624973725,978.5962027735535,765.5702937632251,1034.1554,867.6356,1
624973742,978.1709009686658,752.2002995027377,969.496,618.313,1
624973759,1144.4607876968125,292.3704208958328,1151.9845,273.5491,0
624973775,1107.141659382861,524.8496536611289,1118.9536,530.5227,0
624973792,1110.7416784715683,495.35721501258007,1124.7943,465.2787,0
624973809,1090.3157858993768,511.6788380460358,1055.5535,548.928,0
624973825,1074.5172414676672,518.9779958435884,1031.1506,543.5299,0
624973842,1062.776486369513,523.7711997486238,1019.4755,544.8873,0
624973859,953.1947540699972,553.26433439818,948.1451,553.5298,0
624973875,1019.150394155233,506.3628488723791,1020.0354,504.9726,0
624973892,1023.6801646401314,523.8334435853285,1031.432,544.3699,0
624973909,1014.5690941919279,558.3500139921005,999.1552,637.9719,0
624973925,1009.9404737045547,552.9337856691106,995.6732,537.0168,0
624973942,1015.1143736097019,533.1307648690782,1036.5708,448.6405,0
624973958,1227.869624458206,450.0605425908779,1250.9553,453.9682,0
624974008,1120.5136822996515,403.4646814652359,1129.3751,396.0046,0
624974025,1040.1040476417536,437.12204337547684,952.5642,461.8909,0
624974058,1044.6814033274543,428.63046214433314,1055.6285,401.3232,0
624974091,985.1904621085641,446.5088165503389,785.3439,485.4832,0
624974125,965.1077100368475,442.05431222403803,870.9989,405.8348,0
624974158,825.980393378157,282.46215215761083,796.071,244.5962,0
624974175,818.9802774944575,212.61456645417138,785.6629,166.3651,0
624974191,834.8696314321164,202.83269762534673,820.3694,146.3761,0
624974208,857.9235430487201,194.6162309391671,878.9229,132.9291,0
624974225,848.8634567406752,194.34185306770453,787.8601,145.4342,0
624974241,883.6072198401373,209.0182499618499,1011.884,238.0371,0
624974258,900.8414911499677,209.94418333472072,968.5945,177.0052,1
624974274,894.192142465233,211.8675298149274,823.7162,179.1337,1
624974291,891.8366425664886,214.55112700004145,847.6602,190.6525,1
624974308,906.8375210873003,226.29958274255364,1011.139,289.8451,1
624974324,1049.9600263438547,357.07911656287007,1048.8881,340.3451,0
624974341,1009.6553785757617,290.1771217783901,1001.4088,263.5235,0
624974358,1020.4911981555812,304.10169413943277,1026.6045,295.736,0
624974374,1022.6608017131797,300.1772872937083,1020.759,266.8689,0
624974391,1015.8411003914341,309.0543789407881,987.3244,313.0823,0
624974408,1015.5156826690363,313.948001323294,1008.2443,311.3742,0
624974424,1017.1788856581146,317.64685351202843,1020.6552,314.4986,1
624974441,1019.1783458218458,315.0326427974677,1025.2749,274.7355,1
624974457,1021.9284669931557,317.15545006140724,1036.8442,310.5226,1
624974474,1025.741018314882,317.4069630263797,1051.7615,297.6511,1
624974491,1028.6158412886377,313.94867570245003,1047.7755,259.4897,1
624974507,1026.3640416362393,314.52149198527576,996.4174,296.1736,1
624974524,783.4623144748571,408.6068284995228,753.2881,382.7793,0
624974541,763.9137996676207,437.48533278257986,732.5367,413.8618,0
624974557,762.7791404329159,439.54880597402894,730.1595,418.3275,0
624974574,759.4095679570506,429.27699667976304,718.9758,381.3251,0
624974591,755.750235877951,416.5106340653485,709.1967,347.4063,0
624974607,755.6414387054181,425.1364500365349,723.8262,437.9287,0
624974624,760.9059030671028,423.0450163876631,757.0327,387.8112,1
624974641,756.6943565615377,435.36436791775157,699.6459,489.2521,1
624974657,760.5597365845131,442.595064513708,759.6868,473.3387,1
624974674,756.8197943667744,447.43514340865994,694.5723,461.2873,1
624974690,757.0293684413581,433.8937501850494,722.734,281.0665,1
624974707,755.5451353756363,431.8244312951065,707.5123,385.5735,1
624974724,760.8549657925196,422.5027146996935,784.1293,298.6414,1
624974740,578.7651848310717,525.7527613965419,529.1174,501.8134,0
624974757,724.0889762677189,469.54192940383604,689.2672,447.3456,0
624974774,754.3482832334607,458.7379212874195,755.9418,426.6957,0
624974790,782.92594727489,455.9751546372003,817.4771,432.6636,0
624974807,805.045090458652,482.53187199950924,855.6107,557.8717,0
624974824,792.8959816216517,514.25028093652,717.7356,636.2285,0
624974840,770.2822511356604,504.0060068277121,616.7521,424.1136,1
624974857,815.4030027203262,488.5844008040774,791.9155,473.7018,0
624974874,798.4658644508418,499.48475382500044,773.4119,484.8965,0
624974890,822.9412266580374,529.6199211403544,830.2247,554.725,0
624974907,815.6065119215705,544.5342773180204,778.9038,568.0961,0
624974924,807.7527310538189,552.3886172964561,760.5888,568.5952,0
624974940,810.9491561812773,551.7198512431296,803.4232,540.9324,0
624974957,816.9320817648126,549.6263482858888,828.0404,531.4947,1
624974973,815.6758669155477,551.6225525792593,786.4575,555.9667,1
624974990,602.3571216053759,670.7780851261634,560.8395,664.7549,0
624975007,671.4017991760641,701.3398867712763,639.0544,702.6957,0
624975023,678.2045023466468,707.6690188234805,654.6932,717.5482,0
624975040,663.3067346651114,730.5248923628211,599.6955,783.678,0
624975058,664.9126889636588,728.3659359718847,638.0901,725.1752,0
624975074,668.092534680807,738.9045910768331,652.3666,790.8336,0
624975091,671.6866900352184,744.0395694125526,661.3422,778.1993,1
624975108,674.7270154650768,740.4152649082619,662.6806,722.7832,1
624975124,673.0724551470788,739.9337025008106,629.2584,740.7362,1
624975141,671.9062036296318,740.9162939497172,631.1769,753.8192,1
624975157,670.7834768288424,743.0950131340428,629.9788,768.0137,1
624975174,672.3204349500594,746.7517794707578,658.6779,789.9335,1
624975191,672.0122417501825,752.382604870121,639.9385,818.9412,1
624975208,673.2000260383943,754.041180637708,657.3146,777.889,1
624975224,670.5267893781834,760.3720388755269,608.8313,841.4022,1
624975241,671.4409448636111,765.0572842249906,655.8541,829.4292,1
624975257,677.3032969285005,758.4175081714941,725.3284,671.3215,1
624975274,868.5838688059806,435.3217183496377,849.3081,417.3373,0
624975291,944.151902955342,482.92040763533214,935.4381,474.6307,0
624975307,942.8936841974066,488.1873827955743,933.0229,486.2132,0
624975324,926.3210116441824,468.698722336048,876.8042,412.7378,0
624975341,913.9323261776442,456.7912478193629,858.7151,402.7213,0
624975357,917.107829444332,459.1648441082291,919.34,458.4429,0
624975374,920.9287415222518,466.0411770466613,931.3881,493.3883,1
624975390,920.5596613625088,461.72998865829584,905.1765,421.7939,1
624975407,918.3075228830635,453.34132336145694,886.8865,377.5783,1
624975424,916.8542927633024,457.6173230766606,893.5989,481.7181,1
624975440,919.0770760033331,456.9177395124989,927.6827,439.6115,1
624975457,919.8814317002751,455.64194079376483,915.2961,431.2381,1
624975474,924.3725907760769,453.69335704395644,960.8425,423.2415,1
624975490,923.9585874973603,457.5391249894542,907.1874,491.6673,1
624975507,922.6477642765584,462.0041888379524,894.9089,505.0006,1
624975523,920.7775821018294,460.13866372726164,882.3665,420.4962,1
624975540,912.7161133419315,456.56116614385724,786.8455,387.9159,1
624975557,914.3712342498083,454.75804125334884,928.3102,418.1439,1
624975574,910.566305033566,451.86406918932346,841.8309,394.3128,1
624975590,909.5820957112411,449.4252913560569,884.4316,400.8624,1
624975607,910.0328321870905,447.36501595503455,907.5821,405.8993,1
624975623,909.4080568256552,448.46897211979666,890.6268,457.6202,1
624975640,908.6155334976755,448.6860158410731,886.2407,442.1156,1
624975657,904.9913618719328,450.4598320783947,835.0842,467.2248,1
624975673,903.0747409290015,449.5220002956883,861.9677,419.7464,1
624975690,901.058572485708,444.7819956676222,855.9459,348.2114,1
624975706,908.3570009333788,437.9776771005454,1027.8845,315.4689,1
624975723,907.3964239753218,433.27153306871367,874.4301,343.7973,1
624975740,902.6546957487151,430.25434130301477,802.0894,369.4568,1
624975756,900.6336841475435,430.0017016346425,854.2605,422.8267,1
624975773,895.9399195800006,428.21146197546005,799.8002,388.5263,1
624975790,891.1578456255234,428.70755622217797,803.4802,437.2352,1
624975806,896.5971975743962,424.0751477814809,996.507,346.0985,1
624975823,898.5392583437963,426.62360967026564,925.3646,471.9077,1
624975839,898.3057936739166,423.2793839411159,876.6591,352.6539,1
624975856,898.3568441043674,422.3369207697559,889.5059,403.748,1
624975873,897.0753130717801,426.96624730904546,867.1851,511.8139,1
624975889,896.5508802811433,428.023861299616,875.6899,433.4958,1
624975906,893.8354586165863,430.055928544544,831.0269,444.9453,1
624975923,809.340656455993,598.775985251012,789.2388,596.1572,0
624975939,833.8100530354036,554.9793138673131,814.9299,548.7268,0
624975956,802.0776437830121,543.8226400981517,743.3418,520.3279,0
624975973,802.9661492134692,559.7537223753485,784.0017,587.7653,0
624975989,807.9346173862945,545.1284723903284,800.6653,488.6067,0
624976006,821.0023707129374,535.7151334722627,855.8,488.5381,0
624976022,823.6536374992695,534.171143376626,816.2303,518.0848,1
624976039,812.4915257950124,523.2568744770815,714.7505,439.161,1
624976056,810.7591044255694,520.4111286944295,774.7563,489.2474,1
624976072,821.3995019580094,511.6510745293072,886.8828,433.3996,1
624976089,834.5995569363555,509.7523069770748,934.915,490.7846,1
624976106,836.6473092434562,503.9703385393836,830.8984,438.4095,1
624976122,833.9563839224046,501.1665044378751,778.0907,461.7714,1
624976139,843.9933839320265,492.00572401918157,934.9415,383.4376,1
624976705,1017.7907835294045,585.5253538370056,1021.4567,593.114,0
624976722,1025.21554922769,636.7435624431043,1031.6472,650.6086,0
624976739,1001.2049674494035,606.1162520345977,975.8342,579.7368,0
624976755,1017.0082817852012,625.1496573464779,1058.661,681.3244,0
624976772,1049.6655112295466,632.2217524393675,1167.4985,675.5969,0
624976789,1032.3176125487291,611.9236788003759,958.4559,530.3,0
624976805,1030.9155719084415,608.9828311700035,1028.6241,604.4003,1
624976822,1030.3258761563027,608.8030594550922,1032.3984,619.3652,1
624976839,1031.366797395586,611.5593299981924,1045.9991,644.6743,1
624976855,1033.0107562452529,608.8367130872107,1052.1774,598.3615,1
624976872,1029.5920879674627,603.2408821184118,1001.3795,560.9822,1
624976888,1020.1886279785789,600.4760924209198,928.6887,579.2642,1
624976905,1017.1991585830783,601.7039636002582,991.9875,625.8423,1
624977038,1004.9971098589656,599.5018960780869,867.2417,577.3549,1
624977055,1005.0293205596189,605.4499855948869,1018.7607,691.9333,1
624977071,718.5299806120684,684.1552551802334,691.0294,686.1958,0
624977088,889.0392117644747,546.4194080251455,876.2689,542.2938,0
624977105,877.1784580773627,593.7994712227721,853.3341,646.4266,0
624977121,874.405333514635,589.2709464733861,855.0945,578.621,0
624977138,862.4854656308446,558.294855274017,804.3121,449.5297,0
624977155,853.9389499517948,551.9107796172748,799.4476,517.5085,0
624977171,867.1529536176652,554.1524993412463,925.2663,566.6744,1
624977188,868.6898834611251,558.0902281164495,864.6289,580.9563,1
624977205,881.9439155950647,577.1686542821881,972.4103,723.1383,1
