timstamp,smoothx,smoothy,rawx,rawy,fixation
624887452,1215.9366947162225,471.58345177147675,1238.4016,419.8918,1
624887469,1210.7751385819222,463.7797925829479,1189.8679,404.5313,1
624887485,1208.2538135701586,468.65106827367003,1211.6066,522.561,1
624887502,1199.192423022155,472.5448680143036,1133.1844,515.8949,1
624887519,1194.919648967418,474.39915627776895,1175.1049,499.6616,1
624887535,1197.1846903751039,477.3551378711857,1252.6398,520.3872,1
624887552,1199.826689448117,484.4150705907804,1262.6318,580.6393,1
624887569,1197.0986329718771,490.360770000807,1189.0092,570.731,1
624887586,1194.618414607878,491.24877786792973,1186.4856,503.2374,1
624887602,1191.416231958712,489.7285640297275,1170.6279,466.5906,1
624887752,971.3872325674937,638.2905855290328,971.6117,649.3053,0
624887785,992.2171594083197,604.4577397018702,993.6097,612.7738,0
624887802,983.9003394021,606.6594251495046,975.2271,616.7402,0
624887818,975.8491979472426,594.346489161792,956.2372,572.4072,0
624887835,970.3346989745387,595.2402821809052,950.8738,603.5085,0
624887852,969.3671374265707,591.5683302468099,963.2148,581.0314,0
624887868,962.7762026657612,588.1853765524146,924.1627,573.2266,1
624887885,956.4975252962547,589.3300487612858,913.8834,599.9011,1
624887902,956.2586974092518,587.5853550012409,952.2422,579.464,1
624887919,958.0975318760936,588.8743877655684,972.2952,605.8259,1
624887935,952.7559682724138,585.6402472018414,899.3976,557.5797,1
624887952,948.8908160545507,583.5309082701482,906.8082,564.892,1
624887968,935.7898999035398,583.6607471485028,789.3437,582.3789,1
624887985,933.0421590036343,585.6922917959331,902.4752,612.5599,1
624888001,929.5495268657254,583.556704947257,886.0725,558.202,1
624888018,925.5534410968127,585.1015315220614,875.1707,606.943,1
624888035,923.7025482648204,584.2235562558986,900.1842,574.112,1
624888052,917.2154670592168,587.3225007978563,827.4589,630.6454,1
624888068,912.3858868641117,587.3077967402306,844.4047,585.1337,1
624888085,901.4587178411958,582.8607342587303,735.3551,506.7522,1
624888101,898.5780641874327,581.5008030855179,861.8059,561.1292,1
624888118,896.6012287452169,581.8644789423932,874.1948,590.2284,1
624888135,897.5891051184451,577.2278973441212,920.2748,504.3609,1
624888151,901.2289992681613,287.4246396333774,880.2614,254.3583,0
624888168,917.5137819180707,356.80814476849275,901.0175,332.5944,0
624888185,903.9801201335235,375.77577558196685,872.2451,373.2948,0
624888201,935.7309614873553,357.4431758775761,990.5406,297.1722,0
624888218,929.589306451227,347.2602950805655,892.2436,288.1481,0
624888234,926.6037028857825,358.2243335713907,899.5069,382.5027,0
624888251,924.2602119907141,362.7688820885307,896.7935,363.5228,1
624888268,907.4453867755391,346.6909847382324,777.6556,211.3789,1
624888284,658.6772620300018,115.66137987675503,603.1039,49.3061,0
624888301,538.6980301428265,137.9921640425059,469.9904,67.4437,0
624888318,551.8263619645311,112.85944965405953,497.4017,12.9745,0
624888334,556.1867090257703,106.31692169243534,497.4599,19.2649,0
624888351,551.2016369511974,118.11509352174977,467.873,84.3847,0
624888367,559.7712957982955,122.67476077325504,531.1776,73.2438,0
624888384,555.7564120055112,110.3725052861035,463.5316,-30.5624,1
624888401,559.5501155603536,116.84415942654994,518.2441,88.5343,1
624888418,558.984346881817,113.94913809711413,486.296,19.9427,1
624888434,557.2704784685559,113.68871512786329,474.9783,38.774,1
624888451,555.5155788533618,115.63434990489014,472.1669,61.0171,1
624888468,560.7787932794048,112.28498111881288,546.3221,8.6735,1
624888484,570.2706975197799,106.0528499846001,604.8788,-28.6779,1
624888501,580.340032669739,107.49597557986132,630.2882,61.153,1
624888518,589.8843106240395,110.58379456517176,639.1151,85.8615,1
624888534,595.640573387003,111.91202830997597,598.0603,62.9202,1
624888551,780.373573480749,179.1656940651305,741.3212,126.9188,0
624888567,666.9752831805008,151.19906417144486,613.6871,89.3756,0
624888583,680.7702263369252,132.04317388815136,643.028,48.2855,0
624888600,723.4259889449521,161.8695985643233,773.8657,175.3673,0
624888617,778.7723849632721,239.40697461982978,932.6724,458.9153,0
624888634,827.4187394107805,295.90907350364444,1016.8223,514.4107,0
624888651,974.9381667316212,509.04313317973,970.7772,505.473,0
624888668,1010.7138640601768,440.87009912523985,1008.1854,431.5137,0
624888684,1009.1867061533762,433.3445318219888,1004.2217,414.5908,0
624888701,1001.3243504967336,415.5624871707276,978.0181,362.5665,0
624888717,991.6678253828208,419.9167813505665,954.8172,420.2156,0
624888734,985.7593961178891,422.191648501346,954.5443,418.1515,0
624888751,987.1787501622456,427.6365813811416,990.8819,445.4329,1
624888767,993.1613890942829,427.5717372801661,1027.274,416.8741,1
624888784,997.3152845292401,430.02454784418615,1024.225,438.0481,1
624888801,1002.5848268276532,429.5365162592664,1042.0061,415.8114,1
624888817,1005.7211144067237,428.8471847889618,1029.4224,412.2244,1
624888834,1006.6154612205612,429.8832697863269,1010.3306,429.4635,1
624888851,1084.3162466633048,602.7173056383226,1096.3628,616.0139,0
624888867,1045.015714645888,503.1182410704746,1048.7905,502.8115,0
624888884,1014.9696481334404,483.9917871008766,980.3717,456.862,0
624888901,1014.0865664603781,452.1413112115485,1008.2329,373.7447,0
624888917,1017.6764920021592,438.8675893726845,1026.5079,387.0702,0
624888934,1000.2443143991962,446.7823981413419,921.5856,469.3541,0
624888950,730.6909165332756,863.4231626166212,711.2615,886.654,0
624888967,558.5046919361773,982.7568384270489,523.4666,1009.9545,0
624888984,573.0637384548315,1000.2436365558626,557.229,1050.5148,0
624889000,571.4588840903755,1004.3599320523302,535.3879,1043.5907,0
624889017,602.7752756548327,982.1761055506205,674.0123,943.5607,0
624889034,596.0167442665804,985.8337113759524,535.3022,1030.5195,0
624889050,598.132847487027,974.6459633147998,576.1879,943.4247,1
624889067,600.404105301917,991.3236736582497,587.9781,1131.1448,1
624889100,598.491091377325,984.2064917652019,551.1042,959.5992,1
624889133,602.630676955145,987.8356457762471,607.9091,1050.5704,1
624889167,595.1419314123914,987.7466863144313,493.5197,1012.8849,1
624889200,1023.3592895952615,504.7001386095352,1024.6724,503.3564,0
624889217,1240.12699715898,50.20030348450072,1249.7932,9.0575,0
624889233,1222.1763058487277,59.91049980981305,1210.4846,28.6552,0
624889250,1244.8209095715645,42.432656651350705,1303.7943,-35.5605,0
624889266,1261.7503619104032,39.02208371285154,1328.8988,-10.4023,0
624889283,1278.4381430710328,42.83779164939468,1365.1309,23.6852,0
624889300,1394.329685252353,15.694498271824003,1420.6611,-20.7231,0
624889316,1310.2179607262062,59.466729637888776,1328.3855,23.3258,0
624889333,1331.2148692671944,76.84821164728665,1376.4961,64.3747,0
624889350,1316.8947189440194,63.98597663186959,1303.165,-1.452,0
624889366,1310.5470110676824,61.04112918674195,1307.6069,14.4374,0
624889383,1295.30210476179,56.894166519427856,1244.583,-1.6484,0
624889400,1311.8829090538466,45.266724899272695,1418.8105,-50.3837,1
624889433,1298.6332755471265,49.76861127936503,1230.4631,37.8932,1
624889449,1294.4431149373029,48.16383414010223,1280.1033,-2.7505,1
624889483,1302.2885274766231,47.58816168161392,1386.5386,9.2426,1
624889499,1299.7331443891069,49.29798924600638,1293.4241,27.1373,1
624889516,910.1772816441209,279.3580270209301,889.9516,245.8722,0
624889533,893.2159921480093,404.6212295388241,875.6671,384.5103,0
624889549,1042.7859757617791,444.24726242823425,1212.1346,489.5176,0
624889566,1133.9142574717864,358.3543820889427,1337.6461,166.1857,0
624889583,1111.6030055758615,341.8080822377102,1039.1501,269.5152,0
624889616,1098.1727810885436,340.4978682296906,1041.5565,317.5562,0
624889632,1088.9852095479353,306.7776167256745,1090.5875,286.4844,0
624889649,1112.9773563838348,356.72136617512456,1119.2262,343.4905,0
624889666,1068.8139593047963,354.9518183384357,1020.614,334.5904,0
624889682,1044.0765402177979,336.9518497429715,985.6124,274.9792,0
624889699,1023.3455609070008,325.0223611792552,948.7333,260.6021,0
624889716,1027.8466160878818,327.7616746712311,1044.594,320.1752,0
624889749,1037.1685130833089,330.57105118083666,1085.8075,328.4453,1
624889766,1039.3416418744218,340.5866552490418,1052.8396,386.829,1
624889782,1032.2482367480036,353.567332782367,979.4214,428.23,1
624889799,1229.3619086427175,490.2954645716069,1254.1151,498.8895,0
624889832,1236.75135206819,479.86295436723924,1261.9772,487.6792,0
624889849,1192.4617991568384,466.0092069913634,1162.1877,451.8664,0
624889865,1168.5942720414473,480.040837478681,1134.2307,512.5422,0
624889882,1123.5817655860549,489.64088139106394,988.7243,516.2953,0
624889899,1085.9572798965985,475.7774954456408,928.7344,405.3409,0
624889915,1057.8691872097904,483.4840153265337,915.473,516.2402,1
624889932,909.2496772836363,538.7381352243501,898.5463,534.8705,0
624889949,988.2867772379619,417.6607918541903,982.2865,404.3882,0
624889965,958.309105087474,420.13383572822875,915.6221,406.5255,0
624889982,927.8327312858095,372.43828651225965,842.1527,241.5535,0
624889998,932.870461614849,372.71223000814234,936.1612,353.7487,0
624890015,941.3243626903134,395.2995350316157,969.8811,478.2677,0
624890032,944.8228080068268,393.0074716312791,951.4241,362.5065,1
624890048,927.1145334648111,384.81662572544064,796.561,305.5567,1
624890449,924.6946899254633,409.42255683746555,900.8063,573.973,1
624890483,914.6994542734953,427.8559939171822,823.7758,558.6869,1
624890499,880.3185840397141,523.1767671554115,865.6704,515.902,0
624890515,869.4923259157782,567.5970216951207,855.2334,564.7946,0
624890532,863.1536087350739,586.117464836264,842.4721,605.3079,0
624890549,884.6843144809775,579.352164539339,919.9307,566.0698,0
624890565,889.1252318162916,573.6891035488936,891.1248,554.7136,0
624890582,884.9278527996878,575.0863342099406,854.0944,579.3699,0
624890598,871.520973022216,563.2944951180594,782.2059,492.6542,1
624890615,864.1462914394227,563.8455139437959,802.6093,562.5803,1
624890632,853.8955720512499,562.367213024224,762.7888,544.3439,1
624890648,856.3140402465222,571.607327187237,866.6764,648.1508,1
624890665,836.2357366336037,570.6712962787875,633.963,547.7972,1
624890682,827.6321501191795,574.1507465077664,729.4794,600.5634,1
624890698,822.3700226376815,573.7586396761222,753.8118,560.931,1
624890715,821.8372956229977,574.2360852985006,806.1931,574.1464,1
624890731,820.2678073798082,579.3952038160884,792.8135,637.6273,1
624890748,816.8627313626631,580.6358834215021,762.1175,587.5902,1
624890765,818.7487570550949,582.921915874961,836.3114,608.637,1
624890781,817.8626330436593,588.1242579041375,796.3695,654.5797,1
624890798,818.39454384027,591.846103390462,816.6308,638.0573,1
624890815,815.6780630279346,593.3093924515138,761.5798,602.4551,1
624890831,810.3448975378901,595.8801591611283,714.5377,620.8411,1
624890848,809.0107838576583,597.2155361597837,777.8073,605.6339,1
624890865,802.4444282221355,597.4837454488013,682.3926,583.9449,1
624890881,800.7728791189518,598.2321438835487,765.2154,597.9285,1
624890898,797.3002178336782,598.6958069877835,729.5149,592.4107,1
624890915,796.0126357001004,601.1072737068433,767.8268,631.6992,1
624890931,796.1757889473749,599.9480060652419,790.5568,568.1676,1
624890948,793.7312608004784,600.1264709868603,740.1744,591.5944,1
624890964,793.0718285275269,602.9377737293801,773.4856,644.6757,1
624890981,792.3830594263135,604.6892584185617,770.3258,626.0495,1
624890998,793.185869832558,604.9278197257343,796.5223,599.6741,1
624891014,791.9439376899417,607.369915466422,765.1462,637.842,1
624891031,792.7952112060457,607.0158423751144,800.1477,591.3334,1
624891048,790.965462417108,607.1477571607085,753.9399,595.2332,1
624891064,789.9263291768124,607.6317356106547,763.6244,603.2023,1
624891081,791.140216452489,607.2153025678996,800.8376,591.9258,1
624891097,793.652611550967,610.937792563509,820.0996,665.8529,1
624891114,794.5265584320704,612.1994246304704,788.6743,625.7523,1
624891131,795.4460415075557,614.0283978846154,785.8511,636.1995,1
624891147,794.8563962839904,615.8294391309162,767.6054,646.1309,1
624891164,794.145574015914,615.1223940634507,739.4004,587.2123,1
624891181,792.3060502824127,616.4774446951578,731.0493,633.0535,1
624891197,791.2228621192847,616.2606606481437,748.0411,599.9487,1
624891214,789.6943283479893,620.912861909743,748.0524,696.67,1
624891231,791.1171944792201,621.4983649976109,800.8494,628.0972,1
624891247,790.1764917814428,620.7922427649577,750.5488,596.0443,1
624891264,790.6938225986659,621.0874766049338,787.1589,620.1704,1
624891281,790.6714616595403,617.9190669601916,769.4,557.7111,1
624891297,797.9783362062084,616.7458361003996,915.083,601.8762,1
624891314,806.2995516381588,617.5659422378906,930.4078,637.9896,1
624891331,800.1167365854582,613.2129035619826,641.5289,525.6466,1
624891347,552.6201601078892,423.9622177474974,496.1503,386.9087,0
624891364,691.0216573084659,524.0572447428691,654.3755,506.2372,0
624891380,662.0463038395096,542.7695209461838,591.1504,544.6345,0
624891997,797.5950272087196,514.89864245806,1071.842,455.3532,0
624892030,854.1645624450331,470.81912480290123,1014.7911,320.1473,0
624892048,897.2795336877078,462.8909530169223,1066.209,426.1432,0
624892063,948.6241348578747,356.7267228767979,935.7455,334.2533,0
624892080,1056.6472748316194,476.2258887124969,1060.7773,473.4971,0
624892097,1011.3505720788579,409.71276288371564,954.8365,320.3546,0
624892113,1035.792258463476,415.01477610638176,1090.1083,418.973,0
624892130,1042.3956247137892,414.487517835512,1064.2207,403.5254,0
624892147,1044.292955043847,419.6333800355124,1053.5773,432.9302,0
624892163,1047.6060623821413,422.04418162270923,1066.619,426.5506,1
624892180,1048.2579355441248,424.43216076556314,1053.4685,430.6434,1
624892197,1050.0842626231836,423.199187895547,1063.9602,405.0601,1
624892213,1046.3591104059897,423.86960097826454,1015.3019,418.278,1
624892230,1047.7446589253984,423.86958053753017,1061.4839,414.8922,1
624892246,1321.2643434360677,557.4367454886309,1359.2061,578.8796,0
624892263,1371.817453688424,690.25414075262,1420.5739,729.733,0
624892296,1307.8077533688559,712.0583518665661,1279.4545,771.0774,0
624892330,1302.1802398237428,709.5602930143115,1331.2371,741.0651,0
624892346,1269.4143281928068,700.2858371143392,1197.609,698.9939,0
624892363,1327.6409288860737,733.1612867109959,1634.2902,932.007,0
624892396,1257.1464085222585,704.249930150882,1293.0769,738.8807,0
624892463,1289.8835402405007,767.0481484029635,1331.9556,810.7035,0
624892497,1278.7183245617457,756.7120207803782,1306.2915,786.4417,0
624892513,1260.6774518996829,734.9089729975261,1256.5881,723.0048,0
624892529,1263.0546482723114,752.0912125502462,1311.588,850.1309,0
624892546,1266.524676516744,747.9252066547008,1320.0376,770.4812,0
624892563,1269.653567623349,756.3222099065864,1327.556,844.0481,1
624892629,1272.7410153946423,750.780039026647,1330.7275,756.3226,1
624892663,1272.343438282564,750.1025915090005,1308.0953,785.653,1
624892696,1281.268382821293,732.7533290497572,1390.5743,630.73,1
624892795,1284.608613216474,730.37314381519,1353.0232,752.2352,1
624892829,1291.7456130042706,723.0224980358814,1399.7635,694.4671,1
624892845,1293.5386265646237,717.3451845874213,1347.4572,699.5883,1
624892862,1005.7685006896394,722.6147912422282,1013.1251,745.2089,0
624892896,712.7416940799284,795.5169753631999,688.7021,809.9706,0
624892930,732.3329746857252,776.9718373791613,731.0138,770.8911,0
624892963,733.354623562854,781.0455861252306,713.6365,804.238,0
624892996,723.8765587023037,796.0460354368972,671.3094,859.1913,0
624893029,733.905006639411,792.0847664856234,755.7409,791.7678,0
624893063,709.091871022636,767.5433312381091,683.5889,778.5918,0
624893096,884.274075405426,1033.4889572364896,889.0331,1084.811,0
624893129,808.8998524421388,867.7376827893463,708.6623,707.3912,0
624893196,798.9475854797038,831.0194724930252,761.9266,772.9096,0
624893229,882.0004486214301,862.0693300601845,1159.0597,1011.6477,0
624893262,902.4818001714863,839.5337046365987,986.4255,776.0057,0
624893296,1149.6943777745673,785.0343112559476,1176.1188,822.8629,0
624893329,1035.3422657353253,785.3840309988833,1048.4712,816.8215,0
624893346,974.5831854517706,788.5518373047207,913.2184,817.0474,0
624893395,870.676190928666,799.3643890917767,635.774,835.4724,0
624893429,825.5205756279339,791.3756530752975,666.2058,777.6829,0
624893445,792.5521383363746,790.4882916380338,636.5885,797.9471,0
624893462,698.3754559954035,820.9210665274225,673.6071,837.4727,0
624893479,1199.3476346304783,692.2423541666858,1228.1056,722.249,0
624893495,886.2897215159318,726.8353497137541,532.5774,764.0833,0
