timstamp,smoothx,smoothy,rawx,rawy,fixation
625006839,861.290070138494,497.0315612606472,463.0389,289.1527,0
625007022,965.0790112048783,573.7807996756411,962.1742,577.0615,0
625007056,799.5552314408683,587.5032919460842,777.896,583.0447,0
625007072,808.3908710651741,541.7387602973548,794.2048,482.1682,0
625007089,817.0856761771595,528.282071285165,813.5237,489.461,0
625007105,814.8954688291999,520.58456201291,784.2616,484.0081,0
625007122,806.9726841358057,511.06210571773477,747.1444,455.5996,0
625007139,815.5108877384813,505.4169648617105,838.3569,465.4501,1
625007155,811.881529002273,509.49607178030027,765.9128,523.5007,1
625007172,813.2355892674994,509.6483059052166,800.4552,499.8074,1
625007189,818.3667561145631,500.41161162820737,835.9688,412.9635,1
625007205,821.908673445398,499.7482024412601,831.2809,484.6126,1
625007222,821.141731158323,498.34226005675947,788.6663,472.8192,1
625007255,826.7771690609915,503.1176683860473,867.2836,548.7453,1
625007356,639.8312992147138,643.9471295766293,601.6788,636.9623,0
625007388,892.1172008082514,508.59591346002486,878.3008,500.3168,0
625007405,883.5333950450184,542.9366448197312,861.7065,575.7928,0
625007422,883.9866196571564,542.6788451909263,871.5178,537.1296,0
625007438,878.0252132567407,541.8601614826687,844.0176,532.7109,0
625007455,852.0521877172283,522.6672438183489,717.7343,423.9294,0
625007472,880.7980303023284,552.6034947142663,867.2982,548.7218,0
625007488,869.3829966925244,595.5154009863801,856.1479,595.9004,0
625007505,903.029182778486,586.8944025578073,930.5366,580.4903,0
625007521,893.398149300728,568.0085874896301,858.9872,523.7353,0
625007538,889.3805605707458,563.9971065967028,863.5521,548.3425,0
625007555,902.8110294478386,556.5276131720143,949.9016,525.1256,0
625007571,990.8735333397331,317.70096753171214,981.463,293.1395,0
625007588,1063.7938389583526,336.301992401302,1063.5605,317.9693,0
625007605,1050.5565537080206,319.4699604891444,1032.7942,279.0152,0
625007621,1040.4567157097313,306.8103037163818,1013.1489,254.725,0
625007639,1033.7691328670771,294.9753998060629,1005.3247,230.331,0
625007656,1039.4046670923515,286.515305230025,1058.4271,226.0758,0
625007672,1044.5487838683716,292.88524737296314,1069.7161,305.5747,1
625007689,1049.1186683600442,299.48311218548116,1076.4189,320.6273,1
625007706,1044.2900514916957,303.84851565636023,1004.9688,311.0591,1
625007722,1041.7882505841085,312.7061013270191,1019.5268,362.6399,1
625007739,1040.023567082524,313.1494339350394,1020.225,291.6857,1
625007756,1039.249377579516,314.9941571326334,1028.8296,308.7245,1
625007772,1043.6536012692516,319.95015139756094,1091.4675,352.5464,1
625007789,1041.189481736716,322.2340756944549,1009.1387,322.0919,1
625007805,1054.2709089650027,321.1657822156391,1215.3425,290.7148,1
625007822,1055.0745460564058,321.6595985377126,1059.0313,303.8893,1
625007839,887.5122026102393,529.5729449314811,873.9387,523.4344,0
625007855,1040.8446228058724,242.7251557543552,1034.4661,212.3976,0
625007872,1018.9481080867761,255.12993218863673,986.5585,237.5502,0
625007889,1019.1560417285133,251.86465184519147,1010.9343,214.0907,0
625007905,1015.9315958257372,254.93273688668293,996.8904,234.1914,0
625007922,1016.4093776212134,256.8103835448736,1010.2952,234.9329,0
625007938,1033.3216609561023,206.21887917144625,1024.7122,171.2923,0
625007955,987.2184700722953,248.2586040387444,974.8043,215.5481,0
625007972,1011.745168539233,233.91759198023908,1028.4332,186.3811,0
625007988,1031.5592546615694,216.18758146845073,1065.6299,145.3252,0
625008005,1036.9975831755123,214.06655488005615,1046.4149,174.4978,0
625008022,1030.8950537764395,231.10898416151244,998.0476,272.4895,0
625008038,1030.3012635210387,233.47368211600994,1019.2535,213.6235,1
625008055,1029.6856278998152,244.0124777315722,1020.1026,280.1251,1
625008072,1035.8881186068788,238.11002980325458,1073.2037,163.6493,1
625008088,1032.8300992174036,236.82303092983568,998.2559,192.3372,1
625008105,1044.245510305832,239.04092795683115,1144.4076,233.732,1
625008121,1050.8616256651903,254.0940238176684,1115.3481,380.3477,1
625008138,1107.4610917601115,683.7376688522271,1125.2094,707.6038,0
625008155,1049.611530211223,661.0103725565335,1059.7834,679.0233,0
625008171,1030.9546617148935,681.1214342911474,1019.6714,721.6934,0
625008188,1047.688472488349,704.2275352005211,1098.1731,780.0092,0
625008205,1043.0951877907687,710.9194726228641,1039.701,755.1086,0
625008221,1056.5701994767917,691.6279859766545,1124.8713,631.4242,0
625008238,1062.5842103860264,692.1604515710729,1107.4178,719.3265,1
625008254,1065.9737939294587,689.1123888962264,1099.074,693.0061,1
625008271,1072.2586403120715,691.7172612319926,1132.0208,736.7777,1
625008288,1077.144933755965,689.948576680592,1129.6443,700.2253,1
625008304,1080.8785383653517,692.0190586352202,1127.974,736.695,1
625008321,1082.9083143843734,694.5264818422465,1115.7848,744.5873,1
625008338,1079.6228111724206,686.9331543380268,1051.2161,623.7977,1
625008371,1066.089275391222,687.196815710041,917.4518,705.8605,1
625008404,1057.6527141122485,697.8093254152014,971.5704,849.0236,1
625008421,841.587847310235,714.350054584358,829.53,726.7653,0
625008437,868.1523626258333,706.783418895903,858.9052,719.8271,0
625008454,863.3036759053814,749.0772386508119,851.2296,813.4258,0
625008471,869.2460486444438,741.1787461968775,874.0234,741.1529,0
625008487,861.5672067764439,749.6175869195135,828.582,793.6848,0
625008504,857.5808651166552,757.5193937220997,832.8448,809.0812,0
625008521,855.5017003250999,752.6050720286245,834.6813,742.1985,1
625008537,856.8407890166783,754.2525122745797,857.5705,782.7797,1
625008554,854.7926416684787,760.0194251297505,832.5376,819.9016,1
625008571,857.8872686859083,758.5492562350474,875.5138,764.6285,1
625008587,858.5683234138321,756.5583883256131,855.7903,755.6048,1
625008604,853.5106760337762,758.4104700084207,793.6243,792.2109,1
625008620,857.5203016204174,753.7866827238563,892.2999,722.2917,1
625008637,855.4893009761488,764.2874302860737,827.0831,905.6902,1
625008671,857.1898285287681,754.9942369039521,866.3329,655.1599,1
625008704,859.9352308757515,748.7990057756261,884.596,687.4527,1
625008737,859.4260159684474,743.8802929341816,840.0269,696.1709,1
625008754,859.594212196309,738.7447821299626,849.642,687.2659,1
625008770,861.1137534011093,734.1501960371158,871.6115,690.9902,1
625008787,860.9996565809364,732.9671417838327,847.9708,740.6835,1
625008803,862.9743222096125,724.8794358653886,879.4359,623.8246,1
625008820,863.9309064714258,723.5916473684701,867.2555,733.0502,1
625008837,864.3034956608464,723.9484756691735,858.7783,759.3899,1
625008853,866.2440550542144,725.4081660224673,888.2333,779.571,1
625008870,865.6679237630157,723.8293656324539,841.787,721.2957,1
625008887,871.7657643478766,723.7481189164563,966.7517,753.1714,1
625008903,868.3080066114397,722.581258602786,789.7855,722.5438,1
625008920,870.6339519414519,720.6920534518679,898.4458,712.5277,1
625008937,875.0567665557118,718.9050323064513,940.1306,714.5371,1
625008953,1106.7559065167115,867.8967622783323,1131.2596,912.7891,0
625008970,1037.419842292494,753.2016187298528,1049.5957,781.0746,0
625008986,1031.5824695669976,740.1854262907251,1035.6134,751.4457,0
625009003,999.9879157678473,738.3478883261297,937.0607,754.891,0
625009020,997.2804158340782,737.2248239704461,995.675,756.9823,0
625009036,1009.8030905677123,735.4207231712905,1073.3558,754.7506,0
625009054,1030.4265711245139,735.8173909859386,1153.1173,769.3271,1
625009071,1029.11591568,729.3907428477509,1027.8718,712.3915,1
625009087,1036.7702210348039,726.618574276667,1102.5634,734.5349,1
625009104,1034.1517112847316,713.322831677258,1016.2411,625.2554,1
625009121,1008.6525070015308,412.1467756538569,1004.8177,399.3888,0
625009137,1011.9831388380175,417.3488943148746,1008.7291,405.3733,0
625009154,1048.244294426463,365.1703559459471,1085.7189,293.3005,0
625009171,1039.5864815412472,384.15932930725734,1020.3104,411.3094,0
625009187,1066.39137483786,378.0241331908886,1155.9918,348.7776,0
625009204,1056.916699009674,389.9572612391189,1017.1606,427.5992,0
625009220,1048.6108589078722,393.64144674552875,1003.8955,398.1995,1
625009237,1036.9973767405168,410.4286996404455,965.3892,502.5729,1
625009254,1035.6340518493807,412.7043608323654,1026.8956,415.3536,1
625009270,1042.3421846402346,414.5241347021903,1100.8932,419.2134,1
625009287,1058.561265280195,415.615444704735,1211.9934,420.7225,1
625009304,1054.8828415013368,423.1495010946097,1018.6904,485.4193,1
625009320,1049.25132894786,429.9103458270422,989.178,487.3419,1
625009337,1063.5455494925973,429.0133505484675,1233.7911,412.4367,1
625009354,1061.7985069713077,427.69267503444763,1036.8337,395.8924,1
625009370,1146.5738508363777,593.8307838419984,1165.5361,609.6122,0
625009387,1033.2463756552468,427.7134596741467,1032.8518,418.1193,0
625009404,1035.9969557443367,420.2798005106232,1038.4338,401.8815,0
625009420,1086.6980056065966,387.98838896214886,1201.1373,311.0505,0
625009437,1103.1568425680955,391.26512532922453,1163.5286,395.5432,0
625009453,1074.2342617626007,397.5497288368182,950.3008,408.3047,0
625009470,1081.593195821146,424.777763686365,1131.8153,567.2438,1
625009487,1192.4745593877674,752.6327649154952,1222.6748,789.1609,0
625009503,1223.5071163146265,878.5062050140926,1261.9924,931.1782,0
625009520,1227.824319842666,882.4857848214762,1271.9147,940.5215,0
625009537,1215.9475870509414,901.7479400147245,1229.4623,997.9609,0
625009553,1213.8129151897817,914.8514852912772,1247.0612,1013.7331,0
625009570,1214.7149951742076,917.8151414799217,1258.2386,986.8871,0
625009586,1207.195569247165,913.7171038994965,1203.6858,944.3289,1
625009603,1204.897626358195,912.8196937261984,1228.2554,961.3377,1
625009620,1187.7088286530561,920.2926573370127,1098.679,1024.3696,1
625009636,1188.8279633072027,915.5608828806265,1236.1539,930.1046,1
625009653,1190.305974074411,904.6412512223856,1239.3777,857.5013,1
625009670,1193.1457058205826,912.3059810830949,1263.4821,1048.3713,1
625009686,1186.8379102231847,912.9525667589057,1155.0573,971.0444,1
625009703,1190.2834006242615,915.4632928534639,1271.2441,1001.8291,1
625009720,1194.4646319782096,915.7016735697454,1285.2004,975.5046,1
625009736,1194.568547003074,908.283850472405,1229.0112,864.2362,1
625009753,1139.870820303392,617.6386860613968,1158.9369,635.7665,0
625009769,1173.0238405262426,524.2854061236636,1192.4823,533.5991,0
625009786,1145.3433185228291,587.1011840887677,1135.4154,670.3137,0
625009803,1165.240227174614,562.6225834876723,1227.6974,523.55,0
625009819,1167.7484145628441,560.3710730271025,1195.8066,566.5496,0
625009836,1185.35483600926,555.3268051202205,1283.5485,550.8361,0
625009853,1181.6286610147017,562.912266797354,1183.4539,617.5687,1
625009869,1179.3093822824276,556.254213599157,1183.4153,525.72,1
625009886,1178.4932962219807,550.6078901036076,1191.5328,521.551,1
625009903,1183.3155719947522,545.6682319569558,1243.4163,520.0411,1
625009919,1189.00923948473,539.5675732993457,1260.6837,499.7607,1
625009936,1190.9016872443271,532.8046500622356,1227.3112,479.8593,1
625009952,1186.0200824315464,535.9648914418347,1152.3174,584.213,1
625009969,1182.177797389078,543.4351599924264,1160.1633,644.541,1
625009986,1183.1032071544128,538.6460402558259,1214.1865,492.0242,1
625010002,1182.8939060012149,536.4148374473259,1200.3182,520.9124,1
625010019,1183.1980035201555,535.9841959679237,1208.5436,544.9236,1
625010036,1184.3839254678398,538.0650699884318,1223.8623,583.597,1
625010052,1186.6276327520225,540.0922917725723,1242.1914,585.6329,1
625010069,1185.248543333325,539.2947784421143,1183.2974,538.017,1
625010086,1186.4915368619593,536.2847845885684,1225.3162,501.8637,1
625010102,1186.263681328288,536.1090062967963,1202.5078,546.9716,1
625010119,1183.9524536370586,531.611371175024,1163.0292,468.2794,1
625010135,1181.2998735624083,531.8643170300526,1158.1448,549.9777,1
625010169,1175.6628713049327,527.6261427474986,1099.0608,464.6239,1
625010202,1172.7571201410433,525.2836210813872,1147.5552,499.2816,1
625010219,1169.0841150926244,517.138146387968,1127.438,387.5828,1
625010235,1033.020242039039,419.66969907596564,1032.3007,409.1427,0
625010252,945.7344596987739,440.39353295809485,935.6259,427.3282,0
625010268,951.5943888813468,477.3732781038667,951.4355,510.301,0
625010285,982.0251393242554,543.7483517676493,1052.3478,694.7335,0
625010302,1000.5220574433464,566.0491179514038,1064.5388,645.8501,0
625010319,1009.0443309740439,600.1767818870408,1053.3298,757.9966,0
625010335,1023.8093403891235,608.2304479578967,1108.9131,662.5088,1
625010352,1100.6952500665657,677.7195832735873,1117.4327,700.5168,0
625010369,1102.9635118488993,613.3545057976897,1117.5752,628.9166,0
625010385,1103.8515897983896,571.115912060768,1116.4232,534.9957,0
625010402,1096.2037094853247,646.8391797952,1099.8938,832.9335,0
625010452,1101.5999348483645,589.9401493484153,1126.8699,414.6353,0
625010486,1074.849311499643,567.0329395301665,963.8977,470.4993,0
625010502,1123.138126179633,251.1380502616384,1126.6494,226.401,0
625010519,1108.7034555382263,253.166157121843,1110.6101,227.8493,0
625010552,1121.752565411154,296.9394721460957,1142.9548,326.752,0
625010586,1133.692006010567,327.766063764367,1169.9579,381.7411,0
625010602,1138.9679386802482,323.7568581150645,1163.7382,295.0764,0
625010619,1148.6141721037854,323.0302711365845,1199.4541,306.2693,0
625010635,1180.2334605242033,325.9717399415821,1364.3749,336.9969,1
625010652,1180.538694679338,320.82042948506734,1190.6567,273.2918,1
625010669,1084.034280125774,228.15029504709162,1082.1411,198.5845,0
625010685,1116.001993554907,302.4779398285,1120.5889,283.2123,0
625010702,1132.8077366770297,333.17120355346094,1160.3406,353.4216,0
625010719,1179.9875353783798,312.4117868891544,1295.4299,257.0016,0
625010735,1181.0920018734403,306.8928773506924,1195.584,273.8782,0
625010752,1183.0783540093094,313.60676711150893,1204.6731,329.5031,0
625010769,1177.9243796336702,303.9806514101421,1159.0687,234.7282,1
625010785,1179.201789270412,308.62468200439537,1200.1027,324.6544,1
625010802,1179.4243661864152,303.179173347019,1191.0975,247.4281,1
625010819,1178.7477528481513,297.71317827527986,1182.676,236.3861,1
625010835,1174.051239901632,287.20897867341597,1137.5704,171.8038,1
625010852,1464.713959952499,294.0881956823011,1509.573,293.4743,0
625010868,1434.6938386110066,286.92940732295074,1475.7933,283.8083,0
625010885,1433.2885914221645,273.4218595370858,1471.658,253.5835,0
625010902,1434.4772450347443,252.47294575807103,1475.3739,199.2137,0
625010918,1461.2161245044288,244.72701352962542,1591.4808,217.5639,0
625010935,1458.4230762320929,252.46531339312466,1489.0129,280.5938,0
625010952,1463.047282755054,272.2784364210779,1534.8619,377.9041,1
625010968,1464.3578628438167,265.0330284143027,1513.869,213.4272,1
625010985,1458.2404300895817,258.44470567805195,1452.7275,201.6121,1
625011001,1454.8189192211655,252.5895936099582,1466.4669,196.6696,1
625011018,1450.1811102023742,258.04543183024265,1451.1046,302.4297,1
625011035,1446.4385319455077,265.00097238162715,1453.9314,328.9057,1
625011301,1158.2662893177242,117.9842503876706,1160.9221,79.9914,0
625011318,1156.7229782693314,147.21621586793478,1160.2845,112.4804,0
625011334,1179.724053444067,125.73174141220476,1209.9817,67.241,0
625011484,1188.2640478914811,318.4114232498667,1234.8899,732.8152,0
625011501,1171.0181893391991,378.17383258086755,1133.9434,562.0898,0
625011517,1243.846077431396,413.32230122129886,1591.7769,578.6931,0
625011551,1176.4494029982452,619.3529277318096,1199.8362,639.734,0
625011584,1217.2513747419187,543.0340200862048,1242.5532,556.9797,0
625011617,1221.2374282813887,570.890192278244,1253.5076,619.4338,0
625011634,1224.5119527604757,578.344984234268,1259.7566,613.4553,0
625011650,1233.7058658727315,576.48615250371,1292.3021,590.292,0
625011667,1225.453039757106,580.7767853192348,1217.1877,616.2145,0
625011700,1207.4757062569306,582.5103256539281,1135.8909,604.4658,1
625011717,1202.2019470509197,582.1016664087723,1194.6389,594.8425,1
625011734,1202.1672976523298,579.7202267611752,1228.302,578.9458,1
625011767,1214.2520568414222,574.104467837089,1342.082,549.5421,1
625011783,1218.490399432025,571.4809121057341,1283.2715,567.3255,1
625011800,1222.5506360191973,574.4739891957691,1290.6399,626.16,1
625011817,1223.6628131824027,573.8783729693895,1260.5193,586.3241,1
625011833,1219.9699423061534,578.9729882940492,1202.954,655.3947,1
625011850,1214.8296705136277,588.5265484964724,1180.198,722.1126,1
625011867,1209.281615991286,600.6264657595542,1168.9679,771.0106,1
625011884,1202.0945613035553,608.7118771421386,1135.8857,725.6224,1
625011901,1198.7769422250979,614.0266991063277,1185.8733,695.6887,1
625011918,1194.320209552366,624.8006207677123,1166.6798,788.5873,1
625011934,1191.429769845284,634.3522697948677,1187.147,781.6052,1
625011951,1188.4305746341472,641.7899509185598,1180.988,756.0886,1
625011967,1187.0578859967184,650.2860822749642,1206.6101,784.056,1
625011984,1183.706564126534,658.5831608418415,1169.5901,787.6958,1
625012001,1182.7313190353057,665.0916100660544,1208.1238,766.2212,1
625012017,1180.6967822970553,668.2649365087113,1184.9381,711.6685,1
625012034,1179.740853346458,673.0263427649994,1203.5667,747.6157,1
625012051,1177.3603164735623,677.6801739464378,1174.8973,750.5112,1
625012067,1175.7291204829348,682.2733955498416,1186.6812,756.2257,1
625012084,1169.345383896675,684.1880036720596,1091.7382,706.4396,1
625012101,1163.8142343155023,686.1426792895847,1104.4492,713.0548,1
625012150,1162.8924466393541,690.5777902111837,1192.0977,770.6244,1
625012184,1155.839351692043,734.4300194601369,1181.1001,766.8156,0
625012200,1168.0485770066707,710.7240865008672,1193.8501,741.0846,0
625012217,1176.2466877307472,723.4875243102114,1213.0776,770.4161,0
625012234,1157.7710996088024,736.0469219506807,1143.2048,794.4014,0
625012250,1174.9283935281148,720.1455513347905,1257.1708,702.0289,0
625012267,1183.8622710906704,701.8462598294557,1247.3469,654.2584,0
625012284,1189.6513810365686,688.1785272908843,1245.3347,645.9059,1
625012300,1185.4984112096722,666.5398287360669,1179.1083,554.4854,1
625012317,1200.4891636817506,662.3489467766589,1338.0704,668.1503,1
625012333,1197.2970890226038,655.4881688993984,1193.0676,627.3831,1
625012350,1201.0973247562397,658.3320363632723,1263.0039,718.7098,1
625012367,1200.8794553963319,655.7740015735492,1222.6516,660.6539,1
625012383,1201.6600169246444,657.6565583376814,1236.1682,710.2366,1
625012400,1202.9314508237837,654.3004561638012,1241.7467,645.9161,1
625012417,1202.9811770443127,655.2212324431371,1229.0038,697.8268,1
625012434,1205.02016505862,652.2830568724079,1255.8967,645.1178,1
625012450,1203.5608250961902,650.9519897543772,1207.344,662.2677,1
625012467,1117.4041480352305,435.6136556512924,1127.0973,431.6562,0
625012483,1174.9186345495455,619.7925315688075,1198.1436,640.1378,0
625012500,1177.8186259527754,607.0825279488008,1203.6677,612.1719,0
625012533,1178.431393303129,592.1778093725732,1201.2858,576.6928,0
625012567,1207.0119625336254,561.6612246120748,1323.0297,481.4284,0
625012600,1223.0349777938193,537.1406875522164,1314.4855,448.3134,0
625012633,1236.4185701553888,524.896684229605,1331.9747,477.7028,1
625012666,1240.8694679206335,522.5022637959851,1293.5938,524.8687,1
625012700,1242.1428712236375,519.2323875257998,1274.9801,511.5875,1
625012733,1256.51001850455,520.1907566703286,1403.0432,551.6282,1
625012766,1264.5246606356723,520.7537189434544,1363.4764,547.0696,1
625012799,1266.295035320247,520.2847040490393,1307.1338,533.3851,1
625012833,1276.8777487658851,511.92589570948434,1413.8455,442.6696,1
