timstamp,smoothx,smoothy,rawx,rawy,fixation
625045931,837.9395738475795,433.6659460654013,830.8049,337.6739,1
625045947,833.0425763518367,427.2669315876663,739.8386,306.3268,1
625045965,830.0436158375073,422.0628808528927,768.9284,323.6932,1
625045982,822.6925293601247,414.62690140778136,685.3395,275.1023,1
625045998,819.1086943690538,407.78912488535934,748.2418,283.5279,1
625046015,819.2372238816852,404.5358382490884,815.1181,347.9058,1
625046032,817.5998560718252,401.39069465172065,779.6102,344.4855,1
625046048,817.9342975628231,395.2453487935327,812.0726,285.6094,1
625046631,811.4985298828387,392.4865695536156,682.0771,338.8307,1
625046664,808.2787522302644,388.25257344021463,738.7456,309.3419,1
625046680,804.6379180956146,382.72735919269314,726.051,279.23,1
625046697,803.1631702550309,374.91334020769654,771.8789,233.9687,1
625046714,796.6450602540388,376.8228846742222,673.6847,411.9991,1
625046730,793.7408262420615,369.2553628237365,731.8819,227.5033,1
625046764,796.0932626128288,359.0631452367593,832.8953,183.3415,1
625046797,838.2094154308758,203.31553749601895,806.7847,157.0838,0
625046813,810.3041017049009,175.29830050761106,774.5915,124.2923,0
625046830,737.2312127746576,175.68945144571512,611.674,116.9543,0
625046846,779.0449206668206,195.92888417437783,835.1339,195.0394,0
625046863,783.8081273034367,171.55492765902744,757.6441,38.5424,0
625046879,794.6292223248827,169.99086525482468,803.6406,113.4981,0
625046896,810.5085153073472,178.7726726735784,861.7197,180.6088,1
625046912,818.1540586609414,186.2564270172279,832.3544,187.2999,1
625046929,818.9732819731689,194.25670626210766,789.9333,204.4034,1
625046946,822.334473924099,194.33824660741675,813.7857,145.9852,1
625046962,826.2735157507773,195.56445129409653,826.544,158.7292,1
625046979,833.2303748846085,201.41424494546897,869.4879,215.0687,1
625046996,831.3165963944449,204.0000825388076,773.1348,180.7471,1
625047012,829.4917002842308,200.22342413063853,769.0572,103.2627,1
625047029,831.3956690873121,198.38503767191014,818.0973,126.6757,1
625047045,830.8997460232646,197.49458648025603,787.2454,136.285,1
625047062,831.0020171185952,199.04938245947702,797.1033,172.1278,1
625047079,832.0810636294663,205.30806922266203,815.2371,247.6162,1
625047095,834.7104650620454,206.90483889855534,839.407,181.5804,1
625047112,872.390387334725,233.92034294345717,846.08,193.1118,0
625047129,851.7311697774685,201.38877949386395,821.8086,155.6971,0
625047145,858.0393345676506,205.18595361008235,836.1569,164.8579,0
625047162,855.3178111100675,223.00966571505168,821.856,219.1384,0
625047178,856.0827965909567,225.64068250534788,830.389,191.4676,0
625047195,856.3618360255562,217.5332002359554,827.5905,138.1494,0
625047212,858.791951628604,208.65213225245753,841.5223,116.78,1
625047228,860.1991581352061,200.35975257127689,838.3182,102.8845,1
625047245,864.7588299640926,197.9348065300774,869.1943,137.9638,1
625047262,861.3389872565156,193.48935077002244,801.3798,110.7313,1
625047278,868.6891091564861,189.01455234485007,906.9046,107.5056,1
625047295,877.600690811049,184.95494450998524,937.3298,105.733,1
625047313,879.0068589661847,188.26726716888678,864.2891,183.9232,1
625047329,880.9344698259448,188.38714609745386,872.2373,148.3336,1
625047346,883.508545292009,185.01097901797715,882.5753,101.4434,1
625047362,1159.8560385391102,303.0638780319785,1169.5685,286.3316,0
625047379,1319.0581279389714,371.85376587672727,1349.8528,371.9438,0
625047446,1332.6749179772348,368.3595623981632,1379.958,365.6955,0
625047462,1321.6970584071132,418.7334139839823,1333.8245,534.6824,0
625047479,1304.3106885507957,437.90552895346576,1280.4912,504.3402,0
625047496,1292.9548294543256,445.0206800661423,1275.3499,479.2101,0
625047512,1321.212119863311,499.6070879293408,1357.0007,514.4319,0
625047529,1288.2922973192506,484.6178939390913,1319.6931,495.8767,0
625047546,1268.8524111275524,476.0779647466536,1275.7103,474.6835,0
625047562,1269.615642883383,478.27959722145977,1300.5747,492.7776,0
625047579,1262.7920205175146,484.0640722448469,1269.3525,511.8133,0
625047595,1261.6824494901664,488.7264473975076,1286.271,518.938,0
625047612,1257.5548574836748,485.83826006668426,1262.8523,478.3124,1
625047629,1260.7338377784592,472.4937473787483,1306.7988,395.8148,1
625047645,1262.543955325789,458.4078281844757,1300.3018,362.721,1
625047662,1257.9201493996504,454.5840675188495,1244.9913,430.091,1
625047695,1275.8048137292535,443.5544163083669,1467.9368,359.4656,1
625047729,1114.4677323360686,447.4984975904641,1124.2604,444.7354,0
625047762,984.9364966701779,280.34903339598685,973.4482,251.181,0
625047779,1043.917253172344,307.50573430771624,1106.9844,318.2558,0
625047795,1016.9263511665052,334.47849318103425,952.941,369.8494,0
625047812,1006.3107357054034,346.68160408451945,966.0892,364.2515,0
625047828,994.9664863477713,351.9312916994622,938.8129,350.9988,0
625047845,996.2308211737552,350.2861705206844,996.2723,319.9838,1
625047862,1002.0390107714068,346.4950807560238,1032.5542,302.3166,1
625047878,999.6918843666197,352.3959813069265,976.8596,374.614,1
625047895,995.7750805690949,348.5026205954955,954.711,292.1301,1
625047912,995.5458827221033,343.6349239702449,985.2603,276.5091,1
625047928,993.6094799369575,344.6789957600784,967.4811,333.5485,1
625048361,963.227083612861,639.6356484672926,962.5518,650.3453,0
625048377,979.1180134969634,694.7493225375163,982.3384,712.6571,0
625048394,959.3972490636472,712.5336691858599,939.6818,750.0287,0
625048411,966.334434812926,692.4128361674323,981.9941,665.4546,0
625048427,966.948458276277,693.6872267940616,970.8862,715.3412,0
625048444,965.7678003568038,680.7041537789427,959.8264,639.4034,0
625048461,968.8071598227177,688.5396255618837,988.5786,749.3505,1
625048477,965.1110271417913,688.2539707237079,942.3647,701.8185,1
625048494,761.2904196170803,642.1205512075768,737.2057,641.7576,0
625048511,957.8238923492519,668.5228317626085,957.5923,682.233,0
625048527,966.0035264324968,687.5221854187185,977.2412,725.4435,0
625048544,939.5904640302638,699.5604016054122,880.6278,739.3938,0
625048561,947.5751302507924,697.1219768627922,973.7598,706.5151,0
625048577,917.1502805829368,700.9180313329719,780.7561,725.7202,0
625048594,937.4099729898078,720.1664196548892,1051.9585,848.1565,1
625048610,1031.4879099046225,764.6915958946086,1043.4,793.5453,0
625048627,975.0235997793554,825.9045146068155,982.637,858.5848,0
625048644,964.1511169186713,775.3533963193335,954.6432,744.8397,0
625048660,1003.6218879132894,764.7242376491282,1099.1478,773.1747,0
625048677,1017.4274669581814,742.8648956835303,1069.5889,698.944,0
625048694,1004.1995886818971,746.4406036402568,953.8094,785.513,0
625048710,990.8701846659375,731.7724298189671,921.5585,672.3743,1
625048728,759.2807566564145,454.3093972849448,727.9891,432.3498,0
625048778,352.13540774550484,98.9236143887721,260.2648,13.4139,0
625048994,550.4450932952919,237.0386370295238,712.7221,343.127,0
625049011,634.3749727265865,312.12576976856934,773.8666,441.7116,0
625049027,704.1112243199317,386.54235133552834,900.2925,609.0526,0
625049044,751.5724646804316,413.892300373368,924.8831,512.2677,0
625049060,922.3266656247521,617.2797536558694,916.0613,623.1319,0
625049077,943.1583323653449,632.3091793459449,939.8754,641.0521,0
625049094,932.7679708408768,597.6239550899286,914.1334,562.6776,0
625049110,929.3624578077593,578.2976107808211,913.5522,537.1038,0
625049127,927.2774269763438,551.8698324606061,909.4824,463.3835,0
625049144,927.9666719290088,559.046081988674,924.4888,591.4867,0
625049160,926.4588545645981,564.5298012422337,911.6907,594.8444,1
625049177,927.6170969462327,569.5707324959549,929.0154,603.5618,1
625049194,927.7736729368454,567.8443111802006,921.1534,555.4745,1
625049210,927.3692298510466,572.6846706411253,918.0814,614.1506,1
625049227,746.5433450965,399.0764177100185,711.7186,370.0824,0
625049243,641.8500115128041,328.78180108733176,592.231,285.8589,0
625049260,591.7224041974298,309.19911439492773,478.9982,236.6379,0
625049277,561.0608814395656,306.6069270441649,433.2866,247.5609,0
625049293,551.8224069401141,305.7036240878283,460.9939,250.7453,0
625049310,556.3869099474923,298.6085230239066,515.7563,217.6375,0
625049327,537.2245120696791,302.03038474432407,474.4358,250.1633,0
625049344,484.6710971893079,242.49203304498752,413.5556,180.8588,0
625049360,460.7258140656446,257.99978384469836,361.3097,212.6882,0
625049377,491.2363827461416,265.35447983657326,490.099,226.3229,0
625049393,489.62232221140744,259.63392539538086,413.3598,180.8428,0
625049410,495.9602373942019,271.6321161916759,456.4374,267.8104,0
625049427,505.9845324928637,276.1236669993197,493.1478,245.9149,1
625049443,513.4326034158323,275.55027952089176,493.3024,216.9576,1
625049460,520.7245519392061,275.18676504609033,506.8633,218.3304,1
625049477,521.6008207137621,271.05375672746976,458.8019,179.5823,1
625049493,526.2820081114612,275.3526411152867,502.8231,261.6999,1
625049510,530.176899593946,278.98642682195623,502.3676,261.7565,1
625049527,531.4089238584834,281.50449737286027,476.6777,253.1248,1
625049543,529.5165198896084,279.83849832275087,437.0974,201.5677,1
625049560,530.3139515207695,275.8216377017107,470.0706,169.0951,1
625049576,529.6746562528982,275.1509150743721,452.4431,210.3599,1
625049593,532.4572745862698,275.1815206108852,503.2831,222.5294,1
625049610,531.1371357989241,274.4321813135232,443.1002,207.5415,1
625049626,530.690095220735,273.5344174771818,455.9548,205.0214,1
625049643,529.2949793126993,271.92058392958285,439.835,191.519,1
625049660,528.1256740449126,271.8072136325547,443.5211,215.4875,1
625049676,529.438790688693,272.3987041009422,486.2728,229.5936,1
625049693,537.3032270029698,272.8481939515445,603.4171,233.2874,1
625049710,541.7621599620682,267.65075724157487,544.3243,129.0075,1
625049726,708.538687411649,159.52118876863233,660.3967,100.9872,0
625049743,700.3726248317655,167.5512865213836,651.5784,109.4766,0
625049776,668.0693925970709,191.515190447651,581.322,159.1899,0
625049809,672.3612708197354,168.48206436459392,628.3419,58.2824,0
625049843,663.6147838870968,161.04337208744437,580.65,74.3833,0
625049876,657.5440088786751,153.56655926849734,575.9706,57.9613,0
625049909,651.8374236188175,154.19752036637564,566.7808,94.6554,1
625049926,642.2952905371098,149.13559750263542,524.6365,50.8849,1
625049942,633.1604189438464,144.2040561190229,508.7894,41.1261,1
625049959,633.2630159495029,144.84407469556072,580.3474,87.9726,1
625049976,631.3067137435409,145.44953784370892,558.9778,87.6133,1
625049992,626.3743863848465,146.3938148865899,521.9788,90.5065,1
625050009,623.0261006592923,142.35277397525073,530.7191,32.3408,1
625050025,621.7634433736395,137.06854561393885,551.2136,10.9768,1
625050042,619.5055708654529,127.3736247171668,533.1749,-57.6458,1
625050059,617.9191050657241,118.08147171781377,538.9199,-65.3304,1
625050075,615.688882084685,113.41867380688103,528.6545,-9.6334,1
625050092,613.381321252199,111.65230435744694,525.5037,28.508,1
625050109,609.7714361811175,102.65124923257973,497.5104,-91.2584,1
625050125,603.6438856038112,102.26028302679134,455.9653,37.9881,1
625050143,599.3042903062156,99.41994520763454,478.2523,-4.0719,1
625050160,598.9825463438744,97.46425086942702,543.5225,10.5895,1
625050176,597.4897042801198,96.95200351753206,521.9568,31.8151,1
625050193,597.6939419782435,97.73289183703396,550.888,54.4045,1
625050209,729.1568512638825,241.07323295979188,686.4423,193.0275,0
625050226,812.3499580905541,235.17076156957896,779.0984,191.1286,0
625050243,839.1896679051015,273.576941777714,841.7971,279.6337,0
625050259,845.264594933167,286.7331570967013,832.0476,280.0308,0
625050276,850.6135996556375,292.14066839107966,841.9628,275.0774,0
625050293,850.3549939098194,308.4384206206862,825.0452,345.5117,0
625050309,846.3374559585232,316.60490550020313,799.2836,325.4467,1
625050326,842.1649706103146,325.6839206865456,790.6663,348.6523,1
625050343,825.9437616405238,325.572357621749,677.364,282.7308,1
625050359,827.9826467642703,330.19761100815293,821.15,334.7267,1
625050376,832.2516062699341,335.36116933627187,848.4816,350.3237,1
625050392,835.906348311361,340.0022383373135,849.0611,353.7329,1
625050426,827.5948874593603,333.08457957906165,706.0273,215.2688,1
625050442,823.0518810630167,327.895188545339,741.7335,228.7156,1
625050459,814.439383543436,327.1176901370114,681.2714,278.031,1
625050476,809.983780725321,322.39490835802417,726.4346,223.3405,1
625050492,804.5850232484553,319.90818740542323,707.0485,249.6302,1
625050509,806.1839177993776,320.3963279652077,809.6514,297.7304,1
625050526,804.6597144361942,316.29948450567747,758.1541,222.4451,1
625050542,803.6054897841025,316.4480763916549,765.7199,288.366,1
625050559,797.0694862390534,316.40427000536084,670.845,280.187,1
625050575,796.4287987807318,317.46416158657695,767.225,303.7602,1
625050592,794.1553365205237,321.50292788977345,738.3299,355.3239,1
625050609,793.9743397689826,323.75086651809795,772.2076,327.3246,1
