timstamp,smoothx,smoothy,rawx,rawy,fixation
627232279,996.8841971278462,658.3708088822693,923.7384,705.2015,1
627232279,996.8841971278462,658.3708088822693,923.7384,705.2015,1
627232279,996.8841971278462,658.3708088822693,923.7384,705.2015,1
627232296,955.6533371793774,676.0935955273729,931.1069,662.6448,1
627232313,957.3042973016604,676.1199139098826,939.0575,657.923,1
627232330,959.1892555275988,676.1499625167118,947.5527,714.7129,1
627232346,959.6593503726101,676.1574564202771,928.1826,698.9332,1
627232363,961.1252488067192,676.1808246865294,951.5778,679.2202,1
627232380,962.2152049144909,676.198199958879,946.7328,672.9246,1
627232396,962.2152049144909,676.198199958879,932.3602,731.4045,1
627232413,962.2156081953997,676.0563817639961,933.2499,664.4879,1
627232430,962.2156081953997,676.0563817639961,935.5905,699.5778,1
627232446,931.8389729007888,464.0220330288678,907.5162,458.7491,0
627232463,918.0593212520839,382.95192338737684,892.83,340.4934,0
627232481,905.5499142724965,382.75250769379704,862.5804,402.9387,0
627232497,905.554317592615,381.2040314401023,883.8282,343.2109,0
627232514,900.6257623445722,381.1254640655865,859.2776,373.06,0
627232530,895.5140532608106,381.04397698838295,848.3585,390.0422,0
627232547,888.7905244878698,387.6023669121665,827.0815,411.7973,1
627232564,888.7786414432694,391.78117106217155,864.471,406.8746,1
627232580,888.2494598791867,393.8998257808216,853.7739,398.0116,1
627232597,888.2432116678336,396.0970784555368,867.645,410.0757,1
627232614,887.1731926182208,396.0800210049901,852.0216,377.1598,1
627232630,887.1731926182208,396.0800210049901,833.7253,405.2202,1
627232647,887.1731926182208,396.0800210049901,852.9122,416.0575,1
627232663,890.0197084816823,396.1253980509304,931.7889,327.6723,1
627232680,890.0155046878324,397.603708683959,913.106,410.6196,1
627232697,890.0155046878324,397.603708683959,848.1777,426.2869,1
627232713,889.8198544185308,397.6005897723898,825.37,403.6921,1
627232730,837.8651705086763,209.32566127465552,808.2488,186.3136,0
627232747,833.4148510554833,164.6923241399127,803.4507,115.3998,0
627232763,833.4148510554833,164.6923241399127,768.4882,142.9813,0
627232780,833.4148510554833,164.6923241399127,797.6176,156.4939,0
627232797,857.4850128798014,165.90504700094525,961.9637,166.065,0
627232813,857.4850128798014,165.90504700094525,809.5574,145.7914,0
627232830,870.2597067433124,166.10869170138702,979.3556,108.1689,1
627232846,870.2587976434921,166.42838671475334,783.8234,141.6544,1
627232863,870.2514378990446,169.01652230406708,823.9227,160.9646,1
627232880,867.7526186184385,172.56960942569407,818.5452,184.2519,1
627232896,867.7526186184385,172.56960942569407,805.2532,163.5386,1
627232913,867.7526186184385,172.56960942569407,838.2677,117.9651,1
627232929,869.3907544607399,165.22995094460904,890.7068,59.7648,1
627232946,871.4549271509337,161.71677616933292,864.6008,95.9776,1
627232963,874.3986603927444,156.86145958443956,880.1528,73.0927,1
627232979,874.4070397032115,153.9147823202516,842.0818,93.2852,1
627232996,875.9938558893199,152.81356685462026,865.8542,115.485,1
627233013,876.8469701386529,149.09706744004887,861.7294,74.989,1
627233029,876.8600487552264,144.49782717362828,840.9797,57.1687,1
627233046,877.3212149424127,140.2983035195282,852.89,58.3288,1
627233063,880.1669866116597,136.1771289218894,891.5344,54.4442,1
627233079,880.8737401787342,134.64886407976698,859.4089,93.9904,1
627233096,883.4346427789683,131.4383167702574,891.1078,62.4536,1
627233113,885.7230334901501,130.8984830394263,888.7678,105.4995,1
627233129,886.4346097072397,129.6871234788751,863.55,92.2963,1
627233146,888.8250543399217,128.4836606157781,893.9296,89.8348,1
627233162,890.9138423892739,126.41198742439359,890.4267,72.0877,1
627233179,893.6637904128564,125.96334230451173,904.0571,99.1879,1
627233196,895.1096162666718,125.86631364636227,882.6047,104.2825,1
627233212,897.3670061970059,123.64797551391125,898.8466,62.9269,1
627233229,898.8176695592849,119.23308687045632,885.8574,19.8326,1
627233246,900.814697865391,115.27849764855372,890.5269,28.8081,1
627233262,902.5005116083357,109.4221591064531,883.662,-6.3293,1
627233279,904.3766275879588,106.12058218221982,893.0998,39.8739,1
627233296,904.5961129242921,100.39207996303772,881.5853,-7.5767,1
627233312,906.4792358019694,96.53865114643651,903.6473,21.3884,1
627233329,906.4843227968657,94.74975309053863,874.7291,53.3673,1
627233345,906.7910673996487,91.2791032559763,867.2466,22.1365,1
627233362,908.6972513115497,88.97765549017103,903.215,42.0368,1
627233378,910.744786100247,84.40462011576989,907.0161,-2.0214,1
627233395,911.5939712281469,84.41815719562781,885.9401,32.6803,1
627233412,916.604182561281,84.49802627092522,967.3241,79.74,1
627233428,918.0926695516652,88.75558210564807,910.0646,176.2342,1
627233445,919.4622127008022,94.14806934675943,906.3091,164.1142,1
627233462,921.7489266035564,99.498391831419,926.087,159.4448,1
627233478,924.0016671246223,105.28907445109427,922.9479,169.474,1
627233495,926.6382262488896,110.49655062977462,934.2887,160.7559,1
627233512,928.5761056509134,115.16462477955814,933.4699,147.2282,1
627233528,928.5630114422207,119.76934818719634,898.1459,146.5103,1
627233545,928.5501022247706,124.30901737699837,868.2732,147.8295,1
627233561,929.0021467030878,128.81901592888266,905.1121,149.5628,1
627233578,928.9910345434222,132.7267298597047,893.0114,145.6318,1
627233595,928.9813473448705,136.1333404439944,904.6938,136.0387,1
627233611,927.5409513575594,140.15814270016358,866.4933,156.124,1
627233628,927.5303370886094,143.89076785040942,888.7074,152.1875,1
627233645,927.520782555206,147.2507252670509,907.954,148.7006,1
627233661,927.8741841162732,151.12419337841126,909.3533,160.3763,1
627233678,928.8346809695093,153.25702274877415,920.4869,134.5839,1
627233695,929.1102665894033,155.81230744183333,911.1853,147.1312,1
627233711,929.1046803824254,157.77675895129198,897.7635,135.7603,1
627233728,929.0889222998403,163.31826309577113,905.6327,202.8217,1
627233744,927.791894032382,164.6641590911994,859.0543,130.303,1
627233761,927.7861563968584,166.68186212468677,906.8443,143.566,1
627233778,927.782693096525,167.89977001717688,914.6064,137.9872,1
627233794,927.7803302298115,168.7306982481386,915.8673,129.6742,1
627233811,927.7724961149636,171.4856514389037,875.2494,172.7475,1
627233828,930.2899706820704,175.62986805242673,962.3411,204.5812,1
627233844,931.0020517986013,181.7555708768225,913.9152,241.9007,1
627233861,932.5803002741567,187.12266705133194,933.8198,232.7766,1
627233878,935.3117687297032,193.17256655489618,955.3494,244.0341,1
627233894,936.9436302577218,198.47257911901588,933.3009,237.8609,1
627233912,937.0152416568193,202.64360627219673,913.6741,225.5849,1
627233929,937.7578642323168,205.3423985396984,919.7243,210.6267,1
627233945,937.7477779812277,208.88934036532038,917.2809,227.4118,1
627233962,937.7320177844571,214.4315879865748,901.4235,266.6827,1
627233979,937.723032231261,217.59145721607155,898.8837,225.7521,1
627233995,937.7117282092497,221.5666416642494,930.431,243.0676,1
627234012,937.7007217588655,225.43718175630792,897.6425,242.9838,1
627234029,939.8702209890822,226.78545638081954,948.11,198.593,1
627234045,940.9406838401343,229.9005431905377,925.4786,235.8587,1
627234062,941.9638969998642,234.63582256166055,929.8312,270.0406,1
627234079,942.3377406885005,234.6417821006364,917.3468,220.3374,1
627234095,943.9326099485947,234.6672063241979,941.8418,170.4286,1
627234112,946.9505075936491,227.34852065612864,964.4553,36.8184,1
627234128,971.9084829056428,22.428658910444344,948.2028,-17.0824,0
627234162,987.3179823122235,16.480026996376736,960.5544,9.8911,0
627234178,975.1486973873342,64.84600374131027,926.6808,132.1664,0
627234195,980.6101201995494,59.127828821740266,978.6821,-17.3555,0
627234211,980.6101201995494,59.127828821740266,963.354,41.5942,0
627234228,980.6101201995494,59.127828821740266,947.5179,18.6215,1
627234245,980.609438374684,59.36760008176503,944.4393,26.0163,1
627234261,1000.9945805111724,63.27340430849836,1134.3137,62.0066,1
627234278,1019.419760991851,63.56712487821715,1140.3469,27.5945,1
627234295,1037.403559806972,63.853809268593935,1167.9725,12.0542,1
627234311,1047.498865682115,64.01474115179812,1114.4049,21.1162,1
627234328,1056.9052460356115,64.16469069499625,1122.8667,26.9571,1
627234345,1066.2625932096198,64.48207783325135,1136.8557,30.3986,1
627234361,1073.4292366893355,65.50684467057594,1122.83,37.6614,1
627234378,1081.197837147303,66.76565468541405,1141.3495,48.7993,1
627234395,1087.2795938120144,66.86260554211384,1128.4874,33.6873,1
627234411,1092.3604910786212,66.94360144016734,1122.385,14.3727,1
627234428,1095.0217975293638,67.91020953915196,1093.1644,61.5141,1
627234444,1102.7784578646738,68.03386046866072,1176.636,17.8953,1
627234461,1106.4973392633683,68.09314411933033,1121.3308,19.4002,1
627234478,1108.0241935834276,68.11748409913328,1091.0487,31.0479,1
627234494,1112.9953893338484,68.19673121693104,1152.0179,0.4457,1
627234511,1118.4925800062242,68.28436335588546,1166.7924,39.7353,1
627234528,1124.3527612211456,71.22170959954963,1179.189,94.6149,1
627234544,1129.147383166828,72.00336159706715,1166.5798,42.5461,1
627234561,1133.3048593000847,73.62004222424594,1160.8354,58.489,1
627234578,1136.9336900628841,73.67789035442735,1156.4266,82.0022,1
627234594,1140.9799589429258,73.7423929736515,1168.7461,55.578,1
627234611,1167.5632119155307,74.16616348793657,1158.9335,35.1155,0
627234627,1167.5247503862965,87.69158591825547,1153.4524,52.2739,0
627234644,1170.9462929798167,87.7461296140928,1170.1472,47.2998,0
627234661,1170.9431999262415,88.83383613631362,1157.7727,53.2928,0
627234677,1170.9274825417297,94.36102835286877,1146.8376,74.5279,0
627234694,1170.9274825417297,94.36102835286877,1165.4036,58.4377,0
627234711,1170.9274825417297,94.36102835286877,1168.6201,73.5498,1
627234727,1149.1102248743875,92.50743920731554,982.465,27.2664,1
627234744,936.8310206130903,77.41454553593621,870.9155,6.9172,0
627234761,936.8310206130903,77.41454553593621,911.5967,42.6828,0
627234777,935.6488169887193,70.11691801955745,905.6252,16.9334,0
627234794,935.6488169887193,70.11691801955745,913.7861,44.9707,0
627234810,929.3595173086296,66.85218513255226,884.1478,21.3398,0
627234827,924.2793230745942,65.4168961059535,877.6733,4.6935,0
627234844,922.8830612551076,65.39463793499411,876.8162,38.2988,1
627234861,922.8830612551076,65.39463793499411,910.8931,41.4779,1
627234877,922.7668770146754,65.35784081948532,896.4545,-9.9087,1
627234894,919.3351274105189,65.3031344110503,866.6558,53.5257,1
627234910,919.1020832330914,65.29941939351569,891.9492,45.6146,1
627234927,918.1140064464381,65.28366820578616,883.3585,12.0873,1
627234944,918.1140064464381,65.28366820578616,886.74,33.0247,1
627234960,918.1136750478408,65.40020819030983,899.5762,45.1515,1
627234977,918.0004410375851,65.60073088649162,888.3014,32.2555,1
627234994,917.9990018057183,66.10685270125704,895.936,59.6425,1
627235010,917.3505227561267,66.09651512892788,862.5735,15.2241,1
627235027,917.3505227561267,66.09651512892788,913.1257,22.3216,1
627235043,917.3476749480847,67.09797834521733,879.6283,45.8143,1
627235060,917.3462597650791,67.59564311166406,918.6537,38.8322,1
627235077,917.1419592669134,68.99065069734242,874.0248,54.071,1
627235093,917.0999247555194,71.39356411223801,890.9998,72.1276,1
627235110,916.9067820087595,71.95118501299453,888.2734,42.6331,1
627235127,916.503739694978,72.92061751362141,884.5192,50.5195,1
627235143,915.7624020224971,73.29245106463098,878.34,40.9835,1
627235160,914.8466821271165,74.60241725347558,874.842,58.4301,1
627235177,913.5934418321106,74.67324024277796,868.2426,39.0642,1
627235193,912.7671509336756,74.66006812575603,871.597,38.0356,1
627235210,912.7671509336756,74.66006812575603,892.964,32.5212,1
627235227,911.6634521841061,75.61749483155123,869.1082,55.1495,1
627235243,910.8876239831163,75.60512715344694,874.4159,50.2541,1
627235260,906.2614633492549,75.53138032972309,806.2849,51.1764,1
627235276,901.8204120185866,74.40387011437052,807.9796,-9.1107,1
627235293,898.4063100496427,74.34944503145489,826.3279,16.0237,1
627235310,893.438262255773,74.27024809604707,793.243,33.6094,1
627235327,889.3761582003514,74.2054930441947,807.5796,67.2203,1
627235344,885.0122754773838,73.28191253766411,800.0808,21.1672,1
627235361,882.2631372327397,72.40582077217468,830.8385,9.7842,1
627235377,878.877176087513,72.35184428941162,814.869,50.5491,1
627235394,878.877375878055,72.28158573414855,864.3488,40.8958,1
627235410,878.877375878055,72.28158573414855,840.663,23.0758,1
627235427,878.877375878055,72.28158573414855,975.7253,11.1044,1
627235444,878.2034982660912,73.41993872059193,781.8664,127.7951,1
627235460,876.580392789657,73.39406437619938,835.0797,17.4313,1
627235493,872.5637772314237,75.24708329709529,787.9838,152.3922,1
627235510,872.1057018568815,75.2397809990187,851.4772,21.8843,1
627235543,868.496712759618,75.1822491699618,788.2374,-19.9742,1
627235560,864.2517998108586,73.88620766568778,779.8594,15.8269,1
627235577,859.4135353246671,72.28209499527352,762.913,12.8349,1
627235593,853.9979633206285,71.8399012580736,753.9628,22.6511,1
627235610,848.7080608175323,71.75557355346328,748.5714,53.0084,1
627235627,844.8923721432602,70.41423575214108,774.3644,16.1874,1
627235643,840.8931318262441,70.35048282740918,767.5496,42.4288,1
627235660,837.3440123378467,70.17271318735672,772.0571,37.7151,1
627235677,832.3955750963327,68.86675776362543,742.4257,15.6351,1
627235693,827.6716422153859,68.21932101435134,742.7738,29.4011,1
627235710,823.9346718952476,68.14720226418721,756.5875,37.3484,1
627235726,822.4684735727265,66.24999693502893,794.6844,2.0355,1
627235743,821.2599959797813,64.40104593334259,797.8807,1.9403,1
627235760,819.5792523232026,63.14039712548077,783.056,-10.3946,1
627235776,816.8694340881707,63.097199211807,761.577,49.6712,1
627235793,815.9142677563732,63.08197265815419,759.6707,48.0113,1
627235810,815.9110623866867,64.20917638406127,797.0753,49.9872,1
627235826,815.902976948022,67.05251037648661,824.1754,84.8762,1
627235843,817.3995880835278,70.7007959447367,820.4982,101.2262,1
627235860,818.5862330666542,72.94764170694648,814.7996,78.4043,1
627235876,820.7236894934822,76.50632687413156,830.1515,97.9142,1
627235893,822.8925204151303,79.73344182299758,832.9164,91.3986,1
627235909,825.1327883847143,82.52980891939198,831.6198,88.7329,1
627235926,826.8120925593329,85.1353522960834,826.0203,85.3342,1
627235943,827.9686324485706,90.487919044878,813.5435,136.6216,1
627235959,830.4982795961924,93.37077830102423,852.1264,90.709,1
627235976,835.1421879531331,95.42245297859924,869.6286,88.7437,1
627235993,838.0010345834146,98.07588959424702,844.35,90.401,1
627236009,841.8407384682312,100.1304508990858,858.9761,95.3203,1
627236026,845.8581474513485,101.28605977581354,871.0483,66.2454,1
627236042,850.3384286902979,102.33882199057274,874.9674,63.0551,1
627236059,851.1437603660135,103.44917439561456,810.104,72.3997,1
627236076,851.1378731518566,105.51947841095233,816.4816,93.1639,1
627236092,851.137385567796,105.6909427422491,785.0696,61.2965,1
627236109,851.1352761390847,106.43274669477532,796.3,77.5105,1
627236126,851.8938382753529,106.44483913007414,839.5968,73.2719,1
627236142,851.8938382753529,106.44483913007414,813.4939,63.5828,1
627236159,851.8938382753529,106.44483913007414,791.181,48.3616,1
627236176,851.1122609366911,107.14587104597801,797.0269,91.1743,1
627236192,849.0554077572194,107.41411102201613,775.7684,75.5492,1
627236209,846.6343515806286,109.5866235619488,772.1877,113.3759,1
627236226,844.0660006051648,109.5456808144657,774.1136,86.5265,1
627236242,839.8705376631107,109.47879985409374,744.6062,87.1902,1
627236259,838.6589257499556,108.86625681239623,797.0297,26.3966,1
627236276,835.6453663303841,107.84923685138443,761.2266,58.9948,1
627236292,832.1276679731118,107.79316031163599,751.1957,79.3239,1
627236309,831.4745551988345,107.50012195143356,806.225,73.0331,1
627236325,829.6514065013091,107.03666266948954,785.7061,73.567,1
627236342,827.8728394270295,106.66285651567436,783.8295,76.1864,1
627236359,825.2226415812291,106.62060902605265,765.0457,40.9917,1
627236375,823.335966288081,106.59053304701087,778.2504,97.3928,1
627236392,820.8031966608733,106.88566661422767,764.1642,107.4479,1
627236409,818.8608905034949,108.8064188140674,772.291,115.0018,1
627236425,816.8204915714742,109.25977638412718,767.2572,86.8389,1
627236442,815.2327270046994,109.48679428680873,771.7852,99.3222,1
627236459,813.0802878645135,109.45248169751262,763.0819,65.6491,1
627236475,808.8876013334185,112.09945824151137,724.9234,128.2508,1
627236492,807.4353554706604,114.52124888269194,769.4033,123.6395,1
627236508,805.0471597170837,116.10802724718776,751.1125,109.2609,1
627236525,770.8018163527173,294.86031572093725,672.4653,279.4972,0
627236542,770.7871135130343,300.0307320199594,728.9065,285.0607,0
627236558,770.7093413447625,327.38017574046523,747.4788,343.8431,0
627236575,752.6648462166967,330.3559771402423,681.6785,324.8299,0
627236592,748.6949378136035,334.2685211457067,703.0848,334.7614,0
627236608,748.0819176520857,336.7508100774941,699.941,335.1742,0
627236625,748.0819176520857,336.7508100774941,727.2991,324.5038,1
627236642,744.4161123694277,340.1344542850601,688.85,349.6249,1
627236658,742.5947841841518,340.13785566577894,696.7305,335.3787,1
627236675,739.3177614141287,340.0856157978438,665.1766,336.1771,1
627236691,739.3177614141287,340.0856157978438,720.5935,312.6384,1
627236708,739.3257044095363,337.29237355315223,707.9639,297.814,1
627236725,739.3257044095363,337.29237355315223,712.638,283.2236,1
627236742,739.3257044095363,337.29237355315223,690.522,351.4681,1
627236759,739.7590281625089,338.2208625167686,722.0508,354.8156,1
627236776,739.7532257800503,340.26133452649856,706.103,354.3468,1
627236792,739.7511464784843,340.9925439349771,731.7762,338.1252,1
627236809,739.3547870179667,342.56404763948905,645.5803,351.6796,1
627236826,739.3547870179667,342.56404763948905,715.2441,330.8884,1
627236842,739.3547870179667,342.56404763948905,726.4183,346.0594,1
627236859,739.3612722823834,340.2834326313466,691.0565,273.7534,1
627236875,739.6590623110847,335.33221774899295,724.8727,245.9168,1
627236892,742.6585285591555,330.70428149775,755.2484,247.0989,1
627236909,743.4872146231328,327.0236388029598,720.439,260.8572,1
627236925,743.75137617086,323.19663331596064,717.6962,255.7576,1
627236942,743.765647980948,318.17779334449665,700.85,231.7284,1
627236959,743.7860937416187,310.9878153200489,733.0952,189.0087,1
627236975,743.8030759376828,305.0158381226882,668.7305,206.933,1
627236992,743.8088746203165,302.97666719731484,701.3445,275.5526,1
627237009,744.0867404743957,299.1276677986775,733.0078,238.8376,1
627237025,744.0942186132384,296.4978975099487,714.7253,258.2696,1
627237042,744.1016674177554,293.8784429614767,720.2117,255.7717,1
627237058,744.1089851427635,291.3050839730715,694.8309,259.6322,1
627237075,745.3276721372374,285.135530158502,728.936,186.0107,1
627237092,745.3359282963916,282.23216041647356,715.486,244.8611,1
627237108,745.349024883543,277.62660059746315,707.9283,208.8878,1
627237125,745.0760813996371,277.0272552746996,682.6157,278.887,1
627237142,745.0863198720916,273.42678312125815,713.371,221.1166,1
627237158,745.088826767701,272.54520553498105,721.527,266.5092,1
627237175,743.384080854141,271.43901015798394,675.0976,259.0891,1
627237192,743.0224786029326,268.77203588436663,705.8036,215.632,1
627237208,741.1296981819272,268.74186258190196,674.7076,269.1808,1
627237225,741.1296981819272,268.74186258190196,712.8153,272.2697,1
627237242,740.551237317449,268.7326411875795,697.9599,261.6161,1
627237258,738.5109799016408,268.70011691617964,674.3164,265.3266,1
627237275,736.7128289624235,268.67145212677036,676.4188,276.6061,1
627237291,733.9589676045525,266.87314619850844,660.83,224.3781,1
627237308,733.834597588274,262.3345414632608,698.8716,174.9806,1
627237325,731.0139331255833,262.2895765211895,656.8375,242.2729,1
627237341,730.23419382706,262.27714649526735,681.9418,259.0948,1
627237358,730.2334662829306,262.5329954405574,712.3466,274.6513,1
627237375,730.2334662829306,262.5329954405574,708.5168,234.6056,1
627237391,724.9987961084182,262.4495482087889,611.6407,242.1306,1
627237408,721.856276936501,262.3994524975151,644.4353,228.1403,1
627237424,718.8665767462614,262.35179291317144,645.3221,264.3436,1
627237441,714.6192202174203,262.2840847037046,618.8776,228.9211,1
627237458,708.815151477593,262.19156054206957,591.9295,246.4428,1
627237474,705.945406310428,263.0687885114784,636.5461,300.2995,1
627237491,702.3532063147721,263.0115243218345,624.6862,228.4297,1
627237508,697.624784789301,262.93614733077663,604.5097,231.1777,1
627237524,693.4413815030741,261.9159993672084,609.2861,229.6669,1
627237541,689.2599993883122,260.1515366963191,606.6254,215.2597,1
627237558,686.4640416149189,260.10696560997496,626.0092,207.1301,1
627237574,682.4552620356258,260.0430606173947,604.0878,265.7873,1
627237591,677.6578803690835,260.83574806372525,584.5768,293.8875,1
627237608,676.381527076419,260.81540138561934,644.397,233.164,1
627237624,673.0448839171644,260.7622110936321,600.5912,240.1,1
627237641,670.6596033971357,260.31739354934666,617.8604,235.0248,1
627237657,668.0743679274417,260.27618164177204,611.3928,247.8719,1
627237674,665.2545619983558,260.23123038580707,598.7446,228.7216,1
627237691,650.8507348434831,458.0046824551789,612.9519,457.0942,0
627237707,650.5976948366626,546.9890013877924,549.7262,565.8534,0
627237724,650.5976948366626,546.9890013877924,650.7167,539.8669,0
627237740,650.905247528626,552.2919739538069,638.8775,573.9432,0
627237757,654.8989550735214,552.3556386791868,629.4406,554.5286,0
627237774,659.1279962187907,552.4230549183849,638.7474,559.035,0
627237790,661.2131835599237,552.4562954293502,646.6985,538.5847,1
627237807,661.2131835599237,552.4562954293502,610.5028,564.8961,1
627237824,666.6694507971309,552.5432751972354,667.1093,573.8108,1
627237840,666.6694507971309,552.5432751972354,665.2471,545.6472,1
627237857,666.6681077607101,553.015568818726,601.3246,588.722,1
627237874,666.6681077607101,553.015568818726,615.5203,554.1227,1
627237890,668.3253637960961,553.0419875660156,657.3951,548.3407,1
627237907,668.3456478215662,545.9088855148759,623.849,470.4748,1
627237924,674.9153910147945,535.762929469022,713.7701,419.4622,1
627237940,681.0521056007246,527.4026741646694,716.6943,430.271,1
627237957,686.107307778675,519.9136732124409,709.2932,432.1276,1
627237974,690.6788508083863,514.3692347623213,708.4445,451.8903,1
627237990,694.928625186074,509.99710869566223,708.99,463.19,1
627238007,698.0974475666812,504.01793961382003,696.991,432.4379,1
627238023,701.5401339147699,498.24732283338284,705.0594,429.0287,1
627238040,703.2451427209237,493.2560859095345,680.6208,436.1339,1
627238057,704.7036727320143,487.7521727588292,678.9852,421.8068,1
627238073,704.8311485452576,482.1407937132804,658.7325,414.4214,1
627238090,708.6120669948889,478.1977270823772,723.1495,436.9854,1
627238107,711.0736548928649,471.9366459786338,703.3908,390.9128,1
627238123,713.258557645237,468.43840722588465,701.3633,435.0522,1
627238140,716.3804577089985,464.16559020085253,720.6096,415.7738,1
627238158,719.1915339621503,460.8728766976347,717.9547,428.9028,1
627238174,721.2200987516737,452.13504379119604,706.252,322.9636,1
627238191,722.9763403932308,445.83381461043035,703.9501,362.4541,1
627238207,725.1723475313045,438.79961704195773,700.2334,355.839,1
627238224,727.6075255892194,432.8351473681015,718.9142,366.7128,1
627238241,730.31274718445,425.2021768913453,724.9806,332.5466,1
627238257,733.0440297116113,420.2803681228116,727.2522,374.5688,1
627238274,734.7623215926377,415.34817321447264,712.4344,368.5323,1
627238291,735.3051149265629,408.9459998652786,694.236,332.6751,1
627238307,735.3223619243771,402.8809022018152,690.0549,335.5594,1
627238324,735.3377886083648,397.4559380418598,707.6469,341.7931,1
627238341,735.3462786493042,394.47032118156693,695.3961,329.6716,0
627238357,738.3839613287971,394.51874566718766,705.627,387.2834,0
627238374,738.414935998173,383.62616036729565,703.4148,363.8718,0
627238390,744.4837764667196,380.64997651778657,729.9021,360.6942,0
627238407,744.4837764667196,380.64997651778657,704.3989,357.2659,0
627238423,744.8241373447636,380.65540229861483,712.5731,392.4213,0
627238440,745.8005160313432,381.39663323048165,717.1714,390.4456,1
627238457,745.8132032501717,381.3968354807199,716.4781,363.4528,1
627238474,745.8132032501717,381.3968354807199,707.8646,368.9304,1
627238490,746.1404953388961,381.40205292859594,717.4867,384.7799,1
627238507,746.1404953388961,381.40205292859594,724.1085,369.6552,1
627238523,746.1404953388961,381.40205292859594,698.4523,361.1262,1
627238540,745.0436097392837,382.8821831718375,700.1544,394.2605,1
627238557,744.364635676086,382.96123129963996,703.546,375.3951,1
627238573,742.1672338648821,383.74285527009965,683.2466,385.2502,1
627238590,741.8114193819492,383.7371831393571,705.0004,390.5661,1
627238607,740.5460362409032,383.7170113392767,691.7775,359.2302,1
627238623,740.1551510513941,382.0886261518386,702.904,350.9254,1
627238640,739.3963027372573,382.0765291545043,696.8973,315.7361,1
627238657,738.477576387358,382.06188350003214,681.2192,366.8834,1
627238673,738.4656394310239,386.2596463078066,701.9694,508.1121,1
627238690,738.44666672919,392.9316068890846,724.3206,486.9645,1
627238706,740.4306168406258,401.02363064372344,739.9221,515.7886,1
627238723,741.7106190351889,408.3489329979574,729.0391,508.5833,1
627238740,742.3463788806367,417.2603752533854,718.6769,542.1586,1
627238756,742.3219444445039,425.853015148978,711.3973,542.8839,1
627238773,742.3071015400229,431.07268678436185,714.7744,487.9088,1
627238790,738.9208784850931,436.4783965055647,636.1643,497.1435,1
627238806,738.5579332233939,443.94535569969133,700.7776,539.394,1
627238823,737.426547986636,449.0030801509092,686.4288,500.5967,1
627238839,737.23770094,454.45762247778487,703.1521,513.0961,1
627238856,735.4382250800412,459.72570521310456,673.6369,508.5576,1
627238873,733.5147679672641,468.2356548081175,640.8708,572.6298,1
627238889,733.4968597578944,474.5332748330468,710.9738,536.4962,1
627238906,733.4820181747795,479.75248179544604,730.8537,522.5114,1
627238923,734.7212805156685,485.5364880558,727.2274,542.9868,1
627238939,734.7118760894447,488.84365862139725,713.8257,502.9402,1
627238956,734.6965284231449,494.24083533687696,704.8962,545.6602,1
627238973,734.6866705041036,497.70748167076977,677.5917,516.5464,1
627238989,734.6730530344679,502.49621558028736,726.5463,549.2511,1
627239006,734.4122037444978,502.97784847285527,680.5624,472.9281,1
627239023,734.4052065828857,505.43847779521013,708.9022,514.9318,1
627239039,732.069997585164,511.5060302819768,658.1495,592.1111,1
627239056,730.6258154698819,517.3654772259002,674.6274,590.8738,1
627239073,727.8615159257413,522.5255194638868,648.0729,584.2985,1
627239089,724.9856287975795,528.179332588943,648.0154,599.1176,1
627239106,713.9289962866856,563.2807893563987,679.3876,569.2869,0
627239122,676.9903523996805,576.2943721331279,622.293,589.6328,0
627239139,676.9903523996805,576.2943721331279,637.1069,590.5884,0
627239156,676.9903523996805,576.2943721331279,662.5201,571.6219,0
627239172,680.637595982834,576.5866266486194,655.6635,593.6173,0
627239189,682.866730791727,576.6221618634161,655.7251,575.673,0
627239206,685.4095374118679,576.6889061460724,662.0762,593.5521,1
627239222,686.7820464682849,576.7107856680894,658.6828,575.2534,1
627239239,689.1139358861997,581.7070808704857,669.0864,625.2202,1
627239255,690.0351424442911,581.7217660625985,668.8004,600.7134,1
627239272,690.0351424442911,581.7217660625985,645.1454,580.5745,1
627239289,690.0371559418294,581.0136973687502,655.8728,578.1461,1
627239305,690.0381977067981,580.6473491877356,672.2192,584.2844,1
627239322,689.2030748612236,579.9827210995866,622.2627,580.2155,1
627239339,688.8901870585374,579.9777332741614,649.1506,572.9442,1
627239355,687.4736066104007,579.9551511986851,634.0223,597.5654,1
627239372,687.0532429271204,582.9566005278207,625.52,636.0421,1
627239389,687.0249286960853,592.9136132406317,672.7827,738.0481,1
627239405,685.8597266466425,604.1603374614409,634.8016,768.941,1
627239422,685.0648232525316,614.2442591762468,639.3895,761.8292,1
627239438,684.0694825501364,625.1026976280976,635.506,784.4598,1
627239455,683.2100361798418,636.8161089249845,636.8907,808.9381,1
627239472,681.1843075203209,644.7243222882106,616.5681,754.9037,1
627239488,679.2857474635814,652.8657946377131,617.222,766.7656,1
627239505,679.1191586150115,659.1817698606759,645.5131,741.9839,1
627239522,677.4049050186072,662.0564568351595,617.8358,687.7299,1
627239538,674.3200999783305,668.1794404545207,592.5544,752.3043,1
627239572,674.299043218013,675.5842832670215,584.0837,781.5771,1
627239589,674.2814714284316,681.7635975500858,688.946,766.1186,1
627239606,674.2653322638869,687.4391133833076,663.2957,763.5762,1
627239622,674.159891552107,694.1581166755475,638.5747,789.8965,1
627239639,672.2720512560413,701.9181531586695,606.4895,804.0391,1
627239656,672.2566652701269,707.328805390701,614.0476,767.0955,1
627239672,672.2471329356727,710.680956301202,650.0154,734.1882,1
627239689,672.8702328916002,714.7853085626475,673.7169,758.0031,1
627239706,673.466776151595,718.9695366085612,651.5731,764.7349,1
627239722,673.4605067983857,721.1742240510291,663.8616,736.6313,1
627239739,673.4582541335981,721.9663985550799,643.3278,730.2436,1
627239756,673.0985285531318,721.9606640765195,606.2393,695.4853,1
627239772,673.0361308451261,724.9492320719424,638.1296,769.4724,1
627239789,673.0330153283287,726.0448380349006,637.2348,736.6359,1
627239805,671.707695951558,726.2689762947244,613.5583,764.3094,1
627239822,671.707695951558,726.2689762947244,603.5974,698.7436,1
627239839,671.707695951558,726.2689762947244,625.8493,715.6588,1
627239855,671.7105236748366,725.2745761078,680.0418,712.0142,1
627239872,670.1651290963682,723.4839173099505,605.9709,702.5394,1
627239889,670.1767713880803,719.3897765777292,595.1979,664.3112,1
627239905,670.184419718866,716.700156408591,659.4734,701.3041,1
627239922,670.9960984082741,716.5849329699538,666.7112,750.8353,1
627239938,671.181867118953,714.2593124785949,637.8179,706.689,1
627239955,673.2422196399509,712.4250164032616,671.7423,715.5786,1
627239972,673.2450740548231,711.4212298220493,661.4058,731.7889,1
627239988,673.254452582273,708.1231668469492,639.3392,673.1225,1
627240005,672.802482335588,708.1159618722954,591.8864,749.1382,1
627240022,672.6320473289203,705.7873582707904,633.7192,693.4287,1
627240038,672.2558188247148,705.7813607148523,627.2583,702.713,1
627240055,670.8888425404184,705.7595693921874,606.9592,736.8069,1
627240072,670.435372931797,706.7492951280735,623.425,780.8417,1
627240088,670.4206579355466,711.9239864185533,620.8903,829.8036,1
627240105,670.4200181301208,712.1489810776698,657.9764,735.4484,1
627240121,673.8826424509788,714.8323033302427,702.0807,782.3915,1
627240138,675.0744238306081,717.9902171863098,654.4994,792.5657,1
627240155,680.0309364834582,721.7233054202399,724.7393,797.9604,1
627240171,681.106481166512,725.2989850430995,658.2135,793.3832,1
627240188,684.000122936445,729.4372091288809,712.4386,807.23,1
627240205,683.9991871450309,729.7662905365349,621.355,749.4866,1
627240221,687.4701431171459,729.8216219438267,705.0398,737.4911,1
627240238,688.408043384222,729.8365732546739,657.5557,716.1853,1
627240255,690.4474805502009,730.8620426936958,675.3773,750.1348,1
627240271,690.9082519424537,732.9069784347863,651.7842,779.6546,1
627240288,693.4935790974665,735.6332869566107,692.047,789.8562,1
627240304,695.6927415434689,737.6208028895763,684.14,780.9025,1
627240321,696.7874845827067,739.8798456241523,665.0041,781.4017,1
627240338,698.0663730465621,740.7866830835342,672.6985,778.9847,1
627240354,700.6211782695926,740.8274098946725,703.1899,727.241,1
627240371,700.6211782695926,740.8274098946725,660.0746,819.9395,1
627240388,700.6211782695926,740.8274098946725,651.1283,771.4786,1
627240404,700.7360076192946,700.4463981918213,637.922,539.8928,0
627240421,1106.1271813171024,706.9088437902434,1090.9381,717.1002,0
627240438,1160.5207724265122,697.42581555242,1211.1411,694.8555,0
627240454,1160.5338140448375,692.8395861295667,1176.0022,691.2781,0
627240471,1160.5338140448375,692.8395861295667,1113.05,691.7921,0
627240488,1160.5338140448375,692.8395861295667,1144.9808,693.078,0
627240504,1164.15936585918,700.6258016532806,1153.6182,736.9496,0
627240521,1164.15936585918,700.6258016532806,1159.1943,709.3444,0
627240538,1164.1299208031066,710.9804815062644,1144.3281,731.5999,0
627240554,1200.5821676275762,732.0398064857524,1266.125,786.2524,0
627240571,1224.3947265766067,745.6089127750473,1288.6075,798.3969,0
627240587,1234.0417880555297,758.2068339494795,1263.7371,821.8464,0
627240604,1244.2883112491975,762.153994188697,1286.4768,792.5308,1
627240621,1255.3608246417127,762.5298577367238,1312.1099,798.9738,1
627240637,1258.5905326708416,762.5813433481313,1280.5049,792.3826,1
627240654,1258.5905326708416,762.5813433481313,1262.5205,728.4636,1
627240671,1258.6017135415402,758.6494664221129,1221.4796,728.649,1
627240687,1258.6017135415402,758.6494664221129,1239.4783,767.5331,1
627240704,1258.7095072052707,758.651184788799,1257.426,777.6646,1
627240721,1262.726857129591,761.1359106423807,1296.8839,800.0699,1
627240737,1262.764729124647,764.4573109810575,1252.0127,815.376,1
627240754,1266.0003110509324,766.3346731474428,1295.2019,799.356,1
627240771,1267.816205853344,768.8793814376612,1279.6656,812.1341,1
627240787,1270.0647053646596,768.91522535019,1288.3362,797.7979,1
627240804,1271.4592501169366,768.9374561489366,1278.3259,756.7328,1
627240820,1280.7636611521975,768.7148613831096,1402.743,742.8873,1
627240837,1283.8023931505406,768.7633025961936,1311.8213,807.2991,1
627240854,1284.4064908559594,768.7477462565873,1288.2751,777.8625,1
627240870,1284.4064908559594,768.7477462565873,1262.2054,776.0496,1
627240887,1284.4064908559594,768.7477462565873,1260.4725,776.1103,1
627240904,1285.9832355177273,768.772881551237,1296.5659,804.873,1
627240920,1286.113732625677,768.7749618394021,1273.2644,778.0514,1
627240937,1287.5100185256879,766.9100978621327,1296.7255,726.213,1
627240953,1288.7582542681603,764.2044727761811,1299.6294,729.5634,1
627240970,1288.7689319626793,760.4495433226772,1271.0404,709.538,1
627240988,1288.872035558988,757.7058674223921,1277.8282,726.9106,1
627241004,1289.4822783391844,755.764159272003,1288.2085,740.5025,1
627241021,1290.3358366742373,755.078494461681,1281.2815,757.2062,1
627241038,1291.6052013011742,752.9940374459161,1290.042,732.983,1
627241054,1293.0690195341595,750.5619291973812,1308.5038,731.2111,1
627241071,1294.690992401493,749.8790341233574,1314.4265,763.454,1
627241088,1295.5278815724337,746.6348699082239,1297.8704,716.0389,1
627241104,1295.8102066508543,743.3983154127201,1290.8989,711.0239,1
627241121,1297.2260787584235,742.1939080299529,1314.7827,747.3777,1
627241137,1297.33770582832,736.8889744076813,1287.7439,667.9583,1
627241154,1299.8151105618329,736.3041044336452,1330.1089,747.0505,1
627241171,1302.6054240714761,734.509140620623,1332.6633,722.7657,1
627241187,1304.8992200508735,733.5445697571749,1327.2053,733.6996,1
627241204,1306.6649374983492,733.5727175159,1320.9553,765.4531,1
627241221,1308.3493804312247,733.5995696565573,1324.7867,738.1218,1
627241237,1310.4977176886314,733.6338168566785,1329.5709,777.0862,1
627241254,1310.9594179828389,733.6411769405375,1364.6406,758.7867,1
627241271,1310.97043077578,729.7684064181532,1274.6561,675.366,1
627241320,1310.9720214361926,729.209033079359,1259.5425,738.9498,1
627241337,1309.85534281062,727.0821714066376,1277.8105,704.0117,1
627241354,1307.4458309362285,724.1214857591973,1267.6836,686.2949,1
627241370,1301.8148540965956,719.5859929356376,1198.5908,663.2134,1
627241387,1232.866056661456,501.6572733559247,1198.6268,494.0804,0
627241404,1233.0855305358657,424.4768563804912,1223.1805,411.0323,0
627241420,1226.4065301704281,417.2885403427926,1209.1531,395.8121,0
627241437,1221.8545753164863,414.23366298633664,1201.9115,387.1563,0
627241454,1219.5832769683288,414.1974556316504,1202.0446,377.7009,0
627241470,1216.1441821322192,414.1426321309722,1191.4172,429.4595,0
627241487,1215.3120163587862,418.241815753956,1200.697,426.0458,1
627241504,1212.9589893729758,420.4774958897393,1188.2634,424.6945,1
627241520,1212.7727829733287,420.47452752533997,1201.2061,414.9738,1
627241537,1212.7633391036743,420.47437697817014,1202.4185,394.0295,1
627241553,1212.5642498371703,421.71416688633803,1191.9778,419.0164,1
627241570,1212.5586366743257,423.68809772468137,1210.8053,429.0949,1
627241587,1212.5573729198659,424.13251096709934,1202.1025,450.287,1
627241603,1213.243055092338,424.1434416040369,1210.4745,374.0318,1
627241620,1214.413808751596,424.1621048910619,1217.5046,410.7299,1
627241637,1216.5922900777982,424.19683262558397,1236.3071,382.9137,1
627241653,1216.5922900777982,424.19683262558397,1207.4352,428.4562,1
627241670,1216.589270756447,425.2586103952673,1198.1736,434.1053,1
627241686,1215.2752202842357,425.84752724628885,1185.0938,425.3186,1
627241703,1213.849959107427,425.8248067890706,1182.1613,406.1466,1
627241720,1213.0283424475076,425.8117091852943,1190.5479,445.5175,1
627241736,1212.1758039744095,424.2600742862351,1189.2911,351.8528,1
627241753,1211.6200675467294,418.5407758601809,1193.3416,313.8381,1
627241770,1210.149068093667,412.39405279646917,1177.3403,302.9036,1
627241786,1209.8832041362305,407.8290283791561,1197.1265,326.5557,1
627241803,1209.798021650311,402.66027264065383,1199.8716,312.6044,1
627241820,1209.8038527234585,395.6782445735447,1201.0752,276.2786,1
627241836,1209.8163898442378,391.2694272961904,1192.832,319.1091,1
627241853,1209.8384167514857,383.5234215784372,1174.408,253.9346,1
627241870,1209.8531758813613,378.3332102102733,1241.8618,296.8068,1
627241886,1209.8685357042284,372.93175850333586,1196.4717,288.5975,1
627241903,1209.2467100578574,369.31860816555087,1187.5322,323.9757,1
627241919,1207.705790443381,364.9814043781266,1162.5845,304.7625,1
627241936,1207.7105988943208,363.2904593873706,1188.1565,348.7504,1
627241953,1207.7281284001897,357.1260146398117,1219.1345,259.6434,1
627241969,1207.7301244873593,354.54541452944943,1197.194,327.831,1
627241986,1207.455042087836,352.55120945285535,1182.6113,333.4263,1
627242003,1207.464492233324,349.22796120199285,1189.416,299.312,1
627242019,1207.464492233324,349.22796120199285,1215.0852,364.0472,1
627242036,1260.3584118619194,65.3047849919302,1287.7725,14.5976,0
627242053,1260.3584118619194,65.3047849919302,1250.6987,14.8323,0
627242069,1263.3892262725728,65.35309998870012,1285.0446,33.3515,0
627242086,1263.3616718269982,75.04292573539821,1225.9312,76.7929,0
627242103,1266.0322836940713,75.08549865021537,1265.1018,32.1799,0
627242119,1268.1604931080738,75.11942498717674,1267.7018,15.103,0
627242136,1270.3492108150765,74.13756532375952,1272.2699,23.4705,1
627242152,1272.138299455131,74.16608564871292,1273.6672,38.1797,1
627242169,1277.1475740864162,66.99364565008719,1307.0386,-26.2447,1
627242186,1277.1481523161858,66.79030475205069,1262.8933,24.8687,1
627242202,1277.3941631325508,62.8715581307459,1269.5765,-12.8306,1
627242219,1277.8344424762129,61.62241578502263,1272.1545,9.443,1
627242236,1277.8441724870236,58.20074979603371,1273.3293,-17.9072,1
627242252,1277.8491812570514,56.439360380820844,1266.9634,-2.649,1
627242269,1276.3006728116234,56.4146752070022,1244.0571,-6.2243,1
627242285,1275.460359197641,56.401279550243224,1255.9353,-30.7617,1
627242302,1270.2700100029704,56.733975330293646,1194.0103,94.995,1
627242319,1270.2671521525463,57.73897006126563,1260.9519,31.7073,1
627242335,1270.2671521525463,57.73897006126563,1266.5105,20.8691,1
627242352,1271.9778280566834,57.76624038850581,1289.9457,30.7119,1
627242368,1272.7556663996895,56.803340241221086,1276.3928,-16.9982,1
627242385,1273.6902550267155,55.433264617368465,1295.1367,-15.4902,1
627242403,1273.6902550267155,55.433264617368465,1248.9082,23.7713,1
627242419,1274.5196309704997,54.629925531377374,1278.6083,0.8434,1
627242436,1276.595372972208,53.388731451173776,1300.4844,-8.6219,1
627242453,1279.0653741535955,53.42810637914064,1308.5427,-1.8156,1
627242469,1282.6982114065515,53.48601837781836,1330.3774,29.7747,1
627242486,1284.9805752989503,53.52240213120867,1308.1187,3.3678,1
627242503,1286.5810727237879,53.547916074800696,1297.2522,33.3109,1
627242519,1289.1936194194216,53.14327119324511,1316.8591,-6.6444,1
627242536,1289.6888255218182,52.23729808552821,1279.7664,-4.9641,1
627242552,1292.2028907511221,51.20644154506254,1314.6713,-7.7894,1
627242569,1295.6032345936658,49.22184863650032,1335.9121,-24.519,1
627242586,1297.8403936424058,48.716793772618324,1310.0925,7.1342,1
627242602,1300.0604829814147,48.14241326042761,1316.1008,-0.1306,1
627242619,1301.0906610188863,47.91236187161668,1301.2749,4.2363,1
627242636,1301.0944668172915,46.57401074153277,1275.2375,-15.8557,1
627242652,1302.129167440475,46.26317468394292,1300.7957,3.9624,1
627242669,1302.129167440475,46.26317468394292,1303.5322,-4.3664,1
627242686,1302.129167440475,46.26317468394292,1279.8545,-24.2878,1
627242702,1301.4537883740481,46.554087667953866,1260.8435,52.3443,1
627242719,1297.429173619375,46.48993024274542,1214.1472,3.6842,1
627242735,1294.5043404126195,46.4433047197704,1235.3484,0.3385,1
627242752,1291.3102138317836,46.392386321437165,1230.261,26.213,1
627242769,1289.0213632410364,46.35589916190999,1244.6558,-15.0396,1
627242785,1287.2233076944417,46.32723589317914,1254.9226,-9.5586,1
627242802,1281.363052699803,46.23381605191747,1174.031,20.7226,1
627242819,1276.1921047973008,46.15138463337578,1193.3799,2.8457,1
627242835,1272.374252945168,47.68423797880018,1217.0566,37.1187,1
627242852,1265.8633948471665,48.629354112028636,1167.9832,27.6317,1
627242869,1261.602397173269,48.56142844553869,1204.686,4.1561,1
627242885,1256.8676797346952,48.48595108970091,1194.7524,-5.6926,1
627242902,1253.0963323934773,48.4258310658655,1203.9474,-6.7315,1
627242918,1250.0814860417825,49.37100767992135,1217.5242,45.4133,1
627242935,1245.3376109114224,49.29538433894918,1184.1875,-7.0449,1
627242952,1240.4947182386272,49.218182533711385,1178.853,2.688,1
627242968,1234.5931582383284,49.12410423866646,1157.1051,-1.418,1
627242985,1229.9897927656682,49.85715085076155,1173.5759,29.0354,1
627243002,1225.905412824232,50.648100069911806,1177.1675,24.3031,1
627243018,1217.4468977183842,51.33641972990677,1094.5371,32.6621,1
627243035,885.734219462185,46.04850209227337,841.341,27.0464,0
627243052,885.734219462185,46.04850209227337,857.9409,9.8101,0
627243068,885.734219462185,46.04850209227337,853.613,-9.4182,0
627243085,885.734219462185,46.04850209227337,887.178,41.779,0
627243101,917.2701497421656,83.24917864470828,855.4388,10.4443,0
627243118,901.0908366174734,28.101277400678764,914.7363,-100.0702,0
627243135,899.1674192331858,33.64508551564016,861.6877,26.4039,1
627243151,883.5587324229627,32.313433327843285,760.6951,-11.1199,1
627243168,881.677084015522,35.346421836827076,841.8315,20.9403,1
627243101,917.2701497421656,83.24917864470828,855.4388,10.4443,0
627243201,886.3216667509625,33.77265723505913,908.7324,-46.2877,1
627243218,891.2814691132686,29.136193398491542,911.1911,-53.9943,1
627243235,890.4316586774784,32.126986314622236,853.199,28.3397,1
627243268,882.64103782401,33.61333064597358,768.0944,15.5284,1
