timstamp,smoothx,smoothy,rawx,rawy,fixation
626977290,923.039710986829,428.8107442233975,854.3281,407.0962,1
626977307,920.6574816751756,427.59486201466586,875.8537,398.7595,1
626977324,917.448971237368,427.26815074861906,857.8222,414.965,1
626977340,914.7697586847405,429.0759453691065,864.0641,454.3967,1
626977357,913.8379052770199,427.7396864556932,892.4954,395.3701,1
626977374,910.9503981685664,429.12649358772325,861.4705,447.4207,1
626977391,907.3504395960077,431.0595762051489,840.7704,463.7078,1
626977408,906.1482776691541,432.0888549436644,884.8989,439.2324,1
626977424,903.8726051092939,435.2347097657848,861.1044,478.7845,1
626977441,900.1133487348866,437.33021936304914,830.4291,457.8751,1
626977457,895.6651631448361,438.51026606487164,814.5437,447.3141,1
626977474,892.7328960087165,439.9372527420113,839.8661,451.614,1
626977491,891.9335530589523,441.0485121744054,871.1364,445.7936,1
626977507,889.0003419131141,443.78034469182086,833.1948,478.4686,1
626977524,887.4217281511907,444.9492574291114,854.0912,449.6266,1
626977541,886.3183673986963,444.04335932620063,859.2384,410.6443,1
626977557,887.0252492266567,443.94607538253655,892.3147,423.7246,1
626977574,887.0533742081615,444.7907798779709,876.7868,445.4766,1
626977596,888.3792177945787,442.9733070202459,893.5129,395.8334,1
626977607,887.334849986708,442.490291535424,849.4573,421.6651,1
626977630,887.9511812997445,441.25901176688006,872.171,408.6386,1
626977641,888.3487466772534,440.9072562254452,868.3806,423.0524,1
626977657,888.912634995344,438.9290276848249,877.3146,398.54,1
626977674,887.7885493320761,437.59537361467915,839.4653,412.9939,1
626977690,888.1790766631318,436.80000187776744,866.6193,423.6945,1
626977707,888.9495384940855,437.0556907519303,875.9433,439.237,1
626977724,888.7651036961377,437.6038777709472,854.9763,447.7545,1
626977740,887.152646999275,438.63051932437634,824.3502,455.279,1
626977757,885.7209465432384,439.0942308860161,837.3358,441.801,1
626977773,885.9489651730289,439.5233396610599,865.6951,441.8912,1
626977790,885.2334569824743,438.96396633752687,846.8066,421.2236,1
626977807,886.6852354826843,439.79288899484663,888.647,445.8776,1
626977823,887.5572201243773,441.08135236465193,875.966,456.4963,1
626977840,887.5119431241302,440.59883580249834,859.8476,427.5499,1
626977857,890.0211756652137,440.12683622477385,909.422,420.5393,1
626977873,888.3064201072575,439.99104127173086,828.8806,433.7287,1
626977890,889.635817750631,440.9829794114621,882.7617,455.1727,1
626977907,889.6689465068081,439.0951767889073,863.9151,398.5325,1
626977923,890.4572352385885,440.7641915098445,875.4167,468.8506,1
626977940,889.684211839135,439.5306525836089,843.9844,412.094,1
626977957,888.2934113154344,437.2859427760657,831.7843,392.0067,1
626977973,890.7240309932347,434.4676579625738,904.9182,380.3459,1
626977990,887.4076143671583,433.10528227751894,803.4713,408.3196,1
626978007,884.8492442319629,430.32605660772265,813.2526,384.2633,1
626978023,882.2462134541818,429.26297762369535,814.7239,412.3851,1
626978040,881.8859965030995,426.17594201340717,855.6227,368.9852,1
626978056,1085.1894977747404,466.7631082297932,1068.2743,459.0681,0
626978073,1179.7933848056223,490.2215942995967,1167.5129,482.6862,0
626978090,1170.1143177916601,478.9151982498815,1147.1794,458.7181,0
626978106,1178.4171962124958,487.26669316284216,1183.4585,497.1657,0
626978123,1179.88916014844,481.9365109236242,1172.0349,456.619,0
626978140,1172.0296499331819,474.6714751944643,1126.7844,436.0381,0
626978156,1171.8511736006888,481.4440551659225,1158.6337,509.3045,1
626978173,1174.992892218173,477.5822506738968,1181.6864,444.7921,1
626978189,1178.985065358661,477.4139156697872,1194.4368,467.6086,1
626978206,1181.5241550777869,466.0397402805473,1188.3817,364.8066,1
626978223,1184.2683352103036,466.2775422008915,1195.0608,460.9608,1
626978239,1192.3014001756515,465.9175776780993,1255.578,453.7759,1
626978256,1193.9945595382655,466.73715093922056,1196.3093,467.793,1
626978273,1196.7940330081124,465.3105567117486,1212.2827,440.7921,1
626978289,1191.7765715930334,463.38555080973606,1116.6497,433.6498,1
626978306,1189.3863643952084,461.45270438380606,1145.5933,430.3185,1
626978323,1187.6191611495874,461.24255875008544,1151.6832,452.3193,1
626978339,1185.2076953416906,461.2837655096151,1140.509,455.7304,1
626978356,1183.151265127742,462.74516066790795,1143.51,477.3447,1
626978373,1181.6808959980272,465.1326467970295,1150.6897,493.0901,1
626978389,1181.973919882033,464.4406486486535,1177.2493,444.2701,1
626978406,1182.9444149933854,463.0239325040024,1188.3201,431.271,1
626978422,1182.0529817529682,463.9452439950581,1158.0103,470.476,1
626978439,1182.3171349890547,464.95198587098815,1176.8477,472.0728,1
626978456,1182.7900562143193,465.81065845036113,1180.3898,469.875,1
626978472,1182.210467946175,465.3592162269844,1162.0063,447.1239,1
626978489,1182.21880994245,464.37140966119574,1171.9144,437.0428,1
626978506,1181.0359908950354,463.2616382877763,1150.4382,434.7491,1
626978522,1179.7684893016256,462.34262148774496,1148.2697,437.8468,1
626978539,1176.1533196419002,459.15806487849045,1104.8357,395.9389,1
626978555,1174.3112671744343,458.39801532115507,1135.9275,439.7891,1
626978572,1172.755847413646,458.287716267294,1140.8755,454.8275,1
626978589,1175.560240910268,457.61344719741,1217.5393,439.6049,1
626978605,1178.2211680080454,454.68777189643527,1217.9209,400.7484,1
626978622,1180.4838791160464,454.0200167534194,1208.8032,437.8953,1
626978639,1182.3673862895014,452.5475004913145,1196.9541,420.1251,1
626978655,1184.9353662128588,450.10223122396815,1213.1759,408.5475,1
626978672,1187.7538838259084,449.6609060899087,1220.449,437.8132,1
626978689,1189.0441670500422,448.90896744196186,1194.0121,433.9288,1
626978705,1193.4537646897868,449.22173933361324,1250.75,441.4355,1
626978722,1195.171692861732,449.0805342702331,1202.936,443.7422,1
626978738,1196.3854949911686,449.1912426540508,1200.7861,446.7265,1
626978755,1197.1433673401882,448.6743163881396,1186.7311,435.5244,1
626978772,1194.2796407517483,441.1616821893252,1123.1648,301.5651,1
626978789,1130.101501451291,184.73736220269043,1114.5127,154.8446,0
626978806,1160.1845829733786,221.3585040334913,1146.1565,193.7321,0
626978823,1158.2053150835334,197.12745178874044,1141.8682,141.7222,0
626978839,1161.1336426189769,197.35424842902106,1153.1921,168.4049,0
626978856,1159.8341508058456,195.1046743581965,1141.6168,158.5062,0
626978889,1165.18493478902,190.38531494226078,1173.27,140.2258,0
626978906,1169.3324019356028,188.10779282361213,1176.4851,145.9787,1
626978923,1273.6052660670757,416.8359029975053,1265.6326,402.1158,0
626978939,1134.8593410456847,218.88429699504272,1119.6019,191.5043,0
626978956,1145.1046348921743,231.9525453652159,1141.1316,219.2397,0
626978972,1151.8266861578252,226.65177986172907,1151.3284,187.937,0
626978989,1149.9784126424267,224.7246914377582,1129.5472,191.4947,0
626979006,1154.1875572533709,224.47561267036312,1157.0957,195.9336,0
626979022,1144.0486650677944,213.03920719972515,1129.2172,185.0575,0
626979039,1162.6259543036422,191.8464127378473,1148.6277,161.9359,0
626979056,1170.5890826884508,192.5301514372088,1165.3051,163.1325,0
626979072,1176.355240935192,188.14065479022284,1174.9523,148.1274,0
626979089,1178.4087070175713,191.41184245035404,1171.4482,171.5977,0
626979106,1170.3573128130058,185.0669090461786,1123.3203,128.2213,0
626979122,1165.6779381841734,179.5858774832454,1128.0876,120.6975,1
626979139,1159.6768062304454,180.45677550739174,1109.7708,156.4468,1
626979155,1166.2772177205661,181.06339925350528,1199.6926,154.4437,1
626979172,1167.0711428779337,184.2727787202531,1159.828,180.0151,1
626979189,1168.4074187341425,183.818791566356,1166.394,148.8315,1
626979205,1169.5925478836637,183.81426343673243,1166.9946,152.9265,1
626979222,1179.8787436006894,185.01497076713247,1272.1997,165.2311,1
626979239,1177.8591165884097,187.75820704608725,1138.875,188.3516,1
626979255,1177.428757216322,187.46463034787922,1156.4087,152.224,1
626979272,1176.689495013882,189.32072977630256,1151.9456,181.5253,1
626979289,1176.1679229882707,187.68988952095475,1154.1248,133.8128,1
626979305,1174.1893190554642,186.80916617893715,1132.5519,143.5896,1
626979322,1173.7144735727975,186.02332695132793,1153.2517,143.8599,1
626979338,1178.284066299675,188.142591663434,1231.1573,188.07,1
626979355,1188.8658269826426,192.7562627028207,1330.9779,229.102,1
626979372,1197.9289132123026,196.85091793663418,1314.8989,224.5725,1
626979388,1205.582942784432,201.1622425911673,1298.7413,231.8933,1
626979405,1213.3251753242655,205.6886396356617,1306.4038,238.9268,1
626979422,1221.3745236648679,207.855104478355,1317.7327,200.5742,1
626979438,1227.6380510419046,210.8232305357149,1292.9177,217.5622,1
626979455,1234.660561945097,214.96361090804737,1311.8879,241.1323,1
626979472,1241.9848801590301,217.8392583275439,1323.1134,220.9539,1
626979488,1250.0264206937115,221.37598145383993,1342.1855,235.6174,1
626979505,1258.9176413041646,225.7586095302637,1364.1647,254.052,1
626979521,1268.209528062168,231.1815689879608,1378.4572,276.6949,1
626979538,1273.4272837720616,234.29455177992878,1299.0315,233.5797,1
626979571,1278.180515462754,239.16475865515068,1299.5439,270.1008,1
626979588,1283.7629582249392,244.0611956319948,1322.6642,272.3027,1
626979605,1428.7880677412495,458.1272789872097,1428.4263,443.8826,0
626979621,1340.9582849089957,274.25677188415176,1335.8105,247.5487,0
626979638,1364.655016824553,245.42729844889678,1385.256,184.7761,0
626979655,1357.7502791092315,265.12035100476766,1338.9924,279.934,0
626979671,1343.735880627452,268.64795421398765,1295.1702,253.2663,0
626979688,1342.0220341527065,275.3380646354298,1330.3818,276.7764,0
626979705,1333.1876898595585,286.5144858699285,1283.3342,319.4543,1
626979721,1307.3997826072007,686.4042309767405,1301.8613,691.5854,0
626979738,1319.1591098848237,750.7704915941335,1314.3799,760.6403,0
626979754,1310.2739369130495,727.3868061476182,1295.6368,710.6884,0
626979771,1303.7247791484435,728.079540500321,1284.5411,738.3212,0
626979788,1310.4602650393033,731.2384655033128,1326.3125,749.6189,0
626979804,1306.6757687597826,730.5689219708967,1285.592,736.5551,0
626979821,1303.645417958531,730.9949740496406,1282.7493,742.1517,1
626979838,1301.9297654681984,735.5693036768178,1286.3247,773.1742,1
626979854,1322.38480027586,738.5810354651345,1461.0596,766.2107,1
626979871,1326.1354728198273,736.753238680526,1348.8163,729.3306,1
626979887,1613.2637631206803,688.4172936781564,1622.4897,688.5051,0
626979904,1325.5939776109312,747.9658525776456,1321.1169,757.5122,0
626979921,1324.4312876149434,750.7810221450342,1318.699,763.6024,0
626979937,1330.2318032606975,747.4934910326584,1338.0475,749.6816,0
626979954,1319.9488674995182,743.7709410673199,1283.1125,741.7833,0
626979971,1324.9916980142466,743.215721613508,1341.45,749.8812,0
626979987,1381.422789915187,772.810905274287,1379.7136,783.2873,0
626980004,1330.3418570791823,778.30204445423,1326.1843,790.0718,0
626980037,1365.0774440125251,746.6555428338204,1398.7264,720.8666,0
626980054,1344.7930264941915,747.0153768759093,1298.801,757.7964,0
626980071,1326.8307963150191,751.6234728549375,1266.7847,777.2001,0
626980087,1302.9285348974533,775.6377630160838,1200.0896,890.6912,0
626980104,1309.9648133832886,774.030840988062,1342.5688,775.5352,1
626980120,1614.7914403846871,653.5984223050206,1623.9873,651.0146,0
626980137,1384.1035709110167,779.3751565784195,1382.5433,790.3043,0
626980154,1379.1576414818685,745.7533946531867,1371.9872,718.2135,0
626980170,1351.262741265888,747.0862625061945,1289.9459,760.109,0
626980203,1370.475579247089,735.583641221492,1428.1993,705.9016,0
626980221,1365.879736532219,747.9959632838463,1344.4414,810.104,0
626980238,1344.5672494497219,745.7308950295599,1340.999,754.782,0
626980254,1338.2613913465634,803.6423120697011,1334.5615,817.2015,0
626980271,1354.7216713751477,768.5804339018779,1368.8179,741.2821,0
626980288,1355.1329402336532,765.6573728840312,1352.8864,769.9692,0
626980304,1352.1606085360972,765.9429899306807,1339.6925,777.6984,0
626980321,1353.485225553944,771.9037323860363,1355.9487,808.0918,0
626980338,1349.2201071554919,770.3327345986306,1324.121,773.2061,1
626980354,1346.8603598004045,765.7397214952309,1329.3639,747.9775,1
626980371,1346.0319252203037,768.7951688257596,1337.3896,802.0569,1
626980388,1345.9556683984736,764.5803863781074,1342.4183,741.053,1
626980404,1343.799117624887,761.7985511501824,1321.9541,748.2744,1
626980421,1414.8309722948452,969.2041155169205,1415.3192,994.0288,0
626980438,1417.6012429930465,987.977027244621,1418.2791,1014.1805,0
626980454,1408.16682718829,985.3741614691895,1398.5095,1008.9097,0
626980471,1413.2352257971816,996.4592849532962,1424.4016,1046.9258,0
626980487,1420.0662523763565,1001.9830739884162,1442.1509,1046.3149,0
626980504,1416.5683451534655,1007.4468559168814,1402.6819,1058.1196,0
626980521,1417.7902399820373,1009.6095963503108,1424.7427,1048.0476,1
626980537,1420.9613626058342,1008.9942414647081,1440.8999,1031.833,1
626980554,1420.8850996232602,1013.0342840014041,1420.8671,1069.3695,1
626980571,1421.8347817733677,1014.0387567601538,1429.8409,1048.9421,1
626980587,1424.66309980229,1011.5599973919616,1449.7661,1015.5247,1
626980604,1426.7120925571135,1011.0031500453766,1446.2662,1032.3406,1
626980620,1426.0854899308465,1011.6530267600425,1419.1986,1046.0105,1
626980637,1423.9421136241972,1010.7128911262159,1399.9946,1027.6584,1
626980654,1425.292651261514,1012.2885431729014,1441.7683,1058.6492,1
626980670,1426.5616384379414,1008.7936407632378,1442.3157,991.0779,1
626980687,1428.626169039132,1010.1867114605509,1455.2589,1056.7638,1
626980704,1428.3935065747723,1012.3635328825062,1424.3611,1070.5603,1
626980720,1655.8932679417924,1028.2706350731617,1668.1892,1053.4482,0
626980737,1707.8210620198122,1036.4589043916023,1722.647,1061.3679,0
626980754,1562.0058067465993,1027.7939541971245,1417.283,1047.7407,0
626980770,1526.312624031605,1007.945640300877,1458.5959,992.6114,0
626980787,1498.6939831571701,1017.5012122058571,1418.9536,1076.7888,0
626980820,1485.6948520909264,1008.5305105055367,1438.2932,998.139,0
626980837,1506.4755316630765,995.6549899517829,1511.4646,1020.9174,0
626980853,1491.2077333390785,1048.6912840687103,1495.6182,1078.2451,0
626980870,1477.732637307408,1062.4425748957756,1467.4855,1108.2612,0
626980887,1646.0316897134257,1082.622412780187,2008.8033,1149.4359,0
626980903,1604.4141416980056,1079.925289643281,1482.4307,1103.0642,0
626980920,1570.4861992899248,1073.9937986907155,1437.9158,1081.0618,0
626980936,1465.2460085893379,1021.3564870462005,1468.3223,1049.2788,0
626980953,1482.2805070470495,1071.2951888993973,1486.3276,1102.7195,0
626980970,1466.6875094056845,1051.8324473601458,1453.5627,1061.4242,0
626980986,1459.955732811844,1049.2813083650144,1448.9036,1074.2949,0
626981003,1456.3027876434903,1046.1968022975684,1447.8303,1066.6487,0
626981020,1449.5361743656892,1035.2647225473047,1424.2288,1019.0415,0
626981036,1336.5741269209368,581.6517002636418,1332.1311,578.3737,0
626981053,1321.735768040674,354.3456640663367,1315.8992,334.0522,0
626981070,1327.376981813764,256.75253493683334,1327.1299,124.1105,0
626981086,1337.2393651420355,240.6971360123119,1352.2338,177.3681,0
626981103,1334.9224444284741,229.53115066661073,1321.8677,164.8145,0
626981120,1338.8149594956878,216.06688788458143,1349.1406,128.9792,0
626981136,1334.5862506800468,195.9219058714735,1328.8975,163.3715,0
626981153,1323.6202257251382,202.14593068183672,1317.4209,170.2565,0
626981169,1327.9047732403,202.15140512704468,1326.3922,170.1214,0
626981186,1342.2560759065254,189.21028891984952,1366.714,127.8576,0
626981203,1340.6465060542855,190.36235094757703,1329.9937,161.2566,0
626981219,1339.1406805283,186.33128941057717,1327.207,136.2248,0
626981236,1338.063461785415,187.40354591582087,1326.9341,160.2248,1
626981253,1334.2836981862786,183.9290916110313,1305.5841,129.538,1
626981269,1333.182212920688,182.56494213483396,1320.0535,140.0121,1
626981286,1336.267825404857,182.06235296834984,1355.4138,144.7697,1
626981303,1337.8919814272979,181.51750682905444,1346.4445,143.5607,1
626981319,1341.7216574018885,169.58675500067645,1372.1167,18.4876,1
626981336,1346.3499496041666,162.9059289888126,1387.3108,60.1681,1
626981352,1348.8133565187866,156.8103079638505,1368.0702,57.3737,1
626981369,1352.5283777970947,148.96796541266778,1387.5216,25.1286,1
626981386,1357.0729576044841,143.00896179856977,1403.7173,39.7803,1
626981402,1359.9107301073025,136.86995812433892,1385.6365,29.3726,1
626981419,1363.1826508696538,132.34237093148639,1395.6162,45.2561,1
626981436,1499.5002807837486,339.3062057802321,1502.1963,314.821,0
626981452,1393.1539283472962,95.15883575995416,1389.9908,53.9482,0
626981469,1378.1279833240349,96.89341654027834,1358.5392,58.1911,0
626981486,1383.9942316565364,105.0105252467742,1392.7666,81.8513,0
626981502,1390.9070325033729,102.34203945972608,1409.101,52.7114,0
626981519,1392.7537286928423,98.21497573279831,1396.8982,39.6428,0
626981535,1364.339418079026,62.13336550190048,1359.6875,18.9078,0
626981552,1349.2556400579972,71.7259301044387,1343.9045,29.4879,0
626981569,1351.1612398100597,49.635662836640776,1347.7628,-18.0542,0
626981585,1342.534860536392,42.696606578089956,1318.7515,-16.0548,0
626981602,1325.6366973648378,45.25498481207142,1266.7031,10.6597,0
626981619,1324.4213701113458,38.60210341948808,1313.3491,-33.6061,0
626981636,1320.6486685649845,33.04676880345487,1295.192,-39.9138,1
626981653,1323.1791637419115,28.62000419091943,1332.6493,-43.3111,1
626981670,1324.607109091631,27.866542498147663,1328.5479,-21.5017,1
626981686,1323.550857577167,24.920180297111653,1308.8696,-42.7034,1
626981703,1324.0759653981756,25.911472028745656,1322.5522,-8.7355,1
626981719,1326.582016826861,27.631662384617908,1344.3646,0.3992,1
626981736,1326.0558471061015,27.18153641417638,1313.765,-21.7315,1
626981753,1326.2266130377932,23.891994241272013,1321.2887,-57.8346,1
626981769,1323.9446955945205,21.618673392817353,1290.2397,-48.825,1
626981786,1326.264269935247,21.01567368361082,1348.9446,-30.0251,1
626981803,1323.6247903361589,18.579679194629524,1282.2815,-56.2196,1
626981819,1322.7122504402373,18.771363378870294,1304.5031,-20.45,1
626981836,1320.755500723454,16.814199370728307,1287.6963,-53.4484,1
626981853,1319.5151758234406,18.213974410770664,1296.9733,-2.4601,1
626981869,1319.105764851399,19.443719931905537,1308.9303,-4.5728,1
626981886,1316.9384150076905,19.822096778973716,1279.7068,-17.6609,1
626981902,1316.6747025776565,20.438352364821988,1309.5536,-14.0858,1
626981919,1316.1383276461543,20.155167690417226,1304.3582,-29.4592,1
626981936,1315.949866731807,20.945024372247065,1309.7074,-10.9553,1
626981952,1314.7116719338374,21.394441100228924,1290.8672,-16.4938,1
626981969,1315.2930706676736,21.44404477132126,1321.9829,-24.1395,1
626981986,1316.0116141101744,21.573438607848345,1324.2,-22.7419,1
626982002,1316.713465987887,21.601170118377897,1323.7197,-24.5876,1
626982019,1318.3084353858662,23.436486319458336,1339.9091,8.8437,1
626982036,1318.3799582225563,23.31104382461703,1312.1544,-26.898,1
626982052,1318.7057278550135,22.006543295537405,1319.887,-43.7235,1
626982069,1318.1087040771815,22.654382186416473,1302.9805,-12.2154,1
626982086,1317.9947753626996,22.864373566733565,1308.3568,-20.201,1
626982102,1318.503141851352,23.167651228259587,1314.4662,-15.7619,1
626982119,1319.2829071303306,21.12455401296185,1324.7671,-64.4751,1
626982136,1319.0161241532612,19.130388300798934,1303.886,-63.4427,1
626982152,1318.6396829224336,15.609627446365534,1305.9412,-92.1027,1
626982169,1318.8938982438551,15.414512089276904,1317.001,-27.7141,1
626982185,1311.6054752372308,15.750286884030313,1177.1084,-18.1772,1
626982202,954.5177091541917,61.882397501654914,930.0905,25.6672,0
626982219,994.3330497716274,49.57267966495094,971.7903,11.7393,0
626982235,988.5994497202659,57.575505682212416,959.8328,29.1354,0
626982252,987.8175187499648,68.26382939600903,963.4807,54.7997,0
626982269,978.093737662831,72.14487377687442,924.6924,48.9623,0
626982285,978.0736692359276,77.59188337832697,955.1563,64.8272,0
626982302,977.962367713033,74.93224501053841,954.4351,24.7791,1
626982319,973.9638290789577,82.47182729768214,926.7939,94.3425,1
626982335,972.9223752925315,85.79488840317185,942.9879,73.8125,1
626982352,975.0876512560139,84.80391880073832,969.5845,40.0833,1
626982368,972.5373407557919,84.18899473565472,927.2166,42.8668,1
626982385,969.8156869044108,84.34933001834406,921.183,50.4281,1
626982402,969.6642060405248,86.19110002469094,946.0924,69.9557,1
626982418,969.6143181214659,86.92749538745159,946.9664,59.1281,1
626982435,971.4030599625264,84.66255917563527,970.1449,20.616,1
626982452,972.375282431912,84.18157850387242,961.482,42.3965,1
626982468,973.1813531313737,83.75724412437654,960.2614,42.7273,1
626982485,974.7497415035813,82.19206317432108,972.1378,25.1062,1
626982502,975.9990703425707,81.55099823363105,968.9797,37.8111,1
626982518,976.4630546958823,80.05064841759005,957.999,23.7005,1
626982535,974.081769419004,82.76330474636167,913.4134,91.8499,1
626982551,974.6456773942219,84.87094541241868,959.5851,83.0854,1
626982568,977.8648353260742,85.24420287899153,1004.09,54.3159,1
626982585,975.5291880675196,92.6735807586885,912.5397,178.797,1
626982601,976.8642384888833,92.65053133065764,974.1957,50.7726,1
626982618,980.7733634472531,93.54074662044872,1019.961,66.9052,1
626982635,979.1608714003281,97.0287790479403,924.621,116.5375,1
626982668,983.3571742268069,97.60544276864071,1027.9011,63.6371,1
626982685,984.8150963187172,98.82350522018547,980.5134,77.3431,1
626982701,984.8150684341549,100.17520682476666,955.1625,81.5531,1
626982718,985.1528229781871,103.1100223408699,962.1381,112.5049,1
626982734,985.0754359649516,104.25769826067524,956.178,74.7909,1
626982751,985.2370242893791,106.61097549713449,959.9738,101.1902,1
626982768,987.2627758140177,106.20933722361728,995.0032,53.4039,1
626982784,988.0592796867595,106.06292325565212,969.3939,59.4159,1
626982801,988.113359584101,107.14001677426774,960.3495,85.5929,1
626982818,988.1056510907097,107.77085547061574,959.9724,74.3305,1
626982834,988.6452519052657,117.88961992855111,968.4805,260.8093,1
626982851,936.3728515611507,399.56224620745746,912.0767,389.3141,0
626982868,939.5740059520004,421.0945954921509,915.4965,412.4275,0
626982884,948.8799733963708,420.8614305131322,934.9802,411.6075,0
626982901,948.0734653922588,418.55447218032214,922.6554,404.6451,0
626982917,946.7119101007754,409.6820185443903,918.5992,371.8321,0
626982934,941.8282105890594,418.2519365969822,897.869,446.1712,0
626982951,943.9209733782932,418.97592616542545,930.9851,413.5436,1
626982967,939.2674596391046,418.8930999894644,887.0897,409.8144,1
626982984,941.9540395509567,419.09048469564004,937.3163,411.1476,1
626983001,941.8745368756211,416.18487951803485,917.391,383.4405,1
626983017,941.8771078079002,417.6626475770573,918.1489,422.2436,1
626983034,940.1455226987053,418.48013652788336,899.7747,417.8635,1
626983052,939.0865114417231,418.95322796044275,904.6763,415.0861,1
626983068,938.989011594461,419.3908095662474,914.6827,415.2108,1
626983085,938.2725238573577,419.67911551129697,906.5919,414.0332,1
626983101,938.1175404297751,418.8275559144406,913.076,398.6694,1
626983118,938.295037829345,417.93454825917485,917.4525,396.9791,1
626983135,944.6533024349101,417.57864805650735,1007.3929,402.5055,1
626983151,944.8152370463949,415.0799673110786,920.6875,370.4739,1
626983168,945.2719291474879,418.458788759566,925.7739,461.38,1
626983185,946.8622470519301,417.5686931526893,944.1641,394.2838,1
626983201,953.6775296607699,416.7532467508635,1030.7026,393.3979,1
626983218,952.8016151157012,423.58980323758993,908.3579,525.3696,1
626983235,959.6967669960501,431.5895750145404,1040.0317,547.9407,1
626983251,962.0576916707764,438.4859094080886,966.6105,534.772,1
626983268,962.1483104757979,447.21114830249667,929.3219,572.6208,1
626983284,964.0633389758556,455.4531918645581,962.6942,568.7454,1
626983301,966.7721713351834,463.3912471345041,978.7948,568.262,1
626983318,967.7852536216675,471.55497063747634,950.5415,578.314,1
626983334,958.4340081792012,477.31095316965025,764.0688,542.2336,1
626983351,959.025202069376,484.98662114480146,944.5642,580.5568,1
626983368,961.1074611567694,493.4971355688312,970.5569,594.01,1
626983384,962.2237509272913,500.5580195138679,955.85,572.8521,1
626983401,961.4077848461922,505.1331222086721,919.9502,532.3898,1
626983418,962.6578098367407,513.8082546554899,958.4005,611.9686,1
626983434,963.0543010729474,519.6043842562726,941.4191,572.9933,1
626983451,964.7906281280146,525.6739225785973,970.3531,580.8336,1
626983467,965.8102075311947,531.6870526572163,953.3954,586.6406,1
626983484,966.4502066305961,536.2897333937651,952.6965,567.5778,1
626983501,966.8146093558049,542.5007879429019,946.1669,602.1059,1
626983517,962.2684135945022,552.3157040746411,857.4175,682.4794,1
626983534,874.3574697621888,699.3825545360855,847.9627,712.9775,0
626983551,859.8237160841999,688.6239680432975,832.6956,701.6508,0
626983567,865.0107274566391,691.4108031424405,843.573,707.4626,0
626983584,870.6245844864197,704.3820788162644,855.8086,745.9508,0
626983601,870.6165300701872,698.8947501519071,843.8494,694.7903,0
626983617,869.8414713603103,706.830893506061,840.0427,754.5916,0
626983634,873.399329843357,705.6799633547923,865.0258,712.9903,1
626983650,869.9061374961594,706.9025578610805,821.8554,728.7367,1
626983667,867.7991031944251,707.5406378601721,826.4614,726.2056,1
626983684,866.2836985701563,709.4948688462157,827.9811,739.4316,1
626983700,866.7728590954214,714.4721977772048,845.0338,772.9667,1
626983717,868.5458981819843,712.0933470793838,859.2047,701.3018,1
626983734,863.5931197945805,712.0791719079357,785.6748,726.3354,1
626983750,860.9223498996106,709.4083798728554,805.8052,693.132,1
626983767,860.8489171346431,711.1783441596742,835.2992,747.0814,1
626983784,859.3715299832162,713.3164565249292,816.2825,754.8693,1
626983800,855.0615672881332,712.5868624181891,774.6208,717.1284,1
626983817,853.2733198055024,711.4574023619704,806.1909,709.9364,1
626983834,859.4245611410506,708.0193250581784,923.2513,671.3026,1
626983850,856.0918123042454,709.2804445553572,782.0091,745.0469,1
626983867,855.0977576077076,711.5346285005182,816.1515,761.7802,1
626983883,855.7033011985393,714.3988971692555,841.1194,773.3927,1
626983900,864.3370188538427,715.0671171613474,974.577,735.9202,1
626983917,868.2230910888514,715.7778718753096,899.4982,738.5457,1
626983933,875.3549117944464,715.8307800930179,957.7218,726.6521,1
626983950,879.5122169154535,720.2584852339363,910.1815,806.0886,1
626983967,884.8377216911044,724.0598176081227,933.59,796.7778,1
626983983,890.3098615262732,723.5971314678707,939.3848,720.7906,1
626984000,894.676395634791,726.4733986338051,923.2233,783.4316,1
626984016,900.7251528271165,729.1171832739882,957.131,780.3134,1
626984033,902.852950453449,729.4636562637464,889.4068,740.1204,1
626984050,906.487984926363,731.2313985719635,915.4856,763.1648,1
626984066,909.9266402161127,731.6420777682764,916.5557,740.1813,1
626984083,913.2516348469632,734.5503484813926,919.4567,792.6332,1
626984100,914.919285859608,736.0540094411621,891.4634,762.8057,1
626984116,918.992160051848,736.0550872202497,938.7202,741.988,1
626984133,924.0156720261072,736.6574844353395,962.4803,749.8893,1
626984150,927.6893004417533,738.1044595754465,937.1345,769.3749,1
626984166,928.441803972252,738.0665472881042,888.5302,743.5154,1
626984183,930.6492293184632,737.5844390116348,919.4077,737.4332,1
626984200,931.2927436274382,738.8039242934889,896.5332,774.1987,1
626984216,931.3473982247878,739.1086125256611,890.5665,750.4678,1
626984233,931.3839940678537,739.2556674736408,885.736,751.562,1
626984249,931.5410153202891,740.2292882132006,893.6545,764.687,1
626984266,1137.7659111996763,841.9208491049692,1124.5059,861.8273,0
626984283,1138.8977953475517,741.9833887477296,1125.3945,754.2775,0
626984299,1129.4325754557922,780.8083428145534,1105.8069,838.0449,0
626984316,1146.0546567274328,781.1025954382866,1167.6918,796.0964,0
626984333,1229.419707187274,766.7290626767187,1479.0864,729.0532,0
626984349,1213.4632160257966,766.9695952841848,1135.1691,782.2742,0
626984382,1175.5198444985413,754.9928303575141,1163.8224,767.6472,0
626984399,1163.6346274525476,844.0938618165366,1151.6293,863.7217,0
626984416,1153.0312882178066,816.4397582164167,1129.2631,804.6504,0
626984432,1149.5072026088455,805.4457042744223,1129.355,799.1407,0
626984449,1153.8124015476014,799.7656044872342,1154.6417,798.1813,0
626984467,1155.9038204067788,807.5039434204812,1152.0864,857.5226,0
626984483,1182.220617399269,820.5794087096091,1305.245,904.3999,1
626984500,1330.4377738226808,995.9089226915896,1326.9335,1024.2101,0
626984517,1559.8337710522067,935.9545588143925,1567.2195,955.7659,0
626984550,1432.1737459047433,909.191268208501,1299.7618,902.6195,0
626984567,1393.368521429536,911.0154677595868,1312.4973,937.1455,0
626984583,1357.220700848297,893.1380159903258,1243.4886,858.0762,0
626984616,1349.355869633788,885.4964932582267,1316.3728,873.9913,0
626984650,1302.9078369768074,877.889083314341,1297.7234,897.6957,0
626984666,1285.692529387201,857.0136471932339,1279.6152,875.5295,0
626984683,1317.9246634475198,890.2304975432677,1347.3018,945.8152,0
626984700,1351.719271998784,865.3881018924251,1418.9347,828.9572,0
626984733,1334.4837930476147,869.0507922767712,1276.5649,900.4415,0
626984749,1314.9087033247238,842.3533196776381,1229.2073,747.9407,0
626984766,1129.1283691816873,359.8169868705558,1114.0145,343.2429,0
626984783,1083.5791264710972,189.6194643634167,1065.7601,160.8956,0
626984799,1074.0405351524826,142.36573961006974,1045.5065,59.6642,0
626984816,1078.849584853532,128.24432582688098,1070.6049,64.8355,0
626984833,1076.703360143572,124.9846709108313,1051.6371,81.662,0
626984849,1077.5665275657473,127.6293427126428,1062.8966,105.983,0
626984866,1072.362689497309,117.10601285066693,1053.7863,83.0652,0
626984883,1124.5455527244446,48.713423256038425,1108.2832,8.5813,0
626984899,1093.291444687165,94.12585018645849,1043.1125,107.2531,0
626984916,1082.2794653815267,109.02916256381917,1041.4709,106.1974,0
626984933,1082.3278807302804,108.94480241568473,1064.6935,73.3508,0
626984949,1074.2521628083991,112.96513259058187,1022.9045,95.6222,0
626984966,1067.7875502360969,115.05859435857326,1016.7921,91.7546,1
626984982,1067.3700366834714,118.13128025065242,1047.2795,102.5642,1
626984999,1063.9003017794296,116.33819844389883,1021.858,68.8172,1
626985016,1065.0248648543284,117.94008152954362,1056.5959,96.0644,1
626985032,1066.0634960487075,115.24059484184878,1057.5026,55.8059,1
626985049,1067.866289165177,114.67675578240045,1067.2638,74.3432,1
626985066,1052.0425500064912,112.85160904562487,869.8627,62.018,1
626985082,1039.9113045170059,109.8984967053065,890.9136,44.9557,1
626985099,1027.9520186621385,107.73141390664608,875.9224,51.2861,1
626985115,1019.7251639550335,108.17202704461067,909.8788,83.6354,1
626985132,1009.3081146897052,107.76553346592996,868.3787,72.5944,1
626985149,999.0727274837035,106.84659010904471,858.1531,64.5334,1
626985165,990.6235387034324,104.72486765180648,872.833,44.6122,1
626985182,981.8984696169862,101.99659676680972,858.5834,32.9381,1
626985199,800.3666800464231,52.91151251576002,768.4747,18.6588,0
626985215,865.4971801824657,97.54653387892617,836.8809,65.5679,0
626985232,861.9369509986245,89.46692953085977,829.3783,48.3251,0
626985249,838.2020698603719,109.77200482149124,759.0002,123.4612,0
626985265,852.4893300472439,105.49706227800823,868.024,59.6899,0
626985282,861.8869558831254,102.31808291413286,871.6722,56.5648,0
626985299,844.0279491901682,93.80774557097178,722.6576,18.9137,1
626985315,839.7925154010081,79.61724589440963,784.8276,-40.3556,1
626985332,826.4087295962031,76.75718007748274,703.6396,27.1,1
626985365,811.6739880080237,73.57557184694798,667.4164,19.3831,1
626985382,801.7834609013466,71.18049548900603,689.1652,21.1605,1
626985398,795.0493406385268,68.88322796109536,705.9919,17.7386,1
626985415,785.9335780473747,67.71326085328297,668.0475,27.6021,1
626985432,781.0292534483834,67.19863909519788,704.917,33.0989,1
626985448,775.3979910403314,66.82280402758278,688.1121,34.1702,1
626985465,765.6289102929563,67.34422475143866,624.5309,46.7328,1
626985482,761.7374961410984,66.3985285083432,693.7904,24.8572,1
626985498,758.9786614274601,64.5711463898861,704.5193,10.1096,1
626985515,757.2298343757342,61.58902193960543,715.3113,-10.1878,1
626985531,750.7056530591681,61.516338655937076,638.1934,34.005,1
626985548,742.5788129456251,63.553654944265354,605.4232,68.422,1
626985565,731.4469448668378,64.49239405992702,548.0442,52.1464,1
626985581,724.3268675504203,65.14061754980683,604.4378,46.5545,1
626985598,717.1150246334281,67.59819794979528,595.5621,78.2405,1
626985615,710.8342804665306,64.20989989265402,603.9708,-23.922,1
626985631,705.1826407911884,63.75371967054804,608.3336,26.5817,1
626985648,699.6960627779398,59.128891079624545,604.6593,-49.3998,1
626985665,693.7904441339786,61.1330275925597,591.2469,69.9932,1
626985681,690.8055020101822,57.332202964584326,637.1713,-37.8416,1
626985698,686.1283310689585,58.45664655701803,601.3262,52.8358,1
626985714,681.6648751353941,59.16943231131764,599.4551,44.848,1
626985731,660.9398445676419,16.344823128981975,622.2113,-18.2946,0
626985748,919.1392025683646,9.540164004600298,892.8489,-30.045,0
626985764,1058.3716268611804,6.987853859727757,1184.363,-40.3007,0
626985781,1136.104618887399,29.85666479430137,1281.6724,34.3699,0
626985798,1189.008543184295,34.6130226480417,1338.3077,4.4602,0
626985814,1212.3205776108957,31.19896928322351,1292.5383,-28.2001,0
626985831,1277.9147227482108,47.9505378622588,1269.0504,5.1298,0
626985848,1290.2763970123005,36.395300139084895,1281.9741,-7.5154,0
626985864,1150.9454056136785,43.71909745287511,990.282,12.9985,0
626985882,1192.9369569645855,45.39316417210647,1268.1903,5.9322,0
626985898,1202.197776585078,58.990340209073864,1218.6743,61.1415,0
626985915,1220.4861972256074,62.32302438764006,1283.9354,33.9231,0
626985932,1294.9605653254987,64.00922802999513,1286.9666,22.1162,0
626985948,1256.8329082440403,80.23831289686407,1247.0476,40.2323,0
626985965,1233.7337376360756,78.10536092143705,1198.6689,36.4395,0
626985982,1243.0472069219115,45.37691127157772,1251.8236,-67.3319,0
626985998,1206.2040395297001,44.742278952521296,1079.3433,3.3001,0
626986015,1216.9138493937705,49.21244908095936,1250.3508,26.2223,0
626986032,1227.0807106687055,46.38495895387497,1268.0903,-11.036,1
626986048,1229.2674200752517,44.633255114408726,1231.0031,-8.1992,1
626986065,1228.8072687163015,43.980552627579485,1213.8533,-2.2467,1
626986081,1230.2523651043973,46.15289219745858,1230.0894,22.1058,1
626986098,1229.572049292831,50.360446743099324,1211.8981,46.6241,1
626986115,1230.38955532312,51.34942925951633,1226.5735,18.5138,1
626986131,1232.3324190969583,49.23258506019899,1240.5575,-16.3086,1
626986148,1231.7159369597762,49.37629247264751,1212.627,8.9819,1
626986165,1232.8347349697108,47.50375213077865,1233.9087,-17.5638,1
626986181,1233.2823936749328,47.88654704306933,1226.521,11.0707,1
626986198,1233.8003624429293,47.765247416428565,1228.127,4.2576,1
626986215,1232.1071656102404,50.313590145937425,1196.7981,44.4293,1
626986231,1231.4337145768936,49.38973068289746,1210.361,-6.6729,1
626986248,1231.9687742023054,48.4245402970203,1228.5128,-8.4746,1
626986264,1231.5161972743786,48.3287549654062,1213.3547,5.1385,1
626986281,1230.1715767608066,48.060567481963965,1198.5313,2.4144,1
626986298,1230.5614580389622,52.49094884113535,1226.6639,81.9391,1
626986314,1234.3446429915437,57.177658582257514,1284.3661,88.393,1
626986331,1237.3727205972527,59.93286572387484,1273.4849,57.4958,1
626986348,1240.5445641233832,64.49867509665944,1277.8628,91.8212,1
626986364,1243.830542437072,68.98330956451345,1281.7416,93.1643,1
626986381,1245.9371102616362,73.94394896772033,1262.667,105.0997,1
626986398,1249.3205324408593,78.74873105329402,1287.2328,105.0054,1
626986414,1252.0000639462814,82.22990330292949,1276.4532,83.796,1
626986431,1254.3514255015916,86.71906301443703,1272.4717,105.8008,1
626986447,1256.3649073441054,91.53797384599491,1268.2952,114.2841,1
626986464,1258.2947805885528,94.59324614065682,1263.3884,83.6881,1
626986481,1259.8123288103754,99.60109556510405,1263.7087,113.1561,1
626986497,1261.6992609179285,104.17040004540019,1254.717,116.8212,1
626986514,1264.9507428148959,107.63550348678046,1301.0117,101.9545,1
626986531,1264.96585732395,111.41166239386095,1245.2168,108.7444,1
626986547,1269.1618611415672,113.3682767952459,1319.1628,78.0372,1
626986564,1278.1078940987186,109.21070203286381,1405.9673,-33.1824,1
626986581,1285.71338577596,106.30260263967013,1385.9265,-3.168,1
626986597,1293.1365681646157,103.32942094320599,1383.8687,0.8227,1
626986614,1301.419302348661,99.30737217238443,1404.8558,-20.1793,1
626986631,1309.067556732542,95.98795672691267,1398.847,-8.7326,1
626986647,1315.3027374378216,92.75466057689032,1374.6577,-2.7204,1
626986664,1321.9846491676974,92.27677942503139,1390.3608,46.5622,1
626986680,1327.9098049402546,89.80974733069297,1380.8778,12.7146,1
626986697,1332.7032840635181,86.02827142876575,1365.8755,-12.763,1
626986714,1339.3958333667529,83.4198447007424,1403.1665,11.8626,1
626986730,1343.5974823042645,83.45838499788317,1365.4244,55.228,1
626986747,1347.6693324153084,81.23644306126556,1370.8611,11.4025,1
626986764,1351.36054984501,79.88633335754102,1368.168,27.7811,1
626986780,1351.219716274221,78.01741229919104,1302.484,17.0471,1
626986797,1354.9339004601138,75.36736182716882,1381.4563,7.288,1
626986813,1358.7204753542458,74.064684013479,1393.59,29.9245,1
626986830,1363.4127548812505,70.88123606314944,1412.9392,-12.0128,1
626986847,1357.2812947059815,70.75133604175095,1219.9336,49.1788,1
626986863,678.9586010917749,166.8082628609355,641.548,143.2915,0
626986880,715.623410423887,235.73334811315908,680.1874,216.8244,0
626986897,623.2172207485708,235.9124503536751,486.7053,220.3752,0
626986930,630.9887246527841,229.4743003067004,608.0921,197.501,0
626986947,635.5890415556254,228.63915828345247,610.918,207.7639,0
626986980,637.1306531998385,224.21196452624963,604.3672,187.1,0
626986997,636.2183711161703,222.93754309643592,592.359,198.1835,1
626987030,643.1374968511742,225.8949301682376,646.2865,225.6177,1
626987080,653.9999955384407,210.48615710444898,615.5153,190.716,0
626987096,650.0529892021016,210.2699807578308,607.2498,190.3866,0
626987113,650.4597131284147,210.58901766639414,612.6744,191.5566,0
626987130,633.9740963803122,200.6837217329852,543.1891,149.7498,0
626987146,634.1974232202929,195.28168185207096,596.0985,152.1754,0
626987163,613.3921764373146,179.0557177238445,572.8544,157.5941,0
626987179,625.0485158463184,175.3064123026498,585.062,153.36,0
626987196,602.2854879633182,162.55163772498267,537.3241,126.7273,0
626987213,593.2719948072488,164.63439342478463,533.0768,147.2504,0
626987229,589.7532028974636,164.92932933688232,537.3613,143.9497,0
626987246,585.1474956508,171.0818794314736,524.7129,175.8077,0
626987263,578.8736188190918,174.36995024714636,505.3136,170.5588,1
626987279,577.8738987185993,173.01402169127118,530.5766,142.8052,1
626987297,574.3478058780249,170.0727118616262,508.3446,127.524,1
626987314,575.1913454891836,169.79033471338644,540.9589,145.9103,1
626987330,575.4618934465394,170.8630721453402,536.7751,159.0727,1
626987347,575.1476369487484,170.53426368800123,530.9099,145.7639,1
626987363,575.394439190029,170.128059058937,536.6946,144.2495,1
626987380,576.217822147828,168.98326018897052,543.897,134.3655,1
626987397,578.9766759749945,169.62976209535728,569.6993,155.7689,1
626987413,581.0631950288151,169.06050153184887,564.1627,139.9865,1
626987430,582.5664893051685,169.6876388102174,558.5618,156.533,1
626987447,585.6917302841567,171.41909390907807,583.905,173.29,1
626987463,587.2668083849079,171.32579859301777,563.8756,147.2949,1
626987480,587.6332081776523,171.66826383586056,546.8881,154.4552,1
626987497,594.1339805356283,176.98724857843752,645.3157,234.4641,1
626987513,599.4009126536076,182.56621723303854,630.7494,243.4591,1
626987530,603.9077007917831,187.4816601181815,622.5251,236.7099,1
626987546,608.097848059287,193.24225958092242,621.0642,255.312,1
626987563,611.1016906958879,198.51497862054504,604.2731,251.321,1
626987580,615.0056687719059,203.52992211715866,622.9733,250.4855,1
626987596,618.2460110839439,206.28284375798978,614.5983,213.6197,1
626987613,621.7525633803785,209.62115549847275,622.5862,227.3088,1
626987630,627.0627765989815,214.97553043344888,658.5149,267.3576,1
626987646,627.4080053377659,215.21486785945172,572.1227,177.5916,1
626987663,631.3531827560045,219.22765836816947,640.7371,249.9604,1
626987680,632.587473921162,223.87475786078514,593.6451,261.0844,1
626987696,634.340250804365,226.3401125552964,601.0145,220.972,1
626987713,637.9425778226072,229.6797651877827,637.9059,243.0019,1
626987729,638.5999322927165,232.54039872428467,588.0066,238.3499,1
626987746,642.3942140554585,235.16989893095283,647.3628,240.1116,1
626987763,646.6179397879262,238.2806976388709,656.6994,251.805,1
626987779,647.4867365619863,240.48892559021195,601.6167,236.4932,1
626987796,646.0283748245515,244.39048340440198,560.1648,271.1779,1
626987813,648.4419349859318,245.42433324395472,637.2281,222.008,1
626987829,649.505972237416,246.572081835415,614.5583,229.377,1
626987846,651.6678937110989,246.99558744268302,636.334,217.1905,1
626987863,653.1514781025595,249.6560046169549,626.9342,262.2081,1
626987879,656.155643335839,250.655402326578,657.4532,232.4417,1
626987896,658.2541069849548,251.28682278057664,645.4333,230.7801,1
626987913,659.8111880012883,251.58451295741096,636.5536,225.3336,1
626987929,661.7287696755557,252.62179481035216,644.2933,242.9892,1
626987946,663.3948707075052,252.95960663189464,643.9535,233.3855,1
626987962,664.0059121680384,254.12532031767864,624.0712,247.9402,1
626987979,664.8815261895052,252.86267121655453,628.7147,204.6223,1
626987996,665.1674215739447,253.77170924540457,629.7492,254.8222,1
626988012,666.5222486305022,258.26719531813717,648.2496,322.5629,1
626988029,669.1917784680917,264.32623777242895,672.0868,350.8258,1
626988046,672.6837526467422,267.5241653942515,687.671,299.4156,1
626988062,675.5607762581639,273.5142091664922,676.0077,352.3547,1
626988079,678.4401514725886,278.34181179381267,679.473,331.7714,1
626988095,681.2857236731592,282.07377756318334,679.4548,309.3407,1
626988112,683.956071183696,286.0337170950543,678.8875,317.7649,1
626988129,685.5403080241952,290.4020024043777,664.5254,332.5303,1
626988145,688.404047341067,294.2199473630456,680.618,315.2344,1
626988162,689.185368319763,298.9766500245726,652.3687,344.801,1
626988179,692.28120732164,303.0633564298021,691.673,335.7966,1
626988195,694.4405482842315,307.5477821927785,677.8678,342.7423,1
626988212,697.1119820660248,312.5347128889883,693.4276,358.2994,1
626988229,698.6024783155721,316.1192378935759,668.7201,335.8129,1
626988245,698.2929349278626,322.78823931093837,644.6965,398.5288,1
626988262,699.7034813743458,326.2075457546174,678.5973,342.5732,1
626988278,699.5832628317455,329.93777310310765,646.5884,351.6588,1
626988295,699.6198050815459,330.80816995307686,647.3593,306.0571,1
626988312,699.2951698622588,333.8607746388375,651.2069,346.1001,1
