timstamp,smoothx,smoothy,rawx,rawy,fixation
632428014,1055.0801278783633,492.9645050206146,1120.4546,508.044,1
632428030,1062.4723270978434,492.76875846914936,1179.4492,440.8162,1
632428047,1063.7346032450162,496.24912222580815,1072.9725,507.138,1
632428064,1066.622938241201,496.16959256287987,1104.2659,444.4435,1
632428080,1070.8499211791307,496.46682814777853,1127.1592,445.2756,1
632428097,1073.8591241450429,495.1146835278892,1106.7524,422.2399,1
632428113,1073.6401379678368,496.2091745471222,1055.0758,462.1714,1
632428130,1075.4791319163737,497.66017138258246,1101.8459,465.3309,1
632428147,1079.1889875921954,498.3147456731749,1142.9685,454.4287,1
632428163,1080.2070022784335,500.0574841664681,1096.7209,469.3595,1
632428180,1080.5650504572145,500.0710070785733,1090.4539,444.0759,1
632428197,1079.284185844511,494.7866556430571,1055.925,349.8832,1
632428213,1079.4628727330742,495.05663283836486,1089.4482,448.5022,1
632428230,1079.9174515592392,493.2016102467483,1093.7695,409.6835,1
632428247,1070.805645607848,490.39298951713783,919.8032,399.8394,1
632428263,846.4641778633596,446.2114704315955,847.1257,395.7933,0
632428280,909.0205323354916,442.8142056680013,911.6313,391.1394,0
632428296,905.8733054763709,456.47290841757626,905.7987,419.9944,0
632428313,884.3977068792815,452.35570391871846,842.1923,393.6542,0
632428330,876.1366616293141,460.1416170282418,853.7188,434.6915,0
632428346,877.1324782279509,463.6722088074944,884.1731,427.9367,0
632428363,873.947782955596,466.1434695800892,860.8037,428.8157,1
632428380,875.374326897324,463.83962947988647,886.3195,399.0948,1
632428396,871.9168147649465,465.3230299327496,850.8982,425.9496,1
632428413,873.7778166438051,466.57821517030453,891.4598,425.9361,1
632428430,873.8065147854184,469.24306831475195,877.3065,442.2305,1
632428446,873.0328392957902,466.8338975436393,867.809,392.8575,1
632428464,876.6359740565932,464.15838608511,915.347,385.3033,1
632428480,874.799201131768,465.87547594277845,856.9554,435.6902,1
632428497,875.5910320183928,468.233029141911,887.7014,445.8126,1
632428514,875.1896326074491,465.71755733570467,871.5067,383.5778,1
632428530,867.3522625993802,459.44191949029903,767.2996,329.4421,1
632428547,863.2898196617825,447.99175831084955,810.7141,246.0302,1
632428564,856.0724485149927,440.33414706586177,760.6328,292.0635,1
632428580,852.1868625527351,431.695225851692,803.7693,268.1585,1
632428597,842.604227079108,424.0526868223833,710.6655,277.1856,1
632428614,834.271621062001,419.61869155238594,723.3892,322.1315,1
632428630,830.8459201347903,414.2380739900698,796.056,300.2066,1
632428647,823.9064175534234,407.89108511697464,733.032,279.3389,1
632428663,817.2392312275554,403.1919233346546,732.2164,301.8606,1
632428680,807.3179671474245,396.8771968448902,669.7592,269.4575,1
632428697,799.6397388183291,391.2646021820662,701.6166,275.5284,1
632428713,791.5440688357962,383.07695812857907,686.6334,223.9644,1
632428730,787.1460768232404,378.9469169566373,747.0302,289.8358,1
632428747,785.8509296169225,374.1537549705093,796.4589,271.5424,1
632428763,785.7153828412029,368.6659905880878,812.1329,252.9579,1
632428780,781.1729679376526,363.7652382293005,741.5959,267.6092,1
632428797,776.751320973497,359.3044444359294,737.0847,272.7814,1
632428813,776.7793147396173,349.3323890800266,802.3768,161.3784,1
632428830,894.919331476294,138.31382563599757,889.7284,70.5367,0
632428846,819.9703124747676,188.82382914777799,813.564,125.045,0
632428863,838.1218359337214,164.82083962231007,849.8418,73.9041,0
632428880,830.3348969785906,161.44065059846207,807.3731,89.3313,0
632428896,835.4554927197357,155.18136271880994,843.999,69.6968,0
632428913,831.770944131797,141.75487329206686,808.2899,20.3471,0
632428930,829.7450232525036,142.00372464445138,812.4703,78.0447,1
632428946,829.0411211941738,142.379278155468,817.9,79.3079,1
632428963,826.6408137528729,141.14965910514627,802.9064,67.2641,1
632428980,828.8652271977937,144.7055895314923,840.1869,107.2801,1
632428996,826.8276255944892,145.22644034213084,802.3917,84.2068,1
632429013,827.0932928725862,146.23012831083875,823.2124,89.8187,1
632429029,827.0264185714631,145.34470613971138,819.412,69.8596,1
632429046,828.3114404080836,145.73255550906686,835.6843,83.7081,1
632429063,828.6494366272565,146.03644807422893,825.4969,83.3104,1
632429079,822.0735170818492,146.69725012434085,734.8107,89.9986,1
632429096,822.423931731077,145.68585580019405,821.8239,65.827,1
632429113,825.5849059229008,145.9508171463081,862.672,82.6586,1
632429129,825.3099803210296,146.62054715262948,815.0175,89.8317,1
632429146,823.8391435426613,147.10128419637562,796.3795,87.8353,1
632429163,824.207805276701,143.93630014639285,822.5287,29.5272,1
632429179,820.7539501711711,138.55436956933252,760.4717,-8.2338,1
632429212,829.7432404453441,88.17350571224334,821.2268,18.8243,0
632429229,431.8961670861961,72.74529540323566,0.0,0.0,0
632429246,568.1577046831289,38.123587484852784,829.9478,-106.5194,0
632429262,638.8718069852018,41.70350600105832,839.674,-18.6472,0
632429279,683.0922654561592,45.31998581998984,846.0431,-11.2937,0
632429296,857.6568101034641,83.9354498899348,849.9445,13.8794,0
632429312,768.4307275185283,65.63838763467945,757.38,-3.8675,0
632429329,797.5215365609265,64.56963199860331,817.3228,-7.1149,0
632429346,833.2818952162254,56.72131511366893,896.9675,-32.0231,0
632429362,831.8893570124867,48.650607440667365,816.9466,-47.8549,0
632429379,827.5109867650433,53.32909332352947,800.1445,2.1824,0
632429395,832.021913870885,50.76271361478184,844.6241,-34.0244,1
632429412,835.9781427346824,57.87840922918376,850.7997,30.0336,1
632429429,641.3854332929866,266.6281312718036,631.057,210.0924,0
632429445,650.2845605094353,375.08479441240775,642.8608,324.2178,0
632429462,664.7218067625679,371.69649726816397,672.4714,316.5912,0
632429479,664.4868627404046,373.486577525405,657.0142,326.0658,0
632429495,662.913699851659,383.4188339062455,651.9252,363.8782,0
632429512,654.8495584478663,377.0119466997373,614.3109,299.8967,0
632429529,650.2076672336138,373.13559965454436,619.3663,302.7014,1
632429545,647.3781214513431,368.8657005309928,622.9813,292.3163,1
632429562,648.285545179766,371.71475670569333,648.4267,341.3259,1
632429579,647.9580525825804,369.85828154444056,638.303,304.4338,1
632429595,642.2614015740512,367.02711932875116,585.739,292.4893,1
632429612,644.3769000892902,365.48103697007224,658.0649,300.2309,1
632429629,643.6249869997353,363.11046792421513,628.8846,288.8055,1
632429645,643.6246286499581,365.34824593110113,637.8309,341.0057,1
632429662,649.2286009799684,368.4940288690263,708.4785,354.4778,1
632429678,645.0467069923232,369.9692296188529,586.0247,338.0328,1
632429695,644.6477418283822,366.50369552731064,631.5719,269.5498,1
632429712,647.4535573663063,364.75314321409854,677.3842,289.915,1
632429728,646.6676468349789,366.45433302343594,628.1171,340.9906,1
632429745,644.9322846410801,377.26419713760464,616.1614,484.5651,1
632429762,642.6963293447316,388.4035773179143,607.1216,499.4009,1
632429778,664.4449746122586,583.9981570872766,662.5195,544.1017,0
632429795,610.8699140750605,513.5776302831107,605.5065,470.8213,0
632429812,582.08703431505,530.7371783890829,546.9739,507.9238,0
632429828,595.1598116629419,534.1518883316425,616.9177,499.3797,0
632429845,600.2092713263083,551.134725521106,612.0161,563.2271,0
632429862,598.842400902097,563.3022437864374,589.6741,573.1577,0
632429879,600.6360244917433,562.6860222873476,604.8906,518.1474,1
632429896,601.4881242151189,563.9147042167716,601.9908,530.2189,1
632429913,596.663009321582,563.2050348476564,558.3798,517.657,1
632429929,598.1243658727554,558.623073883527,604.2286,480.9531,1
632429946,594.8420118493184,559.7189815455162,562.1545,529.5438,1
632429962,594.8851004410304,558.1729090912878,590.8853,502.8151,1
632429979,588.8621010927167,557.7111608997853,523.3237,513.9355,1
632429996,593.8554133919088,559.3844928049073,646.1345,537.1733,1
632430012,594.0018536146257,560.2512815397713,591.7638,530.0972,1
632430029,587.0143614804394,562.8665091374611,498.3416,556.3865,1
632430046,581.5934305017805,562.9513607814046,510.7626,523.8542,1
632430062,579.1492254660964,560.690254390325,546.3479,489.2078,1
632430079,568.7593265254773,567.8408122023327,429.0089,631.199,1
632430095,565.5053277678727,575.012102232764,527.7827,636.8149,1
632430112,565.7197561510633,580.7344306990025,578.0594,619.4205,1
632430129,563.7685084173194,586.6514192858718,542.6239,628.4,1
632430145,566.1876314020501,593.601886968811,612.2466,649.7171,1
632430162,565.2256423412036,598.4541165446129,555.5459,620.7086,1
632430179,566.0593784467975,600.5560121590063,583.3795,577.1299,1
632430195,559.7529211999966,602.2114530730895,459.938,574.3657,1
632430212,557.359588998088,599.7959099297979,522.4928,503.8499,1
632430229,559.9447249473211,602.4672183681103,609.7964,594.7698,1
632430262,555.0064016698029,607.0434754327797,476.7329,634.3811,1
632430279,550.890224766562,616.6019251418603,490.8104,728.5989,1
632430295,550.6449157009372,622.8245067408018,556.5562,671.2592,1
632430312,515.4267952971279,809.4403409886867,514.0999,784.2039,0
632430328,625.5022537557104,643.0409866663033,623.7363,606.9825,0
632430345,561.3482600866832,716.2755986182489,494.9591,763.3175,0
632430362,547.8058042116606,739.0752316429198,519.4653,757.3135,0
632430378,548.7991519005736,763.9366208762949,552.7999,812.539,0
632430395,552.5396025301715,764.1894830312436,566.968,735.1611,0
632430412,555.4454730221358,772.0002328101301,570.275,782.3608,1
632430428,560.2475082528812,779.9589055200183,589.4124,798.3021,1
632430445,560.5314471147576,788.9125806753639,563.0439,821.812,1
632430461,547.5223972187279,791.0375169311604,445.7712,778.8796,1
632430478,546.6996826367857,789.8445239784021,540.2537,748.6049,1
632430495,543.6336470047996,783.798689405978,514.2428,695.6621,1
632430511,549.1926670432704,789.9966694618645,608.8401,824.5864,1
632430528,543.3587532398201,792.6477813587029,480.5049,793.077,1
632430545,541.1072791432618,794.1437201308196,517.1954,781.6519,1
632430561,543.7130527765275,798.228607187265,579.0569,817.8033,1
632430578,546.1723929251135,785.8478935005392,574.7446,591.6999,1
632430595,848.4232927206305,560.2885679009837,851.8997,515.96,0
632430611,821.9544789921387,595.0906671307368,825.4108,553.0847,0
632430628,831.7985002396898,579.0836193305244,844.941,519.0575,0
632430644,840.3369884819821,591.1979951416318,862.3469,573.8295,0
632430661,840.195197510604,584.6133975705548,842.9,521.0648,0
632430678,840.7498769772626,589.1499190168213,847.1779,565.3279,0
632430694,835.0043741207049,598.3322755790505,810.993,603.6713,1
632430711,863.3790628120655,595.1021372018675,1037.1404,529.0736,1
632430728,1083.6653290847748,646.911766765895,1096.8691,603.193,0
632430744,1014.6378582218914,568.2916021457262,1023.7042,521.5382,0
632430761,1069.2528339854714,594.2890574430277,1137.5896,574.3809,0
632430778,1086.970412755893,592.8269999704133,1134.9714,542.348,0
632430794,1092.1358213180154,588.2400183065604,1119.1229,526.5314,0
632430811,1094.540657978426,584.3457470578782,1115.2634,520.8625,0
632430827,1106.7592555807296,581.6161901890337,1179.3677,519.2412,1
632430844,1105.397282863824,582.4411216462257,1108.0693,540.5131,1
632430861,1108.8027032947318,579.7379970086865,1142.7039,512.9955,1
632430877,1113.226537507765,576.9195516256008,1157.6311,506.8023,1
632430894,1115.0834001758192,574.1765727842488,1140.4661,502.9017,1
632430911,1131.574184412934,579.3539658116733,1297.9811,579.9553,1
632430927,1145.7752886851665,587.546781115395,1298.9777,622.4274,1
632430944,1156.3591387906736,590.9051716507165,1275.9802,576.2545,1
632430961,1171.3479549375388,595.6818787060818,1347.011,598.0507,1
632430977,1180.0507632659744,598.9622536443819,1283.8867,585.3656,1
632430994,1186.8721793413586,603.3281523758872,1270.0829,605.1514,1
632431011,1197.0150170283796,606.190305615716,1326.3572,587.579,1
632431027,1204.230875861969,608.87900417202,1295.235,589.0178,1
632431044,1207.471069285437,610.1726119293664,1243.1436,571.4095,1
632431060,1212.492713024418,616.1725915522926,1278.1216,648.0543,1
632431077,1221.527497697774,620.6738356835659,1348.67,628.0209,1
632431094,1260.3965578115133,663.8943160851917,1279.7483,618.0521,0
632431110,1309.4600165727663,636.6889692166579,1329.7487,588.5439,0
632431127,1308.613219111316,694.4305667774987,1330.7839,710.0997,0
632431144,1306.7240369842093,646.5247357352172,1320.9861,498.3977,0
632431160,1303.41837777187,646.6239424809113,1313.6833,600.0525,0
632431177,1302.1756398421007,639.8732534983768,1316.7759,564.6378,0
632431194,1303.9591770380416,611.1786071921989,1329.2556,415.3662,1
632431210,1309.3468709458057,587.3483522336796,1357.3701,393.9744,1
632431227,1306.5559662860364,570.283028844912,1302.8401,404.6176,1
632431243,1304.066025286327,564.9835271138865,1302.2493,479.0111,1
632431260,1297.4495089400732,474.1435625859428,1313.428,417.4799,0
632431277,1326.3453589097871,413.7195354568189,1341.8048,353.3163,0
632431294,1323.0367245097364,483.8243433440768,1338.3586,500.9771,0
632431311,1316.8991373873487,498.2856136132247,1322.1997,472.7005,0
632431328,1316.0245615403994,485.517918255326,1329.3894,388.7081,0
632431344,1324.9500682357682,480.0109883773402,1377.7418,399.634,0
632431361,1318.7438429149604,485.0628433413547,1304.7914,455.1446,1
632431378,1317.6294693157522,484.4681283206414,1327.9315,424.2342,1
632431394,1311.228998759329,488.24507972230447,1284.8661,459.1342,1
632431411,1307.2474892971354,486.0884644460868,1293.6865,412.637,1
632431428,1305.7136703958506,487.49910598201444,1311.1392,443.6796,1
632431444,1303.4256321407154,485.39400750687395,1299.9023,408.8199,1
632431461,1306.6667800404236,480.5848082868757,1357.3062,373.7184,1
632431477,1307.2387635998643,481.5485982177143,1331.5742,437.1166,1
632431494,1304.225210388246,478.6213694351708,1286.0698,389.2449,1
632431511,1305.9345510457088,478.99278761264094,1345.3271,428.8004,1
632431527,1308.49289780766,479.36532568785776,1358.899,428.9244,1
632431544,1310.5508490875893,473.2174620625049,1352.2662,334.0557,1
632431561,1310.409753336969,472.61943875143515,1323.5149,411.8742,1
632431610,1309.3781113774996,462.6781355706325,1306.4521,265.7073,1
632431627,1311.2477074098888,450.01932160695884,1349.8435,212.4066,1
632431643,1309.8972281300516,437.97540378056755,1299.6318,212.394,1
632431660,1307.536378476287,429.0278340505708,1283.1658,254.3132,1
632431677,1306.880948631132,420.383191513781,1310.0615,251.1452,1
632431693,1306.2461785309797,410.23216122024417,1309.1865,217.4702,1
632431710,1304.3264976799971,402.3131579641409,1287.3796,248.5636,1
632431727,1303.0830548688523,397.12678978711676,1299.0386,289.4778,1
632431743,1300.3448219954216,388.2719612314527,1270.3459,217.788,1
632431760,1295.127201070229,381.83829482560947,1225.8357,254.6138,1
632431777,1301.7561516592027,375.0262784427218,1435.0598,237.1425,1
632431793,1299.0361380126044,370.10587693605186,1268.4326,267.4081,1
632431810,1296.3738443902103,362.7144997073166,1270.4128,220.2765,1
632431827,1292.4532823839534,355.6641111539291,1246.2874,235.1065,1
632431843,1288.639087146399,349.7033613679838,1245.5811,243.2038,1
632431860,1286.8665298934702,345.2299383696249,1282.1785,253.0135,1
632431876,1285.9541929914233,340.16560585196385,1300.4829,236.016,1
632431893,1283.9559322443122,336.4232649919965,1271.6461,259.1977,1
632431910,1281.8599330906623,335.6543432696852,1272.0531,303.1366,1
632431926,1283.5817550950703,333.35607491804967,1333.9302,270.8171,1
632431943,1284.1225265351027,331.62165879547894,1312.6476,270.2915,1
632431960,1282.3951825335078,330.91388575965954,1272.8835,287.6132,1
632431976,1281.219803061234,334.03373850474236,1281.936,348.9785,1
632431993,1280.980732688258,335.8138813067228,1302.7825,316.578,1
632432010,1278.7764183286881,334.801658981236,1261.6527,269.5719,1
632432026,1274.920798606855,335.6893957917583,1226.6619,297.0323,1
632432043,1272.9032862680815,335.4538900816039,1264.2595,277.954,1
632432060,1272.9205388583428,337.8457974162409,1301.3525,323.5988,1
632432076,1273.6531177400823,339.2777177091825,1311.0686,294.7251,1
632432093,1274.621812867382,345.9222961748472,1312.8962,398.661,1
632432109,1271.5478002016453,348.27843693013676,1235.5881,306.2172,1
632432126,1270.2277014911992,351.92977613392975,1271.343,326.6947,1
632432143,1268.6813284040827,356.90468507828035,1261.3176,354.5739,1
632432159,1267.8596832977241,359.4307831226111,1270.9788,317.2414,1
632432176,1265.7682051382112,362.20002329122127,1250.438,324.8908,1
632432193,1265.4548703390299,364.56794110835904,1281.2141,316.8159,1
632432209,1262.844460401524,366.109089190986,1236.3438,309.1624,1
632432226,1261.0750506036284,365.9499453259626,1251.2242,284.9455,1
632432242,1262.9560708034164,367.81180997945887,1313.8418,316.1243,1
632432259,1262.5833499047226,370.2798345863279,1268.5099,334.9433,1
632432276,1261.9544427124108,371.3880493760388,1284.5505,310.9236,1
632432292,1262.104471839778,377.6407058216757,1281.0198,411.0156,1
632432309,1234.9189217942876,557.9547414489732,1250.8884,506.8636,0
632432326,1286.6611147020878,620.6829862647583,1305.8235,572.0703,0
632432342,1290.5570787532777,592.9744840806745,1312.5234,513.6193,0
632432359,1281.1898695667398,559.7315797016023,1277.874,438.7993,0
632432376,1296.986322744394,555.1309005489968,1363.0662,488.3185,0
632432392,1294.0334016705774,559.9655817187675,1300.1169,528.9684,0
632432409,1284.6032793487352,560.3103329184179,1254.7441,511.5768,1
632432426,1282.523621303471,553.6174677079688,1287.1224,461.4235,1
632432442,1278.898232178233,553.4890991419225,1271.9878,502.0589,1
632432459,1281.0464637821055,549.7456268622699,1315.493,468.6317,1
632432475,1273.2251921422428,539.3766795398163,1221.5239,398.5341,1
632432492,1271.5558499278293,535.7173324052939,1274.1349,451.7598,1
632432509,1276.9165162985903,526.0304482518407,1348.3311,375.7524,1
632432525,1274.314004259838,528.8878786840494,1264.4128,514.8034,1
632432542,1283.682345330104,529.4630864396752,1410.5966,486.6512,1
632432559,1288.4882798872939,529.7416657796412,1362.2092,483.7837,1
632432575,1288.0091116882675,536.6339823539972,1297.3323,577.771,1
632432626,1287.4610229461764,545.3862783762381,1296.7811,612.3184,1
632432675,1296.5294254536936,555.1281043278175,1439.343,633.8002,1
632432692,1297.9661259236489,559.8404358975492,1330.0657,566.6808,1
632432709,1299.6158059871532,569.0807777394439,1336.9458,643.5922,1
632432726,1300.660522403561,577.065051706511,1328.8772,631.265,1
632432743,1300.9935297847846,582.4378766217819,1317.8643,594.7729,1
632432759,1303.916571198275,589.389154617825,1362.8103,626.0767,1
632432776,1307.4010935651356,593.6779854880792,1373.9163,585.9397,1
632432793,1309.1047737594424,598.0814792094035,1346.2666,593.1239,1
632432809,1311.3832545145426,604.6591424351581,1359.215,636.3232,1
632432826,1314.834819882461,611.3954363588366,1382.2273,644.5492,1
632432843,1314.6994171351935,616.1802780659846,1320.5593,616.1548,1
632432859,1316.8051567924824,623.1663527514527,1363.1873,660.9946,1
632432876,1320.7120152631467,628.1994850042037,1397.0098,630.6156,1
632432892,1322.4302158885723,636.4967258085911,1357.707,695.6036,1
632432909,1322.5899316924556,627.7354426424984,1325.629,381.9223,1
632432926,1342.6570216043706,237.2308321824659,1354.3896,167.0742,0
632432942,1309.55328592375,150.618004337879,1318.1221,76.3808,0
632432959,1313.2758132916895,162.26107353078996,1326.3604,100.7579,0
632432976,1308.3618391745902,140.80497172354183,1305.5227,21.2389,0
632432992,1313.97644656545,138.54888988406788,1339.4863,56.534,0
632433009,1339.419415056771,145.59387354823485,1452.4906,98.3393,0
632433026,1330.1225582602847,148.28990508683833,1291.5334,88.1588,1
632433042,1323.3459265158374,152.8080140022096,1291.9634,106.3878,1
632433059,1312.9009566447885,153.47200172801004,1250.0061,84.4692,1
632433076,1307.6289099239898,153.2409658663393,1276.7637,77.2231,1
632433092,1304.26010809352,151.3496332249992,1285.6842,60.3949,1
632433109,1301.470635544749,148.3246971609549,1285.8108,45.2295,1
632433125,1300.4507817656095,146.80581147486396,1301.4363,57.4216,1
632433142,1299.2067186666457,144.88428759822347,1296.9197,50.3354,1
632433159,1298.4628432281881,141.7301174590476,1300.8438,31.7254,1
632433175,1290.7302772153619,142.51955186129413,1208.5245,82.1648,1
632433192,1289.7802551231025,139.87289982077448,1291.3025,33.2743,1
632433209,1289.7155786707667,139.65631463999094,1303.1545,65.4333,1
632433225,1286.8646350404217,136.91196221493874,1260.3892,27.4666,1
632433242,1278.5120015739963,135.37948026020442,1173.542,44.8919,1
632433258,1273.402340189747,132.89043484288015,1216.0903,27.1648,1
632433275,1266.6148073576876,128.38424814087801,1183.3403,-7.7606,1
632433292,1261.5932306319955,124.0979836324344,1206.1678,-8.299,1
632433308,1256.0057610535625,121.14133220080848,1192.3613,10.9708,1
632433325,1248.9659831847428,119.5929494555116,1163.1663,33.0551,1
632433342,1245.1645333026283,118.65510702500546,1213.2183,40.9242,1
632433358,1237.8224661866743,116.45178768677515,1146.8014,17.8393,1
632433375,1180.5534576130062,92.43247504509071,1183.5304,17.2874,0
632433392,1208.341984983981,59.55161416719403,1211.4282,-17.8356,0
632433408,1184.5878312801872,71.23771559560689,1163.0027,7.5746,0
632433425,1174.5869991173156,75.65999878948469,1156.7808,9.2543,0
632433442,1164.897560294973,78.27845259639834,1137.8279,11.1788,0
632433458,1161.267305126842,77.9023005857927,1149.0884,0.7777,0
632433475,1163.332663766831,73.14976784613832,1175.8311,-27.4556,1
632433492,1146.8814383145675,78.44008528128958,1051.6327,37.1238,1
632433508,1142.62771122469,73.42483633122698,1116.0928,-37.1947,1
632433525,1132.3347517138006,61.125461031424,1053.7108,-110.5426,1
632433541,1130.0095857845606,52.727597838193454,1113.1246,-94.5781,1
632433558,1122.143469918836,47.71573164259571,1051.8751,-71.5544,1
632433574,1115.6649588725847,39.496267120609446,1053.9601,-116.2943,1
632433591,884.3344171612139,85.85030292199527,877.5345,15.4389,0
632433641,382.2047664962758,40.07050789504778,1069.4438,-72.2184,0
632433658,295.9654558040944,44.36471959953289,0.0,0.0,0
632433674,446.35826464423144,27.497302287711225,1029.1027,-118.2346,0
632433724,528.84332021023,11.172668245908142,0.0,0.0,0
632433741,362.7110178243505,26.71112454262024,0.0,0.0,0
632433757,544.2474155201504,31.3462578708236,1086.1982,-31.4889,0
632433774,628.7311562037918,107.76767437748056,963.1121,352.6378,0
632433857,948.1956869102845,513.6686512216306,953.7873,465.1243,0
632433874,971.2409292809765,421.6152993051594,975.3607,367.7341,0
632433891,957.5109363153147,428.8009157515597,947.3912,383.3285,0
632433907,961.0815579448358,446.1343386333043,973.6907,429.8778,0
632433924,962.7644509563861,457.09576902646234,973.4073,439.1062,0
632433941,951.7139202350436,459.53535000458817,911.515,418.2073,0
632433957,943.0734326652707,458.49216123149205,904.1713,401.6818,1
632433974,943.7915509359864,454.78801850035745,952.7304,379.8762,1
632433990,945.9975140487799,459.38258200698226,967.1485,439.6937,1
632434007,951.6655613944774,455.20363058613884,999.8158,368.8237,1
632434024,953.0621517452349,447.09600246594675,967.2649,323.5546,1
