timstamp,smoothx,smoothy,rawx,rawy,fixation
626966386,1092.0221498438905,530.3896647502612,1068.2096,527.1523,1
626966403,1090.7701727431354,531.8949254662493,1066.0673,548.9248,1
626966419,1093.0420147138009,534.3566585439836,1115.2134,564.183,1
626966436,1089.9896949177496,535.295661455581,1036.743,544.6865,1
626966453,906.2801587693596,449.35080953187776,880.6804,443.4016,0
626966469,879.4437441903781,477.80364549589115,852.6339,474.4765,0
626966486,891.1934336061942,473.16389443407843,877.2083,464.1022,0
626966502,901.640799540731,473.40952952489073,897.5918,469.5631,0
626966519,906.1800921117356,477.02574131716574,894.5699,484.5098,0
626966536,912.8613380431068,465.5771665703825,914.6161,411.8629,0
626966552,914.6748474872231,467.2833428933652,898.1068,471.853,1
626966569,913.6740497031385,468.8895429024111,881.647,474.7563,1
626966586,912.3081132405617,472.3600368712176,876.9316,493.2596,1
626966602,902.1271141586634,473.0136487412815,795.8462,475.2081,1
626966619,904.670982289282,478.2759682275599,902.7435,520.8425,1
626966636,906.2036225693709,479.0500448823435,896.0938,481.1218,1
626966652,905.4258639051722,482.19905298289734,872.322,510.4962,1
626966669,904.2853484860033,481.84582732231036,866.6702,472.044,1
626966685,904.5582650840684,482.2197956028207,883.1128,480.94,1
626966702,906.4582803508581,482.020525377736,905.1871,473.3554,1
626966719,906.3325352519482,482.62857118981725,879.1454,485.3007,1
626966735,906.0575459933347,483.755066952005,876.8472,493.9527,1
626966752,905.8753756482552,482.970175782106,877.8648,465.8501,1
626966769,906.6088425777778,484.1249225894137,891.937,495.9366,1
626966785,907.7087242735837,485.91879555900357,898.4155,507.5189,1
626966802,909.3342829923395,485.9877396800839,907.7772,480.2564,1
626966819,909.3792937335944,487.9057848532305,882.819,512.6073,1
626966835,907.0389174601986,486.73267111543123,842.4532,461.1617,1
626966852,907.008146995536,485.4092895774203,880.9578,457.6004,1
626966868,900.8367633240018,480.73367357291306,773.6771,398.9641,1
626966885,895.392728152091,475.741299604177,783.621,391.0567,1
626966902,891.4427006177799,473.1321795610637,807.7484,432.1019,1
626966918,885.3632552139568,469.8070359918853,767.1479,418.0887,1
626966935,880.8882524253994,464.71746778169324,793.1381,382.9997,1
626966952,876.2217067041958,460.83063425382716,786.9084,403.1882,1
626966968,871.8183088112462,456.02288272126845,789.4762,385.7469,1
626966985,866.6894570091017,449.92630847774444,776.2067,358.6219,1
626967002,861.2711257876934,445.8248839374197,769.9072,394.2356,1
626967018,857.1182603706495,441.01006648952585,788.8776,379.0441,1
626967035,851.4183639579702,437.7644880075442,758.7041,398.1584,1
626967051,845.8123481368423,434.5824892252821,754.2515,402.7238,1
626967068,842.3776175259,430.27559887187437,787.7096,377.5174,1
626967085,835.973965611424,427.00077151224286,728.651,395.7009,1
626967101,833.0535861726089,423.710559588629,779.6344,388.2554,1
626967118,830.0756297375088,422.2504173062284,785.9724,423.1691,1
626967135,822.5916654805436,423.85308376263254,697.9956,473.3603,1
626967151,689.0579306001616,580.0658180835297,653.3665,587.7738,0
626967168,673.4266736002148,572.2793916385398,636.9578,579.6639,0
626967185,656.6555261646938,561.3368079325465,601.7767,556.7206,0
626967201,667.6929048797181,545.9890023714398,653.8602,518.3382,0
626967218,680.5414523045606,551.1183731031723,684.2408,572.7905,0
626967235,678.4194114406815,554.6182645252202,632.9613,575.6415,0
626967251,683.4535186987596,554.0107673394434,672.6995,556.1873,1
626967268,688.8859881372847,558.9104828201233,685.3563,594.925,1
626967285,694.9879974332443,563.2243903279036,700.9205,599.2368,1
626967301,697.7786208153108,561.723025154658,682.3125,554.3026,1
626967318,703.2306711667045,561.1123389940441,713.2477,560.1091,1
626967334,701.4534669093212,560.3934727646205,645.8652,559.0445,1
626967351,701.1554747966037,559.8133382240419,660.0699,559.3154,1
626967367,701.7748578549142,559.5552693811179,670.9178,562.2849,1
626967384,692.5134312823949,563.6161787058467,546.0747,620.559,1
626967401,694.3753573024209,564.6672576695437,683.1232,582.3909,1
626967417,692.0140827892172,563.898931059224,626.2925,558.6235,1
626967434,701.1613777971266,557.9723145040277,790.7174,478.2484,1
626967452,701.934000499938,547.1355120643593,674.0952,398.191,1
626967468,706.4510331370866,539.7595889141961,733.2153,441.5681,1
626967485,710.77702408365,532.8062800676935,734.4128,441.3512,1
626967502,714.7852699544196,529.0992772852342,733.2819,489.1378,1
626967518,718.1462356005308,522.9139659481446,725.9527,443.0229,1
626967535,721.8983180595221,517.8730181696502,735.6821,457.1872,1
626967551,723.3697425838463,512.8331681732109,699.6968,452.9669,1
626967568,725.8174117382099,508.8165233204091,718.8051,466.1437,1
626967585,728.3833445346089,503.76995707301194,723.3444,443.043,1
626967601,730.9771794560002,499.00906482775133,726.403,443.3918,1
626967618,733.3733835330091,497.0885779213668,725.5697,491.128,1
626967635,735.7339306938057,495.6972738144654,727.4825,497.0859,1
626967651,739.6069263688341,493.2235505717297,757.6038,472.6122,1
626967668,741.835320654978,487.4138734196561,722.9566,415.5687,1
626967685,758.9139560902587,283.71192851198674,725.7098,267.7057,0
626967701,789.5968664138479,267.2035667473985,757.824,249.4168,0
626967718,778.387754022749,276.35184657822373,734.4085,269.4624,0
626967735,778.8145209373631,269.68963960835345,747.4377,237.9657,0
626967751,779.8394122302843,275.61279665852743,750.9101,277.5323,0
626967768,771.5013085322807,271.7985705354718,704.5391,238.9938,0
626967784,776.1439270009472,280.4094740879676,767.9993,308.5899,1
626967801,776.6912080340915,281.92306364410535,747.7574,274.2228,1
626967818,777.7956437924802,285.30245236681867,753.2951,292.4273,1
626967834,782.0725353495504,280.7875398762984,783.3878,225.9517,1
626967851,779.5200501626188,278.2200296898003,724.0884,238.4973,1
626967868,775.6290761440383,278.4949987903231,705.8202,265.3566,1
626967884,773.8150957092267,278.02796810963713,723.2968,256.8742,1
626967901,771.7246527827249,278.9035853774424,717.2875,272.9155,1
626967918,770.9029288378887,278.89466830984856,730.4769,262.366,1
626967934,768.9816877367322,280.15068619058394,714.6221,280.0131,1
626967951,768.6495988092576,282.7716571611549,734.4386,300.8582,1
626967968,768.9014747025991,285.4456185066259,742.3728,304.5862,1
626967984,767.6641131121978,286.64199773099693,719.9797,285.1205,1
626968001,766.1049484758933,287.37896210765484,713.5822,279.3033,1
626968017,765.6339340043245,288.4329076903116,729.2816,285.1508,1
626968034,765.1180774086813,291.90422038530573,727.9639,326.7557,1
626968051,769.4779747208967,301.0058879238816,808.5819,424.4661,1
626968067,766.0486815579214,308.87676355380256,679.1256,411.828,1
626968084,762.3278536304202,317.1172563394939,671.9854,424.2488,1
626968101,759.1112288857165,327.8295946052298,678.6519,474.3554,1
626968117,758.4512696531497,337.693636683325,721.7415,465.4723,1
626968134,756.5376718891691,344.14542762909457,698.2307,410.3211,1
626968150,753.2174109283886,351.9514971817783,671.5286,441.6543,1
626968167,751.3809970157487,357.9980041814198,696.4417,414.9415,1
626968184,747.4321056545817,368.0728192506431,656.461,497.3048,1
626968200,689.6715482115047,649.3996804448135,654.2164,662.3649,0
626968217,660.6256497677405,635.9501264969686,623.7289,648.3917,0
626968234,659.7177152448804,614.5280344997183,621.7003,602.3821,0
626968250,668.0671776019468,617.2329381832259,648.8884,633.7407,0
626968267,680.8664354706306,624.4985581689268,684.625,658.321,0
626968284,679.9501478080189,624.5991955142977,639.6572,636.1768,0
626968300,679.6326626311775,629.129548317051,641.6149,664.2971,1
626968317,681.4008330466977,629.2344096972234,655.7678,640.7755,1
626968334,698.7864998073444,646.2253029010893,784.8397,778.0172,1
626968350,697.3924742518751,646.3559647210424,648.3778,657.353,1
626968367,695.5673803168031,643.6579466265915,641.8025,629.4398,1
626968383,694.1374425663375,639.9457596880051,643.0691,613.9736,1
626968400,692.382255358937,636.1809890706887,637.255,607.6216,1
626968417,690.328364027659,636.7160106463159,631.3141,655.4071,1
626968433,690.9685432104558,637.330318171737,662.9456,656.7417,1
626968450,689.4692554117305,634.0865525729753,635.0529,605.0208,1
626968467,686.2149185205473,637.9994439707104,609.0402,704.198,1
626968483,685.5673260533592,636.9728346469352,643.1002,634.4525,1
626968500,682.635177986061,636.9825063733977,608.0582,649.9877,1
626968516,680.4269566747957,636.7716501956387,616.356,646.3817,1
626968533,674.7950114331526,638.2462159450454,559.8003,674.6595,1
626968550,653.2964987597217,634.8746267816312,616.0429,647.3602,0
626968566,657.8505516745457,646.953988949969,620.8527,660.2792,0
626968583,668.317965386837,642.7662977081679,642.7449,650.9204,0
626968600,666.580167211322,649.3247037711648,626.3739,676.7869,0
626968616,663.2556547540687,651.9834754489076,616.1979,674.1648,0
626968633,658.0391152761737,651.8310778299968,599.6804,665.0616,0
626968650,901.3498383847225,542.2489428095851,875.7891,543.4424,0
626968666,1028.319690474868,447.6964743672971,1008.6036,439.5283,0
626968683,981.494383634066,376.47591467840357,910.1352,288.0645,0
626968699,966.8958599850428,366.4873160364861,913.7526,332.7256,0
626968716,964.04523179443,348.2964072792368,932.3883,276.333,0
626968733,987.0265545987628,343.76488321851934,1060.0554,308.8312,0
626968749,946.1680090088664,351.5259958746704,922.2013,337.4602,0
626968766,975.2940301882824,313.34987589298777,952.6189,295.884,0
626968783,1038.4570944212196,354.5858031410005,1085.1172,382.3447,0
626968799,1019.595180352882,346.3100412229605,959.478,313.3164,0
626968816,1008.1009739144033,337.2254087218653,951.2482,292.5306,0
626968833,1000.5312441806554,332.992102430918,948.2747,299.4229,0
626968849,985.3898278291415,309.9495863033129,886.3924,173.1688,1
626968866,975.5823233916833,293.6898277096265,895.0702,176.8553,1
626968884,968.5879672518702,275.589278729733,899.137,130.3672,1
626968900,964.2883538005071,264.8798013948998,910.551,164.2208,1
626968917,904.753123043823,185.67421240749258,878.2937,159.7179,0
626968933,897.1337859734942,204.48828956106098,870.3628,180.0921,0
626968950,917.9120092386879,184.12325586646767,913.7478,135.6114,0
626968967,925.146244604439,171.84537428096604,914.5171,118.1011,0
626968983,914.9355932303381,173.33198870206212,856.9906,151.8365,0
626969000,926.3258334638908,181.10248197960334,947.9478,186.7267,0
626969017,1193.8150963433272,330.50876497558596,1181.7351,310.5984,0
626969033,1122.7839437371877,305.7902419743767,1107.2029,285.2202,0
626969050,1129.6659381923862,302.64969357396444,1121.5942,278.2346,0
626969067,1123.0354220827285,304.44412876642485,1093.6237,287.8482,0
626969083,1123.9222077336838,300.9973169094339,1111.1761,268.9902,0
626969100,1135.0049140594565,297.1848696063583,1165.5774,259.0046,0
626969116,1138.2484981425087,297.25460654862474,1139.3911,276.172,1
626969133,1141.0935807874098,303.33931048284364,1142.9512,320.0933,1
626969150,1143.2222255835993,303.6897933463752,1142.4435,284.5104,1
626969166,1146.2553963641774,302.5404434653179,1154.3521,271.2424,1
626969183,1157.3513034826144,313.30844707406885,1238.7522,387.3548,1
626969200,1211.7561034544547,537.466330142284,1201.1587,532.9722,0
626969216,1203.8557837053795,578.9049482941673,1193.0007,577.6947,0
626969233,1212.5201485897317,569.7015105917296,1211.0875,557.6178,0
626969250,1205.7728518431118,541.308488133076,1180.6282,476.7771,0
626969266,1205.6884432315921,527.6149324062052,1194.4485,479.3096,0
626969283,1203.793237092693,527.397820488324,1185.0481,522.4247,0
626969299,1200.7778114524847,530.3247221082262,1174.4624,541.9638,1
626969316,1197.906429722178,525.3028189170942,1169.5217,489.8544,1
626969333,1199.4324750928301,530.073438076672,1199.6401,560.3829,1
626969349,1202.5682616522674,530.67957229921,1216.6351,530.7452,1
626969366,1203.0595878071808,528.990992562098,1196.1298,509.1002,1
626969383,1203.9122127834737,529.338048926875,1200.8113,528.2367,1
626969399,1203.6056787897296,529.2457069691816,1188.9773,523.8146,1
626969416,1200.5984271288394,524.836335128057,1155.7695,470.6414,1
626969433,1200.2288401103524,521.4883638469234,1185.2664,477.7019,1
626969449,1196.690830341488,519.3830345178188,1142.3413,490.8773,1
626969466,1185.4560306648348,516.0606541843016,1030.2958,472.4016,1
626969482,1176.6553099030527,513.4672397338561,1052.8882,478.7835,1
626969499,914.7184047318013,388.15881572722515,889.3434,377.4157,0
626969516,1022.8968475512011,525.9302129783804,1003.1523,523.799,0
626969532,1032.1625172708723,513.3657490184822,1022.4783,496.4778,0
626969549,1037.9979502829763,503.09962755303604,1030.9604,476.8932,0
626969566,1045.6969829815832,504.73568246473894,1050.7898,505.6665,0
626969582,1047.271243331009,505.2318849829777,1034.7458,503.2814,0
626969599,1047.04811771628,506.63811688501147,1026.8445,510.1538,1
626969632,1056.928637091799,506.2456129249093,1098.1589,498.6505,1
626969649,1062.556380503722,506.7518779841943,1082.5189,505.5546,1
626969665,1061.7385778672128,507.94713864639436,1035.256,513.5646,1
626969682,1060.158007782448,507.72407564371554,1026.4553,501.6003,1
626969699,1064.3087481577816,508.925026537204,1084.6487,515.7455,1
626969715,1064.8689782444762,510.54802561901886,1050.5195,523.1571,1
626969732,1066.6859583402088,509.4234340621887,1066.6028,491.3189,1
626969749,1069.8497016508127,508.78639973718157,1086.515,495.8203,1
626969765,1066.4684041489895,507.93108624223584,1003.1844,493.3652,1
626969782,1066.426426267042,504.7452181739882,1045.9839,458.1683,1
626969815,1198.1568296568726,493.9084560579737,1186.7734,486.3382,0
626969832,1040.5367624376386,484.1071605645321,1021.5187,478.4958,0
626969849,1003.4773337674815,525.5396917808877,944.169,568.8127,0
626969865,1000.612198827314,539.9255563023925,974.1469,569.8696,0
626969882,990.0751149635386,543.1510566825908,936.3184,553.2568,0
626969898,985.9626386972886,558.6532139625274,948.3575,624.8235,0
626969915,971.3981273676535,586.0184733653949,949.3478,589.3359,0
626969932,990.2729723059822,549.9261971505799,969.0258,550.1777,0
626969948,991.6302430125528,542.3239702509966,971.8224,533.7924,0
626969965,997.2427253222662,551.2497834989782,988.0734,570.4185,0
626969982,1006.9027873486833,547.2324044490728,1016.338,533.5853,0
626969998,1003.5620746655956,554.7494800324558,968.9186,587.1411,0
626970015,1000.6820972701472,557.7824464571839,965.1094,574.1936,1
626970032,1001.2636633298094,562.0672743562569,984.1924,589.0218,1
626970048,998.1800842345683,566.048223831461,955.8765,595.2194,1
626970065,997.9747317689927,568.3499256754375,975.9738,586.9211,1
626970082,994.8162436377806,570.325920267969,946.7585,588.2872,1
626970098,994.6850540874165,577.8135817420442,973.7443,651.1614,1
626970115,999.6177149381654,588.4583349074237,1031.1128,699.1866,1
626970131,1027.6548903754228,792.1871814364471,1008.9336,810.2037,0
626970148,951.0617312871536,741.0943883037319,928.4924,756.5428,0
626970165,997.862269542125,728.3336505722131,1026.4089,727.5138,0
626970181,1004.7168641198152,726.0727029728462,998.7092,734.4647,0
626970198,999.0501943536611,726.7421438935618,960.7976,742.8113,0
626970215,1045.3810567902917,741.6708924502067,1217.9775,815.5507,0
626970231,1005.8176997498961,788.9899369782315,986.0332,807.1381,0
626970248,1040.3483905449345,757.0692524250228,1022.1349,772.1999,0
626970264,1045.1968186786146,777.3746744159425,1032.4077,815.6744,0
626970281,1050.4322570710515,765.7483085588217,1043.5424,756.2163,0
626970299,1042.1759569025794,761.9506284517976,998.2659,765.8081,0
626970315,1078.1998753168734,763.3162690218185,1210.203,781.8127,0
626970332,1068.5991437902449,758.512934991311,1001.0352,749.09,1
626970349,1058.6338792967822,752.7106457253971,979.9357,732.6401,1
626970365,1047.5747536513356,752.2899202721785,952.6681,766.2839,1
626970382,1047.1736809724414,756.0891850507257,1027.9094,802.8613,1
626970399,1042.899601053823,758.6089319944529,989.3113,797.3451,1
626970415,974.3094379394806,756.6787903517074,952.9083,772.9125,0
626970432,991.1280755635756,799.5646423914811,970.6663,818.7682,0
626970449,1007.1687191097687,793.2141669046172,1004.215,804.5701,0
626970465,997.3680540320306,780.8561815113146,956.5767,772.4762,0
626970482,990.1153142038298,775.8898084113907,947.0229,778.0723,0
626970498,985.3591200763749,770.9543112667488,945.2081,767.9459,0
626970515,988.7514103414428,773.0766489159668,985.9565,801.761,1
626970532,992.1553530306385,770.7993561268178,992.4868,773.7587,1
626970548,1015.3267190888646,763.5796324806716,1157.3813,725.947,1
626970565,1020.4856991900483,762.3018065754213,1038.6038,768.8976,1
626970582,1033.4925354192183,775.6078548256321,1124.7059,911.4044,1
626970598,1041.9795863314523,786.6568605912,1098.5046,909.7461,1
626970615,1049.4800925763182,794.0649683795923,1100.8674,885.0622,1
626970632,1224.0410947222445,877.7840105931523,1215.0509,898.9354,0
626970648,730.526113265918,833.755292023162,697.5918,860.0265,0
626970665,666.1117052569774,824.3971315543133,562.663,842.1206,0
626970681,653.018040213261,813.2778504804056,589.2823,816.038,0
626970698,654.9300566447691,808.8917852506602,624.7207,820.704,0
626970715,655.3319349419215,822.1532176828438,621.0134,905.165,0
626970731,620.3300383591132,771.8298565650013,581.894,795.2863,0
626970748,660.7376538689156,831.0924638479958,624.428,858.3584,0
626970765,643.0142809003978,812.1226315569098,587.2052,818.1954,0
626970781,644.3982689878042,818.5410217729908,610.2782,858.9125,0
626970798,645.8419588688457,816.0416767101647,613.3034,834.3695,0
626970815,645.4073254646069,818.82783815621,606.5895,857.2965,0
626970831,644.5525817533214,815.8711191769818,603.0607,826.7855,1
626970848,644.3070977701058,812.0564358368451,605.7039,814.6366,1
626970864,636.1974418032917,817.6453109217025,542.3075,885.8347,1
626970881,637.4328027305461,822.8555437159862,611.0471,891.5571,1
626970898,629.3930039039025,826.1873981509414,522.4891,883.4127,1
626970914,623.899212143408,825.4748066993093,536.0132,844.9429,1
626970931,616.7559635491746,826.5220188753767,508.606,864.8357,1
626970948,613.2769949652336,827.0031884244996,542.0565,858.9545,1
626970964,609.7133877188292,828.4983652233915,535.825,873.1409,1
626970981,607.3852218462496,832.1562195882664,547.3772,904.8206,1
626970998,606.0561477041615,835.3781322399052,557.97,903.1305,1
626971014,602.991328632499,830.7826156539452,530.3015,790.9791,1
626971031,602.1172527369234,830.4308492104549,559.5136,851.4663,1
626971047,599.0175114269034,827.8841696139938,523.2853,817.0618,1
626971064,597.1299195542553,828.4447980983322,539.1371,865.4957,1
626971081,586.7575008352516,830.6603551159167,398.5399,896.0479,1
626971097,584.3167878201311,832.4320809698597,521.8533,888.2252,1
626971114,580.6962784728325,833.9432655410131,498.7353,885.4827,1
626971131,577.8893943996898,836.6004373529337,509.0125,906.7666,1
626971147,575.7138202387871,835.0066144898135,516.5116,832.3348,1
626971164,576.4939188204703,833.5508029266307,565.7276,833.7946,1
626971180,576.0139619155555,834.0592410199934,541.6317,869.9576,1
626971197,230.8787282470342,942.1329445996367,174.1587,985.2085,0
626971214,547.8955241931526,857.8432124125695,506.2208,889.0771,0
626971230,556.0082952265012,842.0339990156987,523.1134,854.8217,0
626971247,551.5693643413696,827.1444224706272,500.6023,824.3828,0
626971264,561.1835100765747,832.6651791353944,550.0298,879.2056,0
626971280,560.1130727132702,826.4883165833702,514.1855,829.2646,0
626971297,573.1527623490604,813.1112268890935,532.5634,840.5133,0
626971314,506.62387731963133,804.324669462865,462.7982,832.2003,0
626971330,536.1723183149608,808.2162287609609,524.6908,839.5518,0
626971347,521.3899517248753,793.6362174546687,447.2072,789.7557,0
626971364,434.1625453081505,780.7762172249065,115.665,771.7338,0
626971380,464.07044501132845,781.0771465649459,543.9802,807.7531,0
626971397,607.747625136835,810.5215666563715,568.8198,837.1335,0
626971414,536.6628029786456,769.75370030384,494.1835,794.4875,0
626971430,558.7114765863786,793.6203756820377,540.4919,845.0266,0
626971447,540.1152803431779,783.7212122653422,458.9285,788.7952,0
626971463,566.5904801027574,728.5123192866868,607.3993,572.1758,0
626971480,602.8008452764437,675.2818906687567,710.9288,466.3047,0
626971497,722.1626136999337,453.37871973084907,687.6909,450.8936,0
626971513,705.9466192002642,455.37203078808614,670.6984,453.3165,0
626971530,710.8216319410528,467.0667240919428,680.9755,478.2839,0
626971546,712.7888175708284,477.6658767480578,682.0718,499.7204,0
626971563,715.6329246064763,470.506970617178,689.6154,446.2213,0
626971580,708.3394823464048,469.6556509205054,643.09,465.5437,0
626971596,705.8003081972867,467.3050862330573,657.8393,454.1155,1
626971613,705.3416513391419,465.12040423042856,667.7053,450.5124,1
626971630,708.0834446836075,463.11118649888783,692.5177,447.3561,1
626971646,704.9399003133789,461.0397482712718,644.9424,443.8347,1
626971663,709.4709551009112,460.876936738216,714.5265,458.1325,1
626971679,707.7058628196218,460.09218409520054,655.3224,452.0184,1
626971696,706.2642442452267,458.54193941974876,656.2073,441.7628,1
626971714,706.2726233939824,457.91008908758414,671.6013,450.4616,1
626971730,702.4801266366712,455.189630241398,623.0089,422.892,1
626971747,703.0906969155652,453.8037013940932,677.0478,436.5899,1
626971764,703.0940278292034,453.4710335541217,669.2183,449.9162,1
626971780,702.998519132126,451.9336042552346,667.6285,431.3504,1
626971797,699.3167749171863,447.033730017813,613.3528,378.4514,1
626971814,699.782567753704,442.9181109247273,673.9861,384.8095,1
626971830,697.9896310664977,438.80812142660875,638.192,381.2936,1
626971847,696.4534274582314,437.07300067500813,640.7977,416.9082,1
626971864,694.7827056384549,433.83124208145426,637.0461,389.0833,1
626971880,693.9128764190144,431.75125322909804,649.155,405.923,1
626971897,695.1670292552201,430.4537454368771,684.725,416.7463,1
626971913,694.3123361084985,428.95533012759864,648.0409,411.7726,1
626971930,692.3812004134747,429.0613513217474,628.2448,439.122,1
626971947,491.0305602863799,339.69970843117045,445.0675,332.5421,0
626971963,685.5565737466349,401.76237999980424,649.1647,395.9835,0
626971980,681.0484707801182,401.972398573895,639.7268,396.5894,0
626971997,690.2415466297502,399.43747723571255,673.2285,387.6662,0
626972013,688.6666490208963,395.9448243934023,647.3606,378.6516,0
626972030,689.7018172200089,388.12268118505375,657.5668,348.2885,0
626972047,687.3188195710699,382.17843184289507,638.6001,344.5424,1
626972063,682.5679944272446,381.52759235518766,617.2688,371.6984,1
626972080,681.8512905679823,378.16813951085135,640.7087,347.7125,1
626972097,683.0925295406396,374.83664588149196,656.844,341.4454,1
626972113,681.861584707873,373.97778561929533,634.8594,360.6223,1
626972130,683.8808713829817,374.7425192891908,667.2474,376.1662,1
626972146,685.648934637806,375.3211810132245,667.5188,375.0938,1
626972163,729.3641379916172,393.66128120929267,695.0619,386.5155,0
626972180,693.0738764317679,394.3066799450265,657.0225,387.8324,0
626972196,703.2210795735151,394.53423981329405,678.2704,387.9739,0
626972213,706.2156048305918,396.5417769966086,677.001,394.2021,0
626972230,715.6950278268345,400.56072537710475,710.1481,406.4791,0
626972246,712.0240638561667,400.6928230893646,661.4097,395.0275,0
626972263,727.7016504696478,383.7329853352715,772.7648,285.6536,1
626972279,738.0888394745316,358.40898636158045,765.1686,191.2389,1
626972296,829.3983428415056,183.18064820791827,799.2955,158.3274,0
626972313,847.3574795004197,198.9501734026489,818.1682,174.987,0
626972329,823.4356166123323,206.13953130030086,768.1227,191.2579,0
626972346,823.1186254904106,201.20351657236964,792.2036,167.2425,0
626972363,812.2099608485461,199.40030845276303,747.5397,170.9164,0
626972379,815.0240352070855,205.0504008954935,796.4045,205.8662,0
626972396,813.6241243332142,206.2107309081634,776.0183,189.3581,1
626972413,816.2790633319727,202.50576116835558,802.0115,155.7655,1
