timstamp,smoothx,smoothy,rawx,rawy,fixation
620232238,931.1061977871041,496.9511193767083,850.5957,328.3187,1
620232255,926.8519156563282,495.6545245676,851.6727,324.3312,1
620232271,923.2140334461953,495.0442109193481,853.1382,334.1346,1
620232289,918.8067678392046,494.0537858042379,836.436,323.5191,1
620232306,915.6900778778682,493.91452940636,849.2537,340.2538,1
620232322,912.676447489624,493.333485114498,845.9689,330.1608,1
620232339,911.0555878405444,493.71266479714023,864.4852,352.3305,1
620232355,908.2700333362827,493.2420966950238,842.2918,330.8483,1
620232376,905.7980551276853,492.77388791448516,843.9364,330.2759,1
620232388,732.6657126584755,518.9051862043793,677.4845,360.6039,0
620232407,870.6365071065012,478.15461602549857,832.9403,314.1784,0
620232421,884.0401391934312,483.0134708946317,864.0492,333.2117,0
620232439,887.8625281383732,484.55581750972624,861.7286,332.5219,0
620232456,890.9679744002659,483.28369943873076,866.6167,320.1989,0
620232472,886.5781307389051,480.64929726647244,830.8052,301.4756,0
620232489,889.0234002854589,480.37245059129856,867.5975,319.8114,1
620232506,890.4034140847928,480.56257964112814,864.6343,323.6702,1
620232522,888.7437548319123,480.61728256113304,840.8218,319.7679,1
620232539,889.9074165651989,481.8701613254835,865.5707,338.9701,1
620232556,891.6985746267621,481.34578088198856,873.6774,316.9154,1
620232572,890.8943445642935,481.80841367259217,847.468,328.3441,1
620232589,891.5362878305202,482.73970157324567,864.3362,339.4606,1
620232605,891.7951344614319,483.7551172475401,860.4825,342.6395,1
620232622,890.8201666636494,483.3430353135947,842.9034,315.1944,1
620232639,888.2911050276986,482.79300889090206,818.7586,308.8178,1
620232655,888.0813612136145,482.9861806255302,851.2931,327.3941,1
620232672,886.6462491999778,482.9109727951005,831.4036,319.5323,1
620232688,887.165890173976,483.4300834999106,862.2078,336.5815,1
620232705,889.0942538089441,483.7638269748095,886.3022,335.8519,1
620232722,889.3045275316923,483.81713533154675,858.0389,326.3063,1
620232738,889.6879339569039,483.87210306336505,861.2738,326.8825,1
620232755,889.1230490654023,485.7065969057553,845.9003,369.9999,1
620232772,881.0566791826303,489.39143286618497,708.7278,403.2509,1
620232788,697.191172039101,556.7874067261176,638.9813,416.1724,0
620232805,668.726255717673,559.4984477370667,606.6041,416.6813,0
620232820,694.4176394998024,551.7917722844678,664.4122,399.0366,0
620232837,695.505922331919,554.2107486365069,639.4996,419.8325,0
620232853,697.627564605519,553.4660943826955,646.2054,408.2527,0
620232871,698.5071067506938,553.7311182866816,644.0894,413.6108,0
620232887,699.120400039587,555.3915739736933,644.6768,427.4461,1
620232903,699.9690576939265,557.0723281530396,647.9695,432.8929,1
620232920,697.9859111728418,555.0982869896569,623.5985,390.4108,1
620232937,698.9946327087816,553.3739804544009,648.7387,391.361,1
620232953,698.8517744533028,553.2099920165518,639.0148,408.7803,1
620232970,701.1532272491147,550.6805929983898,665.6785,373.6104,1
620232987,705.2993519682943,541.3848996182375,688.3252,254.0394,1
620233003,627.7919530286373,422.94650686713163,552.5251,193.7971,0
620233020,752.732688746828,426.6810277530917,695.4749,216.4549,0
620233037,747.8571981328814,431.54628713442213,684.8685,230.6249,0
620233053,753.5362447524135,427.68051525487397,708.9568,207.396,0
620233070,750.5053072894896,426.1668322325969,682.3273,207.0376,0
620233086,752.9624750462483,426.48786803854733,706.8516,219.6037,0
620233103,753.909641021699,426.8581938811182,702.0869,220.4627,1
620233120,755.0947358689567,425.77623845623714,705.433,206.3271,1
620233136,756.878636857109,424.8594101146932,713.0537,206.1633,1
620233153,760.2936203420354,425.4561034864208,733.0288,226.4133,1
620233170,762.1278581521689,426.0204119605532,722.6849,226.2647,1
620233186,757.6318671204822,425.8476746354247,652.6752,207.6629,1
620233203,752.8244399499312,425.93512747423654,641.3642,210.388,1
620233219,747.377261908073,426.5557470487186,625.5531,218.4655,1
620233236,743.1456923346478,427.91644383488074,634.6715,235.1176,1
620233253,739.6289414202101,428.9537924001439,638.8062,231.7412,1
620233269,735.6486668409889,429.0103187497087,626.1732,211.4694,1
620233286,732.0810680482291,429.3078431033148,627.604,217.1333,1
620233303,728.1795917877537,430.01761885516044,617.867,225.9482,1
620233319,725.8489493220486,431.0647325220817,639.913,237.5943,1
620233336,724.9688869907892,431.78779783468104,661.7315,233.9164,1
620233353,727.5163166926624,431.1854979497451,719.7046,209.166,1
620233386,723.3009933281674,426.16753652620474,594.2945,83.0605,1
620233402,723.6251003021579,426.8249864340673,678.8503,233.6516,1
620233436,839.1273806235224,307.1046166388914,787.7832,37.6294,0
620233736,504.16388883337885,325.30019019172016,811.061,43.5342,0
620233769,694.7544496499238,338.1638133867819,1056.5559,159.022,0
620234052,693.4153005667433,391.07114977698575,624.3414,400.2167,0
620234086,684.5542588425714,440.43049185325555,583.7234,529.6997,0
620234102,640.1897406827202,646.8711757779197,578.6772,551.9733,0
620234119,623.4420735759912,644.4351049334675,559.4119,545.8546,0
620234135,632.3857866542153,654.3589597450923,580.8841,579.8041,0
620234152,634.8610151421702,655.6320416984895,578.759,569.8092,0
620234169,638.0937287263989,658.2210183608526,588.1533,583.1448,0
620234185,642.188291906261,656.6386854833765,599.3019,559.8008,0
620234202,642.3359619007832,657.9104684584522,582.4424,579.6308,1
620234219,643.1633359964616,656.5802601528733,587.2109,555.9471,1
620234235,644.3690733805335,656.3672263320253,592.554,566.3904,1
620234252,642.9548371974174,657.5034169901002,570.0767,581.3866,1
620234269,639.9308774572627,657.361394805961,549.7701,563.0896,1
620234285,640.112433251291,657.5232627280844,581.4877,571.3286,1
620234302,639.2591165185061,657.576486152299,568.9445,568.3924,1
620234318,641.3023065236957,656.4812919259842,604.991,551.766,1
620234335,640.613903692574,656.5079731505124,570.7407,567.1218,1
620234352,640.3208366319391,654.8032164357044,574.3658,532.5043,1
620234368,639.4277713894533,653.8012622208358,565.2241,543.1612,1
620234385,639.6316078562579,652.4863188184861,581.1957,536.3649,1
620234402,638.5255040157894,652.4147490015603,560.8063,560.0568,1
620234418,638.3698699140637,651.2886606710706,574.8176,536.6794,1
620234435,638.0015889034986,651.1238257701749,571.62,557.7316,1
620234452,638.3313039508689,650.4884502928936,583.1839,546.9958,1
620234468,638.0259379923408,650.1446005549393,572.0333,552.009,1
620234485,638.189843171962,649.2746834847826,579.8893,538.7479,1
620234501,637.5478492984599,648.656438984215,564.9429,542.3813,1
620234518,638.0906249108364,647.5572211628969,586.5359,531.2549,1
620234535,637.7663642170704,647.1925988784867,570.5955,547.722,1
620234551,637.0770114670697,647.9232583302903,564.209,575.7064,1
620234568,634.4119086698806,654.6050371457205,530.4957,733.671,1
620234585,631.3317935608982,661.232053972931,521.2053,733.8881,1
620234601,578.6720371464617,787.0638147101412,515.8955,766.9501,0
620234618,591.158565268177,767.8497272316632,529.1333,738.0289,0
620234635,595.4560504933936,765.821927432071,538.7241,732.7282,0
620234651,594.8924307829359,768.8212301292313,532.4661,749.4285,0
620234668,594.3317313643546,768.4349550092215,530.8131,737.282,0
620234684,590.682359821042,764.9801159213958,511.3496,709.8571,0
620234701,586.6317087365728,764.9807508957242,501.5208,730.486,1
620234718,586.5670639880632,767.1095595654286,524.6284,756.0531,1
620234734,587.3210489914878,767.0729720056493,530.9569,736.5059,1
620234751,588.1183271495462,764.9579207918032,531.8857,708.4764,1
620234768,587.2791209485043,767.3569986634118,518.0016,768.0466,1
620234784,586.524386617325,768.1736090768022,516.7952,748.5385,1
620234801,586.1237217785454,769.7927528960007,520.3893,764.6884,1
620234818,586.672557180582,769.3375700663522,531.0454,731.6888,1
620234834,587.7112380384194,770.0953377942502,539.4022,755.189,1
620234851,588.0187598755804,770.4025144883873,529.9088,746.5078,1
620234867,588.3565926845803,772.3305642003951,531.9354,781.7001,1
620234885,588.3550249954945,773.0701441189851,526.2036,758.3005,1
620234902,588.755259869317,772.5417743539527,531.8646,731.4955,1
620234918,586.098278984622,774.796670621053,482.858,790.4726,1
620234935,581.6323548222641,778.2002537493225,450.0345,817.4879,1
620234952,577.4744484956377,782.7186304911397,452.6284,849.7284,1
620234968,573.518381736888,786.8464005416239,452.5713,845.436,1
620234985,570.0194672095976,790.6918146711585,457.5931,843.8161,1
620235002,566.9122976474454,794.4982877056934,462.0556,848.0215,1
620235018,563.2339567744139,798.2465993306837,448.5101,849.5662,1
620235035,560.2581597695238,801.8083866341586,458.9158,850.4495,1
620235052,557.2254444224084,804.9168282683597,454.7162,842.3062,1
620235068,554.4878227856899,806.5839510911079,456.4144,807.6545,1
620235085,551.524770629226,809.6364815231502,450.4939,848.7664,1
620235101,548.5886411251373,811.46618635923,447.031,818.9489,1
620235118,546.1095094745472,814.8269644346229,459.6187,859.4802,1
620235135,543.7274376464546,816.1796927070138,457.5801,807.644,1
620235151,541.5408129585505,818.4476441852196,458.4609,839.4675,1
620235168,539.2699233110155,820.419999274391,453.2208,833.7754,1
620235185,537.6757869174241,822.7450749762679,461.9973,846.441,1
620235201,535.6372017252563,825.017861720862,449.3798,850.407,1
620235218,534.3269120221299,826.6105444962601,463.0302,839.7619,1
620235235,533.2957513580059,828.1487494053235,466.3529,840.4024,1
620235251,531.879216206543,828.5176722593292,454.9254,807.8552,1
620235268,531.2748456170463,829.4146701079414,467.5861,834.1718,1
620235285,529.6778398990265,829.921734399178,445.1081,821.644,1
620235301,528.9486260580767,831.5461204809415,461.73,858.9576,1
620235318,528.1415130398103,833.6095525823913,459.6649,869.8737,1
620235335,536.1111214092195,832.2159463232267,630.1011,799.4529,1
620235351,783.5488643076774,783.4187578831763,749.7805,788.5508,0
620235368,791.2347426486789,781.1746897293675,758.4418,786.006,0
620235384,793.8030363796139,791.3390832189627,765.3899,819.0171,0
620235401,795.4834150254989,795.4282100205739,768.2919,822.569,0
620235418,794.5360594884611,801.8840252424211,761.0878,849.3319,0
620235434,791.6787178914458,800.414421444641,746.8322,805.5317,0
620235451,788.5397219362245,801.6553785365843,739.4813,825.4846,1
620235468,786.6441116728492,800.3031391679957,741.6874,801.515,1
620235484,787.2331085225968,800.9466257963118,760.2421,824.1228,1
620235501,787.1122865089637,801.3995157053197,754.4476,822.6453,1
620235517,787.2783067986032,801.3530957776444,757.0413,816.7764,1
620235534,788.4570846934882,801.9041350415207,769.309,827.6951,1
620235551,789.1518161694111,801.2716335539676,764.6605,808.1616,1
620235567,788.2405612285843,800.3160529959365,744.3759,798.5106,1
620235584,787.0717349792689,799.0725269672967,739.1493,790.359,1
620235601,786.0773011682392,796.8678837282122,739.2719,768.4526,1
620235617,785.071071369157,796.9810603649231,739.2455,813.3973,1
620235634,785.2681439556899,797.7663211864196,757.4928,830.3735,1
620235651,785.515749206595,793.8565228792045,754.8633,724.3895,1
620235667,785.9458914439001,790.2893994573227,758.1735,727.0404,1
620235684,786.9052864072651,786.6794452543783,767.4542,722.0477,1
620235700,786.9125601199037,783.4792901790961,751.4784,725.3616,1
620235717,787.4448521752727,780.6610592461996,761.1414,731.7696,1
620235734,787.9566296117067,778.1480440045199,761.2524,735.7277,1
620235750,788.4256496253727,775.1391023892384,760.23,719.1294,1
620235767,787.9806039889652,772.4450618837932,743.3134,721.4993,1
620235784,788.2615282377905,769.382079246246,756.6902,709.4549,1
620235800,788.7939458963069,766.8974153930243,762.1694,721.6927,1
620235817,790.230556724371,766.1355069969832,781.681,767.1627,1
620235834,791.8054658238199,766.412017644145,785.9302,793.2433,1
620235850,794.4279079064606,766.1346694920724,806.9395,777.9622,1
620235867,795.7160018788577,766.2430183848851,781.1776,785.5372,1
620235883,797.5144513763222,765.628397186952,791.9937,767.4327,1
620235900,798.8031776339201,765.607432412694,783.3654,780.2393,1
620235917,800.8892201268242,765.4750145168421,799.2078,779.0877,1
620235933,802.0831169062548,766.0769777340911,781.7488,790.2921,1
620235950,802.81023566863,765.4313290479625,771.9423,754.9331,1
620235967,803.7841131906781,765.5341691504383,779.2899,772.1832,1
620235983,804.6237509393069,767.1253620338788,781.3359,814.3393,1
620236000,805.449393866586,766.9529284908058,780.0118,764.1207,1
620236017,806.1061074913563,767.9351068165323,779.2795,794.443,1
620236033,807.2078632336525,768.4880318553012,790.2067,784.2917,1
620236050,807.6892944796792,768.8606164305157,778.2704,775.6161,1
620236066,807.343719187095,770.3500796863351,761.9383,803.9783,1
620236083,807.3637200353094,770.3154875457884,768.6062,762.3336,1
620236100,807.738821582063,770.0919049862578,776.7791,756.5907,1
620236116,807.936907284077,770.1400820241417,774.6371,769.4197,1
620236133,808.2004720102805,770.273956413352,778.8794,774.1233,1
620236150,807.3645284590333,771.0603950173308,757.9669,779.2639,1
620236166,807.354491097823,773.1146469643031,776.502,818.5177,1
620236183,807.2833446365079,774.2875491796542,775.7869,795.2323,1
620236200,806.7683152186439,774.7123816240064,764.828,775.6893,1
620236216,807.6060208022225,774.9848772749389,792.942,777.0391,1
620236233,815.9681683092426,776.6325960569959,944.2404,834.6871,1
620236249,1138.1126018712957,773.5569039274454,1154.3561,820.2755,0
620236266,1304.6279985789986,745.4460450030123,1343.1019,797.7922,0
620236283,1321.8381405687712,749.6736367777711,1382.8301,815.8351,0
620236299,1327.6993570592765,756.3952541057155,1383.9709,841.0903,0
620236317,1329.9872932897235,759.4707933807356,1380.8584,838.719,0
620236334,1333.367513364804,761.6594075953931,1392.1394,842.5315,0
620236350,1340.1038569682664,779.4553776449008,1385.4551,856.6848,0
620236367,1326.3774969500498,786.9672644918624,1370.1743,866.8087,0
620236384,1322.2300434115843,785.099869876397,1360.5095,859.7617,0
620236400,1325.3290774354234,775.793786526546,1374.449,820.2755,0
620236417,1329.4736796095922,773.2237892805272,1386.5848,835.0892,0
620236433,1330.2254237276597,775.3795433455534,1377.6157,863.0747,0
620236450,1332.6799087227864,775.2590701205058,1390.1501,849.826,1
620236467,1333.3445325395976,775.0786207604676,1381.4287,847.801,1
620236483,1331.9384245570016,773.9640654559438,1364.2771,833.9271,1
620236500,1334.8700624115681,772.0733109503657,1403.2446,824.9694,1
620236517,1335.8091763557848,765.0162912228037,1384.8184,741.4854,1
620236533,1335.8653401362,757.5465563322118,1375.5433,716.1379,1
620236550,1334.9214878492198,750.1283630677776,1362.7512,697.6703,1
620236567,1334.335047710938,744.5379019544137,1366.5472,714.5916,1
620236583,1333.51735021997,739.8874581784505,1362.6929,719.9954,1
620236600,1333.6527421837975,734.4759070239111,1374.6323,696.0846,1
620236616,1333.952425282895,730.1345707592699,1377.7329,708.2292,1
620236633,1333.2041957839267,727.0314272573237,1362.1545,725.0433,1
620236650,1332.9448430685036,723.6058285220805,1368.8802,712.1913,1
620236666,1331.633596814933,721.4342707760254,1351.623,732.9734,1
620236683,1330.6881574311672,718.6733590775822,1356.0564,714.582,1
620236700,1330.8912766806359,716.3014663338602,1375.6843,721.1284,1
620236716,1329.625573024288,713.953672238156,1348.9502,713.8268,1
620236733,1329.2477145905546,712.1177340360521,1364.5874,724.1147,1
620236750,1327.7259342056245,710.9482663781029,1343.1327,734.8541,1
620236766,1321.5134711424687,716.3729212364833,1258.5911,895.5026,1
620236783,1154.4842689700074,827.1511296504682,1175.9304,907.7945,0
620236799,1159.4276208183092,828.5824058703171,1181.655,910.7345,0
620236816,1162.9922393553884,828.6286961291962,1189.7949,911.8341,0
620236833,1161.7428760961714,835.3078571492599,1182.5132,942.55,0
620236849,1161.3025050105732,839.7601880777181,1183.6064,949.4619,0
620236866,1160.7124582982394,838.483425531146,1180.7432,918.0153,0
620236883,1158.9112509285342,837.4532526748551,1171.3055,915.3883,1
620236899,1160.2262338133867,835.4166825505944,1191.1738,903.9069,1
620236916,1161.3897110585508,836.6043812612543,1193.6477,937.6046,1
620236933,1160.8226949830923,835.3404439270032,1178.1003,905.9442,1
620236949,1160.9196934514994,836.0517070497664,1184.9832,932.6478,1
620236966,1162.8895604277843,835.2623965487123,1206.0071,912.8521,1
620236982,1162.6160571360372,833.5753413499546,1181.0305,892.6392,1
620236999,1163.2523671357856,832.1871960168512,1192.6505,895.6652,1
620237016,1165.5722724330765,829.4470305866589,1216.0745,869.3292,1
620237032,1165.3082322277564,830.2704025285009,1183.9431,932.2742,1
620237049,1167.760167500638,828.7939755155924,1223.4917,889.5648,1
620237066,1168.2902222634484,828.5715069430747,1197.0077,911.3252,1
620237082,1169.136331838988,826.9609790903401,1201.8806,879.7186,1
620237099,1168.8834718306027,824.9547538333786,1184.0159,865.7452,1
620237116,1169.916179393893,824.891044392356,1207.7979,912.2471,1
620237132,1171.1242429772974,823.359960524525,1210.8132,875.861,1
620237149,1173.249504011939,821.4396608403036,1228.2805,865.9193,1
620237165,1169.610853034771,821.9105399606653,1125.7695,912.6411,1
620237182,1162.85269117643,822.3154463307195,1065.3502,903.4858,1
620237199,1157.5170873261425,821.3000695195269,1087.5081,868.1806,1
620237215,1152.1175692733323,821.0361054352217,1083.9719,886.4346,1
620237232,1146.5251451799968,820.1202504610663,1076.5342,867.0516,1
620237249,1141.9745579766852,818.8804558421467,1093.3381,858.9342,1
620237265,1136.7650321888511,818.8187278784072,1078.2268,888.1061,1
620237282,1133.0283414683308,818.5314503602561,1103.7887,883.9547,1
620237299,1129.1496507352913,817.0456510702559,1099.9741,851.0767,1
620237315,1126.8204672756297,816.2328102554993,1129.0122,871.9565,1
620237332,1123.887625494491,816.1130928358784,1113.313,891.2474,1
620237349,1120.655108018913,815.4701681119627,1103.387,874.6913,1
620237365,1118.1267975552448,814.9601506072817,1113.5288,874.834,1
620237382,1115.408405776698,814.0555210540865,1104.656,861.6874,1
620237398,1111.4275680810854,813.0723575408077,1077.8003,853.9637,1
620237415,1108.4139436650485,811.3554152753683,1092.5968,837.9362,1
620237432,1106.310997462574,810.427030564591,1105.7905,856.8303,1
620237448,1103.785123689523,811.2772473434504,1095.9006,906.3993,1
620237465,1101.9089592733912,811.2827455278299,1106.3459,880.6766,1
620237482,1100.9579107933534,812.211380982957,1119.1111,905.1201,1
620237498,1099.5769612524748,813.1097445525537,1108.3003,902.7509,1
620237515,1098.6686695568444,814.1308225886825,1116.8544,903.9316,1
620237531,1098.858175298549,813.7045717424634,1130.7289,872.5632,1
620237548,1098.4968440649718,813.432503601074,1121.3076,870.3373,1
620237565,1097.0090508845972,814.8664953031508,1094.9688,917.0427,1
620237581,1096.8324221773166,815.4045945729459,1118.5881,891.6687,1
620237598,1096.547964520401,817.2914020925061,1113.9235,927.7325,1
620237615,1095.6764891497558,818.3486426107107,1102.3918,908.6926,1
620237631,1095.1413506154008,819.7481358690966,1108.1078,915.4998,1
620237648,1094.7969381906564,821.6424298785995,1112.6763,929.6172,1
620237665,1093.0795706950578,822.2469731215775,1072.3257,896.6096,1
620237681,870.1056668340996,857.7897685940636,852.6564,918.5371,0
620237698,685.6770855557206,839.3591360034975,640.9526,864.5241,0
620237715,684.0742313177698,850.7509573157745,638.5126,900.3242,0
620237732,678.0766388338823,855.6974229735652,620.058,903.486,0
620237749,677.4884953098589,864.1218877405163,632.3724,942.189,0
620237765,675.2846692673129,866.2955637079241,621.2056,917.8563,0
620237782,676.1610312865276,864.7940427343287,636.1442,891.9628,1
620237799,676.5144037677438,868.8730566838314,632.0638,910.2886,0
620237815,687.0973293879629,870.5108836934322,644.2429,914.3118,0
620237832,679.6684143355418,873.2931159208043,627.5863,921.1752,0
620237849,681.213836655579,870.0724592991816,640.7061,903.0296,0
620237865,682.7969998506579,877.4002621477483,646.2411,959.9781,0
620237882,683.0667624963352,879.3053897789732,641.6694,939.5212,0
620237898,681.2785698603112,875.645574493829,626.9128,891.7667,1
620237915,680.7762261935599,875.2803368067981,633.9459,917.3276,1
620237932,679.6176944238139,877.9081095377918,628.3705,951.9919,1
620237948,679.3806563571098,877.1893919844204,633.7653,914.6399,1
620237965,681.2326651624994,875.9565661788396,655.2314,907.6968,1
620237982,679.9421482514693,874.3961553553693,622.0178,895.506,1
620237998,678.6841223685133,873.5862810346616,620.5244,904.5248,1
620238015,687.6947544118075,872.452108942898,753.3964,912.3108,1
620238032,961.8934386370888,836.6403193499858,956.3955,897.1418,0
620238048,1115.1253207625844,815.380639613681,1130.3311,883.7897,0
620238065,1154.4836286975687,812.9639276526129,1219.895,886.6198,0
620238082,1165.9397966596684,809.079538066757,1213.4231,871.3019,0
620238098,1171.7341540761795,806.8922540540439,1213.4163,869.8839,0
620238115,1172.0592018030188,807.8303803430102,1196.0298,885.5593,0
620238131,1173.297603992086,810.7235131410829,1196.546,884.156,0
620238148,1158.059146632527,821.4490487062558,1179.7096,899.1942,0
620238165,1164.4128614468473,816.394530174797,1193.6693,884.8174,0
620238181,1167.396717007867,816.7069302554986,1196.8972,894.7111,0
620238198,1172.992858275397,813.7737370059463,1214.7642,877.3683,0
620238215,1174.0130468754478,814.789820761054,1202.0984,897.749,0
620238231,1172.4844965760503,816.7481100948476,1187.6327,907.8552,1
620238248,1171.6503408464296,820.5767948301467,1190.6798,934.0162,1
620238265,1182.9899879556979,819.9190736715965,1294.0261,902.4575,1
620238281,1199.9383659080809,816.513392536502,1369.5005,872.4534,1
620238298,1213.679087732202,814.8931480328695,1367.9243,889.7811,1
620238314,1225.8554724973235,813.6506006699765,1374.8657,892.5925,1
620238331,1236.075642828714,813.8605456917877,1372.584,914.2953,1
620238348,1245.3261435382917,813.1960048112868,1376.3917,899.1721,1
620238364,1254.1804115280531,812.5503691871648,1385.7203,899.1652,1
620238381,1261.5674073453652,812.0918792390952,1378.0593,900.6951,1
620238398,1267.8425144092837,812.0906532549504,1372.5563,908.7633,1
620238414,1272.7437410230884,812.2821051590555,1360.2866,911.4224,1
620238431,1276.8880038589537,813.3059941734613,1355.9998,929.9971,1
620238448,1281.3408464962124,814.0279138926137,1367.4678,925.5994,1
620238464,1284.090736364613,814.6488277544463,1344.4596,921.3403,1
620238481,1288.3453003836853,814.7718789276687,1375.6908,913.436,1
620238497,1291.727080955704,813.265821754287,1364.4868,871.2903,1
620238514,1295.2142678723503,812.2131192281856,1371.9832,882.3312,1
620238531,1293.2416530049404,811.4414846083828,1274.9622,877.28,1
620238547,1286.1539517794772,810.5072308878682,1179.4209,861.0272,1
620238564,1279.6955767769732,809.7648090934201,1190.79,866.5947,1
620238581,1273.3328647409492,808.5255093904383,1191.3081,852.4653,1
620238597,1267.6861648055678,807.1185898798436,1203.9884,848.2984,1
620238614,1261.8872644880194,806.3840752996396,1200.23,865.1097,1
620238631,1255.8185969176716,806.0198085215621,1193.3247,873.5618,1
620238647,1251.0133365842353,804.8355776094137,1204.8337,853.8879,1
620238664,1245.5216773966886,804.5300496041589,1193.2793,874.0295,1
620238681,1240.9987925230535,803.317322171844,1210.8147,850.9824,1
620238697,1235.9701843193827,801.7386360451544,1200.1116,836.4821,1
620238714,1230.870295418755,800.8687062469504,1195.0254,856.6704,1
620238730,1226.255907258232,799.6811270799695,1199.4705,848.1437,1
620238747,1221.3092265649152,799.7294038038287,1190.5106,882.1968,1
620238764,1215.7400893636852,798.8806821408573,1183.3672,850.1954,1
620238780,1210.8453336244559,798.2746508751826,1198.3833,853.5451,1
620238797,1206.1991426053992,797.6388182299298,1195.7043,853.5005,1
620238814,1202.2983478195665,796.31843011706,1203.3076,834.6857,1
620238830,1197.5841623974136,795.060284476942,1179.7292,834.7738,1
620238847,1193.139839602276,795.0625255525639,1179.7109,866.5404,1
620238863,1190.910055611022,794.3044568084094,1217.2328,848.5729,1
620238880,1187.9891031240277,794.3344817032105,1196.8231,867.0353,1
620238897,1184.4023702503207,795.3542191253918,1177.8663,891.9009,1
620238913,1181.891730861215,795.0442705273665,1191.175,856.0176,1
620238930,1179.3353191291244,795.4273057254076,1185.3301,875.4353,1
620238947,1177.7468149245267,795.5175473651689,1200.7466,867.4548,1
620238963,1176.0854496852612,794.1796080721695,1191.0846,825.8562,1
620238980,1174.9872192336188,794.2370141928343,1202.9177,863.8891,1
620238997,1173.157060036723,794.3197963594512,1183.2899,857.6321,1
620239013,1177.8778393369557,795.5829152077902,1312.2146,906.5018,1
620239030,1350.093035254306,835.8339906235627,1399.8862,947.7832,0
620239046,1363.7506175494225,847.5943612357615,1416.1201,968.3341,0
620239063,1375.5527660903497,837.7042691022591,1441.9971,940.0349,0
620239080,1369.5335573405619,839.9551004925601,1408.825,962.538,0
620239097,1369.872354992995,839.7535361746045,1423.8479,955.8809,0
620239113,1370.270862708672,840.3585710138195,1425.1222,961.7113,0
620239130,1368.7036814135174,841.0117981546485,1412.8916,962.5383,1
620239147,1367.7977151918403,838.734715411417,1413.718,933.0563,1
620239164,1365.7082102131317,839.4977106868238,1402.5409,962.2321,1
620239181,1365.2175960159982,840.2121760993851,1414.0216,964.9922,1
620239197,1364.1726743649904,840.7401895165378,1407.1382,963.291,1
620239214,1365.707248157995,839.378140713307,1434.0105,937.4954,1
620239230,1364.4778225050368,838.7648419527586,1402.7058,943.4739,1
620239247,1363.0630689076697,837.4537304903412,1397.7766,928.7581,1
620239264,1362.9574251245213,838.0496799027937,1414.9305,964.7881,1
620239280,1363.126165731433,838.7353822514287,1418.7993,968.1672,1
620239297,1361.8099835244416,838.9743391475456,1396.0251,957.2552,1
620239314,1361.5028041619523,839.1305999486091,1410.2456,957.4774,1
620239330,1360.558218136335,840.0632775209103,1399.926,974.1488,1
620239347,1360.1599468989482,840.2919470634681,1407.5127,959.8748,1
620239364,1359.665856580779,840.4193164483618,1405.2117,957.5133,1
620239380,1356.1418754420754,839.290870695144,1349.7596,920.2878,1
620239397,1352.5938202792463,838.7733789489198,1346.7974,934.1544,1
620239413,1349.763553145848,836.7259205522264,1355.7715,895.5007,1
620239430,1346.069874401253,835.7055678820717,1337.9924,918.2972,1
620239447,1343.3363099106882,834.6876497414999,1353.3081,919.1204,1
620239463,1340.7680293261294,834.7691948037018,1355.0068,947.6516,1
620239480,1337.5275241348963,833.8745753168815,1338.6343,919.0129,1
620239497,1334.5869145887118,833.2276023716142,1342.0083,925.2306,1
620239513,1332.1802262312804,833.1386752501832,1350.3877,940.7019,1
620239530,1329.3604166769408,832.9901166020223,1339.5154,937.1655,1
620239547,1326.4296589802807,833.2424919571206,1339.2678,949.9472,1
620239563,1323.6994818701176,833.7830784772738,1343.2917,954.3438,1
620239580,1321.658646118228,833.4475412803992,1349.5313,933.2117,1
620239596,1319.3455799114365,833.4171376546356,1343.0801,939.3845,1
620239613,1317.150519375828,833.6178803281985,1342.6946,945.8086,1
620239630,1315.355613508972,833.7776564019063,1346.3342,944.8201,1
620239646,1314.0037232451132,834.6647853963694,1353.0659,962.2899,1
620239663,1312.4555515000366,835.4241326213149,1345.1344,961.0087,1
620239680,1310.9433555122052,835.5613509171836,1343.9215,943.6036,1
620239696,1309.4904968952699,835.1326385833057,1341.2844,927.4565,1
620239713,1307.8541273029675,834.9293761404251,1338.1509,930.3622,1
620239730,1301.3060576165549,834.7581989555026,1234.5165,920.4481,1
620239746,1121.1050395353307,831.0671160757892,1138.0029,909.5645,0
620239763,1110.4618523867568,809.2180147555742,1124.673,873.3542,0
620239780,1118.0328825830288,810.4096278644187,1142.0785,879.1665,0
620239796,1114.058064053434,816.3479928701756,1120.7261,902.9049,0
620239813,1116.7972781014607,818.1550688363872,1141.9756,897.8973,0
620239829,1115.1413288232327,818.2482759218533,1123.0205,887.8284,0
620239846,1116.665954200777,816.9920792527707,1140.3416,877.5948,1
620239863,1116.1418383668345,813.260170985385,1126.663,845.7393,1
620239879,1116.1887482901473,814.625776242944,1132.3311,897.7633,1
620239896,1114.261600764879,814.8040737009168,1112.821,883.1709,1
620239913,1114.8024856699133,814.2439771889816,1135.1252,875.3264,1
620239929,1115.186964228125,813.7922389230625,1134.2915,875.5583,1
620239946,1114.5805998728788,814.4123545770053,1123.2634,891.5892,1
620239962,1114.0258673790063,814.4871601639147,1122.6676,882.9149,1
620239979,1113.1872604071336,815.1604526120249,1118.2589,894.0913,1
620239996,1113.6522017230607,815.8083946101306,1136.0973,896.9799,1
620240012,1113.0621610250987,815.4281646250727,1119.8866,874.5238,1
620240029,1113.3436610752274,815.5435110343923,1133.2729,886.369,1
620240046,1113.1356256355043,815.8720806733722,1125.6791,890.5312,1
620240062,1113.2875217719427,815.9365743550845,1131.2932,885.5041,1
620240079,1112.825887225149,815.5561713468045,1120.3843,873.6563,1
620240096,1112.509394971748,814.7623518522265,1122.1428,863.2725,1
620240112,1112.054134351752,815.2845413475111,1120.3954,895.3342,1
620240129,1111.3544751408085,815.7756345152504,1115.4578,894.4536,1
620240145,1110.6701146902042,815.2658400598981,1114.3152,868.7179,1
620240162,1111.2938427602564,815.4818840335911,1139.267,890.4444,1
620240179,1111.2612314872383,814.9487389516731,1126.0898,869.0469,1
620240195,1111.326487464597,815.151279443013,1128.4868,888.8752,1
620240212,1111.0632446915945,815.5821548963446,1122.1185,894.4318,1
620240229,1112.554321816156,811.4702845859513,1152.3933,773.4495,1
620240245,1175.5113415416167,669.0569636042886,1191.4916,658.9001,0
620240262,1186.825520290105,629.7848878266149,1202.3162,597.8871,0
620240279,1185.358248778357,634.3320331597699,1199.4539,611.9561,0
620240295,1184.723405671943,633.93477741542,1198.6599,602.7516,0
620240312,1181.056746423176,636.6024868677158,1184.1121,619.0834,0
620240328,1181.1389876374228,637.1075322577921,1196.8252,611.8483,0
620240345,1180.9191987905378,636.7193101580946,1194.7466,604.8165,1
620240362,1180.3667567386876,637.7054048848499,1192.1655,618.1554,1
620240378,1181.439709566708,637.3543556753791,1204.7994,606.1895,1
620240395,1181.9249550981592,637.2980752386113,1201.2882,608.8121,1
620240412,1182.562061676163,637.6750420014712,1204.0229,615.402,1
620240428,1182.8769839877345,638.4762164047445,1201.7139,622.8755,1
620240445,1184.4000676356625,638.4596812815045,1216.7949,612.5168,1
620240462,1183.7387620601796,638.4815108380661,1190.5334,610.1423,1
620240478,1186.9662603206937,638.0154650877809,1243.3333,606.9874,1
620240495,1192.2719118566113,637.934706423023,1278.5288,618.0385,1
620240512,1196.1035003799584,637.6256183395207,1263.0194,611.2697,1
620240528,1198.6663938013062,637.3003879908164,1247.8663,608.6381,1
620240545,1200.0690185663047,636.7314571384974,1231.9539,600.7298,1
620240562,1202.4324426514295,635.7823347518223,1249.8289,593.0777,1
620240579,1204.5675282973862,635.3205097533177,1249.0688,603.4166,1
620240596,1205.5252772895744,635.0521229450414,1230.8771,605.3911,1
620240612,1206.5629702310794,634.5607062820376,1233.7229,599.6681,1
620240629,1208.3489295565794,634.0650893738948,1249.1309,600.7044,1
620240646,1208.8839694489798,633.6035912892744,1227.7822,598.4343,1
620240662,1206.224245967531,628.2374960038417,1163.9814,460.8887,1
620240679,1098.5686180694486,512.3467522641448,1095.1924,399.1048,0
620240696,1093.8624625858579,502.96122467805844,1089.313,383.5323,0
620240712,1092.7668896360547,504.0939457333519,1086.934,386.8419,0
620240729,1090.914826976818,505.0402422360364,1081.9576,388.9415,0
620240745,1091.8210231928815,506.6118998229723,1090.5325,396.822,0
620240762,1093.9385248429853,507.59389379318196,1099.3517,398.0609,0
620240779,1093.7826030232109,508.3139692193095,1088.7104,397.3239,1
620240795,1094.0820057203846,508.99057859209665,1091.9648,399.3452,1
620240812,1093.0490027568712,509.8489072057453,1081.0615,402.1974,1
620240829,1092.7813556544572,510.1477516893694,1086.3013,397.6179,1
620240845,1092.767411357899,510.5088805191014,1088.5583,399.6095,1
620240862,1090.8457420775817,511.02418951498663,1066.6414,400.4446,1
620240879,1091.1633440908506,511.37027733071665,1091.0115,401.6537,1
620240895,1090.478929262103,511.34920285593444,1078.1055,394.2638,1
620240912,1089.6998778278512,511.71343441081706,1075.9707,401.472,1
620240928,1089.7773449378183,512.0737925156558,1087.3529,403.5143,1
620240945,1089.1848670776906,511.5569068683084,1076.5756,384.4377,1
620240962,1088.5341505247495,511.5544819350391,1075.2141,394.8051,1
620240978,1086.8109786591388,513.0469386054764,1057.9597,426.8594,1
620240995,1084.607590909981,516.4890018284093,1049.561,473.801,1
620241012,1083.0450097686496,519.524809050483,1058.2148,469.7448,1
620241028,1082.9486397927349,522.6501697683489,1082.8025,478.8535,1
620241045,1082.3622669494991,525.7035781392814,1073.5503,479.9572,1
620241062,1081.6230328534084,528.9204443016466,1070.2035,487.5878,1
620241078,1079.7966284508534,531.4337378894616,1048.425,470.6711,1
620241095,1076.801545741755,533.5316272837003,1024.4419,460.2676,1
620241111,1074.8836767349965,536.1047363545072,1043.5991,478.3044,1
620241128,1073.8365139427835,537.4875776406426,1057.9221,451.2734,1
620241145,1074.842280209853,533.5716172574228,1092.1177,313.7275,1
620241161,1121.9002749897363,367.9531623191654,1114.1201,172.3318,0
620241228,1128.0933702050172,349.26032721530567,1120.1953,143.3987,0
620241311,1082.8732801568897,356.0954297381009,1017.7261,153.0541,0
620241328,1085.103535230632,352.21816814397454,1076.147,130.6581,0
620241461,1080.8504127666502,349.64896925765083,1051.6451,123.9495,0
620241494,1083.805288403003,350.3986922675782,1083.4255,145.7256,0
620241527,1078.791626825909,369.4697872954799,1042.239,313.4918,1
620241544,1039.3042603252416,575.7097575786323,1030.8724,492.06,0
620241561,1039.9453025808093,589.3760486676373,1032.3364,513.9043,0
620241577,1041.7722457704583,589.5393703989064,1036.5232,514.9119,0
620241594,1040.979463112586,591.590230175842,1032.0437,523.8436,0
620241610,1043.0916217861832,589.3405940618724,1042.7289,504.4379,0
620241627,1042.794104240927,589.4550289920492,1034.2173,515.0192,0
620241644,1046.4759790621358,587.9159090677788,1059.7278,502.9733,1
620241660,1048.998780300167,587.18170707147,1058.6345,507.0031,1
620241677,1047.9342633852004,586.5980176282561,1032.3899,503.6755,1
620241694,1046.6033588444325,587.123174990326,1028.1858,516.5392,1
620241710,1046.1780058246154,587.2461513813929,1035.1907,512.7664,1
620241727,1045.1357306932798,587.372091641018,1027.3403,512.184,1
620241743,1044.5575268897348,587.7050034692315,1031.4463,516.4983,1
620241760,1044.1957036486895,587.9029750469815,1033.2988,514.9811,1
620241777,1031.8752275561196,587.2238699874752,865.8749,478.8544,1
620241793,776.8655481021266,597.0825524610945,732.1696,490.9848,0
620241810,757.3822250575317,584.037832689341,709.2108,467.6098,0
620241827,761.3007733164407,583.2065322174969,718.0646,466.0129,0
620241844,770.0263167707747,588.0561770346491,744.1777,493.3667,0
620241860,769.9521964407525,590.4974391254825,723.8785,490.939,0
620241877,773.4622638646081,592.6420443011344,744.0591,498.46,0
620241893,776.1979023972193,593.2178025447757,746.178,490.5517,1
620241910,776.7689000346578,593.6831681115365,735.2003,489.7722,1
620241927,775.101661736014,594.0827000877592,716.8204,488.1555,1
620241943,775.8377886747135,593.8593748002191,736.691,483.1915,1
620241960,775.8137321121241,593.4724208413293,729.9067,479.4252,1
620241978,775.1097246447625,593.0998812175582,722.0292,477.8006,1
620241994,775.4325986080993,592.730070879153,733.5392,478.3423,1
620242011,775.734653450253,592.6869196208461,733.9882,483.5596,1
620242027,777.3635332953196,593.2387093380145,753.3142,497.2277,1
620242044,778.276991049461,593.3907172424937,744.9844,489.2529,1
620242061,778.4550142980281,590.5008758626549,732.8943,423.7816,1
620242077,777.4725621542223,584.0298163816869,712.0134,337.7125,1
620242094,776.9733029880734,578.1085655703367,719.0009,340.76,1
620242111,777.3624610704397,572.0387506838301,733.1428,329.9547,1
620242127,776.135616287398,566.9468407637519,706.0446,341.5148,1
620242144,775.9836519207124,561.5897677733445,723.6689,329.7138,1
620242161,774.8351924129089,556.2109567610969,705.2263,319.5674,1
620242177,774.3582765542109,551.5370334134192,717.1556,331.6763,1
620242194,773.1608256626159,546.4248791454743,702.6493,311.9241,1
620242210,771.6794636897157,538.8334571188126,694.0038,238.4913,1
620242227,661.4438812339051,429.2866502573226,591.3132,208.3927,0
620242244,677.5957139773105,427.7917044834056,609.6873,208.173,0
620242277,678.5509456998658,427.8665909204861,611.8752,208.6664,0
620242294,683.1331808403027,432.44534425821536,627.149,232.027,0
620242327,683.5111424077046,431.1332958423388,617.6086,208.1209,0
620242343,684.273325407564,430.28660231255554,620.5931,208.091,0
620242360,682.5141950260099,429.94994672715137,605.426,208.5233,1
620242377,678.5741007555621,424.0061743062438,582.7856,144.6458,1
620242393,678.7877240023699,424.4456639178864,613.1546,208.9179,1
620242410,680.1460026189862,424.6569641092597,624.6205,208.3461,1
620242427,679.9397068548352,424.985764446766,610.5759,208.9512,1
620242443,679.4554785190021,425.29306908044276,607.0051,208.9657,1
620242460,679.2649707264676,425.49599314609895,609.7604,208.179,1
620242477,677.5201055737979,425.89350474412646,589.1058,209.7288,1
620242493,677.7996690106719,427.6884588350413,615.5208,240.5946,1
620242526,677.2771491010415,427.7837346181134,603.105,208.209,1
620242543,677.91695003752,427.7706834974292,619.9995,208.0999,1
620242560,676.0221285983257,427.9857090998371,580.7376,208.5367,1
620242576,675.7248916448202,428.04371813833774,604.596,208.1497,1
620242593,675.2906434309198,424.1814686343437,598.7499,115.7398,1
620242610,674.7495802308765,424.3717618054438,599.4662,208.3271,1
620242626,675.6716377486425,424.4429659800086,624.7102,208.4281,1
620242643,675.6414189657633,424.58355851530393,608.0406,208.1485,1
620242659,675.6435496294572,424.7248877798017,608.4738,208.2032,1
620242726,686.8919020675502,321.827419706765,614.6361,40.7072,0
620242793,417.1088867585222,331.69242474087633,0.0,0.0,0
620242843,501.0721791425387,368.24285782748484,600.9053,227.8214,0
620242859,544.711096470568,386.4442897751997,606.4028,226.8382,0
620242942,508.2825507499734,410.10490232489565,255.44,284.1187,0
620242976,936.3755862501129,397.92068981098225,903.7548,195.2285,0
620243092,835.3504819470194,544.0596089236276,796.1526,414.3881,0
620243126,826.1138297907006,564.0785285323952,777.2134,475.5847,0
620243142,827.7139004443774,576.081718334323,794.0999,502.5989,0
620243159,822.0090309730631,576.8484742704026,763.4727,465.7209,0
620243175,820.8517609380516,576.0420060721374,776.1436,457.2749,0
620243192,828.8147028614605,585.0070132735544,790.8772,478.7076,0
620243209,808.887458617928,582.4550582755323,767.9729,471.9791,0
620243225,826.4261639251272,582.5842187309232,808.0131,477.0758,0
620243242,832.5650564895096,583.8631745802975,809.0742,483.0535,0
