timstamp,smoothx,smoothy,rawx,rawy,fixation
627138848,948.4100683695248,511.8348074867119,925.3577,505.9957,1
627138864,948.9897349158596,508.5349617797462,933.6797,470.3152,1
627138881,949.2431856290525,509.7157933122826,930.1373,527.255,1
627138898,950.87809901064,506.76344585328513,949.5214,468.6855,1
627138915,950.6416286928389,505.6498009526501,924.1521,492.7374,1
627138931,951.4914373929336,503.1628292965393,940.1338,469.6304,1
627138949,950.9502980157198,503.2132189978979,919.4625,507.3741,1
627138966,950.7168403866049,502.01300315261983,923.8171,486.3306,1
627138982,950.4693174497658,500.0894991487275,923.3457,472.6752,1
627138999,950.132441860926,499.56292808268273,921.7147,494.4853,1
627139016,949.1333320214553,498.69688972136214,910.2255,487.7094,1
627139032,949.3497736916399,495.91738035468876,930.4102,452.3495,1
627139049,949.8185803348323,495.94176858607136,934.9591,500.2463,1
627139065,950.6747899528738,494.8940564377269,941.8755,479.8404,1
627139082,950.9552069754612,495.88451447074937,932.0073,516.0513,1
627139099,951.3470579309491,495.02624425987216,934.026,481.3625,1
627139115,951.755089365205,496.1602824345112,934.5872,517.4471,1
627139132,951.8295467599224,496.54605017387865,928.6334,503.1085,1
627139149,953.3011502139099,494.93220637385144,953.3574,472.45,1
627139165,952.4515522370712,494.35935695554804,912.5094,490.6942,1
627139182,954.9242378940058,495.26626552769994,971.1881,513.0882,1
627139198,954.286073324211,495.52022447848975,922.6339,496.3126,1
627139215,954.1840502784847,495.4349531739378,925.2276,490.682,1
627139232,953.5802639110833,496.1461614676902,917.6812,505.6299,1
627139248,957.1213169517747,495.73875271099627,992.0547,480.4832,1
627139265,959.1284601880983,495.74175219204847,965.3251,493.0093,1
627139282,959.5238900180401,496.87902821721343,937.3534,515.3064,1
627139298,958.2662649420547,498.35761839777666,906.9057,520.4832,1
627139315,956.8974515704991,498.51219565054583,903.9437,492.9947,1
627139332,956.016263089247,496.90434074843944,914.3135,461.1678,1
627139348,947.9930032299657,491.90402984664826,785.6218,402.29,1
627139365,941.7540655008598,487.09880257153605,818.9138,401.6421,1
627139381,936.1570252689244,482.27007116258136,829.293,406.6204,1
627139398,930.4912866205997,478.78767147824215,828.5703,424.5485,1
627139415,923.3339355569361,472.5829223343371,796.3447,375.436,1
627139432,916.8645763643985,470.17286546967375,808.2813,442.3193,1
627139448,911.2458539883072,466.2594215737681,818.3989,415.8709,1
627139465,904.8276819135604,460.7774377680304,800.7384,381.9569,1
627139481,900.9709580240337,456.79096492091674,843.6254,405.229,1
627139498,891.5522790233514,456.2022410785613,737.7643,470.0223,1
627139515,887.0241056440485,452.5673399618178,821.1508,407.5348,1
627139531,881.6042429836092,449.8096003198844,802.024,417.5589,1
627139548,726.2755574897382,540.4342676535201,692.2618,544.4928,0
627139564,708.2180371332196,633.938953711739,673.6117,645.4114,0
627139581,725.9577051881558,630.3376476131598,710.7341,637.0637,0
627139598,720.8922504678511,634.5548531459149,676.2777,655.068,0
627139614,763.2060224338056,633.8241531303661,862.7302,639.8129,0
627139631,753.1654865224845,629.9016525139614,678.0262,624.4058,0
627139648,737.7473422781792,614.7362148791785,624.9097,546.3762,1
627139664,733.2193074230993,616.2188985911088,672.8065,636.9382,1
627139681,731.2677584254201,615.6869411977793,684.9923,622.9392,1
627139698,728.7473556311874,612.8408471993066,676.3235,600.8649,1
627139714,720.4588013882952,608.1744185609926,615.5105,578.4937,1
627139731,721.668428715556,608.2436096840572,702.4058,620.5221,1
627139748,725.3693530134652,610.1894507916099,732.4885,641.8645,1
627139764,727.9495474276091,611.2653630462409,724.2463,634.0099,1
627139781,729.4244407795666,613.0570355584201,713.6403,644.9506,1
627139798,730.9638773470192,618.6202644825137,716.4858,699.0321,1
627139814,732.9003377619991,623.2505828550966,723.8353,692.3654,1
627139831,733.4597827672085,625.7870649828193,705.9282,666.8363,1
627139847,733.6506935550489,628.3626545951437,701.0348,670.4446,1
627139864,735.9821570037013,628.9463012586326,734.3889,641.0746,1
627139881,738.1683180742347,631.7150394457387,734.335,677.7448,1
627139897,739.7383796351697,634.6271193896197,726.2744,683.0502,1
627139914,740.8061736870001,637.4730128622645,719.402,684.854,1
627139930,885.0961752121628,469.62823931574496,858.5347,465.583,0
627139947,735.9587594255315,353.19564327543134,701.8541,342.8623,0
627139963,746.5189843092452,366.8587017294738,724.0468,371.8653,0
627139980,750.1506713218712,371.2797007546941,724.3199,371.333,0
627139996,750.3999940450841,371.39613123254435,717.7094,362.4136,0
627140013,748.5995930363172,374.9767092510816,707.687,381.1793,0
627140030,748.234320658116,379.47116939560493,712.9821,394.1408,1
627140046,745.2707913949578,379.24446216714233,693.7573,368.9449,1
627140063,744.3103583257734,377.65950809709125,704.2673,357.172,1
627140080,743.132350143691,384.48604425763426,700.7948,431.3243,1
627140096,742.9406909466665,384.79033761264526,708.2311,377.9261,1
627140113,740.9424485927733,385.54874181357735,688.784,383.7688,1
627140130,737.5015001735517,381.61685337665557,669.0919,330.7479,1
627140146,734.0040904461812,382.9135458227805,663.4136,389.7966,1
627140163,734.7666729606922,381.54537514546803,712.6857,356.0031,1
627140180,734.0672415854352,381.4715845711553,693.9429,372.3572,1
627140196,734.3695839177134,382.23283326111476,706.9442,384.092,1
627140213,734.9130111464143,383.02171748308854,710.5643,385.3704,1
627140230,735.1800423793619,381.0370837682839,706.636,343.5405,1
627140246,735.6686834210137,383.2784717364431,710.2938,408.8181,1
627140263,734.8221598185587,382.22833760062883,689.1392,357.43,1
627140279,731.0642550140415,387.13619712684533,641.1482,457.0528,1
627140296,726.7858615248537,395.06435640178836,629.7363,512.4665,1
627140313,724.6905051117786,402.49868008574754,663.5289,508.9122,1
627140329,722.6745193191186,410.8386565950436,663.1421,530.0969,1
627140346,719.9706031634879,418.2473865342082,649.3427,519.2983,1
627140364,717.9402867328074,425.95738122018645,659.1743,529.8578,1
627140380,714.6048156269572,434.34853692785725,634.1035,548.2419,1
627140397,714.5936887347153,441.5826235638127,691.5853,531.8328,1
627140414,712.9192664732544,448.80060432458794,660.1019,537.7977,1
627140430,709.5351597648548,456.85036398177664,627.1686,559.8942,1
627140447,707.0117163591046,464.433257110127,643.7756,545.1747,1
627140464,705.7449140043267,472.2254990341113,666.9551,558.4259,1
627140480,703.441398465002,477.0106294246228,645.4821,508.9672,1
627140497,700.1814489653556,481.92438233138984,624.9819,517.6732,1
627140513,699.1911387583646,485.5120190720017,663.0442,501.0626,1
627140530,702.1799697199447,495.7282858528071,734.438,632.189,1
627140547,703.379218860957,502.7011780784594,697.6385,576.0278,1
627140563,705.8876580614569,510.45889745781153,721.3243,596.5027,1
627140580,709.6687510315345,516.7535081976937,742.9902,583.7666,1
627140597,712.52118999786,522.8679768812483,726.1049,581.8658,1
627140613,716.2491745214097,530.4612114436552,739.9212,617.3513,1
627140630,718.2652797081543,535.5653003629549,706.9593,573.1844,1
627140647,721.0895948401014,540.5327346212241,722.2116,584.3733,1
627140663,722.0399813533719,546.3551665061781,694.3682,604.4707,1
627140680,723.928509727794,553.7178652990141,710.5536,641.9796,1
627140697,728.0779180586644,558.4065096717634,754.3615,599.2593,1
627140713,769.4421522146803,591.912434714697,737.6647,599.1417,0
627140730,771.5062264874416,559.5495648011986,739.7319,564.2846,0
627140746,762.3425808613642,566.026211399527,720.5834,578.5181,0
627140763,788.2908034576386,562.3476699978819,811.4161,558.2211,0
627140780,841.0297808692824,541.7106085040203,975.9061,475.4177,0
627140796,887.076521487892,529.3086801402563,1048.0728,475.0149,0
627140813,1098.27140998566,498.2187934832056,1082.0812,492.6893,0
627140829,1044.6978867134776,510.6414448150393,1025.9597,506.9747,0
627140846,1045.8115859653024,495.0630439789706,1028.1989,473.4552,0
627140863,1051.5718628336513,501.531215902814,1045.1702,510.774,0
627140879,1051.7888819590469,489.62503168462104,1033.8027,446.2299,0
627140896,1053.7540671164302,489.1525379220346,1043.3677,481.933,0
627140913,1051.147585663407,489.5042114308212,1019.177,486.5584,1
627140929,1049.3245863319119,487.0424771813886,1019.6681,466.7237,1
627140946,1060.0538615163744,481.07788099090357,1116.929,431.5328,1
627140963,1070.7227666327253,476.0469150964513,1135.7048,428.7161,1
627140979,1079.2085364533655,471.24239827156987,1132.8394,422.0482,1
627140996,1083.1425960437132,467.15492958380236,1098.801,422.1501,1
627141013,1086.279942979661,464.19307483535044,1096.1746,428.5654,1
627141029,1091.2565283536358,461.3705794135097,1123.3411,425.1041,1
627141046,1094.239736501692,459.8432873752078,1105.27,438.0168,1
627141063,1096.121299633094,457.4441401893548,1094.8796,423.7697,1
627141079,1096.8827766469517,457.5047002113547,1082.204,455.8522,1
627141096,1098.6386513897933,454.2846655416136,1098.0671,406.2057,1
627141112,1101.8410417520397,453.34173510468054,1122.4624,436.9685,1
627141129,1104.5094464309755,452.31538358313276,1118.0472,434.1393,1
627141146,1106.0539429381984,450.2284350439422,1103.3663,415.4484,1
627141162,1107.7631923055865,450.7238154151337,1108.415,456.1039,1
627141179,1110.1554906163685,447.76142218855045,1121.9274,396.4246,1
627141196,1110.8012586530513,447.28257958817375,1095.1624,437.2739,1
627141212,1114.683080360393,452.0041338172194,1152.692,526.9856,1
627141229,1118.230019821643,455.732967686875,1150.0642,510.9145,1
627141246,1121.8969064277908,460.22172259737766,1155.2924,525.8392,1
627141262,1124.5614680583278,463.16351817296743,1140.4094,499.4224,1
627141279,1126.9553027293894,469.82570669864816,1138.4515,569.4644,1
627141295,1129.3494203503215,473.1342957236582,1140.9063,509.6028,1
627141312,1131.085582183745,475.0014172513893,1131.4148,484.6754,1
627141329,1133.883748547545,480.2742962882876,1144.1396,553.7809,1
627141345,1135.8028110396547,485.7893936013898,1131.7432,556.3346,1
627141362,1134.1690319044774,487.5041859509873,1071.6044,492.0936,1
627141379,1016.6440640642868,210.3465861014201,995.6571,184.3456,0
627141395,915.0753708611724,163.73001327203335,889.0486,135.9294,0
627141412,926.740464102583,170.92513575723342,913.5162,150.9936,0
627141429,929.873166852085,162.886982124522,910.9741,117.4356,0
627141445,941.2064460425938,164.52149066170128,951.5669,141.0641,0
627141462,945.9018173627032,164.47775086963438,940.2188,135.7501,0
627141478,947.7621746186294,164.4366808718102,932.1041,135.8091,1
627141495,944.4501630834271,166.22184114065706,899.0181,149.5806,1
627141512,947.772829403934,163.0716725459889,946.0178,111.5679,1
627141528,948.5186571232083,166.28716275095238,929.1976,164.2923,1
627141545,948.8951194517012,169.0624617486535,926.9285,165.6064,1
627141562,952.0672861630792,169.15345846126945,957.1254,140.6619,1
627141578,949.6647452180999,168.4044558561803,898.8547,132.0126,1
627141595,949.8058084255987,166.7036938312972,926.0894,118.674,1
627141611,943.6188725119455,165.81982628134264,845.6532,128.2984,1
627141628,575.3431170420538,89.00996894753187,532.701,61.3596,0
627141645,831.0106180883529,159.70751536840567,800.9156,133.0432,0
627141661,841.2043106924001,152.9798111210078,822.2192,118.2347,0
627141678,846.1123107130736,152.50385669674816,826.892,123.8856,0
627141695,787.3110071612405,142.8284759469963,572.1073,87.8042,0
627141711,805.7062015810128,145.8170369229027,851.7766,130.2388,0
627141728,841.3673679706413,150.85792220705255,811.7457,123.3436,0
627141745,819.0017304895812,134.3575427827475,788.2517,105.9732,0
627141761,824.7183427552212,143.097372536403,800.2733,124.5612,0
627141779,838.0813411490761,147.7657891525012,836.1267,129.5526,0
627141795,841.7095253879271,150.19802768793207,823.1573,130.0831,0
627141812,842.5345645676466,157.26021681576154,816.1149,159.7867,0
627141829,844.9287542984514,157.12161359762123,827.317,128.5376,1
627141845,836.9226832994989,159.3614170491095,758.1321,146.752,1
627141862,835.4766312920199,160.2089229908673,795.8362,138.981,1
627141879,834.4160535002134,164.52054817144622,796.7618,172.2776,1
627141896,835.732391195328,165.10660021457647,818.0568,142.2586,1
627141912,834.302095588155,167.8271672885887,791.2061,166.9594,1
627141929,834.0587290727609,167.32708741470452,802.33,133.7208,1
627141945,834.9377890509156,166.29516737228283,815.4668,126.2924,1
627141962,627.979475802967,173.7352566934918,588.1297,151.6192,0
627141979,810.5167003140757,171.87904178059907,779.4691,146.491,0
627141995,827.0611040769861,167.41814306921916,814.0836,136.3367,0
627142012,835.8497832251015,158.31111292333998,824.1511,111.7103,0
627142028,852.414809370008,160.4867457305295,874.6274,139.7878,0
627142045,848.1418524626386,184.38383090257443,800.9092,260.6103,0
627142062,945.8431451612589,131.43465228345616,921.2047,100.6526,0
627142078,964.5298751758672,131.26887056009915,940.7926,100.1537,0
627142095,946.6780277025559,143.08668850786677,903.4841,126.1643,0
627142128,944.5507406554508,149.63916444440716,915.6061,134.2799,0
627142145,958.3762382516957,185.90401886685905,977.9164,273.8502,0
627142161,955.2175772752157,215.44965804656982,918.3193,314.5404,0
627142178,955.3691135749898,236.83673621801154,932.4377,322.9293,1
627142195,955.0185783705186,259.2628593684036,929.309,372.976,1
627142212,946.8457340853566,273.1168907692762,865.7929,346.558,1
627142228,949.8424512144751,285.02170262236245,950.7045,353.2268,1
627142261,946.2081563939855,292.01810186515917,890.9856,326.5057,1
627142278,941.9927823501388,299.7247702388305,878.8762,346.824,1
627142295,939.7325333430975,307.9470957818791,894.4573,365.6638,1
627142311,937.0111050776922,311.9195987592785,885.3149,326.4728,1
627142328,935.6715122051568,317.4986436997735,899.0668,354.0046,1
627142344,932.6803689198629,322.0512463159975,874.952,348.9209,1
627142361,934.8672929938506,327.93995250985967,943.5299,373.992,1
627142378,978.9582359063103,427.24011388929006,956.7994,418.3644,0
627142394,953.9524797920121,329.7256390385839,930.2964,313.87,0
627142411,970.8060554567572,380.4871251405979,965.8873,422.3898,0
627142428,981.6679666007777,396.51759033619584,982.1805,418.8935,0
627142444,984.2961511647003,390.513073821267,970.1383,358.9407,0
627142461,991.7795335796748,396.79737136311184,1000.6721,411.1022,0
627142478,992.4739677078381,393.6634851338949,973.6481,364.9159,1
627142494,998.7346501038082,397.9004594082788,1014.6752,411.8018,1
627142511,998.5578943648886,398.1636325728303,974.6603,387.8616,1
627142528,997.8972496317202,398.4393525982407,970.0911,388.5794,1
627142544,1000.346172577508,410.5542098806705,999.7277,507.3645,1
627142561,1004.7165178525441,425.10662634870533,1024.3064,554.0056,1
627142578,1058.8184409356008,628.96537680205,1041.1143,634.0463,0
627142594,1063.044460923008,637.1401690104735,1045.5686,642.7697,0
627142611,1042.79620598401,648.8365120331976,1003.2416,668.6014,0
627142627,1032.4232754521113,662.4704301196946,992.1248,699.9908,0
627142644,917.6590712855261,649.5740695954795,536.713,623.0521,0
627142677,931.2011932336544,650.7312323308091,966.9897,663.7043,0
627142694,1057.3943151781425,717.7123421343273,1039.886,729.5604,0
627142710,573.5851336432085,549.4509020306521,532.2307,556.8135,0
627142744,713.2320697234317,626.032651780322,825.0839,716.6196,0
627142761,750.0527165510999,639.8873778422615,793.5267,679.0591,0
627142777,651.0234923305163,639.2634877469117,304.6078,654.5535,0
627142810,680.9855457849559,638.4349585616562,770.1556,644.5724,0
627142827,804.2522560183696,652.7519246576812,774.3358,664.0065,0
627142844,794.518322731985,670.4350568978159,764.1849,683.2001,0
627142860,806.146840767634,657.0119578330401,788.4532,653.9525,0
627142877,807.7400050704648,664.2793328112705,781.3265,691.9095,0
627142894,807.3843147142563,666.2764010707036,776.4854,684.8482,0
627142910,810.8945526481214,664.4942149025511,795.6813,668.6567,0
627142927,808.8810211172909,665.0268128834788,768.717,680.0803,1
627142944,813.6275710676586,668.221040625823,812.9103,699.8162,1
627142960,803.3410206035303,675.4312899232564,701.2205,740.8633,1
627142977,787.882836526315,684.3098781692482,636.6791,770.5355,1
627142993,776.8349069345009,696.3901587403043,653.1653,818.1779,1
627143010,765.4189166978492,703.0425218001969,630.7998,780.1659,1
627143027,756.6645071875108,710.6992304881333,642.9249,802.6351,1
627143043,747.4321108089457,718.5741607714277,623.7803,817.6804,1
627143060,738.5881395606598,728.7412989438092,615.3644,859.6439,1
627143077,731.9371122680968,734.6959059197479,632.2314,815.7922,1
627143093,724.1571321059441,737.7743687494293,607.1636,783.3507,1
627143110,717.1921180818115,739.9505617667159,608.8754,774.6515,1
627143126,711.5677846379265,742.5056625211779,620.1903,784.0073,1
627143143,707.5892484324795,744.3866124849583,638.3944,776.981,1
627143160,702.4856962562377,746.3681252604798,614.89,782.2936,1
627143176,699.7312336826559,743.8754639003931,646.5653,710.2736,1
627143194,693.6986347701495,743.2317941518664,587.6182,742.6894,1
627143211,688.6365979610374,745.1399894420318,597.6033,788.0228,1
627143227,686.4323309664146,747.094577629571,640.9173,790.7538,1
627143244,687.5034257505431,748.9139216274748,693.8127,789.9977,1
627143261,686.9491643417479,752.941418510655,662.6346,832.9078,1
627143277,685.0526408934871,755.535870465953,635.5034,810.328,1
627143294,684.4688108945446,757.9515229050314,655.6931,809.3345,1
627143311,683.1021491862672,761.9454366890562,638.7157,841.5437,1
627143327,681.865391170028,763.902436754205,638.1061,806.3062,1
627143344,681.6159997408312,769.110655469655,665.6361,858.952,1
627143360,687.4972747418996,772.5137755340821,776.1208,824.0135,1
627143377,1047.0845960808451,846.7286626105333,1029.4634,868.5558,0
627143394,1114.4747651827051,895.6236819060089,1100.251,920.0098,0
627143410,1100.9665764141075,880.8561714194584,1071.8792,888.734,0
627143427,1109.7910172982574,878.5970711082751,1113.7322,896.7178,0
627143444,1107.4842402431875,874.2971949748181,1085.5842,883.7012,0
627143460,1106.39412537793,857.2600258798053,1086.9866,807.2499,0
627143477,1105.2138643900403,850.28567051183,1084.3545,836.1384,1
627143494,1108.0762755697328,843.600672346565,1110.7551,823.9762,1
627143510,1114.971981956937,849.4261495088033,1148.7241,913.5561,1
627143527,1115.733217906139,852.3894635330487,1106.3992,898.7199,1
627143543,1120.3326696943807,850.5837477284997,1145.1388,855.427,1
627143560,1108.907774224263,843.5940385764866,983.042,798.6331,1
627143577,1120.8114044665558,843.8627024758304,1230.2786,867.8354,1
627143593,1126.611600794426,841.828074367451,1174.1006,840.4224,1
627143610,1131.4795510212996,842.0842110751842,1170.5098,867.3823,1
627143626,1134.636789174446,841.3193751251735,1154.171,853.7144,1
627143643,1138.1375682201483,844.7086182393289,1163.3743,911.9997,1
627143660,1143.2938732579314,844.6734345154529,1191.7493,864.1094,1
627143677,1146.5724607253944,843.5044833664365,1169.4666,846.7661,1
627143693,1151.4921702966199,845.5531195577537,1198.991,896.139,1
627143710,1153.883228712606,848.092405286833,1164.063,906.3666,1
627143726,1156.6980522206059,848.3798474101983,1173.9607,870.5358,1
627143743,1159.0452075026967,850.2554077992579,1169.6062,897.965,1
627143760,1159.5788836220486,850.7831643984783,1141.8237,876.3266,1
627143776,1162.9144022546307,850.4937643113332,1191.8562,861.5959,1
627143793,1167.2217798934346,852.8033699136898,1212.2493,907.8997,1
627143810,1169.0475222223752,853.0592452403878,1172.0664,872.7094,1
627143826,1172.3320320873918,855.0074632422611,1200.8513,903.7647,1
627143843,1175.664474539869,855.9340255037848,1204.8433,886.0032,1
627143860,1177.825350170268,856.2221025931794,1186.7354,875.3121,1
627143876,1181.129196067804,856.8388156919422,1210.4812,881.8199,1
627143893,1183.7423223187495,857.1025959689955,1193.5779,880.4465,1
627143909,1184.0478090878214,857.2612795427755,1152.0333,876.0626,1
627143926,1183.4357518360741,850.883912968104,1142.8599,755.1442,1
627143943,1183.644807121888,848.7561586647971,1157.9709,833.4457,1
627143959,1182.8339623619688,845.4246666986966,1142.252,803.4072,1
627143976,1181.8042025897273,839.5697420640048,1140.2904,759.7659,1
627143993,1177.18290219456,767.8069783025716,1165.6039,781.4064,0
627144009,1117.4787435522242,792.1886655016848,1103.0916,808.6646,0
627144026,968.0871187880749,733.5498263884629,789.9414,687.7557,0
627144043,863.9049967746054,693.7537292325221,620.5159,625.8623,0
627144059,824.9121517944346,668.5298371763042,677.0698,603.0713,0
627144092,792.5013812012645,648.5159075521649,632.0309,579.0076,0
627144109,654.2259828088944,631.3410401708742,617.0067,643.5422,0
627144126,669.7889379704795,620.272996729033,633.2876,631.3663,0
627144142,571.7497773931963,601.9576298267721,427.9011,595.3617,0
627144175,602.6189299559944,598.1876420988223,627.6148,599.7327,0
627144192,614.1970116982077,588.3775716946076,610.8356,566.2787,0
627144209,627.4103441338751,581.3673280220107,642.6831,560.2155,0
627144226,638.3432896641867,579.9659283550955,654.8959,581.1376,1
627144242,646.513087129499,576.9791834088885,656.3406,566.7547,1
627144259,648.706323938295,574.3074894078426,623.6826,564.1194,1
627144276,653.7076952860526,574.1077505617084,652.8309,581.2728,1
627144292,651.2385997356195,577.4065662394672,588.7217,616.9747,1
627144309,651.175373657866,583.8063471029304,610.4132,655.7975,1
627144325,652.2767299697884,583.4042853828344,623.5406,586.5458,1
627144342,654.3709916207719,584.8088897488664,637.4371,608.1118,1
627144359,654.4273910098342,584.2987183112709,614.5243,585.4277,1
627144375,655.58114575622,582.5457898390811,629.5308,567.4608,1
627144392,657.0482596069762,582.9468808034545,635.6848,596.149,1
627144408,658.3572043692607,585.7637181833206,635.4628,632.6674,1
627144425,656.7391963911494,586.8303278693437,593.1201,609.3945,1
627144442,656.7290653453156,588.1788943749049,616.8997,614.6623,1
627144458,656.2260222268941,590.9350613141603,609.4581,639.1641,1
627144475,655.7575168267942,589.1273680033671,609.7362,565.3623,1
627144492,655.6150342812479,587.536400638265,615.1103,568.0139,1
627144508,654.6575544534588,586.7244657273427,601.4909,581.0159,1
627144525,656.6759185382854,585.1969418861573,652.2864,567.2792,1
627144542,655.3112537174763,583.9261827468144,594.468,572.1638,1
627144558,653.4429446717029,579.9199196346397,584.9999,522.1841,1
627144575,650.9473825916454,578.6709103800332,573.2585,571.1141,1
627144592,650.075793232639,577.4782732243904,601.5199,570.8831,1
627144609,648.0412612157573,575.7007281922614,579.8425,559.4886,1
627144626,647.1336663858418,573.314740379677,599.4644,546.6637,1
627144642,646.6709490599571,572.2560402670892,609.4126,575.4035,1
627144659,647.5747175172993,571.4251689991918,612.756,573.9886,1
627144692,646.2347591215146,570.154896650173,593.8752,565.7415,1
627144709,646.9537233202694,566.479661139089,628.4576,515.4167,1
627144726,648.6550205384539,557.9292733282374,648.4322,422.145,1
627144742,740.8820839306651,347.96806473871186,706.9994,337.1531,0
627144759,712.7075073690789,354.52465400275895,677.4849,344.6911,0
627144776,730.7972597826717,340.1625252121148,715.2764,313.204,0
627144792,726.4736896611131,338.01186566231314,682.7507,322.3162,0
627144809,723.9654861057696,348.1862286878789,681.5367,370.3723,0
627144826,724.5120981759264,352.887236999308,692.2114,362.3221,0
627144842,725.7819077747397,349.97535285369423,697.6306,323.7665,1
627144859,726.4311965390712,347.9900282719977,695.6758,324.803,1
