timstamp,smoothx,smoothy,rawx,rawy,fixation
632321530,933.3049062067743,646.3671550576156,918.9554,565.3833,1
632321546,933.7376091281941,649.4539954390597,934.599,674.9016,1
632321563,936.4591436437375,648.4795378063602,977.4633,590.2469,1
632321579,938.7138381299552,650.3493907956837,978.7932,633.8244,1
632321596,768.5565446394853,502.9732906295738,768.0574,456.9398,0
632321613,789.8887769024797,449.93825867689077,788.8032,400.6917,0
632321629,800.090796517878,451.8175829578479,809.9335,404.2972,0
632321646,801.0391277118714,435.6459058838557,801.088,351.5361,0
632321663,808.8167939355399,444.0130537330386,832.5457,420.1126,0
632321679,802.7899277301821,456.3673216885354,778.7208,458.722,0
632321696,807.2935422347341,458.36398854518114,829.8162,418.4619,1
632321713,814.3369850613733,453.09231045619555,855.0389,370.0244,1
632321729,819.0083066878743,450.5175358173568,849.5304,382.0081,1
632321746,823.2855816836823,451.35275789787994,854.9902,407.847,1
632321763,823.8555613902801,450.0057487623259,826.2094,388.3417,1
632321779,821.8905797759757,451.7962940650225,801.5421,419.9134,1
632321796,823.7552842851194,450.06931470986984,840.6106,381.9248,1
632321813,825.901161501649,449.8183374809883,847.1563,397.1824,1
632321829,829.5790664908103,447.38339706934994,868.8654,368.4368,1
632321846,833.9097105690994,450.01804877715364,883.8983,433.2567,1
632321862,833.2152021438535,452.1931693467912,820.0765,431.0003,1
632321879,830.848056115398,455.11659912100356,796.0839,444.7781,1
632321896,831.6491665532499,455.8454353226594,840.2888,413.9686,1
632321912,829.9657693453725,454.2846059680012,802.6831,379.769,1
632321929,830.1841598952162,451.39951752119856,830.8896,356.9248,1
632321946,826.9915629389745,448.8312464607832,776.7064,360.8341,1
632321962,830.2988476111717,444.6031893981963,880.4829,329.4967,1
632321979,831.4186425233676,441.93484667100637,846.7828,353.7177,1
632321995,828.9719884032851,439.3805363494713,787.2433,354.7497,1
632322012,829.0478419218672,438.0571723814348,830.0552,373.7483,1
632322029,825.7119910778031,437.4876553231909,771.1497,386.7917,1
632322045,832.7982043983758,438.0764430974229,953.5013,403.5084,1
632322062,831.9169764795288,435.4286345392027,813.2817,346.6152,1
632322079,834.7722006729041,434.7555937941244,880.8824,379.868,1
632322095,832.3843631238217,435.0984823616251,787.9695,398.9203,1
632322112,825.4839602647423,434.6281284164829,702.0806,386.0533,1
632322129,821.5019129076204,432.91746672558025,756.7148,361.5932,1
632322145,817.9272275579119,430.7926319887123,762.5818,347.3272,1
632322163,812.8779369210661,428.5303514032633,738.4817,351.5994,1
632322180,806.0366390646071,425.09021942633706,698.7485,332.6589,1
632322196,802.0788060351089,423.4541687207314,755.2458,358.4985,1
632322213,799.1710424299049,422.67372499999243,774.4613,367.236,1
632322229,798.0054650309664,419.7059100840023,801.1741,326.6923,1
632322246,794.4432088414352,420.0136186565252,756.8698,388.825,1
632322263,785.8216466626013,421.38609093159823,660.1566,406.1819,1
632322279,783.677766890696,420.93375383485227,770.3373,372.6782,1
632322296,775.9995727633947,421.593104397829,672.0242,389.4073,1
632322312,772.7960610664474,420.3752598799883,748.4465,354.3476,1
632322329,770.2243699118396,421.6354535020127,758.7363,395.8487,1
632322346,766.5846263736602,422.6067142956766,736.322,396.9981,1
632322362,764.0732524511038,420.53840572082015,744.2205,339.4542,1
632322379,762.2616415943467,422.22733902935147,752.308,408.6653,1
632322396,760.984687107661,423.0490057468458,762.7689,388.4598,1
632322412,761.1703736646841,424.1181089505032,781.6353,388.8517,1
632322429,759.8755595446617,421.9062952347608,753.5241,327.1367,1
632322446,753.1323319160186,424.160970729217,648.7788,411.8792,1
632322462,752.6075385247443,422.557715389683,767.1505,336.5809,1
632322479,741.3730385124938,422.9093124886481,738.0603,373.0451,0
632322496,785.0578148880423,390.3065130834541,782.3772,337.9421,0
632322512,734.6152343020182,409.5053374507603,679.2738,380.0795,0
632322529,735.9776591909841,425.8849367036962,736.4034,410.4182,0
632322545,742.9499615017412,428.3109525165042,761.5627,385.5677,0
632322562,720.3045268748431,440.41505711412765,626.1212,443.0028,0
632322579,702.0758675709071,449.3270520544455,608.7888,447.6788,1
632322595,704.3064903758387,456.5105731522111,717.3615,450.8436,1
632322612,706.9353379824539,467.2991278002669,725.5009,493.3666,1
632322629,703.6487598756211,468.80391570749833,676.6528,430.5771,1
632322645,699.6921275346168,471.2918262783523,664.7909,443.2263,1
632322662,692.8058236938572,468.69619183540175,626.5518,394.1118,1
632322679,437.27409123604576,801.5370425356003,433.219,777.2185,0
632322712,662.4173045081487,504.3100078116371,658.5041,460.171,0
632322728,653.0580889274497,475.696358992328,637.8241,400.2697,0
632322745,647.8786664935868,452.5098790779739,630.5578,357.6168,0
632322762,544.2319019547115,479.05196641320356,220.662,524.2903,0
632322779,553.3185831969937,495.98054722807143,587.4014,522.2749,0
632322795,694.848437734811,491.2797650874092,691.674,445.8844,0
632322812,669.0225517552685,518.750999667336,665.6721,475.2737,0
632322828,655.5347680073858,526.6964883823674,638.239,492.4591,0
632322845,651.5842708171613,519.4100557447806,639.298,461.1011,0
632322862,683.5691954509039,496.3040792544208,776.5318,377.6391,0
632322878,696.0698427743079,489.9503011383389,742.1129,418.1599,0
632322895,715.5033584609882,476.4782638366342,807.1833,360.4181,1
632322912,708.5836458530939,471.8548021068088,660.6398,399.889,1
632322928,713.7382809382852,471.04195359651817,743.9771,420.4967,1
632322945,716.6350078670844,467.35243899833523,732.7668,393.3046,1
632322961,719.5314866892986,469.37890685113047,738.9747,442.8094,1
632322978,722.1012247499216,467.4601300541763,739.5696,403.9996,1
632322995,726.2438254735379,463.89389375404875,760.8473,381.6356,1
632323011,723.1029379721498,458.75537244956257,679.9556,358.363,1
632323028,726.6873851509313,457.4893820691652,761.4822,399.2156,1
632323045,730.362313858209,455.4223429342918,767.308,386.2887,1
632323061,731.2896767031127,458.5580548779961,735.8652,457.0262,1
632323078,728.3215614045354,459.39515103838085,680.9351,427.4146,1
632323095,725.8577677750994,460.4562825244807,685.9804,431.1773,1
632323111,724.0560992740091,459.51373496012224,693.5075,400.4796,1
632323128,722.8818370124197,462.7972235121392,703.6426,466.7583,1
632323144,721.4956924227963,463.6369459391395,698.6985,429.1079,1
632323161,722.0536881318264,466.1324773093033,730.3515,456.702,1
632323178,724.0813023441297,470.6623503736229,756.0939,492.451,1
632323194,722.1780710565589,472.5335280615698,689.707,450.3072,1
632323211,719.7890203306266,472.0410360089189,679.5698,410.3723,1
632323228,720.7331771483496,473.0148777391111,737.0088,435.7422,1
632323244,717.2350839076258,473.30408145777267,658.8562,425.7004,1
632323261,716.1488492804527,472.9227936659393,699.9174,413.6043,1
632323278,707.5145149186319,469.5015556542202,562.9467,360.93,1
632323294,710.7072093774125,472.93223730416804,775.6608,482.9136,1
632323311,708.9102310915971,476.7023136580339,681.1097,496.4638,1
632323327,709.1967734764897,476.3479551446858,713.7054,421.9183,1
632323344,709.1002582699743,477.77632780180136,707.5151,451.7061,1
632323361,712.6609306232776,475.0527662883121,785.1339,366.629,1
632323377,716.7424140676911,471.13001676121075,788.3823,350.3318,1
632323394,722.3706886715604,466.48518888675534,821.3932,331.5049,1
632323411,724.4237604492241,460.75767842623833,740.4342,317.6899,1
632323427,721.7653226039791,458.88171967418987,666.9473,391.6721,1
632323444,723.0628092790231,458.31302683286924,737.5765,410.7629,1
632323461,723.4301830725574,458.0185426046432,721.796,420.304,1
632323477,720.3729428654162,456.41007713352326,659.962,391.7016,1
632323494,721.862283866486,450.3647452135749,742.2822,305.5378,1
632323510,722.7774709307627,452.1724316725614,726.9993,446.4881,1
632323527,725.8472629161759,450.3245375900961,773.6831,381.7915,1
632323544,730.1749008921638,459.56031319080626,801.7255,582.0177,1
632323561,734.2388369110168,457.1516895154324,789.3969,374.2735,1
632323578,737.8708106897091,458.72719412508565,779.1436,442.8685,1
632323595,740.5533755265969,458.313943689879,764.208,405.8765,1
632323611,741.4186393651372,456.2424909917515,734.0641,371.887,1
632323628,743.6891542521436,454.5699581399846,762.928,384.9471,1
632323645,748.6947067520986,454.7946576026271,814.6579,413.6266,1
632323661,750.4929010819628,451.1093519470843,760.9236,344.6815,1
632323678,751.1367531264785,449.390377194191,745.6885,383.4432,1
632323695,751.7447566379851,447.49362904684494,740.0265,374.066,1
632323711,624.0861753202078,324.63780103851525,614.5951,271.5129,0
632323728,740.7239716742687,437.1454230568435,737.7335,388.0565,0
632323811,770.7545922825567,425.4484890548425,799.1024,362.4083,0
632323827,781.5413843217738,428.97143213266475,801.825,385.8165,0
632323844,796.3962072858615,444.05775517714545,841.6051,440.7637,0
632323861,864.9588498989116,443.9025163572933,1143.1858,387.3228,0
632323878,1222.3851809249597,452.2648506256413,1235.3987,395.7159,0
632323894,1278.6718650171606,436.12356937185905,1293.1237,377.7416,0
632323911,1285.3506441116656,426.0588993901147,1306.4127,356.3298,0
632323927,1292.6931187831797,458.01547824382635,1324.6913,467.2875,0
632323944,1280.4718744410716,453.11712814917007,1257.4746,380.4846,0
632323961,1281.3651697128191,467.9485704936669,1301.9216,472.205,0
632323977,1282.5767981230679,473.35251368042975,1304.9285,443.4352,1
632323994,1276.9139091336529,471.74210558970356,1258.2307,404.6305,1
632324011,1275.3350465420247,470.4661788673964,1280.0889,403.9976,1
632324027,1267.5944150981472,471.9408915018754,1223.657,427.3514,1
632324044,1268.40147308818,473.1241387003472,1292.6927,425.9663,1
632324060,1265.2074014267416,458.51998501307514,1248.4049,260.7516,1
632324077,1260.7586915413374,462.88432515927076,1233.772,454.6129,1
632324110,1262.4374404942853,466.5307286064025,1299.967,451.2234,1
632324127,1261.7878668324975,467.6529373455036,1272.1494,424.3808,1
632324144,1258.5883317888713,464.7390011905995,1236.2395,372.1106,1
632324160,1259.826057286486,465.8496415302522,1294.4939,424.2258,1
632324177,1262.6972372126618,470.37304826555754,1320.0811,474.8985,1
632324194,1265.6383767752986,470.0605313321721,1322.1783,406.4937,1
632324210,1266.6648905795616,468.69040321512864,1295.1329,390.3079,1
632324227,1267.4264934288635,473.0261547661363,1293.8208,480.5414,1
632324244,1265.7416289545,476.83545125881693,1255.0132,476.1226,1
632324260,1264.4654754737062,475.0438049351468,1258.4486,385.469,1
632324277,1261.7184205693534,476.92419701694047,1234.4797,447.6851,1
632324293,1259.2074341250664,477.90759074147917,1236.4844,433.6313,1
632324310,1257.702388028322,479.19769632803855,1252.3921,439.7698,1
632324327,1256.630183438305,477.9089581338195,1257.8496,395.0561,1
632324343,1254.4555596803211,476.64154348786144,1237.588,395.862,1
632324360,1253.8409609086689,477.6886823326319,1264.9177,437.3783,1
632324377,1255.3358337617701,475.7228714593472,1300.5339,382.569,1
632324393,1256.143362168365,478.17549139360614,1289.7673,463.817,1
632324410,1261.049770683433,479.65085701225945,1364.9556,440.8104,1
632324427,1257.4025870698863,481.8113560258857,1212.0974,454.9473,1
632324443,1250.0106585520405,481.90014815322036,1145.0854,430.6731,1
632324460,837.2545326123258,535.3361234878926,839.7665,489.86,0
632324476,751.7262468108222,513.0310966767573,750.9232,467.8265,0
632324493,710.7617105085947,534.9709588061698,667.4984,515.4078,0
632324510,716.1416554837098,528.0660778438529,725.4651,469.5167,0
632324526,713.8112161580375,526.4078640580337,704.9742,477.504,0
632324543,702.8877348086216,534.3714198473822,657.7006,524.8632,0
632324560,700.3406006382481,528.0042447835556,685.4292,451.6963,1
632324576,699.1769280636659,522.6412283440018,690.1277,446.4549,1
632324593,696.5259987685631,514.2284703071498,675.3966,412.006,1
632324610,695.070811652082,512.0946178233669,682.0878,452.9391,1
632324626,701.5899254760587,514.7778448467782,757.2752,495.2337,1
632324643,704.5529499652162,511.641857438894,729.395,438.1234,1
632324659,701.4831487370644,514.7589266279623,667.9922,505.4919,1
632324676,688.8513864257554,511.9979027450018,548.233,440.5967,1
632324693,692.8425506990437,510.6521768452943,740.0931,451.5893,1
632324709,696.6234692481223,517.4777353611768,744.6675,559.6533,1
632324726,698.2419704202474,518.9391846186672,717.6713,492.8141,1
632324743,694.1063063728651,519.3267591243821,636.6785,480.0944,1
632324759,695.0375449895266,519.311187162494,707.2711,473.2563,1
632324776,698.494137998574,519.9568884364423,746.7312,482.9413,1
632324793,697.8629199369378,522.3208591026406,686.1475,512.0768,1
632324809,699.1200734360054,523.0019877177141,715.3451,486.0374,1
632324826,698.361552372894,523.48503346011,683.1528,483.9893,1
632324842,698.989659363347,525.3052189791392,706.3722,506.967,1
632324859,701.1770762649551,526.1866704320382,732.8424,491.682,1
632324876,702.7722692566522,526.89618078149,723.8237,489.7156,1
632324892,701.9511255978633,525.9842295043948,682.1105,462.446,1
632324909,702.9234249113764,522.8840341208977,712.7194,422.824,1
632324926,700.4229301365938,526.4534022550641,654.5095,543.8672,1
632324942,690.8925305181119,526.9695323874147,527.1292,491.682,1
632324959,685.4429612841907,526.3730630733281,597.5521,470.6838,1
632324976,482.16909711873444,534.0058346984881,473.1195,494.5562,0
632324992,189.59037962933039,370.08162986030646,167.0874,326.8576,0
632325010,414.0068937420824,471.7030702526325,634.799,533.039,0
632325026,498.4714736469328,504.43381512595914,662.928,528.2488,0
632325043,524.9943640056447,529.7895873443292,597.7373,566.2208,0
632325060,542.7144450373651,546.7628324030452,606.079,574.1808,0
632325076,603.845718608656,578.0933336566944,599.8102,538.9206,0
632325093,677.8379897937493,596.2016180788391,676.6417,556.7302,0
632325110,648.9507383578155,578.0534637214016,616.193,519.5252,0
632325126,656.6116730463883,530.5827800130628,666.7404,388.3843,0
632325143,636.3211909658621,524.5044914662376,569.5554,464.7928,0
632325160,644.621128488743,540.449932876796,676.8195,564.9475,0
632325176,647.7842240391905,539.247495324765,660.1971,490.9703,1
632325193,646.437803422665,543.1549359049125,635.429,525.5253,1
632325209,643.1656964972245,540.7729028346708,616.7273,482.39,1
632325226,636.7749612046032,545.5594309875547,584.8936,542.877,1
632325243,634.79555414435,543.2406996845215,615.033,480.8712,1
632325259,621.5291241576658,543.6796154333944,494.6849,508.3867,1
632325276,625.5149745139146,546.3594222254521,667.6115,531.7872,1
632325293,626.6716361345353,547.872091017525,639.2656,522.0831,1
632325309,630.9210356272871,550.4438247205796,679.8319,537.1675,1
632325326,636.063589960127,547.9671755555908,695.3517,472.3733,1
632325343,642.3290812647544,552.3818113435642,718.9552,566.0181,1
632325359,641.1879894359355,549.365044482636,617.4918,464.2311,1
632325376,639.0447723337172,551.0570198210135,603.2001,532.7251,1
632325393,643.0914961962575,551.1308513343562,695.2405,507.7654,1
632325409,644.8843372128547,550.5232535084892,663.2662,497.6778,1
632325426,645.0510628540555,551.7116289906882,639.5354,527.2195,1
632325442,644.5773066975872,552.2107994914347,629.3044,516.9163,1
632325459,646.169981409093,550.6066552162658,663.0669,481.1165,1
632325476,644.9112106746915,547.3120792412391,615.3889,451.9781,1
632325492,653.01458957431,545.7492270915346,776.7485,478.091,1
632325509,657.4767363673698,541.3113641365621,716.4064,427.26,1
632325526,662.4035044429426,536.8731964927805,727.2775,425.0289,1
632325542,671.0238284033047,532.2573932435045,795.6711,418.5261,1
632325559,679.5109404294475,532.2580096135121,799.4867,500.3578,1
632325576,681.2026646329887,532.5087052148027,681.8197,505.7242,1
632325592,683.0259634373317,526.3845398573457,684.2554,394.1557,1
632325609,690.5686550565375,525.9284519028214,786.348,490.3444,1
632325625,696.8787839688715,529.2241165806736,774.8871,544.3492,1
632325642,704.2572955328643,531.3143327501127,787.5475,529.6095,1
632325659,712.4878899582361,533.2822465177097,819.1803,536.2057,1
632325675,823.4012706291003,601.7758751175991,827.0658,560.1039,0
632325692,805.9179583782999,599.1134433396227,808.9506,557.5988,0
632325709,810.9873954876178,614.7642236058441,820.1593,590.3646,0
632325725,777.7988642984154,575.985573700275,709.3763,453.5606,0
632325742,811.6535259094352,575.9354513087271,918.4375,531.7245,0
632325758,815.4778104286881,581.6674527433566,833.8872,563.0325,0
632325775,828.5627561775225,582.6953852447799,897.0076,544.3096,1
632325792,840.8381273317997,578.323175046454,915.38,507.4196,1
632325808,844.0594605481394,583.5919844532064,868.036,577.8007,1
632325825,851.9222027371518,582.6738914970998,913.5823,531.0814,1
632325842,858.109345912042,583.8084447887602,911.4204,549.6823,1
632325858,865.5914946043089,583.8088160470286,934.9709,539.0959,1
632325875,870.9765933661046,585.7803687015174,923.9063,561.7841,1
632325892,873.9966718952168,588.3411776371963,904.2997,572.2094,1
632325908,873.5282544896199,595.6895968911676,866.6506,637.887,1
632325925,877.4443498129406,597.1263295086776,922.9484,567.0491,1
632325942,878.6578349217497,596.0405494779766,883.9782,553.1118,0
632325958,881.72462043149,621.4467048491383,887.7573,579.829,0
632325975,891.5642224826669,635.7602796724656,908.7391,609.6168,0
632325992,925.6276214673544,665.4470717920179,1005.4089,686.3625,0
632326008,931.2256872953301,678.3283851929363,957.6996,678.3293,0
632326025,946.5990539401963,677.5433313776673,1017.5475,632.6116,0
632326041,958.8519553038401,679.5647484886855,1029.0254,648.2288,1
632326058,953.3685389681237,679.9694582417613,928.1062,642.3153,1
632326075,963.7200204904949,665.9013498127811,1040.6483,524.4297,1
632326091,963.2555936526918,669.1896690957385,967.0851,655.8654,1
632326141,947.3076957021468,672.1551205952265,817.514,660.8832,1
632326158,949.317100504346,673.0777070615603,978.5621,641.3865,1
632326174,943.5081131956332,670.3288005042999,893.3681,602.3701,1
632326191,943.3324549794773,673.3996517205064,953.4922,667.9945,1
632326208,946.0255372334861,667.6973775861716,986.7885,559.1757,1
632326224,936.4501962046506,663.5074406188647,828.6245,574.7433,1
632326241,940.1521140872873,663.7140250696557,1001.3245,628.5035,1
632326258,939.993532611969,664.536266780182,950.1178,638.3949,1
632326274,941.8421020659753,665.0051446539514,979.3695,633.2239,1
632326291,942.3432299425112,664.8351739526936,960.1025,623.8486,1
632326308,945.8254248325899,665.3343783136402,1007.3144,633.4291,1
632326324,948.2274890365132,667.492204715535,993.1867,661.0319,1
632326341,950.6490941943786,671.7490964509064,996.052,697.4694,1
632326357,951.9268209346404,671.3546133234864,976.9082,621.3189,1
632326374,957.8938252929447,673.9812941484986,1058.5696,672.1637,1
632326391,1168.9690314495192,654.4962807473071,1185.1255,609.7197,0
632326407,1265.9045481165572,703.9797630070581,1286.4019,660.1946,0
632326425,1260.266121879847,685.6074913005905,1273.8887,621.7206,0
632326442,1251.2042942408384,684.3578485445631,1252.1292,637.5618,0
632326458,1244.8606751662903,692.7124638002856,1245.7563,675.2179,0
632326475,1272.7303374908768,682.849195063374,1405.2941,594.991,0
632326492,1260.1933406288201,685.6881138961,1216.396,656.9934,1
632326541,1256.5691047160542,690.5979333997044,1255.4219,676.6283,1
632326558,1255.7357155980553,683.6341142359723,1268.8416,589.7814,1
632326575,1259.181335369391,678.0656794409971,1304.9387,589.0908,1
632326591,1262.1917151904668,669.3034040794826,1305.6626,548.0042,1
632326608,1266.9021629960623,661.2597509938358,1328.1211,540.6788,1
632326625,1268.1507182909952,661.1479913300682,1298.4951,618.8849,1
632326641,1267.5636716847828,662.6575806578165,1279.0186,638.4566,1
632326658,1260.8604248621953,658.5982554894497,1199.8843,570.1226,1
632326675,1253.3547945131636,657.2438601035104,1181.5249,601.2225,1
632326691,1252.6814932968186,652.9425749287906,1265.6642,556.3069,1
632326708,1255.7346122037466,650.2577195763458,1318.4857,573.7028,1
632326724,1259.447392703381,650.6295222536863,1332.1255,616.2612,1
632326758,1260.7729855557238,644.5537141337026,1296.7314,516.061,1
632326774,1262.8612869239214,640.6475456164139,1310.4351,544.488,1
632326791,1261.4533237862581,638.4159505787602,1256.5376,568.7292,1
632326808,1262.2670733678465,634.7724927793745,1291.4303,541.7935,1
632326824,1262.4042640934413,634.6462262892621,1282.0142,598.2144,1
632326841,1257.2401990870558,625.1071659297911,1188.6057,435.448,1
632326857,1192.4793427695745,421.04162655197337,1203.7688,363.3303,0
632326874,1167.2410580287838,427.15173984817204,1177.8584,370.2018,0
632326891,1159.062645703575,410.6311569131046,1160.1963,335.712,0
632326907,1187.3068550835899,412.8458205104325,1256.3336,358.5444,0
632326924,1202.6396450286709,409.44004095993427,1260.2705,339.5699,0
632326941,1206.8168593764565,413.61346222317786,1234.8542,372.4056,0
632326957,1205.801109618102,419.3988784752207,1212.0088,391.0519,1
632326974,1205.5288139421325,425.35870061094784,1215.6021,403.4553,1
632326991,1198.1892243307752,428.3690717493004,1158.9829,391.801,1
632327007,1200.0042707774383,425.1025753289685,1225.2554,339.9063,1
632327024,1200.0118519151233,428.1780264161793,1212.2676,396.8174,1
632327041,1203.5929816028265,426.680886344756,1248.5588,352.7118,1
632327057,949.3225262843904,335.8974199457993,950.6633,277.7916,0
632327074,890.5547959860563,333.61671953538035,889.9324,276.3977,0
632327090,881.783494121058,324.3165871860309,871.3953,257.1249,0
632327107,874.284777134491,317.4584324427862,857.0767,245.5954,0
632327124,840.6855155845784,309.900323215621,734.6546,230.521,0
632327140,845.9007751706005,308.0967920764373,865.3784,242.8372,0
632327157,847.3678006023357,307.1240961555717,852.8665,244.578,1
632327174,854.9036203865186,307.6007253061512,898.2629,252.2708,1
632327190,857.2639849982086,308.54174916427525,871.2781,257.3388,1
632327207,859.7079721406612,308.33681970885016,875.9873,248.6641,1
632327223,861.969438676579,307.1055462588678,878.1455,238.1643,1
632327240,859.6639232162252,307.38229850511067,834.5576,252.8674,1
632327257,864.4379870516832,307.24647421775256,910.1061,247.2975,1
632327273,863.1850544720638,306.88220995494953,845.3365,245.3592,1
632327290,861.9899428690089,309.78118002360486,845.3907,286.675,1
632327307,858.5932513737018,305.21940797236425,812.6953,190.4781,1
632327323,852.0427708600839,299.1480072136738,764.6572,164.4854,1
632327340,847.173055239044,293.6679301653322,781.4846,165.8727,1
632327357,842.3006393224906,285.85711248192985,775.3281,124.7425,1
