timstamp,smoothx,smoothy,rawx,rawy,fixation
627152017,942.2300533759741,515.1595054483222,890.0946,530.7621,1
627152034,941.3278684420166,517.2115249809643,900.6576,536.5652,1
627152051,940.1861484139157,519.2276621333227,896.7787,538.6125,1
627152067,939.203243593131,523.1297359797082,897.7424,569.5867,1
627152084,938.32724695826,525.2314305559734,900.9041,539.5809,1
627152100,937.8064974134052,525.7603154731221,906.9688,510.0556,1
627152117,936.1951214997356,525.8365819870273,890.4813,505.5409,1
627152134,935.5353719983086,527.105832159854,902.3978,533.7197,1
627152150,936.2935583422577,528.122308321587,924.6298,533.3436,1
627152167,935.6209969150614,529.3345686434285,901.3358,534.1846,1
627152184,935.217962973038,535.9034716265218,907.7062,645.0275,1
627152200,954.6857015038572,837.8006212984561,932.5795,860.5343,0
627152284,916.1624643804428,595.4019236408766,891.4749,600.3797,0
627152301,898.5353307532272,541.6155874717758,854.2463,485.3854,0
627152317,897.3696720935044,511.18928562937697,869.0099,445.3622,0
627152333,893.5543743159176,502.49779535105,855.6779,474.0544,0
627152350,889.3963144239402,494.81303759022103,846.1516,461.4756,0
627152367,874.2589653294935,462.05401961740716,847.152,457.6192,0
627152383,877.4015792628304,449.155045414756,850.4078,443.6863,0
627152400,862.8897793528947,463.25069127532566,820.1064,474.478,0
627152417,864.0227525775114,479.0042221745121,839.0029,509.6017,0
627152433,878.6880187710294,478.5384545566327,897.4708,472.7164,0
627152450,878.9028948959811,482.48220666978125,852.6066,495.857,0
627152467,876.7583666908127,483.4903289421646,838.5126,485.5943,1
627152483,868.8673692102786,477.2339208626956,793.4369,435.3863,1
627152500,871.5034713986033,474.651351662275,863.2588,452.5425,1
627152516,873.3155520692152,474.578749328883,860.6957,470.7922,1
627152533,873.3166368365138,473.5598784500805,846.097,461.4028,1
627152550,877.3979780262542,472.5291915990415,889.2755,458.8291,1
627152566,877.1119215652091,471.24068184219254,846.0829,454.8453,1
627152583,879.7799564300717,471.5520856529757,881.4393,472.0971,1
627152600,879.6553394892845,470.9582647615485,849.549,461.1334,1
627152616,882.8991619900844,467.2539463179083,894.493,416.7574,1
627152633,881.7732760093712,465.07730854394646,837.4871,434.9067,1
627152650,881.9560472416896,465.8857228116127,855.5552,476.4247,1
627152666,872.0131158165125,465.07841413803465,703.6481,454.5696,1
627152683,863.940196114299,462.4787575011314,723.2307,424.6999,1
627152699,854.4481788358868,461.37909518280014,693.5003,447.0544,1
627152716,847.3351975317877,462.1486239999707,724.2656,476.4956,1
627152733,842.9536239370158,461.7767250698179,763.5196,456.4824,1
627152749,834.4904472477549,462.5611620864033,690.2394,477.1055,1
627152766,825.3763914371649,461.32774497975794,672.3261,441.8031,1
627152783,816.4847860016097,460.77065805592815,669.2855,452.9214,1
627152799,812.1324499585222,460.91931078854867,742.5619,463.8143,1
627152816,805.3478831472822,460.29292945024343,694.0036,450.0333,1
627152833,800.5991576349253,463.39908187889495,724.7689,517.8785,1
627152849,795.9485597887525,465.2765675613197,720.946,495.6806,1
627152866,791.1970955481149,464.24662048060856,713.3893,441.6747,1
627152883,786.1125946337477,463.7219701969065,711.2856,449.4164,1
627152899,780.5079591641055,462.5370625632289,692.5883,440.5795,1
627152916,776.8277963367057,460.7041942570745,723.8834,431.1493,1
627152933,771.4885879741936,460.71545810071825,693.5145,461.7065,1
627152949,765.1131965433497,458.47251615944487,663.1391,421.8292,1
627152966,759.283943964343,455.46103309293454,665.577,405.5853,1
627152983,754.7142140938528,454.2286812560914,678.236,432.8812,1
627152999,750.2817213134306,452.5404217579233,682.5179,425.9488,1
627153016,745.4824290791502,450.9186214087392,669.355,428.6434,1
627153032,740.3082368904262,450.4338991035659,655.1019,448.2189,1
627153049,735.455692206557,449.1884884721044,659.6385,432.7618,1
627153066,734.7506078965532,447.1104752893104,724.8588,414.6652,1
627153082,735.3095146880661,443.26093734125163,746.2689,381.8828,1
627153099,735.5159249692499,440.8220746769871,731.5512,405.9351,1
627153116,734.5423982465329,436.66250684736616,710.3937,368.0764,1
627153133,732.3046792361885,433.7078126527658,677.4053,391.7905,1
627153150,728.0160198191764,430.0826777738959,638.7373,382.3103,1
627153166,726.4967954708312,426.90551030446244,670.9451,385.1382,1
627153183,724.399398859399,428.88457214882385,661.8185,476.6196,1
627153200,725.4279127543275,428.40105009728046,714.6272,429.8628,1
627153216,724.3366412704391,427.37015613578683,678.2657,421.1411,1
627153233,722.9804268621173,425.744412514577,676.2545,405.6553,1
627153250,722.3383253393328,422.3171883285513,680.1848,371.7196,1
627153266,718.2572543985177,420.9380690895261,615.1469,405.2462,1
627153283,717.8246525473793,417.40739789956586,680.9716,363.0711,1
627153300,719.783625858025,414.15435474084273,731.4539,366.5762,1
627153316,722.6820282062112,410.54639080066227,742.1339,355.8801,1
627153333,722.4147178715278,406.5235483423937,686.8765,353.5782,1
627153349,724.3695441970588,404.76238578852633,726.4574,389.6658,1
627153366,724.7232738136352,400.23428366634107,695.7946,329.7608,1
627153383,725.8370346812262,395.13454873491315,709.2534,317.2951,1
627153399,727.4618062276211,392.4945928195071,716.8171,359.6897,1
627153416,727.5179431583318,386.8768719690259,691.5862,300.6141,1
627153433,729.4666474625278,385.0544580856126,723.371,371.4843,1
627153449,730.4495074694338,383.44936620796545,703.3406,368.4023,1
627153466,732.4447450328256,382.87539764425685,723.355,383.0338,1
627153482,734.2897049798828,381.9085045875844,723.0911,376.0015,1
627153499,736.298559042548,379.80024040012705,727.5944,351.0834,1
627153516,736.5554446204336,378.53191023522146,695.4894,365.0538,1
627153532,742.1296196186596,372.0781562108174,792.3605,265.6244,1
627153549,746.0758590207603,365.5190811003011,764.8582,259.6092,1
627153566,750.3825610112737,358.87430042837934,780.0284,252.9783,1
627153582,752.4126739724677,355.5970190301701,742.1021,310.3035,1
627153599,753.0120163124519,350.2758819903023,715.686,271.8173,1
627153616,755.0776771292311,347.11162322946245,742.1327,304.439,1
627153632,756.5669485090968,343.91419788254586,730.3207,303.1699,1
627153649,757.8665754308124,340.5809398051079,725.5203,296.0547,1
627153665,759.9385363915903,340.06553755454945,746.0681,345.3681,1
627153682,761.4660582848963,335.3597674537612,737.4208,272.5806,1
627153699,763.9156168167747,332.1547873456175,762.1802,290.9012,1
627153715,765.3305228173649,330.14951083821865,741.3854,308.7588,1
627153732,768.4254941485458,325.8861160491265,774.0294,260.5243,1
627153749,770.0492895739401,324.12618216270585,749.9631,300.9619,1
627153765,781.5028336332384,323.5238048850576,925.3171,320.0789,1
627153782,1113.4506571543027,375.5461269065999,1097.6272,360.436,0
627153799,1134.1272377339988,380.424534732581,1119.316,365.3304,0
627153815,1126.5743594096284,393.21166012141924,1103.5778,393.0714,0
627153832,1130.091897656481,388.76159591776985,1122.4517,364.6643,0
627153848,1127.7381725983946,388.1228534172582,1105.3049,371.8094,0
627153865,1128.8698254005526,386.9967237004921,1118.5245,367.6844,0
627153882,1124.7620112311142,386.5011191603319,1088.5688,369.863,1
627153898,1121.641636698164,388.86202330993814,1087.7148,389.7186,1
627153915,1116.404540217189,388.7931287929221,1064.842,374.5954,1
627153932,1116.0734583365079,389.61742274687697,1099.1538,382.0862,1
627153948,1114.7533540112686,389.2824313228828,1088.8384,372.095,1
627153965,1113.1936933917534,397.9768086842821,1084.325,469.6945,1
627153982,1112.9907262728175,402.92860577507895,1097.1102,439.8674,1
627153998,1117.256428180676,405.2001856123026,1150.5952,413.4062,1
627154015,1115.4562533697638,408.76831343621103,1079.0669,435.012,1
627154031,1114.1592507193234,412.8225396951164,1083.4233,446.6729,1
627154048,1114.430122832384,416.8005494875034,1103.6932,450.6788,1
627154065,1114.4221297309325,418.3701585641895,1099.7284,419.9222,1
627154081,1114.2427100789787,424.13257157470645,1097.2124,486.9873,1
627154098,1116.296652697614,425.290431236376,1131.3311,419.5914,1
627154115,1116.4421356577589,429.85195666929576,1102.8091,477.6403,1
627154131,1117.4047093524207,433.30083269327486,1116.157,463.5776,1
627154148,1118.95260882653,434.7138280994645,1126.4888,432.4642,1
627154165,1120.4969372185053,435.4704327036103,1127.4518,423.4008,1
627154181,1129.3218631240138,432.77239012579895,1253.5879,362.2682,1
627154198,1130.2454076071003,432.3003920406851,1120.7407,404.338,1
627154214,1126.2041426818928,439.53398922691656,1034.6846,546.4693,1
627154231,1123.8101248779478,445.31518914252405,1063.183,523.6844,1
627154248,1121.0179586014174,450.2442059627134,1055.698,511.8437,1
627154264,1119.675287013561,454.02083948700607,1081.4766,493.5285,1
627154281,1116.2555339773603,459.8787196404244,1043.4587,536.5007,1
627154298,1112.8118940515233,466.25305172780924,1044.4824,540.8452,1
627154314,1109.8894159183826,470.24261037777046,1051.6694,503.0106,1
627154331,1105.972804328589,472.99157365408945,1034.6545,481.2034,1
627154348,1102.3966103855591,475.8937363237142,1037.8446,489.1772,1
627154364,1099.1833248419512,480.63453047724454,1044.5479,527.4331,1
627154381,1095.0481665191605,483.7833642778845,1022.752,502.444,1
627154397,1052.745208124356,501.84620942920964,1034.3691,497.3732,0
627154414,1069.1798074289416,519.1584728507892,1051.6483,515.7189,0
627154431,1074.6925557424338,532.7964597053619,1063.2722,544.8409,0
627154447,967.099817841266,498.63078121539496,720.2134,425.92,0
627154464,893.531668000532,501.4920213398568,640.5479,513.0449,0
627154481,849.1899427524614,517.0188732628187,642.7419,586.0571,0
627154497,622.2825445265125,549.6730988746556,583.2785,556.2173,0
627154514,215.5266307937519,580.612939882023,156.9882,596.4847,0
627154532,444.86355619061527,568.5716800624796,637.1097,562.7482,0
627154548,511.559167259721,567.3373517406172,604.9804,572.2955,0
627154565,439.6100846474164,565.0692719351505,165.975,572.4615,0
627154581,485.53438380233825,562.010110204902,628.9248,555.9817,0
627154598,627.1681969558133,574.2992819004179,588.4733,582.6307,0
627154615,649.4377866694813,533.4612044218105,611.6957,538.3079,0
627154631,654.5516368465608,552.4485241889912,622.5164,578.9406,0
627154648,637.7979379585911,552.5126830578238,564.6226,559.6116,0
627154665,649.0817168503614,542.5695725994433,646.566,515.717,0
627154681,650.4996011466312,543.2742533847019,618.5598,551.9505,0
627154698,653.9116458461978,541.066422103875,633.5779,534.7596,1
627154715,659.5217568723755,540.0574105428982,655.7844,538.761,1
627154731,658.5656213507029,540.7184842577358,613.6046,551.264,1
627154748,658.7266529773627,541.9591821281385,621.9017,557.6387,1
627154764,656.0385271856629,543.6808662613511,594.4049,565.0934,1
627154781,657.5017024369894,546.808904995362,634.0016,582.6259,1
627154798,657.3998744223626,544.0048048592394,618.3821,518.7881,1
627154814,657.037632690897,545.7896823176402,615.2775,571.5157,1
627154831,656.0102965541207,548.8782979816012,606.3906,591.3008,1
627154848,655.4395341390002,550.0197817750358,611.1426,568.6302,1
627154864,653.6670343556674,550.699347872444,593.6503,563.8262,1
627154881,652.4065453909894,553.0508666390581,599.1652,589.6169,1
627154898,653.0531883845795,554.2100845085512,626.426,573.4736,1
627154914,652.2903853036322,553.5423341032346,605.0275,546.1883,1
627154931,649.6453533829069,554.6356024037544,574.4031,575.1775,1
627154947,649.2700820687658,556.9767897470274,609.1963,596.6803,1
627154964,648.3181791734305,559.6047949661299,599.0977,603.8428,1
627154981,649.5299002397707,561.9234174785639,634.8209,600.1238,1
627154997,650.7741197165027,561.8714102032535,635.6424,560.2595,1
627155014,653.4335174594235,560.3893290543824,660.6356,534.9653,1
627155031,654.5553112971024,560.9186541303119,634.6452,571.8744,1
627155047,654.6114557667368,561.0348862067378,616.0619,565.4651,1
627155064,655.6873126939719,561.3808542293203,634.5295,570.0831,1
627155081,654.954547392322,562.6967109865968,602.2148,589.4043,1
627155097,652.2301801637534,563.2073823274199,565.7652,575.8729,1
627155114,652.8529369863245,564.2453989685968,626.3914,582.2728,1
627155130,651.9358090949853,564.1047537695364,599.3091,565.8557,1
627155147,645.9370602636709,567.9955505290666,500.6949,641.5166,1
627155164,643.5391220575625,568.6472091604569,574.9526,576.1775,1
627155180,641.9365042587713,569.7363694996526,585.4092,589.4679,1
627155197,640.4307565809097,574.0312324756716,587.887,648.9005,1
627155214,639.8923735073596,574.219401432039,606.2828,573.4674,1
627155230,645.2318870453996,574.3021035899409,707.799,572.4927,1
627155247,648.9891046546029,575.2383184052546,679.0872,590.826,1
627155264,654.732263900519,575.7161252862339,712.2449,583.4452,1
627155280,659.4287009927922,577.209796274906,697.6989,605.5105,1
627155297,662.6429191832441,575.5964079372413,669.3318,541.9537,1
627155314,669.25025865542,573.5654457644147,732.1055,539.9708,1
627155330,672.6470524159821,573.1647523977543,674.2522,573.9512,1
627155347,667.2957204493549,573.2459917772538,517.0973,583.3088,1
627155363,675.1548217922058,571.9324900315335,758.6306,553.0012,1
627155380,678.8577494768969,571.630637961636,685.5684,576.0519,1
627155397,683.5496274295501,572.6140951451315,709.0552,597.9524,1
627155413,689.0785272650079,573.6950051338767,724.6783,596.7528,1
627155430,695.2196112457951,572.990189242808,735.8574,566.413,1
627155447,698.9654141141702,576.1289648228196,699.7601,641.3042,1
627155463,703.6807923589502,577.5035113867684,720.0345,608.3595,1
627155480,706.5696232744276,578.1001324968987,694.21,593.7925,1
627155497,711.7019062305629,577.3541415690258,738.7891,563.9698,1
627155513,713.582374780719,576.9837382123412,685.641,570.0636,1
627155530,718.8141175467601,577.3921457952517,747.7706,588.2578,1
627155546,723.4849638574838,577.7537858870603,739.6079,587.1315,1
627155563,729.5369101662574,577.0619545448092,771.0481,567.7529,1
627155580,735.4659400322718,575.513777281648,769.7827,553.8809,1
627155596,738.9549232401331,575.9726575613023,726.5928,590.6791,1
627155613,740.5174991633169,575.6463512263547,702.9591,577.1212,1
627155630,703.1494155420787,451.6728070247215,667.7552,449.3842,0
627155646,704.3654947312348,368.28844028835726,668.7814,359.6437,0
627155663,724.005852813538,389.7130476488631,710.0325,405.0167,0
627155680,721.866382783496,409.3727685296862,682.8043,445.5454,0
627155696,716.2119709181816,419.51956116524457,663.7998,446.7853,0
627155713,719.9509405343531,424.86004115655203,700.8414,441.7947,0
627155729,716.6735094705825,426.6958467001007,665.0908,431.146,1
627155746,715.0688209186526,426.4332719797885,670.6216,419.4291,1
627155763,714.4256713066989,425.0855369542002,675.3114,409.9563,1
627155779,714.4110415614304,424.3930025437703,679.7562,413.4474,1
627155796,710.9839766241412,422.1541229079285,646.3269,397.3156,1
627155813,715.1822278202084,418.8921660287266,721.306,381.2402,1
627155829,717.8788266643821,419.7597063288282,710.8997,424.3238,1
627155846,720.0037963590087,420.02713624950246,707.9582,418.2455,1
627155862,720.1335937857323,420.7784780681237,685.5051,425.3307,1
627155879,722.1640959396739,419.41072365939056,711.1255,396.7759,1
627155896,723.3904156503773,418.60841484454454,702.4526,403.3336,1
627155912,725.2747255924884,420.7115462073383,713.6547,445.5274,1
627155929,726.1531369125012,422.12186186726643,700.6622,437.2302,1
627155947,725.2572851274599,420.70550597816754,674.1561,394.0956,1
627155963,724.161561486232,417.51650188113945,670.4208,363.9886,1
627155980,722.9050863521161,413.86051997061503,667.1845,353.6229,1
627155997,720.8441880018661,410.9217488920867,653.1654,363.2309,1
627156013,718.5154317195443,407.7758223992546,647.439,357.4172,1
627156030,716.545548926678,404.29787716692493,652.2717,349.0696,1
627156047,715.3795198495443,402.0474566181974,665.2134,368.2535,1
627156063,714.4932710424574,399.6359720989742,669.3549,363.2503,1
627156080,714.60082793488,397.0036149451134,686.3589,356.8066,1
627156096,714.2430603745868,396.2422262177303,677.6915,389.2849,1
627156113,714.2354401159099,394.29243439014647,683.439,365.3778,1
627156130,713.6311141059299,391.63739039194223,672.0309,350.31,1
627156146,711.1534541987193,392.8152059044339,636.4645,418.2974,1
627156163,709.6831810776828,392.2503063945249,658.4537,388.6063,1
627156180,709.8609208241328,393.0165391731534,684.647,415.3015,1
627156196,707.9166606998401,390.9613379429247,642.9877,360.859,1
627156213,707.5867139700807,388.4007256024783,675.5905,348.2723,1
627156229,706.5509814933889,385.0822846900393,657.8335,331.1652,1
627156246,706.2214103158597,382.32251046706045,670.6438,338.3206,1
627156263,707.3591939145629,381.9590414169593,697.2609,380.0133,1
627156279,707.8657253217522,381.0289918195102,685.3635,368.2269,1
627156296,709.0029963079455,377.92716550705956,692.7154,324.018,1
627156313,709.6565400892857,375.48548626097664,691.3856,333.464,1
627156330,710.1384131149789,373.8335595977491,686.1788,351.2874,1
627156346,710.9350124036539,370.06402059129283,690.8419,308.7767,1
627156363,708.47584949738,369.19896417557914,628.7886,362.8708,1
627156379,707.919882670182,366.94897490606115,665.9716,331.2472,1
627156396,707.8696355171087,364.55760183863947,673.7826,327.3611,1
627156413,707.7639510736627,362.7406362634189,673.568,340.4753,1
627156429,708.5115347791126,359.501368245815,687.331,310.1414,1
627156446,704.6164857527168,355.6069444411045,599.6434,292.456,1
627156463,706.4819459741485,354.2745710294095,704.7838,333.8208,1
627156479,706.3056553718985,353.4348467534465,667.2432,341.0079,1
627156496,707.059823040764,352.7781743992064,683.0082,343.6299,1
627156512,709.5306537715617,351.6535968978467,714.1304,332.1124,1
627156529,710.5994758394532,350.6155009598342,689.5378,331.7759,1
627156546,711.833436683892,349.10539904036415,694.3866,323.3735,1
627156562,710.8522878718147,349.13585594290913,654.8295,350.6997,1
627156579,711.0985640210008,347.77404608536006,679.2427,321.9899,1
627156596,711.3537449024983,346.66907517299984,678.6,328.6623,1
627156612,710.7634528901317,346.0566781775883,663.9702,333.8841,1
627156629,709.6206438338252,346.5435827937357,652.898,351.7491,1
627156646,711.0080067666738,344.42829235846415,695.6128,307.9871,1
627156662,711.1590514897401,343.04182262847985,675.9706,317.0634,1
627156679,709.8281152419477,343.49673135174424,651.9751,353.2627,1
627156696,710.0402582383746,343.13467777818215,675.8144,330.2955,1
627156712,709.9683094091118,342.4705982932855,674.3284,322.7502,1
627156729,710.6670543184546,341.5109912987868,686.5059,314.7823,1
627156746,710.0332530976746,341.33759422078276,663.675,330.4011,1
627156762,708.1101641540874,342.5053837141249,642.8365,359.752,1
627156779,703.0946826221797,341.8298787323066,584.5092,324.0321,1
627156795,700.1207996067311,341.88944386366865,621.9618,332.1882,1
627156812,697.711020504637,341.8407127435679,631.0611,331.0691,1
627156829,695.6690663764833,340.89522349620097,635.9565,315.9215,1
627156845,692.8872471144914,341.5481976851273,621.6655,341.5343,1
627156862,691.7466524091857,340.35062167398326,643.758,312.1172,1
627156878,690.0389184885607,339.85907595212086,636.3958,321.8328,1
627156895,687.4228211940541,340.03624296518734,619.1314,334.1882,1
627156912,685.3873657265691,338.8518186959584,627.913,309.767,1
627156928,682.8288058799253,339.56114116493677,617.9774,342.1223,1
627156945,681.1412934554563,338.70150835730294,622.8231,310.8182,1
627156962,677.7564675295265,336.805781578423,601.3772,296.4272,1
627156978,675.2260207495614,335.7808493209696,610.5388,312.7998,1
627156995,675.3867266265254,332.3723709792612,658.9419,266.9141,1
627157011,675.485303114467,329.8117123663904,658.5649,280.8322,1
627157028,675.440895731468,330.2646387872279,650.9912,336.4503,1
627157045,675.9498279506711,328.8593383886505,659.4688,299.6146,1
627157061,674.7362473763886,329.24102335078993,622.251,335.5407,1
627157078,674.7083117437679,334.09988368975206,645.5035,415.0012,1
627157095,679.5068752709607,337.21919546403177,732.1505,381.1006,1
627157111,683.7347374176151,338.84183095097046,719.2021,353.5457,1
627157128,688.2167512058521,340.258197408513,722.5414,351.4092,1
627157145,692.5522872429776,344.7761991945649,724.8296,405.1706,1
627157161,697.1251234090628,346.59355741827625,727.4258,356.2988,1
627157178,699.4977731613884,350.90981854905516,686.1555,408.5477,1
627157195,703.8095917538438,354.8447159120122,725.92,399.342,1
627157211,705.4044312894667,356.18894137217075,677.8861,352.4099,1
627157228,708.9096073252591,360.64863085184663,716.3792,411.3987,1
627157244,711.3066239090177,362.43455663092533,695.9158,365.4117,1
627157261,887.8484232441466,228.07080018025928,860.6997,205.6256,0
627157278,863.3480436051458,170.99378623763215,834.847,144.6323,0
627157294,894.8843530348544,182.67296421260517,900.9481,168.6528,0
627157311,909.2661636633893,186.47869965429723,912.8418,168.0928,0
627157328,908.4707054855272,185.48579342315202,879.3174,156.2068,0
627157344,916.7558565347503,183.86792431098073,924.5786,150.0952,0
627157361,921.5169779035137,184.8565746293189,919.3751,163.3392,1
627157378,923.1805814553034,184.6301151238532,906.5654,156.649,1
627157395,924.0195894537948,186.3438984307598,903.1426,172.2613,1
627157412,923.9559443937509,187.05377280421519,896.6487,166.3512,1
627157428,928.6275308553396,185.64549800196045,942.8201,145.6242,1
627157445,929.5948656034797,185.0717794204414,911.4253,152.8403,1
627157462,931.7540794014197,183.56239343744718,926.5701,140.7755,1
627157478,932.1158947659981,181.3571469456935,908.1826,130.1586,1
627157495,935.0687618200185,182.14633575938615,942.0443,165.6482,1
627157512,933.4095507156558,183.61257606933276,884.3569,176.8924,1
627157528,932.5689412157227,183.36775805948596,894.015,153.9423,1
627157545,933.1852667030935,183.9500861316588,914.5251,165.6352,1
627157561,934.1848228599899,184.79336159945072,921.1741,170.1404,1
627157578,933.8878469877816,183.48683352196966,902.2019,137.0794,1
627157595,933.8461235692661,182.09013453680885,906.27,134.3878,1
627157611,935.4001621524347,183.86029871520824,932.6232,185.7256,1
627157628,939.9501084083332,189.80210229954432,984.0012,257.3044,1
627157645,943.6968596498955,196.4988694517203,973.7158,274.5613,1
627157661,947.2702661293017,204.9095460251976,973.5487,309.1781,1
627157678,950.4168090792692,215.21912815075135,968.8157,348.5137,1
627157695,954.3026624152573,222.48150783015132,984.1415,299.2564,1
627157711,957.043639908423,231.52790614628927,966.5624,337.2883,1
627157728,959.9269300227679,238.66900403449716,971.4188,307.9114,1
627157745,961.1755639175365,249.47715292821496,944.4383,382.2086,1
627157761,1026.5093289760473,399.0575504429091,1006.5609,387.225,0
627157778,998.5659731610942,326.31564863948586,977.0524,309.4357,0
627157811,1111.8230768468495,331.5365177553406,1214.2251,316.7761,0
627157828,1085.1650133057244,357.78973294579237,1011.9441,398.8428,0
627157844,1052.8940470802356,354.5997706675321,933.6007,329.9511,0
627157861,1038.251356580336,362.55834619651216,959.4638,381.9887,0
627157877,958.7658660121771,324.51247930011374,935.3265,308.1782,0
627157894,988.6541012615539,357.92914479519624,966.7565,343.6211,0
627157911,1002.1895412117848,360.9328951609269,995.1152,349.613,0
627157927,1011.8478189207881,383.94478876938297,1011.3312,420.077,0
627157944,1018.0999995677682,391.43987630762405,1016.9944,402.3772,0
627157961,1021.1178597252642,390.20645154956225,1012.8685,371.7667,0
627157977,1017.8011813220577,396.517843335412,980.0515,417.4115,1
627157994,1014.9886442616246,394.68830399061216,977.1249,370.6246,1
627158011,1011.9163046840742,396.5618592490314,969.8785,397.7878,1
627158027,1011.842746729462,397.2352365238546,991.0751,389.963,1
627158044,1011.7705152237328,395.46285722639493,990.8865,366.689,1
627158061,1011.1209022036596,394.878418549284,984.673,376.7645,1
627158077,1012.1606203587747,397.0971780626073,1002.9018,408.249,1
627158094,1011.0701810111822,395.97493851642326,978.5787,370.6531,1
627158111,1011.1428475064287,396.7221167377412,991.9451,393.3962,1
627158127,1011.5468012409915,398.2837013724033,996.4702,405.5887,1
627158144,1011.5362850950002,409.6977207132143,991.517,549.139,1
627158161,1030.7230334978042,685.6454070396095,1011.8322,695.5146,0
627158177,1014.3547629951395,663.8615207631007,994.6092,672.3564,0
627158194,1029.3243295595594,675.7467814418259,1026.0238,697.3876,0
627158210,1041.2416085099203,671.9202213280339,1047.541,671.9139,0
627158227,1033.3348963243186,674.611897217345,989.7228,692.589,0
627158244,1029.2841659323835,678.0620833833708,993.665,702.1344,0
627158260,1028.9006663794896,680.9485044938109,1008.1926,705.3561,1
627158277,1029.159585917389,685.6743882268331,1012.0664,724.4232,1
627158294,1038.877658192356,691.7180953953857,1088.5288,743.1113,1
627158310,1038.0106309600046,690.7662424830532,1011.4865,691.5516,1
627158327,1037.2014912833158,689.5189305069113,1010.5818,686.9932,1
627158344,1035.775607766423,686.0919444662438,1002.6948,661.4207,1
627158360,1034.7317822355108,687.2297904681499,1004.9736,709.149,1
627158377,1033.3739854692867,685.7914792014418,999.5855,679.0774,1
627158393,1031.4403520340059,686.2055527328091,990.428,701.4952,1
627158410,1019.3112671889118,686.2163864178215,851.3151,698.8187,1
627158427,1007.5061713709304,682.6638134175358,840.9147,647.8871,1
627158443,994.575611909175,678.4634527963625,810.8624,634.6451,1
627158460,981.1595459194458,677.2263275214789,789.5005,676.1635,1
627158477,970.8911550718368,674.2261439721779,824.1554,646.124,1
627158493,958.9640091770359,671.022190530437,787.0043,640.416,1
627158510,948.4351777558854,667.8566993344444,798.0115,637.8245,1
627158527,940.1300969714262,666.1840309985553,824.5814,659.9136,1
627158543,932.1993720303709,660.8147411241508,821.8751,593.8052,1
627158560,925.0903134051108,658.1919729788435,827.5711,638.085,1
627158576,918.3341729927075,656.9288563134282,825.6956,659.8405,1
627158593,764.1031269993257,590.9535132428904,732.0652,598.2015,0
627158610,794.2386494635635,594.4394595730328,763.6652,601.4354,0
627158626,790.0645205428755,599.1485794431453,754.9534,611.6992,0
627158643,787.4353878341997,602.6014458215931,751.1233,617.781,0
627158660,787.3127774214619,599.8594692680406,756.079,598.5637,0
627158676,783.1533317183897,600.5121371000702,735.025,611.2032,0
627158693,785.1971494311491,601.037107941174,764.9113,611.2358,1
627158709,788.4856155484838,593.341407538703,777.5198,552.1406,1
627158726,792.7779502453797,587.5891680405554,791.7189,553.1656,1
627158743,792.5925507668111,581.6664750520636,759.4902,541.472,1
627158759,794.4328262278468,576.0735710019752,778.9707,533.895,1
627158776,794.0679077497341,571.4528771436386,758.7061,535.2007,1
627158794,795.7299894154696,568.0042977819509,781.221,540.8725,1
627158810,796.2372682973196,566.4423691326555,769.8445,558.9347,1
627158827,796.1964289768837,565.2715255488388,763.656,561.5741,1
627158843,798.3227858273765,564.2124619508713,792.7376,560.6608,1
627158860,798.7923115228954,558.7841416764486,772.0845,496.4933,1
627158877,801.4187360156267,555.2101328565172,804.1842,516.8442,1
627158893,803.229341879178,553.5426770374254,794.9108,541.9248,1
627158910,802.8252095459482,551.8761616394609,762.6042,540.0254,1
627158927,801.9618124303439,549.4464536430133,755.2563,525.301,1
627158943,803.6262308923039,547.5244314830469,796.0952,530.1782,1
627158960,807.0265464892775,543.671117476444,826.3712,494.239,1
627158977,807.9368589764216,543.759515357109,786.9853,559.671,1
627158993,809.6043346992055,542.037174497085,801.0028,526.2032,1
627159010,808.3043621256224,542.7746461079025,750.8218,568.862,1
627159027,808.4374645113642,544.2759638676545,776.2288,581.3159,1
627159043,803.9364911274369,552.546214372385,694.5166,706.0621,1
627159060,750.2211466887607,742.4896759835625,717.9651,761.489,0
627159077,704.4777919227956,814.0944661456771,670.228,839.3187,0
627159093,716.3359600803565,828.438173937382,695.1424,869.7401,0
627159110,719.8245437562794,824.441561308275,693.5265,841.4465,0
627159127,718.0010777341379,821.2046170070284,678.613,836.4942,0
627159143,723.8341274547327,823.5517410538073,714.5141,858.7754,0
627159160,717.7699656422706,821.4607897014484,652.8854,836.5554,1
627159176,720.4869356554431,822.4779144720951,703.6195,854.2451,1
627159193,712.5116803784994,818.7118527068585,622.7645,818.1029,1
627159210,708.0563614794212,819.0121198604122,639.8807,848.0813,1
627159226,708.3790052926023,819.6790804732001,678.8439,851.6312,1
627159243,706.7311785251213,816.3367553082037,658.3355,809.5212,1
627159259,706.1390183429463,813.7981716996138,667.6694,813.3386,1
627159276,707.1879338716213,809.6626655299883,686.4357,789.3122,1
627159293,707.992426244002,812.7455378537471,684.8931,877.8554,1
627159309,697.8972813279445,816.0169317195448,539.8354,886.7548,1
627159326,689.1530281478098,823.4903411017099,546.5303,950.9041,1
627159343,678.926775871133,828.0142259440477,514.6848,916.0023,1
627159359,671.4293512478145,828.6137751291882,544.2882,859.9438,1
627159376,666.6653947153292,834.9625986450345,578.7309,951.7185,1
627159393,659.7497600527505,837.7889422952686,538.877,900.9272,1
627159409,650.6566459678755,840.966270243079,496.3728,910.4763,1
627159426,643.2911497712302,846.3315012274678,516.7443,950.6725,1
627159443,636.0210478363159,847.9739159931013,511.0178,890.6803,1
627159459,629.9078712343216,850.8412122942784,523.9594,914.4202,1
627159476,621.8115717010685,850.6260857505963,482.8391,862.8883,1
627159493,613.8138860550276,850.9235088124477,477.3113,873.7773,1
627159509,608.9015470868562,853.2943234605445,525.1951,912.6776,1
627159526,605.1201475574325,855.0917970603954,539.351,904.3074,1
627159542,602.7131645925782,857.1796808117303,558.5129,911.6686,1
627159559,598.2777594381193,860.3399925916426,516.1599,934.8158,1
627159576,594.7551016115146,860.6525252500137,538.621,878.2927,1
627159592,594.0173725763224,863.3449125292403,585.7347,927.8999,1
627159609,592.1902409614988,865.3556067479143,559.2223,914.8068,1
627159625,590.2764958822538,866.9277360778462,550.238,908.7799,1
627159642,586.6742082816071,867.8682880182447,517.7439,902.3397,1
627159659,585.2420529955557,869.4312725711193,545.811,913.329,1
627159676,589.4545372669888,867.8735756619374,649.7839,857.3163,1
627159692,594.7637108989128,863.6299572634362,657.3154,804.8846,1
627159709,599.7294612890968,861.2294171922284,650.8097,844.494,1
627159725,604.2676499458656,860.0675342383377,645.5286,869.0971,1
627159742,610.5382385761574,857.4325849595627,673.8414,837.1645,1
627159759,614.9897154472178,857.6782720665649,641.6918,892.8273,1
627159775,643.9512864929646,662.1598878314669,606.3281,676.8788,0
627159792,599.5531328741296,395.2013020026813,558.9919,390.3991,0
627159809,645.6507130552598,268.30458916145284,654.7571,116.0918,0
627159825,651.1137852735703,205.9151425103678,623.2444,52.9495,0
627159842,660.5947338736692,172.32772698634284,651.1588,43.6218,0
627159859,664.8252129693597,161.12075913673885,643.3815,92.5469,0
627159875,653.6268601151286,94.09005629514492,614.7772,65.4829,0
627159892,686.3054391338671,127.91524470009621,649.1334,101.3175,0
627159908,697.3777352495232,116.99495009143173,672.2518,77.4682,0
627159925,693.445093392449,128.87006306556526,648.4398,127.8093,0
627159942,685.1286250622447,124.15699885311341,622.0062,82.5483,0
627159958,679.866515893614,124.09467601310304,620.9895,97.4237,0
627159975,673.5468849026462,128.44347159611095,604.1401,125.4002,1
627159992,673.6265434266213,128.87885863362584,637.3311,104.9353,1
627160008,670.4370001417831,126.31039388131053,611.1368,81.4574,1
627160025,674.877863294099,128.44340607961718,673.4977,118.7395,1
627160041,669.5334127224625,131.4723095086372,585.5347,132.95,1
627160058,667.7299617157719,131.76429206195,614.0784,107.8987,1
627160075,666.1238172327446,132.18144858682138,613.4008,109.8882,1
627160091,666.0105743030499,131.27804395853025,628.8813,93.9565,1
627160108,669.209567861773,131.86511099729194,670.8751,111.5713,1
627160125,670.5061252785883,131.28864790188445,649.3472,96.7728,1
627160141,670.4685744180148,130.37037148636531,632.134,91.5055,1
627160158,670.0021529888895,130.78199723486435,625.8311,110.4468,1
627160175,668.531666190876,129.8896708919039,610.1278,91.0585,1
627160191,664.2547257415171,125.56526534590355,565.0166,36.3916,1
627160209,660.1390382313581,121.12892976111281,563.7068,30.715,1
627160226,657.4153552636114,118.54744487051128,582.8896,57.6069,1
627160242,656.0303589222632,114.42936706187248,602.6288,28.7539,1
627160259,653.6553316681606,111.28465466651105,584.393,42.6661,1
627160275,650.3855018161673,108.93777731104959,566.9399,54.3576,1
627160292,649.4570416463698,106.50889090381467,605.228,50.0035,1
627160309,647.3702693562727,104.71824517308504,583.3472,59.6102,1
627160325,645.4232456970785,103.73551375321952,583.9335,72.3199,1
627160342,642.6915313908204,105.1189492736074,568.0123,114.5246,1
627160359,642.2924385975273,102.18343476503016,607.9362,32.4169,1
627160375,639.9489932910583,100.41221086219849,570.9127,52.6693,1
627160392,636.9934755259139,96.29465513783981,562.7341,10.0267,1
627160409,634.9992851313481,97.87581827606716,580.5631,112.1076,1
627160425,633.5178776166366,96.0266057355042,584.6312,50.9482,1
627160442,631.5188338896559,93.84627199704504,570.2013,37.9841,1
627160458,631.1866302225467,91.3412940252205,598.6537,31.2349,1
627160475,640.0778801339163,88.73576052434873,763.6421,27.4467,1
627160492,649.2286701841763,87.68569903244212,770.7617,52.0517,1
627160508,656.9536700052058,89.38211342505565,741.6471,99.5385,1
627160525,665.6839348053971,92.59802413225141,767.1329,129.9558,1
627160542,675.6301114554959,92.43185050660202,781.0574,65.8853,1
627160558,686.1531326151373,93.04459173094483,797.5677,76.248,1
627160575,694.9976501362372,93.25277923279862,770.3684,68.4152,1
627160592,704.3050029249243,93.33758000608853,784.8217,63.5733,1
627160608,711.4518822570096,93.16061178430138,754.5399,60.6822,1
627160625,719.3041980068674,93.73012803097018,770.3368,72.4189,1
627160641,724.8186327550939,93.1212728054565,731.7831,50.2769,1
627160658,730.3130257571341,93.55533622879581,737.4493,71.6837,1
627160675,737.9345108419027,93.47692091487203,781.6038,59.1903,1
627160691,745.612720810287,93.07579693142443,785.4202,47.6959,1
627160708,750.3984890825816,94.2871497853666,740.7219,79.0859,1
627160725,755.2020092779665,95.79758390067485,751.1675,88.2642,1
627160741,759.0100314741109,96.88275306780673,742.6229,78.1787,1
627160758,762.1593738625505,98.25714971114904,735.9092,86.1832,1
627160775,765.7998418525532,97.91285124594535,750.1436,55.7638,1
627160791,770.9862345814303,100.85014441612681,789.3962,116.9992,1
627160808,778.9687337969638,101.36429976667863,844.2728,72.4017,1
627160824,786.7351515483405,102.75328225889479,846.8449,90.827,1
627160841,791.7632918959713,104.74732605456391,801.683,107.7737,1
627160858,798.7717217951073,107.63317978149551,848.5353,115.7072,1
627160874,803.7450603693975,110.17942882477539,813.496,113.5078,1
627160891,809.2901712067418,111.0277855188569,829.4187,78.5552,1
627160908,870.1450310157089,131.7256379775375,841.8549,102.2641,0
627160924,699.1782873865135,184.3810555298646,662.7957,161.8526,0
627160941,773.1553493295748,150.0715655722408,817.4869,85.5797,0
627160957,764.3812900484872,149.57555450389023,712.3679,122.7161,0
627160974,830.8083751919285,133.00427246240127,1006.6635,48.2726,0
627160991,869.4263899437361,118.71483061363504,997.4506,26.0936,0
627161007,1008.1539116707996,93.94237497097753,986.4103,59.243,0
627161024,980.8701712921704,88.48214342336065,957.7938,53.8359,0
627161041,993.8633628913975,85.11614577285339,984.9792,46.1565,0
627161057,1048.553663700849,92.26376407725634,1142.6582,70.1829,0
627161074,1050.2614270483575,95.09327896645087,1034.9517,68.6152,0
627161091,1074.033782953395,100.49121478650942,1152.3845,86.1821,0
627161107,1086.9009747827265,99.29890607746265,1132.3818,55.9119,1
627161124,1095.2280449168495,99.54568597674383,1125.0437,64.1776,1
627161141,1105.8113642364558,100.22295857553063,1158.8445,67.6608,1
627161157,1113.0665835717136,103.10967945600039,1148.4666,89.3265,1
627161174,1117.860195017569,108.40656153927104,1137.2944,118.8274,1
627161190,1307.2114181560014,135.90941605867198,1300.0229,99.269,0
627161207,1305.751436044865,86.70496863681393,1298.3458,46.3512,0
627161224,1309.730871274531,98.79905595005278,1306.75,72.2077,0
627161240,1305.2989975329604,111.58686238898125,1288.7676,100.5607,0
627161257,1312.3086437998768,105.45683451069344,1327.0536,46.2321,0
627161274,1315.4594066509583,107.23748933544324,1321.3948,75.518,0
627161290,1317.708760635046,104.05422531581318,1322.0208,47.8163,1
627161307,1319.5059856176774,107.76325221066007,1323.281,91.7481,1
627161324,1333.0563383372491,108.74331184464171,1420.9558,74.7773,1
627161340,1346.8300287070415,109.71866020782777,1447.3875,76.1262,1
627161357,1351.9854510139535,108.41717112918036,1387.031,56.031,1
627161373,1356.5836756341791,110.19645740956956,1389.9451,87.2752,1
627161390,1361.675686452717,110.5626738011528,1403.0178,73.4797,1
627161407,1365.9728493002194,109.72139797732844,1401.3162,59.1374,1
627161423,1369.0213503826656,110.89687799020562,1391.9467,84.5571,1
627161440,1370.8893822349867,110.47172129557572,1380.6772,64.3478,1
627161457,1373.023501860742,107.52147666747585,1387.2922,27.5268,1
627161473,1375.1167100420091,106.00890087924235,1389.9524,45.5769,1
627161490,1376.11288087665,105.32532361405902,1376.5605,56.947,1
627161507,1375.2813633645126,104.76828320235126,1350.1564,58.6381,1
627161523,1376.5311152323504,101.5630432440961,1383.4207,14.2273,1
627161540,1379.6868767285237,99.20400435056403,1416.4417,25.0587,1
627161557,1380.876998237299,98.4167322108535,1387.0886,50.3057,1
627161573,1381.9328449385366,97.78169092469649,1386.6804,51.9908,1
627161590,1383.4866984137211,96.46349550403843,1396.9281,38.8783,1
627161606,1567.4810817042533,28.16030104332654,1572.5298,-21.1308,0
627161624,1430.212274577722,50.483838093367574,1428.7041,5.2433,0
627161641,1414.7146810299919,76.74367899747224,1396.4111,62.2121,0
627161657,1409.6213481602279,84.45763458975439,1396.7378,58.6753,0
627161674,1405.9548880660686,85.22002216843285,1392.1532,45.3847,0
627161691,1403.5299030356211,87.56645352935342,1391.1676,55.3845,0
627161707,1402.4353686496445,82.98636028611816,1394.4265,16.4141,1
627161724,1402.6107241107234,81.9743568091685,1401.3666,33.2626,1
627161740,1401.674912925068,90.08126844670558,1392.9594,106.6047,1
627161757,1396.9254972170554,102.89050042776081,1357.4038,165.2217,1
627161774,1392.578822454638,111.6157297114464,1353.0491,147.0992,1
627161790,1362.8677785418533,216.6689121774202,1358.6055,185.2097,0
627161807,1384.5439626825137,217.61019560824644,1381.3304,185.8507,0
627161824,1383.7834009583578,204.44620738957008,1379.6594,157.5845,0
627161840,1378.7949668402314,206.3026938165265,1364.8936,177.9943,0
627161857,1377.2213871685447,205.86904996811376,1368.8083,172.0787,0
627161874,1376.83274473149,203.01585995919405,1371.7023,158.3085,0
627161890,1375.788609427319,199.09634275122332,1366.8657,145.859,1
627161907,1367.5061775742483,195.0277941358624,1313.416,137.8831,1
627161924,1362.3148062157952,190.25172018783914,1322.7085,124.0799,1
627161940,1359.1172967886753,185.6873604444807,1331.0756,117.0148,1
627161957,1355.7551123144544,181.6667628361429,1323.8589,114.4197,1
627161973,1349.4658795171442,176.53340330637243,1287.1752,96.0111,1
627161990,1345.9987239954235,172.69264182285838,1309.218,102.2889,1
627162007,1343.262877740915,172.1072886677214,1312.7595,136.5029,1
627162023,1341.8478346442057,172.18148040051838,1325.4939,143.7611,1
627162040,1337.7041594754435,171.6158789000007,1286.6683,135.3282,1
627162057,1335.8378772976255,169.9161105403756,1312.9797,117.5167,1
627162073,1334.18781803015,167.09048956876453,1313.387,98.3322,1
627162090,1335.0486477207046,166.0283526158694,1348.827,121.4724,1
627162107,1334.6885325457845,177.8676632301288,1330.5769,325.3115,1
627162123,1278.152559345442,551.1236512156843,1270.7996,546.5283,0
627162140,1293.4218226118085,700.2655378076303,1287.2502,706.7396,0
627162156,1304.2983894105587,700.1050877687311,1310.0228,706.0222,0
627162173,1315.099308808965,692.831754092493,1332.3516,682.4503,0
627162190,1305.1324917163538,697.3041972499968,1268.3555,718.248,0
627162206,1309.5142659111916,701.0944817396153,1322.2825,723.0375,0
627162223,1307.1687540333344,705.2162889420645,1289.6414,733.3666,1
627162240,1309.3444625250543,706.4944937486542,1317.1997,720.3497,1
627162256,1308.415397124651,709.7466683172576,1296.3939,739.424,1
627162273,1303.4834255701894,707.4811962889505,1258.9105,695.5709,1
627162290,1301.3457930032778,714.1828599721612,1277.9314,781.2213,1
627162306,1300.5182458542463,715.1482205568481,1288.0981,730.132,1
627162323,1298.2964507092133,713.4038435117324,1270.8347,700.5004,1
627162339,1295.0463462950897,713.5806622282747,1255.1094,722.0569,1
627162356,1291.6672152407916,711.292545639216,1248.73,690.2546,1
627162373,1286.863060123644,713.1252962670108,1225.1971,744.3691,1
627162389,1288.895557617873,718.7717585776343,1314.8545,800.0211,1
627162406,1293.5950939487427,722.3625502754131,1355.4304,775.3544,1
627162423,1297.2880177005816,731.3488433772824,1345.0404,862.9039,1
627162439,1298.7346541920992,739.4542352355738,1313.5232,858.6487,1
627162489,1304.3230459928027,866.3839782593349,1299.1726,885.2922,0
627162506,1308.792121115941,784.9929601087055,1303.6147,797.6407,0
627162522,1336.0694569286582,808.3385129254193,1360.8679,846.8806,0
627162539,1329.4471738731363,821.7972717427859,1311.515,865.7666,0
627162556,1334.487578745047,826.1207435005238,1346.3357,854.6444,0
627162572,1333.9544917199928,842.1259740985731,1327.9604,925.834,0
627162589,1343.063418629002,868.7132955620306,1386.4443,1024.1818,1
627162606,1346.1184185797656,876.9295516469506,1360.7946,943.3403,1
627162622,1348.142359584707,897.4943223596424,1358.5801,1060.999,1
627162639,1351.1213542484081,905.1311015503105,1370.5685,980.6633,1
627162656,1351.0259576907729,911.2365899981897,1345.7422,979.5756,1
627162672,1355.1186577739331,919.8316638098645,1390.1053,1016.6536,1
627162689,1356.9872518404443,924.173812324088,1371.2834,981.7623,1
627162705,1357.9949536636825,929.3317160093735,1363.8691,999.2889,1
627162722,1356.4929109611323,938.0938348771111,1333.6111,1055.176,1
627162739,1355.7515961787312,940.5711045892374,1341.8804,981.3116,1
627162755,1354.7472487795378,945.7403361013891,1337.6406,1024.3044,1
627162772,1355.5290252426678,948.089187340744,1362.5725,989.1018,1
627162789,1356.398291380117,950.971043267442,1364.9128,1001.2651,1
627162805,1356.440558224369,951.9082614400579,1353.0535,974.9305,1
627162822,1354.689543505757,953.2850252319955,1324.7976,985.079,1
627162839,1362.7299022714724,950.8297785767959,1482.9185,921.2372,1
627162855,1364.8184412637743,950.99272215691,1389.9985,967.3292,1
627162872,1366.9439686832502,952.4730124357405,1392.5435,991.8068,1
627162888,1367.553230184506,948.3267800751095,1368.0286,895.1718,1
627162905,1368.1787681699045,946.7764951998086,1369.4658,940.8045,1
627162922,1369.600877005907,948.2096977204185,1384.7277,994.9235,1
627162938,1368.59750555095,949.5467988476665,1342.8004,995.2725,1
627162955,1366.4244855388904,949.0005300256577,1322.1182,962.074,1
627162972,1364.5591272410577,951.4712196040388,1327.8857,1018.7355,1
627162988,1363.4495703348553,951.8720353306223,1341.5802,980.9979,1
627163005,1361.8488919703823,948.9579802953975,1326.8164,901.6952,1
627163021,1260.390514323067,479.8326489193803,1251.968,470.1255,0
627163039,1135.5757653839275,222.07366736160805,1120.3624,194.9237,0
