timstamp,smoothx,smoothy,rawx,rawy,fixation
620179045,999.0103132960918,530.3961960356005,989.0229,510.3045,1
620179129,994.786215293399,537.2108969079941,882.3364,586.7849,1
620179146,991.0244899912445,539.053245694953,888.6368,450.8957,1
620179162,985.2744766906061,541.1814068731136,850.5459,455.8235,1
620179179,979.7149554606689,543.4058665149537,857.7654,460.5913,1
620179196,972.7488607244338,544.7106429151954,828.9753,433.0722,1
620179212,968.3382859233749,546.069859647327,879.3483,444.7873,1
620179229,963.2198154736558,546.9807391239642,865.788,432.1388,1
620179245,957.5193227829304,548.5189849193004,855.8629,451.773,1
620179262,952.183742343874,549.7821216284643,854.8153,447.0107,1
620179279,947.2804553054468,551.3084127601181,864.2739,456.6078,1
620179295,941.6365837306747,552.5946233615243,844.112,447.5919,1
620179312,938.1321093362026,554.3805637881633,884.4991,471.2489,1
620179329,933.1345984977382,555.8368879565038,849.662,459.0574,1
620179345,928.203462250573,557.3878158983576,849.205,464.9663,1
620179362,925.6912122565202,558.8420510708959,890.3556,468.6255,1
620179379,922.9645191019345,559.5959576851569,879.633,452.3779,1
620179395,919.5860336329954,560.5665440915244,863.5997,462.2124,1
620179412,915.7517057955793,561.4851706539824,855.022,455.3661,1
620179429,913.1004967200978,562.744501915244,874.007,472.1512,1
620179445,909.2848951351971,563.6370598006434,848.7476,460.4044,1
620179462,914.284041080597,563.176997350255,1016.3862,447.6098,1
620179478,911.8557891629001,564.1031136864987,863.1278,467.2378,1
620179495,909.4309064749754,564.8676539211608,858.0978,463.338,1
620179512,906.9497509227721,565.2267173864374,853.2843,454.7595,1
620179528,905.0449215546928,564.4504556916719,861.3729,426.0122,1
620179545,902.5157732007059,565.1127723576022,846.6774,463.4828,1
620179562,900.9084924205567,565.2376289014184,860.2302,451.6792,1
620179578,897.2983007863563,562.8968042757563,812.1951,379.2021,1
620179595,895.2196642739,558.634432267605,841.1033,328.6105,1
620179612,893.4413824713218,554.3539869341081,842.7804,340.6987,1
620179629,892.9999503980147,549.4121549132819,855.808,330.7834,1
620179646,892.8284577321512,545.2228310560935,861.9401,334.6572,1
620179662,890.7187179771936,541.5421065993652,819.2706,342.4167,1
620179679,890.6676548892725,538.0571154637547,860.926,350.2056,1
620179696,890.5882962147128,535.1349445914609,857.4487,359.5629,1
620179712,889.8749009423797,531.3499740685577,848.9321,331.9675,1
620179729,889.7001382103067,528.0972159861257,857.7915,342.8219,1
620179746,889.2181370804185,524.8282506504875,849.8508,339.5907,1
620179762,888.2772582478799,521.828031065714,840.1732,340.8909,1
620179779,887.4133498257156,518.4907822006885,841.6201,327.9621,1
620179796,887.0428697760649,515.8435507098523,849.1228,342.3283,1
620179812,847.2043481624547,409.21067154896656,802.4774,201.2762,0
620179845,809.7940540397495,426.3403714999939,760.6516,223.545,0
620179862,648.530493449109,460.9737501421225,396.324,290.6004,0
620179895,721.5368621813636,436.9366537789367,824.5137,171.7927,0
620179928,743.9342491069522,436.1571638988493,761.338,235.8306,0
620179945,761.5482629892317,431.6845275265186,782.7626,207.1058,0
620179962,844.1484464802724,412.52443607601964,799.1633,206.1434,0
620179978,822.3578704368359,413.83059899450467,774.3366,205.3083,0
620179995,809.4307588836533,420.16984102765446,745.5126,222.0146,0
620180012,806.4929355195252,422.3924945162279,750.3077,223.0273,0
620180028,803.3605436793482,425.05978750558216,743.166,231.9039,0
620180045,799.1664780432274,426.1617644145823,730.1449,226.3218,0
620180062,799.2099808362451,426.3503674306164,749.2977,223.3796,1
620180078,802.130090609598,424.58236772513425,770.9491,205.453,1
620180095,802.9886264495667,423.9582133379718,759.1406,212.9785,1
620180111,809.3119440751236,422.7542935862176,813.6075,209.84,1
620180128,807.3497099015187,422.8707200588791,737.8327,217.3387,1
620180144,805.1006104367436,423.5504604849396,731.3521,225.8772,1
620180161,803.8259710688399,423.76953416450766,739.3889,220.5037,1
620180177,794.775048164844,426.8732584253358,636.7692,261.6838,1
620180194,794.9028109760717,427.00076696865443,748.9464,223.9051,1
620180211,796.9734560429966,426.09483307036066,776.6135,206.5343,1
620180227,797.3164956566095,432.7481179964948,758.1638,362.7415,1
620180244,802.1879299622653,574.7528268351563,759.9061,458.82,0
620180261,781.6140474136508,574.3437163088323,736.3777,455.4167,0
620180277,794.3669439239695,572.5708655393522,765.2925,453.1859,0
620180294,798.3571789268991,576.7476960406801,765.0671,475.7657,0
620180311,798.5067762868339,579.1402660662698,756.6776,476.5626,0
620180328,798.2295922785519,579.5847489026718,754.3429,468.4003,0
620180344,800.2058913293021,580.2777514093315,768.9687,473.7599,1
620180361,798.0631598560765,581.6182232179176,741.5449,479.5357,1
620180377,799.1072558605372,582.116575249933,764.8595,475.8398,1
620180394,798.2938604858954,582.7113112789734,748.952,476.6584,1
620180411,798.2470650568974,582.473428727978,755.2313,466.6705,1
620180427,797.7012943639053,583.4684471091338,750.0474,485.2497,1
620180444,797.977878726908,583.933423524859,759.0687,479.6017,1
620180461,797.0420261426627,584.2743364029841,743.5118,476.6179,1
620180477,796.1924347950779,584.7692325001234,743.4175,480.3746,1
620180494,795.8907508541647,585.1911525789077,750.1757,480.7545,1
620180510,786.4350918498894,592.3228924357842,615.02,607.7859,1
620180527,619.7820173672525,748.4153324752438,560.7964,710.9154,0
620180544,610.860319230259,754.1409574688972,550.9095,718.838,0
620180560,605.069042260088,742.261508253944,536.4224,679.5114,0
620180577,608.3961753731804,745.312299650883,555.5372,715.0889,0
620180594,612.8450288435632,739.9510808336969,566.6121,672.988,0
620180610,612.3175532069325,740.1259748788423,549.3291,697.79,0
620180627,615.9866202950706,737.8047678129409,575.5393,678.1662,1
620180644,616.9397031814619,739.8085051504327,563.571,716.4537,1
620180660,618.3675807112818,738.5530250631205,568.5367,683.0987,1
620180677,617.6298382196642,738.0355932611711,550.5335,687.5135,1
620180693,618.7643418572515,739.572682025274,570.0957,718.7943,1
620180710,618.6913120351259,740.9483009041013,558.2845,718.6298,1
620180727,619.1125422655846,741.5820774726549,564.0038,709.8059,1
620180743,618.7860366967042,740.8880231092969,554.1232,685.8163,1
620180760,618.0151852016896,740.6326476756662,547.7494,692.1075,1
620180777,617.404645685077,741.552963391768,549.8388,715.6914,1
620180793,618.4951534492269,742.8316471592116,575.3204,727.963,1
620180810,616.1904233858181,743.6825046147844,522.6642,714.6253,1
620180826,611.8257759591835,745.3691165819889,487.0469,730.9114,1
620180843,609.5126166110962,746.364388777664,516.6485,720.7747,1
620180860,607.137897774078,747.6629233856949,513.4694,729.2802,1
620180876,604.7023370578902,748.4255971195263,509.6145,717.5226,1
620180893,600.2300801739558,748.3365998672909,469.6419,692.6863,1
620180910,598.0523803216101,746.8348956210355,506.9832,661.285,1
620180926,596.4640152690455,746.2776922753162,516.5547,686.1475,1
620180943,594.1568685378957,747.288475584967,502.3342,725.7894,1
620180960,591.0403431017769,747.6687599066469,483.8919,707.8051,1
620180976,589.1703535473374,748.4970373109762,505.843,723.0848,1
620180993,587.3751094020282,748.494041348267,504.3073,701.1073,1
620181010,586.142202712988,747.1611203671935,511.9577,665.9351,1
620181027,585.4205073307543,747.4257547942544,521.5251,711.0513,1
620181044,585.0748305150224,747.7554617566386,530.1926,715.2313,1
620181061,583.7088628460076,748.2836276663143,506.4606,714.2569,1
620181077,582.0067708643136,749.1020077775006,500.1082,725.5792,1
620181094,580.6928870321613,749.2489450897709,506.1947,703.5739,1
620181110,580.1176714342481,748.7988823828028,516.3636,691.8429,1
620181127,579.797723242279,749.0389979463256,522.8589,709.7594,1
620181144,577.7514067776672,749.5732580461159,485.44,718.1275,1
620181160,576.3303892211628,750.1910291615222,496.6667,718.3521,1
620181177,577.3823971652622,749.7322010043247,541.2611,695.0543,1
620181194,577.5355785788657,750.3838491541975,524.975,727.1909,1
620181210,577.2121234091518,749.3463511383368,511.2814,678.9878,1
620181227,578.2220376507834,747.381763481297,536.466,655.2974,1
620181244,577.0443084815288,748.6819888280363,493.98,738.1598,1
620181277,577.4873770507137,750.1031235015679,525.0533,745.9986,1
620181293,579.3098370716391,751.139236355479,551.8844,741.0385,1
620181310,579.7814539967359,751.3009797393497,526.4278,714.8236,1
620181327,584.893520060579,750.2932846430106,611.9982,691.7686,1
620181343,591.4350549069266,748.1437225435749,636.5234,665.1847,1
620181360,597.4295375882544,747.3546453786423,631.6726,700.4147,1
620181377,603.212932755667,745.5563780170144,628.1019,672.5927,1
620181393,608.1403549288914,744.2808647259868,613.6382,683.5347,1
620181410,614.0852315023825,741.0162001512087,631.0061,627.8665,1
620181426,611.369887533271,738.8920697709217,467.3369,635.937,1
620181443,616.487195824067,738.37026293938,629.1445,700.9893,1
620181460,620.2300066147156,736.6644793562733,602.399,668.1189,1
620181476,625.9819477608819,734.715601007874,643.9547,662.7537,1
620181493,630.2773474547229,732.9919710975184,621.5006,665.7994,1
620181510,635.5985767810964,731.9734870384833,646.4506,683.8334,1
620181526,639.8005241549705,730.8135035147526,629.0444,672.3234,1
620181543,643.065597765102,729.9919434993894,615.9822,683.1086,1
620181559,644.3740340778137,728.4556303238594,581.4706,657.4224,1
620181576,645.4227874401681,726.6166633920525,577.6735,646.5384,1
620181593,646.4346607309365,724.7036656164793,580.4185,643.6807,1
620181609,655.8297868491595,723.7955239092278,752.9276,686.769,1
620181626,656.7016097249319,723.2688630899445,588.6013,674.5295,1
620181643,658.1500297218658,723.1945356475776,605.1851,688.7195,1
620181659,658.936167157075,722.2998535926401,591.1492,663.5642,1
620181676,659.2128878046913,723.6940750196887,588.2415,724.2307,1
620181693,659.3090971818128,723.7067191455412,591.2816,681.6447,1
620181709,663.9294408061064,723.5753780828345,682.0306,690.5634,1
620181726,949.8520711256195,695.0903105289397,935.0603,670.1647,0
620181743,1172.9854825222574,703.4401161268948,1190.4463,713.3048,0
620181759,1233.3277729404283,701.3007075302357,1327.9291,722.6232,0
620181776,1256.9544244639242,699.5575889501473,1339.2881,719.0963,0
620181792,1267.6408897276845,695.712740435161,1333.0186,699.7236,0
620181809,1274.1057123353157,693.9208500274386,1332.9946,703.984,0
620181826,1298.4020940122318,696.1605124393732,1333.3502,718.4903,0
620181842,1281.657225001394,706.1992939326445,1314.7559,732.2336,0
620181859,1283.3135076556296,702.6860558956256,1318.1603,721.5032,0
620181876,1288.0307677692879,703.3237689554148,1332.6538,731.8069,0
620181892,1285.0656206153894,706.1613551919637,1308.9641,744.8485,0
620181909,1284.3230193353093,704.746353919057,1314.106,720.9243,0
620181926,1283.5355702915363,703.9037286444964,1312.239,721.7908,1
620181942,1283.3986829888265,704.1185410237017,1315.9192,731.127,1
620181959,1285.321255234862,704.3461216744827,1333.682,733.9648,1
620181975,1285.2283081414841,704.8410755778202,1318.0032,736.3562,1
620181992,1285.0605833987022,705.0172761009133,1316.9209,732.8102,1
620182009,1284.414549982366,706.2449452775384,1311.6919,749.4769,1
620182025,1282.9245092303045,706.8209061157124,1299.8694,739.8179,1
620182042,1284.7836196602107,705.3879400708737,1340.3601,709.1725,1
620182059,1283.7133558159987,703.6118055626838,1302.0901,695.0956,1
620182075,1282.5831343728255,702.6819695454271,1300.1605,708.5318,1
620182092,1283.316632325961,700.387053457905,1326.0217,680.9257,1
620182109,1283.655361432156,699.9497105962652,1321.8613,717.281,1
620182125,1283.0710931989036,699.5415481989654,1307.082,715.3366,1
620182142,1282.3902513677406,699.0220368131393,1304.708,711.6337,1
620182158,1282.2358108758274,698.4346222445839,1313.0555,710.022,1
620182175,1282.0428154134709,696.9402841927008,1311.3755,686.4648,1
620182192,1280.45538227749,696.2660525354582,1286.4969,702.1956,1
620182208,1281.6274939613986,694.9437507617139,1335.603,690.2164,1
620182225,1281.0306698318368,693.9199862416333,1303.2017,692.4952,1
620182242,1280.6198206143636,694.3760126618442,1307.5508,730.6093,1
620182258,1279.4648934382365,694.4815829055718,1292.5381,719.0974,1
620182275,1279.3306132714927,694.369884443912,1311.4695,714.8536,1
620182292,1278.3664141933048,694.0828922923303,1294.6824,707.4257,1
620182308,1278.706408943524,693.3047052637116,1319.4011,696.0815,1
620182325,1279.0065770985009,692.8142624918236,1318.6185,703.0028,1
620182341,1278.4070172575812,691.8414145215662,1300.3717,688.9093,1
620182358,1270.7342619059366,693.9660483681471,1162.3717,756.2314,1
620182375,1261.426780434987,697.260847738474,1131.5698,785.1515,1
620182391,1251.6416182297876,700.114223023623,1117.4448,772.5321,1
620182408,1242.6895356161613,703.0623567929753,1132.308,774.3612,1
620182425,1233.7570685783148,703.9834466590108,1127.3357,718.654,1
620182441,1225.0619577011428,706.0311706268712,1129.4116,752.0295,1
620182459,1216.6962087388888,709.0968024899004,1133.8562,781.9591,1
620182476,1207.2671374481745,711.4206175637418,1104.6321,760.0131,1
620182492,1200.828387731429,713.3359979690398,1157.5271,756.4459,1
620182509,1192.6653173530697,715.8268600076734,1116.5421,771.4869,1
620182525,1186.6019563919472,718.8780677790911,1150.7323,792.3434,1
620182542,1180.573720620735,721.2449745411202,1147.7522,772.168,1
620182559,1175.8143811909208,723.1455093225823,1160.8566,763.2776,1
620182575,1170.955317092927,723.826949487918,1150.2191,733.3596,1
620182592,1164.772276572727,726.2456148145312,1120.8182,778.2428,1
620182609,1160.3505764575223,722.725709486521,1142.2921,624.1031,1
620182625,1156.5669089701948,721.4982992589934,1148.1693,691.0093,1
620182642,1151.7368446252121,722.6554666151814,1122.2642,755.8314,1
620182659,1147.780032330744,724.2193805441789,1134.0503,770.2709,1
620182675,1144.3038608338281,725.2219155248057,1136.2058,754.6992,1
620182692,1140.68120038925,725.4355681174346,1123.6287,735.5842,1
620182708,1137.0335737952123,726.835892482791,1123.4309,768.3984,1
620182725,1134.2675537706414,728.343228755423,1131.6064,774.8522,1
620182742,1133.1106427920747,728.3136754694538,1157.2914,740.9331,1
620182759,1134.5192813096214,727.7863841039539,1201.3856,732.4564,1
620182775,1133.6623644940823,726.8497917744107,1153.599,715.9403,1
620182792,1133.9015047208054,725.2558376625213,1169.2194,699.9371,1
620182808,1135.0198034675757,724.6356115763374,1186.9623,728.1189,1
620182825,1136.7424291790649,723.3490880947352,1195.3279,711.9146,1
620182842,1137.3753844726025,722.310881287955,1169.6807,714.7029,1
620182858,1140.3168030749932,721.3359369664607,1200.3173,728.4563,1
620182875,1144.0546411380692,721.0682021873668,1214.6957,751.5337,1
620182892,1146.8765928125072,719.1236654405237,1195.2275,699.9052,1
620182908,1148.8072988117985,718.2585686467656,1182.1677,726.4987,1
620182925,1151.681412547063,717.8589547494677,1202.9718,734.4734,1
620182942,1154.9259958655402,717.5718605668853,1212.9487,741.1494,1
620182958,1157.1491842779863,715.7975294131465,1194.083,699.3704,1
620182975,1160.1198287646835,709.7995697034106,1204.5757,580.1055,1
620182991,1215.4442137865478,509.89340174255915,1228.5962,410.8319,0
620183008,1230.497755626684,464.2293520832798,1243.351,340.1422,0
620183025,1210.222616632174,441.632989176391,1194.6636,262.864,0
620183041,1205.3150054475648,446.3301071003759,1203.1003,322.0291,0
620183091,1203.314791399764,452.56051986650675,1206.0846,346.6321,0
620183125,1199.072525659203,457.73988645134057,1189.4204,355.5406,0
620183141,1207.6342086450895,451.3274189331865,1262.9084,271.8874,1
620183158,1209.033583744734,448.2667584339123,1226.0277,284.8936,1
620183174,1206.9104411636117,452.22471223866853,1200.6449,358.5053,1
620183208,1209.0431393451795,455.5107015548833,1237.9063,364.57,1
620183224,1208.0510872233804,457.1818531861098,1208.1337,345.8123,1
620183241,1208.8425829144446,458.1790878457525,1226.7172,341.4134,1
620183257,1206.2023570520173,459.98858094885065,1186.1716,353.0572,1
620183274,1206.3234787754839,460.8425289346686,1217.8378,343.4612,1
620183291,1205.1673339088716,461.85767316282397,1200.4133,346.4911,1
620183308,1207.273133032071,463.7114945510888,1247.0281,371.1401,1
620183324,1205.789178100367,465.19993308176237,1194.9104,360.9583,1
620183341,1205.9723522876868,464.9237619602808,1218.2866,327.7628,1
620183357,1204.426550300199,460.0115878832601,1186.566,218.5849,1
620183391,1200.8846610428543,455.97012905738694,1151.6819,228.207,1
620183424,1199.663597606313,450.170129289777,1186.8451,184.7981,1
620183457,1196.4046870995965,446.04246476496763,1150.5039,214.6396,1
620183490,1194.4939614937423,442.72821724299007,1172.5676,232.6228,1
620183524,1192.6166646801048,439.31694805991447,1171.0835,225.7892,1
620183574,1190.1778402109358,436.2917705640096,1158.9219,230.1603,1
620183624,1187.4352141881225,433.56558576959446,1151.1162,233.1684,1
620183657,1184.8199132964799,428.63372432147776,1149.1296,170.2026,1
620183690,1182.6852864700884,425.9082144999544,1158.0137,225.5302,1
620183740,1179.9741569840617,423.2999765351652,1144.521,222.9742,1
620183773,1178.5777890460251,420.9594541436969,1168.2474,228.905,1
620183823,1175.4590404565515,418.55523348720476,1131.7069,218.7152,1
620183874,1172.6326980135161,416.55850893667457,1142.1943,234.6558,1
620183924,1169.7904969403212,415.1225548493747,1134.4553,237.4346,1
620183974,1165.8124103494795,413.92749449274004,1110.4956,243.64,1
620183990,1162.668305742245,410.78670954964844,1122.8544,189.4148,1
620184024,1159.8982105423506,407.5950952407425,1125.597,184.8014,1
620184040,1155.8656311482314,406.69070712277323,1107.134,231.7812,1
620184107,1153.8937950810493,405.9921165381097,1140.592,239.8139,1
620184140,1150.5406160105451,405.10934979334587,1106.8641,235.0669,1
620184174,1148.396009677804,405.0402351955359,1132.3346,256.4034,1
620184257,1147.2332456246038,402.503531585706,1142.8981,183.9769,1
620184273,1146.9309182046563,400.4061184208686,1159.2228,193.9653,1
620184290,1146.5563716160375,397.8269992843948,1150.0693,178.0137,1
620184706,826.1167724330863,288.4083068315777,771.9172,6.1221,0
620184872,814.8731552306563,325.38419382579923,761.0503,63.4887,0
