timstamp,smoothx,smoothy,rawx,rawy,fixation
620455095,982.560085278836,510.55675320885837,996.1518,320.3353,1
620455112,984.4391596858754,507.502144910243,984.68,314.604,1
620455129,983.0361331701502,508.5279808560702,932.0505,404.8659,1
620455146,982.0487070944497,509.58108192660706,939.3721,406.8835,1
620455162,980.624036318156,510.6205443172381,931.3835,406.0513,1
620455179,978.7030012744094,511.479113028041,921.7308,400.6399,1
620455195,976.8812368301998,512.761340823598,923.4946,412.3126,1
620455212,974.893932534023,514.0535818785236,919.8323,412.7738,1
620455228,973.3219809667722,515.1168488919134,927.0691,408.1266,1
620455245,972.1994790580883,515.9762272216451,935.1313,404.1459,1
620455262,971.1150189888331,517.1725193127721,935.6891,414.0799,1
620455278,969.4548686860257,518.3024876408172,923.5692,411.6743,1
620455295,967.1938821890892,519.2247266302464,914.0536,397.7407,1
620455312,966.041648704685,520.1788061267422,929.1392,412.4567,1
620455328,964.6996157389331,520.9825761988586,924.1587,407.1691,1
620455345,963.5803198115261,521.9678052926524,929.3345,413.8694,1
620455362,961.957246312199,523.0910157967108,918.9955,417.1599,1
620455378,960.8682877355724,523.9032330439913,928.6982,411.3933,1
620455395,959.7340085527372,524.7991506021392,925.1898,413.1902,1
620455412,958.4965749448746,525.5971478507433,923.9797,411.5764,1
620455428,957.5132691914338,526.4782462636352,927.2023,415.161,1
620455445,955.9152149673455,527.209437695892,911.9979,411.3903,1
620455462,953.6954816256331,526.4330009119989,901.2064,369.4763,1
620455478,948.2438249443953,523.7344251038912,834.7033,299.6308,1
620455495,939.9200421994751,520.765377352162,773.6624,287.8372,1
620455512,932.136607405767,517.5858092709448,781.7769,285.7366,1
620455528,923.8059924849788,514.4263338916942,773.366,292.8866,1
620455545,916.5147152752393,511.031752071857,779.3378,287.563,1
620455561,907.406043492626,507.67541632949735,742.7042,281.61,1
620455578,899.4476934861608,504.324880435518,761.0778,283.2019,1
620455595,892.0949549757044,501.46123474391646,769.0056,285.8166,1
620455611,884.3818523258306,498.79430748866156,754.4299,287.416,1
620455628,838.336027043758,391.2964771782385,791.386,171.5682,0
620455645,808.9263410772693,387.40095473040833,757.5757,161.4322,0
620455661,761.9999151135419,432.11733522192134,655.2631,291.1021,0
620455678,747.4237010163303,447.8036487865098,659.3715,294.8035,0
620455695,739.2382428370635,456.75194479205504,655.8546,300.8472,0
620455711,731.9257118488878,461.97620432657163,642.6459,297.6246,0
620455728,727.9344962568341,465.88464690956374,649.2038,301.8429,1
620455745,725.9870312500516,468.68779875967834,656.5789,302.289,1
620455761,725.6029973999204,470.3125171478089,666.0176,297.0878,1
620455778,723.459296391138,472.61517588212865,648.5387,308.7292,1
620455795,724.3713423576568,465.8089646937435,672.6091,183.0728,1
620455811,724.0648337033433,459.89658116086156,659.9877,179.1041,1
620455828,723.3629432604113,462.18004858997546,658.7294,305.8075,1
620455844,722.2861018316198,464.74926665935993,652.8746,315.457,1
620455861,722.5129998776825,466.9584100260266,669.1718,315.8558,1
620455878,721.6873034579016,469.07848669759505,654.0381,316.7173,1
620455894,721.764681684779,470.873531288337,666.4463,315.3361,1
620455911,721.1640060840648,472.5042653668163,655.5984,313.7395,1
620455928,720.9097646466719,473.5985878453841,660.0906,304.9414,1
620455944,721.2493710413372,474.9657314278728,669.9307,314.4719,1
620455961,721.3855687697742,476.157329223224,666.4591,312.1186,1
620455979,720.7389654042274,477.49056509675296,652.6761,315.9925,1
620455995,721.1378153901321,478.9139700783332,671.0957,322.5233,1
620456012,721.2442600011756,480.21006902580996,665.7592,320.7903,1
620456029,720.4327231977552,481.25643273895713,648.3098,314.2532,1
620456045,719.9619770409397,482.0979242569598,654.0704,311.3072,1
620456062,719.6054231483021,483.5321587684957,656.4565,329.0502,1
620456079,716.8761826448296,486.9893196791606,611.8724,380.4304,1
620456095,713.627370902629,490.01554760672616,600.0786,370.4421,1
620456112,709.9553016972844,493.1106859067759,590.3147,374.2014,1
620456128,706.1368366393756,496.09118665790726,585.6019,373.6253,1
620456145,702.6408970623105,499.49015701222174,602.1884,372.5304,1
620456161,699.3318422071281,501.7603916638381,591.6445,359.3839,1
620456178,695.9944822458276,504.2480616888584,590.1814,368.483,1
620456195,692.5729352844448,506.746698615474,586.2877,372.0384,1
620456211,688.6829923110192,509.30999858529424,573.6039,375.3177,1
620456228,686.1614096748169,511.4397729465945,598.9432,369.9843,1
620456244,682.7328533511219,513.8022011414067,579.3238,377.4827,1
620456261,679.6116599198248,516.0903814325467,583.5383,378.7918,1
620456278,677.0458401045387,517.950088629732,589.3458,372.6733,1
620456294,673.6730539212462,520.0861163120305,573.0234,368.9556,1
620456311,669.9016027090303,522.1285745755948,560.3436,369.968,1
620456328,666.6607761646546,523.6767426324512,567.0225,374.9529,1
620456344,663.789209117403,525.3819379005622,570.536,383.7401,1
620456361,661.6807656988836,526.3044256086322,583.2939,366.2561,1
620456378,659.1710974398931,527.2851166315781,570.2525,369.3865,1
620456394,657.3728929826567,528.473601412296,582.575,378.9082,1
620456411,656.85261653753,528.8366939424586,602.7734,360.9904,1
620456427,654.3781302147456,529.3112049962042,561.3687,360.705,1
620456444,652.7607958741263,530.2428061066746,576.8983,378.3599,1
620456461,650.7783236986974,530.5165730739241,565.6613,360.7272,1
620456477,649.0805255346343,531.3348436863067,567.6424,378.495,1
620456494,647.8689250828845,531.7850965124369,576.3551,371.4729,1
620456511,646.9230851433016,532.1037976164329,578.3607,369.4648,1
620456527,646.6847078637737,532.3271364157346,588.2573,368.9085,1
620456544,645.1674756068855,532.887543974159,561.8019,376.0555,1
620456561,643.8102041064966,533.4729518364599,563.4258,379.9151,1
620456577,643.2394776296908,532.9382853626832,571.7864,356.4956,1
620456594,642.4729720849302,532.9880469054856,566.2415,371.0789,1
620456610,640.7334954098252,532.4542163142003,544.5369,352.9374,1
620456627,641.0179728673662,532.5004113110292,584.2101,373.5406,1
620456644,640.254464346024,532.8448712754846,564.634,379.0847,1
620456660,639.8966612335613,532.96638082514,570.5817,372.3868,1
620456677,646.514733144194,532.3384015825815,707.9913,368.8601,1
620456694,953.203536654654,510.2532622856429,928.9948,376.3278,0
620456710,1107.86148099058,503.7654322718809,1105.3505,386.6852,0
620456727,1102.3428296369666,504.8037682947086,1092.8669,388.5129,0
620456744,1105.1296992219752,504.0880813875264,1108.5295,385.3052,0
620456760,1100.6735996571597,505.2756977375085,1082.2979,391.9737,0
620456777,1098.6924225725265,505.2154642250359,1086.1899,386.3196,0
620456793,1096.7212228706817,505.3756679538231,1082.0403,387.7038,1
620456810,1096.9405458753565,505.1349616875442,1094.7173,385.3488,1
620456827,1096.5512649557982,504.66550962639354,1089.7069,381.3071,1
620456843,1096.6537690135344,505.42925804468524,1094.2251,397.1948,1
620456860,1095.7306839906137,505.1614229756477,1083.0256,382.6302,1
620456877,1094.9672390833282,505.0449864899339,1083.2432,384.4172,1
620456893,1094.8099767832475,505.5601665514297,1089.76,395.7549,1
620456910,1093.277541746344,506.16110684361604,1071.4497,396.3307,1
620456927,1091.9169612319733,506.6508836392962,1071.4275,395.4635,1
620456943,1091.5866489556909,505.2964631311393,1083.2195,360.4632,1
620456960,1093.1853981559368,496.1292981704142,1106.4033,195.4358,1
620456976,1097.0660502029573,487.2018587649454,1144.0171,189.481,1
620456993,1097.2079707168066,483.8010859068378,1090.8176,294.5044,1
620457010,1096.5635077713023,479.8917411630896,1077.132,275.2066,1
620457026,1095.5295900013084,476.6729750262811,1070.1792,284.7301,1
620457043,1096.6673737964247,473.89959589635214,1108.0637,294.8536,1
620457060,1095.892611676334,470.933092334837,1073.988,281.3046,1
620457094,1098.8509609595724,462.9596348843871,1137.9108,155.6913,1
620457126,1098.8263113789071,455.56709800592586,1084.0995,155.2681,1
620457160,1101.7623068274406,450.8279743691183,1142.6678,223.439,1
620457193,1104.4940017442934,444.09418527112024,1138.437,162.8059,1
620457209,1106.9925026708474,437.8896809254209,1135.7865,168.6271,1
620457226,1107.7724822456084,434.1917305759928,1105.739,225.4078,1
620457259,1110.9741770600237,428.57514283264277,1152.7388,171.35,1
620457276,1111.488390124708,425.2984189774323,1103.0427,222.4493,1
620457309,1112.1599252700023,421.73500851796166,1106.915,221.0425,1
620457342,1111.7174992527177,418.7197948724331,1084.9634,226.0983,1
620457376,1111.3491235610638,415.9099629862511,1089.3413,223.9982,1
620457410,1110.4539240456236,413.17705143771406,1077.0548,218.1775,1
620457909,729.2825631634956,436.66057317626337,669.2164,229.207,0
620457942,702.4377160431246,544.3650960667317,619.4685,564.5576,0
620457959,688.3962818110267,585.4398445338807,603.0801,585.9944,0
620457976,681.6078083822891,604.4566708749983,604.0856,575.2585,0
620457992,680.6166810149897,616.2851868471735,621.7965,579.4467,0
620458009,671.0521161677292,670.8172135240524,615.2206,594.2267,0
620458026,666.9833999549353,658.4409415519874,609.9094,573.9778,0
620458042,664.6972134450098,662.0604868410562,605.079,584.8779,0
620458059,669.4978164344976,660.8876428567115,623.7007,575.7469,0
620458075,671.9085541952643,655.8875221599473,622.7024,547.918,0
620458092,668.1100374275967,658.051842256028,594.4551,585.2583,0
620458109,669.2049876630834,659.0862661607058,618.9038,584.094,1
620458125,668.5337988820995,659.761760882748,607.5054,581.9176,1
620458142,668.8786442578189,660.3931614944503,615.0753,584.1765,1
620458159,668.9110025393128,662.035719981483,613.2335,599.3285,1
620458175,668.65669149197,662.0144380844987,609.5577,578.6096,1
620458192,668.352247716862,661.903091924377,608.473,577.0183,1
620458209,668.3388223625911,662.8415786195173,612.1534,595.2499,1
620458225,668.5352504656774,662.8242597016117,614.3713,580.1875,1
620458242,668.8747376554248,662.5762217375144,616.5009,576.0099,1
620458259,668.5440567563476,662.4214806202689,607.2434,576.395,1
620458275,667.8337673117624,662.7565076238745,601.3663,585.8477,1
620458292,664.7737029441471,664.8496184481669,564.5968,620.8219,1
620458308,662.2368721199392,667.1609979630825,569.9562,629.7831,1
620458325,659.5753204635149,669.4200467609205,565.1469,631.5098,1
620458342,657.5637595187696,670.7760667439633,573.0155,613.9897,1
620458358,655.3688982599325,672.2278815196773,567.7899,617.831,1
620458375,653.0745938729685,673.3493856085933,563.5592,611.1778,1
620458392,650.9018390271821,674.3984972948358,563.5496,611.1085,1
620458408,648.5036139871543,675.0648260818215,556.8892,602.0739,1
620458425,646.2887990983513,676.1018947478598,558.4822,613.4454,1
620458441,644.0305971361639,677.1926042866406,555.5599,616.1868,1
620458458,642.802779627604,677.5481220558078,572.7585,600.0391,1
620458475,640.9362790855723,678.881026426858,559.3236,626.371,1
620458491,639.4409727005327,680.0849525433842,564.5447,625.1801,1
620458508,637.8586808776548,681.404406111619,561.0011,629.6577,1
620458525,636.5922722337978,682.5480878134141,568.5938,623.5657,1
620458541,635.4611701803207,683.1781827710795,568.2421,612.4118,1
620458558,634.3395269214673,684.1593380702867,568.6569,622.7604,1
620458575,633.7860530627473,683.7514777682169,576.3923,584.3422,1
620458591,634.6226263450784,681.8438488593669,597.7795,551.6127,1
620458608,635.8731230562723,679.80126517073,606.9202,549.7031,1
620458625,636.8600023137877,677.7043902949334,598.9309,547.99,1
620458641,638.1563889235604,675.7490240701324,604.9011,553.1261,1
620458658,639.7035789632254,673.3779594355348,608.3959,543.5465,1
620458674,641.3780009914211,671.0710110338778,610.019,542.798,1
620458691,642.6851748994566,668.948923262608,602.5209,546.1195,1
620458708,643.9168007859107,666.92054953031,601.508,549.2567,1
620458724,645.0936415664297,664.8920677668289,600.8405,545.8996,1
620458741,646.8269474006797,662.9946477825986,612.6277,548.6837,1
620458758,648.1001829070548,661.0346316124901,603.0269,544.0016,1
620458774,650.6685449490483,659.182310703615,629.2101,548.8281,1
620458791,652.4461233536416,657.4458559934903,611.0353,551.2726,1
620458808,654.7102401883818,655.9393576278654,623.3525,556.6414,1
620458825,655.3732981376221,653.9840626261397,592.4358,537.4648,1
620458842,656.62725710313,652.0637280688222,606.99,534.8812,1
620458858,657.5174583009405,650.5040768342913,601.3495,541.5237,1
620458875,658.44354071333,648.9463730281618,603.4679,538.0371,1
620458892,659.0595306787911,647.9470883841967,599.636,549.9843,1
620458908,661.3291337611824,646.7867709715722,633.4653,545.7299,1
620458925,662.4824860903454,645.5939867789774,613.154,540.8774,1
620458942,663.9580715976945,644.528891919717,621.1436,542.8873,1
620458958,664.6654402308124,644.0002822885361,609.8077,551.8813,1
620458975,664.9286686846974,643.0261117632978,600.6057,539.0507,1
620458992,665.9796732735257,642.5569416366476,618.7966,552.4506,1
620459008,667.3444177520682,642.2286105311243,626.1425,555.4115,1
620459025,668.1468890459117,641.870764989588,617.0216,550.6929,1
620459041,668.9601117125496,643.1925917397639,619.9557,594.5478,1
620459058,671.2493774114002,647.8817662813755,653.6721,691.2916,1
620459075,673.5861264971225,652.9398475799369,656.9257,697.0575,1
620459091,675.9941738098763,658.547859788113,662.2172,709.9357,1
620459108,677.731272609956,664.1873677228109,650.8585,711.1118,1
620459125,680.7686770749514,669.201973417143,676.4783,699.5105,1
620459141,682.2593979271594,674.1651907109024,647.6727,698.6107,1
620459158,684.2490813629835,679.7712934845952,660.095,720.8231,1
620459174,685.4024805831473,685.3921315366972,645.231,724.1315,1
620459191,686.9258428746454,690.1051398011035,652.6953,705.6811,1
620459208,689.4526140546282,694.4382709442655,674.0981,703.7836,1
620459224,691.3973136736362,698.9346781941065,664.59,712.9219,1
620459241,692.4845792368902,703.2004448734643,650.6074,711.4528,1
620459258,694.8651201110733,706.7858744840422,676.7456,701.9761,1
620459274,695.8801096175769,710.2330334718199,654.2455,702.4899,1
620459291,696.3720815316136,711.6266319671842,641.9158,651.5264,1
620459308,697.0957194411826,713.0746308079795,649.8888,660.9222,1
620459324,697.0007510767423,714.7204748760844,632.4481,668.9552,1
620459341,696.7333174020597,716.4307411851179,632.6663,676.3997,1
620459358,696.636076942103,718.2483698280204,637.2694,686.4236,1
620459374,696.2937839139743,719.7331607155564,633.8636,681.767,1
620459391,695.4272830705761,720.6281877966866,623.8188,670.5637,1
620459407,695.5769707954385,721.4160477418075,648.5125,674.1047,1
620459424,694.8199791620975,719.2359250502448,626.0929,593.3226,1
620459441,651.802515682106,526.4053623069817,585.4965,361.729,0
620459457,642.1010794468605,500.8820282710841,573.0459,319.7948,0
620459474,651.2847845360661,499.7377125085274,593.8824,318.6094,0
620459491,658.3038494620287,502.61136479976983,607.8409,335.6766,0
620459507,662.1110252225056,501.7678775781864,608.5421,321.3297,0
620459524,667.4707982693791,501.6696334170103,625.7872,326.5882,0
620459541,671.4114944438998,501.83764480227035,627.9311,329.0214,1
620459557,673.4985312685005,502.23694563140504,621.9851,331.3013,1
620459574,673.9537462947144,493.16195761461216,608.1463,215.7566,1
620459591,674.9996468650263,486.2598346884679,614.9883,221.1464,1
620459607,675.1536721997827,487.8218885628409,611.1329,327.6929,1
620459624,677.9126187480455,489.5048295587383,641.7246,336.9543,1
620459640,675.3780957654081,491.6212450419359,581.4057,341.166,1
620459657,674.7354857874857,493.0597898529646,602.0863,335.7939,1
620459674,674.0473803679282,494.73894609034073,600.8296,343.2076,1
620459690,672.7904311049796,495.56678405589224,591.1582,328.0612,1
620459707,672.3849143712008,496.4955641152697,602.6654,333.0482,1
620459723,671.5405712919871,497.97498717501145,595.707,345.9496,1
620459740,670.4998322095219,499.2188581549825,591.4404,342.5053,1
620459757,669.5347058442134,500.73003474607486,591.8735,350.792,1
620459773,668.337841952461,497.0904467074776,582.7427,228.0206,1
620459790,668.5200785577415,493.3503852381894,605.8238,224.2405,1
620459807,668.1281207385555,494.7612772251058,599.5841,349.147,1
620459823,667.2545220494039,496.5849008981093,590.5995,359.9473,1
620459840,666.5777833262448,497.9467341758467,593.1301,349.822,1
620459857,666.6005955108109,499.2513038899416,605.7253,350.989,1
620459873,666.0997703337913,501.0093791466707,595.7562,363.106,1
620459890,665.8898756119135,501.9585933005697,600.1467,343.261,1
620459907,665.053639757336,503.07631016730136,587.5848,347.4515,1
620459923,664.537290476894,504.4315777073528,593.4943,355.8571,1
620459940,664.9129992963362,505.7679267397064,610.6948,358.6896,1
620459956,664.8806593507641,506.79254316462413,599.2776,349.1505,1
620459973,664.9574537175286,508.06205261863505,603.7949,357.2836,1
620459990,664.2841483169692,509.10402618907233,589.7458,352.2664,1
620460006,662.6325112470591,510.446452427665,570.1152,358.0543,1
620460023,661.6185727169126,511.4489586582025,583.6634,352.1316,1
620460040,660.6977052596699,512.301320979887,584.7092,349.9077,1
620460056,660.1775928247038,513.6192193809701,591.6165,365.4724,1
620460073,659.2975264732789,515.3286975165336,582.627,365.3645,1
620460090,658.6886435169123,516.9029650906526,588.0092,366.0377,1
620460106,658.5320075483045,517.7447611944475,595.2479,360.5266,1
620460123,657.4358584838956,518.2677198374785,578.7091,351.7668,1
620460139,657.7722273487926,518.588740506406,599.926,351.1368,1
620460156,657.4173577525328,519.1183865382493,588.3345,355.9067,1
620460173,656.2286736991908,519.7912556259597,571.3187,359.8764,1
620460189,655.9508044566545,520.2354191776527,587.8315,355.1895,1
620460206,655.4000464874986,521.0118422039841,583.5251,365.5446,1
620460223,654.8556590660253,521.5925202190384,582.2384,362.5787,1
620460240,654.0100278884255,522.3615581469049,575.5472,367.7015,1
620460257,652.974104539467,522.8805876396442,571.15,362.1508,1
620460274,652.3342787777852,523.6638025711228,577.8694,358.9044,1
620460290,652.0840443204105,524.6707353919234,587.7495,368.2626,1
620460307,652.9416747268897,524.5105001926721,607.316,353.4706,1
620460324,653.7878525723239,524.3443809898112,605.5997,354.7578,1
620460340,654.4546581032612,524.4106498018467,602.1754,359.9617,1
620460357,655.6694145146249,524.3544455946807,614.0069,358.285,1
620460373,656.3213497419671,524.2766869013151,601.4816,357.8842,1
620460390,656.8391493655506,524.4390725991132,599.4886,362.322,1
620460407,658.011007906912,524.4073876828317,611.1119,359.2637,1
620460423,659.2406001360766,524.1391506895906,612.9817,353.967,1
620460440,660.6574297196368,523.9544841713649,618.9076,357.133,1
620460457,662.1420697239881,524.2316695750553,619.8223,369.2017,1
620460473,662.4473709427597,524.0482447256298,596.9839,354.6906,1
620460490,662.9057434010142,523.9061011896587,599.3217,355.7589,1
620460506,662.7809644916863,523.6644695746108,586.5247,352.3384,1
620460523,663.8044834093507,523.3709609235486,611.8563,352.9722,1
620460540,665.9781065213778,523.4035953717652,636.0712,364.5167,1
620460556,672.3314275295443,523.3432902719314,720.903,373.2989,1
620460573,678.0028940527028,523.2390216133389,707.6176,370.3383,1
620460590,684.6618445057504,523.3058536935522,729.9066,377.3956,1
620460606,690.153931989779,522.9876541547658,709.4017,363.4509,1
620460623,695.4274633454421,522.7088570025398,706.1902,363.3127,1
620460640,701.9579073916568,522.763057529845,737.1023,375.7303,1
620460656,707.4692798887838,523.0569427699098,719.4132,380.8364,1
620460673,711.9188412297135,522.8046593489394,700.2098,363.9556,1
620460689,716.4318178181411,522.859584936503,708.1189,372.5004,1
620460706,721.3514774855771,522.8593659430824,720.3625,373.4006,1
620460723,725.2777223366037,522.803421807026,705.2794,369.5701,1
620460739,729.3817236557302,522.4188138717775,712.8689,361.7891,1
620460756,733.645384085943,522.0880608297899,720.8387,363.4437,1
620460773,737.6880820025391,522.3001365897138,722.8995,378.0757,1
620460789,741.4465721588676,521.8867717761511,722.8274,361.4719,1
620460806,744.3165873344519,522.4806352375688,713.0559,386.1988,1
620460823,745.2216551150489,524.1772515571141,679.4227,412.9283,1
620460839,745.6514496545394,525.9750981452851,674.1977,415.8484,1
620460856,745.4487960178075,527.8625701680529,667.072,417.5082,1
620460873,745.2809678762699,530.1892276854073,670.5552,430.7968,1
620460889,745.5679321964421,531.7683141911286,682.1296,412.858,1
620460906,745.6499403813975,533.5504708530544,682.4626,419.1514,1
620460923,745.9273931524241,535.2559740829944,688.9791,418.6092,1
620460939,745.5545766967122,537.366078747553,679.1549,430.538,1
620460956,744.7186064829565,539.6288408564043,671.9089,436.9208,1
620460973,747.3776089446213,540.4971316485504,739.2991,406.9303,1
620460989,988.493134008359,514.0285115258854,969.5167,387.0588,0
620461006,1143.239456376746,500.246428840171,1145.5829,385.8146,0
620461022,1139.2201449398233,502.59693516907697,1136.6614,392.2159,0
620461039,1139.5902568046295,503.4699112949802,1142.5415,393.303,0
620461056,1138.2837595215397,500.42736155134963,1135.0376,370.5229,0
620461072,1131.8761746407715,499.19308790168515,1103.6165,371.655,0
620461089,1131.966126193242,497.61135344952754,1133.0763,368.1734,1
620461106,1129.8613273085973,498.15530026999943,1116.8787,384.4966,1
