timstamp,smoothx,smoothy,rawx,rawy,fixation
627087570,961.8523750088287,443.89492798821357,933.699,406.4694,1
627087587,962.4308581180985,442.856357595953,946.8998,421.9008,1
627087604,961.8163307055902,441.7759061670629,928.4745,420.4443,1
627087620,962.6409576957444,441.6361674172431,951.5479,434.7136,1
627087637,963.3979843663361,440.5444011318102,951.0354,418.1215,1
627087653,962.1703310746764,440.2389510142114,918.067,431.3304,1
627087670,962.1505790177637,440.1400280644096,938.2832,434.1401,1
627087687,962.5423436959661,438.84243472444564,945.4725,412.162,1
627087703,962.9486927586556,438.8236330837467,946.059,434.3597,1
627087720,963.2992141669148,436.9669129663186,945.2382,400.2833,1
627087737,964.4168329097853,435.7774540771574,959.3385,411.2649,1
627087753,963.4225013707987,436.854191828298,921.6354,453.1781,1
627087770,963.799614617499,435.8110172648056,946.5127,412.7371,1
627087787,954.1815948564325,437.120829605042,764.2809,463.1777,1
627087803,947.4651262896576,438.0429650209159,816.8459,451.3006,1
627087820,940.6696148437796,440.4602481696879,813.7176,478.3928,1
627087836,932.843906258557,442.47689963975625,795.5581,467.9606,1
627087853,925.9312300644665,444.49769684873405,807.3008,473.2953,1
627087870,918.6318191982676,446.6175357528771,797.8282,475.4387,1
627087886,912.2075625381686,447.56932993419207,814.6646,445.9619,1
627087903,905.7792748546965,449.267730253503,800.5643,472.0491,1
627087921,900.8053289456185,452.369734752674,826.1971,496.6672,1
627087937,893.9325392528476,455.39323404948317,789.4551,491.5533,1
627087954,887.2814219848259,459.1318066112696,788.608,511.3655,1
627087971,882.7631213139547,462.69312903974,818.8999,506.5637,1
627087987,877.2382260970819,463.45804765141656,800.2347,455.5831,1
627088004,871.8017371965761,466.61420412513297,794.6935,503.0202,1
627088020,866.9944945113922,468.86178437995903,800.9742,484.5365,1
627088037,863.3057336495224,470.6228157223998,813.582,479.3132,1
627088054,859.7609964644817,473.80187987255863,811.0652,512.3916,1
627088070,854.8030537143313,476.27475786255707,777.6593,496.757,1
627088087,850.6262740725155,477.6890617321663,787.7113,481.282,1
627088104,847.6113601652663,480.1005328708274,801.5313,502.2627,1
627088120,844.1660740340552,479.2372289058512,790.6821,445.1617,1
627088137,843.9144418331434,479.02717223059466,843.7584,457.17,1
627088154,840.6645440406501,479.2655197330044,780.798,470.1616,1
627088170,831.9689267706558,483.3900038515599,679.5057,546.8809,1
627088187,728.014610746265,632.533495135173,694.3593,643.5596,0
627088203,684.9223143059943,573.579864053709,649.012,580.866,0
627088220,694.6849373126972,592.0359806435342,669.5631,620.1978,0
627088237,703.3079372106928,599.6602208749165,686.319,624.5215,0
627088253,697.0127510534196,599.5390493900636,642.0106,608.3046,0
627088270,694.5607534999542,602.8636958040993,649.1683,626.2003,0
627088287,692.7932774485331,603.890096685319,648.4994,618.4775,1
627088303,694.827551182986,608.7106401091429,672.1718,647.7958,1
627088320,696.3433978371598,611.3646941125709,671.7775,639.2148,1
627088337,700.0459411002009,609.9903220499203,693.9178,606.9267,1
627088353,696.2449402838154,612.0719688772479,627.0973,640.3043,1
627088370,699.021818312199,616.2094468677287,690.5406,665.1844,1
627088386,690.0851247709362,621.5109684438273,561.9765,687.5939,1
627088403,681.0965527440444,634.6564420654759,548.4441,793.2669,1
627088420,673.5589077682422,644.3678145065597,554.2724,767.229,1
627088436,666.6751030983187,651.4996841736667,552.8767,745.2803,1
627088453,662.2263710079876,656.3608425404158,578.0532,721.9155,1
627088470,657.7142235410377,661.7504623854189,571.4918,736.5134,1
627088486,652.8261886298461,663.8606922929813,560.1868,693.0381,1
627088503,649.1372897156754,667.7837569660566,573.1494,725.1375,1
627088520,644.4540727779421,669.9943729861275,552.7891,702.5645,1
627088536,643.3445995964213,681.1680063026745,606.2583,855.0591,1
627088553,640.0530757213792,686.7855461744869,567.2831,770.9757,1
627088569,637.1971367908659,692.3015702276258,570.8092,775.267,1
627088586,635.2763317230124,696.1215909428388,583.2803,751.0687,1
627088603,643.3399219833441,696.0306132530585,754.28,683.205,1
627088619,650.0034193588965,693.3731164032359,731.1813,640.0893,1
627088636,656.8987525847634,691.3790879191532,736.6925,653.9767,1
627088653,662.8975995298109,688.9969684224541,722.2015,648.9235,1
627088669,669.0547211509148,686.3425519628715,726.7728,645.3,1
627088686,676.43208259922,684.18520020546,751.1989,655.3854,1
627088703,682.4324599904046,681.1306928174116,728.9035,628.1432,1
627088719,686.0024703540206,686.1061109663144,688.7607,786.0991,1
627088736,692.4051962684979,686.1170055045076,744.0071,694.2804,1
627088752,697.2297055411221,684.7752962630855,713.0317,669.2748,1
627088769,704.2883749018272,682.1715906839178,758.153,648.1039,1
627088786,709.8000280361847,681.2325724637233,733.9382,679.5962,1
627088802,717.8149374740166,674.7104754321235,786.2903,577.3754,1
627088819,723.4162534729252,671.5273919683308,746.9678,639.1378,1
627088836,724.721019656482,671.0163957142566,675.9448,686.1093,1
627088852,720.8354860269667,673.6051632103134,579.4308,748.1721,1
627088869,718.2260217564819,675.777367513552,614.6042,741.0003,1
627088886,715.6439760135584,680.9884574099973,606.1693,798.6476,1
627088902,713.2843432947657,685.4129270894631,613.9628,792.9817,1
627088919,708.2423413516059,690.7424264089323,570.0681,805.7637,1
627088936,704.0364804703141,694.701117175726,588.5803,776.4397,1
627088952,699.9017844122485,701.9479092840339,595.0334,835.641,1
627088969,695.7195876224512,706.4078245320103,594.5358,785.8484,1
627088986,691.433460413,710.9500067434843,591.959,784.5095,1
627089002,687.815320191639,715.4524646734948,605.3126,789.4462,1
627089019,615.0930574448748,788.292733492103,576.4534,813.0898,0
627089036,609.8526681450502,724.6017807542282,570.7703,744.6497,0
627089052,615.7095952299801,749.5164084048561,583.1821,797.9957,0
627089069,624.8914329425311,755.093378987395,605.7546,788.6771,0
627089085,635.3811527472337,755.9772494871395,630.0542,780.0361,0
627089102,639.4067188862182,749.5005745255797,617.8085,743.0748,0
627089119,639.7946173474892,749.2271052367661,603.5098,769.2855,1
627089135,643.7596291249508,749.384831285014,629.6927,771.46,1
627089152,638.9923988084606,748.7999956495604,567.0204,766.6691,1
627089169,637.8599789528927,747.9817402996172,590.8898,763.0582,1
627089185,635.4891137183394,747.8687582263382,576.8835,768.9045,1
627089202,636.8443984193586,748.9156641196809,612.4652,780.7157,1
627089219,636.9841204070349,751.3432226434423,600.8462,798.6608,1
627089235,647.0331384268284,740.7761404014609,720.3147,639.2815,1
627089252,839.9466655616733,530.1291520622741,811.387,531.455,0
627089268,845.768190325334,533.8789107811945,817.5006,535.3898,0
627089285,848.178497811251,531.6283441710267,822.5339,530.4703,0
627089302,840.0714353974738,535.5000302125162,794.6552,545.7991,0
627089318,839.4593593015207,535.6039371134226,809.1069,537.6638,0
627089336,846.4575629522711,539.2008885321477,847.2036,555.7675,0
627089353,848.1451078956509,536.4595147353549,828.3296,523.4032,1
627089369,849.6448448779194,535.3854433321978,830.2733,530.1077,1
627089386,850.1762627027166,536.9757333433048,825.3677,550.0837,1
627089403,847.4876546566111,539.6050502048553,797.665,562.9885,1
627089419,847.491109721157,542.0802516643643,819.3563,565.7557,1
627089436,845.2977931418686,544.6458082730261,796.1419,571.3362,1
627089452,846.3866765563548,543.2959436149691,829.8615,529.3368,1
627089469,843.2185463480612,542.6912455089602,780.0643,537.4296,1
627089486,849.4829455398645,542.7696390523911,896.0204,543.6985,1
627089502,851.0803697065609,538.6425050456567,841.4561,486.9509,1
627089519,852.3074541447588,542.2679062571315,838.5731,593.2278,1
627089536,852.1858300463323,542.5673679759468,820.3373,548.0928,1
627089552,852.0020126806218,542.5965015851216,819.4193,544.3302,1
627089569,851.1397545650424,542.4835903953743,808.8893,542.3583,1
627089585,849.1226749896891,541.3117269838847,789.8734,525.3601,1
627089602,846.6963770599694,544.0863065120857,781.9153,590.5881,1
627089619,845.8962157277713,543.4725156505461,807.0809,534.4227,1
627089635,843.2081636441116,544.3631421219163,774.5842,560.8439,1
627089652,841.9764870813835,546.2776572169621,797.9697,579.1978,1
627089669,841.236039596921,545.061645394002,805.43,524.2161,1
627089685,838.5289748785925,544.7546380939523,770.0059,540.9641,1
627089702,837.4063477216523,545.625422902844,796.7517,562.1698,1
627089719,834.3129283477299,543.5393558883449,760.0508,508.6125,1
627089735,835.2799706412948,541.8607760743483,832.0226,514.5472,1
627089752,835.3743292730602,541.8568898187475,815.506,545.7841,1
627089769,832.9357171715377,541.3130787188187,769.4459,535.4557,1
627089785,830.1424039167674,544.0958413210279,762.5502,597.4739,1
627089802,822.5422020445352,547.4249449097584,670.6032,610.8564,1
627089818,819.672000621776,548.865188915383,757.0392,573.4026,1
627089835,817.5617555106589,550.2633642551284,772.7611,574.7565,1
627089852,815.437319667911,549.7411046283731,767.8226,535.8894,1
627089868,816.3315958644645,553.4559980435023,820.9743,616.0516,1
627089885,815.6589333939976,550.5774621043519,789.1707,495.7782,1
627089902,816.4069176950848,544.6812657794322,810.0966,440.6604,1
627089918,817.8991652597472,540.6385164631039,824.4587,475.4703,1
627089935,819.7924943093988,537.8255144433339,827.9127,498.4598,1
627089952,820.7090910732726,536.1736403517832,812.5707,515.3928,1
627089968,823.9268912685687,532.2606312071737,848.3043,472.6293,1
627089985,825.2906070634231,529.5039648358668,826.0656,494.5773,1
627090002,825.8855355107087,527.5130338029926,805.1019,502.1068,1
627090018,827.8986234485268,524.9558497189016,830.4023,501.0116,1
627090035,827.949787210238,522.2276101239811,792.7426,491.2712,1
627090051,829.4114348590127,519.1498213622243,818.9215,481.9034,1
627090068,831.0763356595842,516.9239899222489,822.2733,495.478,1
627090085,832.9252063757032,515.2863268793368,824.7466,502.4666,1
627090101,834.094959418234,514.1472354621368,812.9845,516.4824,1
627090118,835.412835345105,511.8775812192344,819.7772,486.5089,1
627090134,834.1909450475409,511.35706962642973,771.4583,520.5571,1
627090151,832.0513047411607,509.203770326591,758.6423,489.5172,1
627090168,831.5530662812956,507.9220084518584,790.48,497.1269,1
627090185,829.9938252900428,508.6187291066978,768.3654,534.4162,1
627090201,828.6046028383753,509.0396224582308,775.2093,529.3826,1
627090218,829.8510230322911,508.71691951230224,820.0228,507.2527,1
627090251,825.2201476035442,506.4096849915585,720.5891,471.3851,1
627090268,826.661669959961,505.41061658155814,829.4098,496.1601,1
627090284,829.383952266327,501.4397071784126,847.5867,437.4262,1
627090301,833.6449776838616,496.19738851412296,875.327,417.899,1
627090318,838.1276063632928,494.98210943674445,871.0252,492.0779,1
627090334,841.9648972369889,495.00015707576773,870.2844,508.8005,1
627090351,841.694712605269,493.9673891238771,797.8983,488.4064,1
627090367,842.1867175605223,495.0929144283091,812.4088,522.8455,1
627090384,842.9739622389087,496.82715555016995,824.1829,541.1128,1
627090401,845.5040649568218,496.1279744630512,852.9324,480.8205,1
627090417,848.7774644328338,496.0453952969723,869.5419,486.6346,1
627090434,849.9499759515849,496.6200465664527,833.4538,503.8521,1
627090451,849.3026864165633,500.55256402158614,801.5617,569.8489,1
627090467,848.91329726105,505.54367646889875,805.6038,591.3486,1
627090484,848.7005215212446,509.91909657744304,813.4053,575.6653,1
627090501,847.6892712492531,514.1610604829839,797.0029,576.9425,1
627090517,847.9160232342832,518.5245276995311,818.2445,580.9767,1
627090534,847.2406602910465,521.4600147721826,805.1752,556.0093,1
627090550,847.0740878849131,524.9186794901099,811.1884,566.6812,1
627090567,845.6735247772963,528.9921660971654,792.2405,580.0311,1
627090584,844.5131790572124,533.0628834162611,797.3364,584.0582,1
627090600,847.4687587539712,535.0787218840578,872.8225,547.8361,1
627090617,846.617479751989,538.5859523552108,802.2881,581.2618,1
627090634,844.5765608670529,542.3085172085558,781.5992,585.4537,1
627090650,845.015257763652,545.9770208772717,822.0988,590.59,1
627090667,845.8098791783492,546.6267836837384,827.7765,533.8313,1
627090683,844.0065576538732,548.6847915641507,784.3069,565.3461,1
627090700,844.4264814573671,550.7024027048591,822.7739,570.9882,1
627090717,845.0317906378668,553.6491043610542,827.1443,590.5597,1
627090733,843.0627869769571,555.5315119347014,784.6711,571.9561,1
627090750,843.8995938439357,558.0193474992616,825.2919,581.999,1
627090768,845.4269948593956,559.0255947191531,849.535,560.064,1
627090784,846.5543136452128,560.0945176603461,843.2008,558.4531,1
627090801,845.0771843360504,560.6658716810589,797.4728,551.5634,1
627090818,844.5208174117504,561.1732775801504,812.6808,561.1013,1
627090834,844.7675489562097,562.1338299603667,826.2745,573.1318,1
627090851,843.8114165474445,561.2170815515944,796.0363,537.8771,1
627090867,844.3623638510946,563.1858509040758,825.4556,596.734,1
627090884,845.5346063597319,563.7880077728842,837.9417,573.7909,1
627090901,850.6852715822185,561.1736821725149,913.3054,506.9387,1
627090917,856.3879164295148,559.9302670179628,924.986,534.4634,1
627090934,862.7388762544094,556.842685810348,933.3092,502.2996,1
627090951,870.5250138263226,553.007892164922,957.6741,494.7291,1
627090967,878.3354906519191,550.510411296182,961.0753,520.7919,1
627090984,883.4717376593929,544.982131226645,915.8945,461.4088,1
627091001,891.4682239794408,544.4019691867488,970.1808,551.6603,1
627091017,897.017126247703,540.6964775817607,931.564,492.1191,1
627091034,901.405226723657,537.4647782103133,913.3194,496.6021,1
627091051,906.4271123839318,535.0159683756103,930.25,510.0746,1
627091067,912.4855211295892,532.3870235021766,952.0767,505.2917,1
627091084,917.2751426852597,531.6394735502619,934.8101,538.6135,1
627091100,922.2411762246102,531.4205836130286,951.0414,542.0368,1
627091117,928.4428629731076,524.8023867698972,970.5718,422.8843,1
627091134,933.0868073019934,520.5345017739083,945.8184,465.0502,1
627091150,939.1675712898287,517.6593466088912,982.2579,488.0935,1
627091167,941.3909170632751,515.7385205326145,917.8474,498.0918,1
627091184,943.5523692910888,512.4355441435225,917.6033,472.8679,1
627091200,946.9108666121714,510.70781759056837,949.1432,499.5807,1
627091217,1139.9653334979046,466.0398011267874,1125.691,457.3503,0
627091233,940.4037144007151,426.21285797033227,916.3815,417.9204,0
627091250,882.4518515642407,351.6475723367221,794.5962,259.6493,0
627091267,886.5143791692938,319.92819059191737,868.1587,236.9225,0
627091283,877.4307779717293,304.32840600276444,821.8804,239.4666,0
627091300,874.6298292945777,294.8676598446683,835.9283,239.3476,0
627091317,851.8530211643223,249.68770895067266,823.0319,229.5023,0
627091333,843.5750278066039,268.78274240132663,814.4114,250.1901,0
627091350,853.5419619371844,259.06929574977585,835.2225,228.9724,0
627091367,863.3038278268045,255.54973988688553,855.3149,227.8084,0
627091383,856.0498167586373,252.20457111918606,804.66,221.9491,0
627091400,857.7193770009499,252.63426162893532,836.0901,234.4879,0
627091416,856.5850229156247,251.6575147743005,822.1429,226.7108,1
627091433,859.3430570098532,255.10833925870014,847.6871,256.6291,1
627091450,861.556920672409,254.7104432399272,848.4019,231.5114,1
627091466,862.6707027869429,254.56825063722516,842.5944,233.2112,1
627091483,863.4081476618129,259.28912298833984,841.0006,281.7542,1
627091500,861.0097932354124,260.05360269969896,808.9738,247.2936,1
627091516,861.4449627282854,259.25950024789887,837.3803,229.9401,1
627091533,861.002619871075,259.69111992800197,827.4916,244.1522,1
627091550,860.6898956418469,261.44016886667515,828.6115,262.0657,1
627091566,858.1865231056572,264.24614125085515,798.9287,279.4966,1
627091583,848.2840849639522,268.62286138891756,692.4977,307.4022,1
627091599,841.4715298188095,268.8146389176732,726.0328,249.6869,1
627091616,835.2333913678347,273.0880590762991,727.4222,313.1839,1
627091633,827.3614547373074,275.5940399569806,695.5006,290.1497,1
627091649,667.9707722963572,384.4667099594049,630.6788,377.6754,0
627091666,754.2810437671957,299.4314448161627,720.9002,284.699,0
627091683,752.1506823906761,300.9929647212971,716.449,288.1281,0
627091699,754.4800007963767,315.4144224523423,726.1051,332.6421,0
627091716,758.4841623065231,322.0673366223827,737.8497,329.7587,0
627091733,758.567884039356,322.81831569168406,725.6646,312.5057,0
627091749,764.6595851713677,323.4103242376629,762.7596,312.4352,1
627091766,761.6768396038851,316.4551914224299,709.9148,259.4703,1
627091783,756.3182652092323,314.72214978206637,685.3744,289.5848,1
627091799,759.0661582685669,315.80129299705214,748.0897,311.0981,1
627091816,770.8613619119334,311.8625614208322,841.0857,261.157,1
627091832,765.9922800280601,316.56682976618714,684.4421,350.9283,1
627091849,775.547153138341,315.8251680597987,840.5115,292.4316,1
627091866,782.0482531975193,313.04463369489,817.78,266.3972,1
627091882,785.7696643126554,308.3563644536408,791.5084,237.8527,1
627091899,789.5782520009122,306.7601650351486,797.9849,273.9253,1
627091916,796.3364128936496,305.1657243259854,844.3302,271.0305,1
627091932,801.9792608113869,304.88922069790897,836.3813,288.7499,1
627091949,807.6840174858605,302.83606335913356,843.9258,260.6271,1
627091965,812.4564296913348,301.53153559807384,836.0007,270.3329,1
627091982,817.7469529438266,299.7202002956109,849.6675,260.2627,1
627091999,823.3152643807841,297.54256037435846,859.8879,252.0268,1
627092015,826.8390554509007,296.69732052379214,831.7253,273.0616,1
627092032,830.2879181155972,296.77256039648023,834.8265,287.7808,1
627092049,831.6530622154319,295.59355308976666,803.1447,265.4912,1
627092065,831.7695032535645,296.6806557880105,784.5519,305.0475,1
627092082,656.8212475025537,444.21693935742644,619.1694,442.1565,0
627092099,653.6692083947745,476.83505527098464,615.9625,477.3069,0
627092115,652.5682411939183,481.19306363127953,613.6832,486.7109,0
627092132,656.5475852041703,477.5184075166271,627.2554,469.9756,0
627092148,638.9368147659037,503.32234070839377,546.0411,589.3027,0
627092165,644.6056367764259,508.9745389979791,630.4386,534.7276,0
627092183,646.9845489124715,509.6460257180132,621.3777,514.963,1
627092199,650.0732937627245,507.37095750571433,630.9421,494.6896,1
627092216,649.6821315865383,504.16260813690224,608.7418,483.0462,1
627092233,204.8617239728682,523.6177231486727,145.6388,535.3421,0
627092249,666.9078677428292,438.67640149617495,629.7262,436.022,0
627092266,672.0132307410053,466.11655659199937,640.5794,494.8218,0
627092283,656.3963731728555,482.58683140562425,586.3755,519.0505,0
627092299,649.1256658047363,487.9310822512952,588.9045,506.3232,0
627092316,652.7207956340378,491.05081986645655,630.2797,504.9669,0
627092332,628.5663379145556,485.3975309747353,589.6739,486.9505,0
627092349,616.2208832003802,543.381631998639,576.9056,549.5518,0
627092366,619.7127412587861,535.4491129741294,584.1696,532.3835,0
627092382,618.8990081502866,529.946338490589,577.9268,523.3545,0
627092399,622.9596702944921,537.7308469113525,596.6355,568.1128,0
627092416,615.3017454629602,542.337496590461,544.3557,568.2932,0
627092432,612.4450525384648,545.5355217698535,558.7035,568.537,1
627092449,608.054562841806,545.8165617219713,542.2548,553.881,1
627092466,614.5883595095784,537.0732227929548,621.5228,478.7843,1
627092482,616.5557229751175,537.0424089793044,592.7106,542.8699,1
627092499,614.4324936904733,540.0208947336963,556.2188,573.5776,1
627092516,613.5092105877651,541.2396603219346,565.3804,559.3347,1
627092532,615.6388204922112,543.9680909569324,598.6346,578.3459,1
627092549,615.2907376244868,542.8873329877974,571.7211,535.7223,1
627092565,613.8035705712385,541.1848719523554,556.683,526.3391,1
627092582,614.0886796286801,541.8672196891674,578.5748,556.5414,1
627092599,611.8362731064984,544.0775515869686,543.4695,579.9174,1
627092615,611.30336401307,548.2450758839971,565.9901,611.3279,1
627092632,611.0486973013617,550.4104868121907,569.4617,584.921,1
627092649,610.1261634790358,550.2586957174248,558.6738,550.6106,1
627092665,608.9548112167879,549.6454003830936,553.7657,543.3485,1
627092682,608.2239863357444,553.3987942365968,560.0546,616.0858,1
627092698,602.5573903062323,769.3830156312446,563.2565,792.9584,0
627092715,608.3533764091245,746.0838277955187,569.2627,767.7896,0
627092732,579.7989553538886,747.4984702942594,509.4827,771.808,0
627092748,542.9609872462609,773.4836406263747,424.3618,855.2021,0
627092765,568.1566477668282,776.5395306381615,606.2736,809.2743,0
627092782,569.8916524879451,778.3439000234804,536.1244,810.1455,0
627092798,577.9264914001374,782.1909319420644,578.3185,826.0244,1
627092815,579.7003937713955,780.7162037473978,549.2594,795.3412,1
627092832,576.5970502950407,777.1885905297025,513.3898,776.2222,1
627092848,580.8177744457757,777.6982629199788,573.2305,805.7148,1
627092865,581.4155428654659,777.0569416163114,545.1226,795.5605,1
627092881,582.0665355933882,774.7072311248846,546.677,775.9209,1
627092898,585.3269578035935,768.9898438657558,577.2748,732.4188,1
627092915,600.3108869537641,764.7537028677933,723.8152,739.6877,1
627092931,596.6367552827815,768.1803379499753,507.032,837.4374,1
627092948,593.3484219288863,766.6373651462238,507.6505,773.4884,1
627092965,592.1876615090779,765.7211652005781,533.8129,779.9849,1
627092981,588.8192380097407,767.6518977558836,500.8698,821.7362,1
627092998,589.5116226675474,767.1173844256045,558.6111,784.5718,1
627093015,581.2827544503755,765.649374068528,421.2208,771.2725,1
627093031,580.4728561337014,766.1449314980706,532.3386,800.0006,1
627093048,581.4905413815686,766.9869160066269,561.3281,805.4596,1
627093065,582.5632186894866,767.1762314476355,562.7245,794.6849,1
627093081,584.0821811147274,768.768137463671,570.8344,818.8712,1
627093098,579.9544470290497,769.2726087231889,474.3498,802.0355,1
627093115,581.5811419733033,763.2389298921033,572.1179,683.5789,1
627093131,583.556018453396,758.8216169636723,578.7267,709.8436,1
627093148,587.1693694131993,753.6885858014172,608.4594,693.9771,1
627093164,587.3938406261777,747.6492827447497,548.5652,675.5712,1
627093181,586.5264067365152,742.2108952476102,528.9352,684.0145,1
627093198,588.5741544677408,739.5422724184981,582.2065,731.995,1
627093214,591.5944187844201,736.3563345315889,602.4183,720.3755,1
627093231,595.2277163604085,731.9583026346274,607.6166,695.545,1
627093248,597.3004683442067,727.4409678458637,571.8222,699.4928,1
627093264,598.3261292331381,725.0085664120328,573.7898,730.0972,1
627093281,599.3377506705797,719.3277297706885,566.2551,665.7054,1
627093297,599.7126893422628,714.1848967045713,560.0758,673.8589,1
627093314,600.2666626790862,709.4200187125542,561.0342,673.5774,1
627093331,602.1989899736326,707.1504939616839,583.8254,714.0884,1
627093347,604.6970372805486,705.7475338975376,601.8963,729.3773,1
627093364,606.5877456170458,704.4599877236415,588.8556,726.5784,1
627093381,610.1650140723893,698.5968117042586,621.067,634.5004,1
627093397,612.3159844987565,691.6665452936969,599.6508,606.9979,1
627093414,614.1740039163235,684.7317018141097,610.3908,604.4973,1
627093431,616.9274476582397,675.3713958304622,604.2048,564.7731,1
627093447,619.2367487323878,667.4446541436553,599.1841,579.6327,1
627093464,621.9887480236963,661.9134970344179,612.9448,619.9436,1
627093480,625.6352742459327,655.7820884003443,628.4534,607.1049,1
627093497,626.3789129159647,648.4954582066409,584.2225,576.2926,1
627093514,629.8979774297288,638.7784830459055,623.1354,522.6746,1
627093530,631.9200617617719,632.1518377740522,611.2734,577.9296,1
627093547,635.2187424661568,627.4058062713837,639.9583,606.5687,1
627093564,636.8311157276677,620.8396385711732,611.1738,564.9567,1
627093580,638.6575939323862,615.9388157693267,618.0148,591.8336,1
627093598,640.5796130971722,610.718970055797,611.9564,577.0598,1
627093615,643.4661266166639,600.556678789895,642.4951,465.441,1
627093631,707.404074044738,373.4897784355834,671.9821,365.1881,0
627093648,669.4592677921348,422.2351196247488,632.3517,418.2878,0
627093664,665.7802227037317,427.55734928347243,624.6801,429.8524,0
627093681,668.368919489622,425.9452349432189,636.6224,418.7336,0
627093698,675.3829133975654,420.66817582893555,660.2852,399.3085,0
627093714,677.9461056858922,421.885827549587,651.5653,422.9076,0
627093731,678.2183436145391,423.4377844249141,642.58,427.6349,1
627093748,676.8252225087108,426.4373887813015,631.3268,441.44,1
627093764,678.8849913385841,426.28443940849877,656.4011,420.8052,1
627093781,676.3751954762935,432.79178337294115,619.5431,482.1034,1
627093798,679.1217267416375,433.4440369260057,666.4568,434.1693,1
627093814,681.1247860273965,431.7968427365213,663.0637,410.4129,1
627093831,679.3882443817095,432.0090351447832,623.8392,430.1548,1
627093847,678.4930355675451,431.27235102119744,631.4611,418.6578,1
627093864,677.8426541635652,433.2057983289987,633.4747,452.6226,1
627093881,679.9048944580828,430.47281405680747,668.8206,390.5403,1
627093897,679.7876811836383,429.7579189812189,640.9338,416.6729,1
627093914,680.6520491547864,431.2423618202941,655.2115,448.4673,1
627093931,690.1973499828196,431.3508446901383,786.6129,426.6926,1
627093947,1102.8999243489543,467.84247795501057,1086.8425,459.9257,0
627093964,1233.9306375940084,528.0763011916216,1224.3752,522.4884,0
627093981,1216.7343682793048,496.84917923987086,1188.1832,455.9638,0
627093997,1226.446606106279,492.8340260200495,1236.7253,475.9489,0
627094014,1225.7560751816404,496.74234063413354,1213.5374,501.6494,0
627094030,1220.930580773494,492.8616165734269,1190.7043,468.8599,0
627094047,1222.6801010413192,492.8490777464759,1221.6045,484.864,1
627094064,1225.086680415149,491.9430904050634,1229.6208,478.1823,1
627094080,1222.594674552076,492.46276339069533,1194.8193,488.748,1
627094097,1218.968661777859,498.3582485805513,1180.3621,539.1346,1
627094114,1214.6521395050463,497.4528955554457,1167.1831,481.5811,1
627094130,1214.9763180911216,498.8884845911303,1209.2068,504.8123,1
627094147,1215.3186149387939,499.42081134626,1209.8188,496.6046,1
627094164,1215.080889261602,500.7279236113394,1203.2629,507.1697,1
627094180,1214.33948544079,501.3913980928768,1196.3948,500.7785,1
627094197,1211.0495640233717,501.446854562393,1161.1667,493.9719,1
627094214,1209.4596496741153,502.1614881296273,1180.8513,503.2906,1
627094230,1210.5956904568907,501.3038356453719,1218.3949,480.1734,1
627094247,1213.2738971840538,501.62776247014165,1242.5507,497.2402,1
627094263,1213.01400909574,501.637188593102,1199.3412,493.3895,1
627094280,1213.875041459658,499.6986418950731,1216.72,461.4392,1
627094297,1213.8988154129513,501.30184359487214,1203.7783,519.4106,1
627094313,1212.7138645678128,501.5120481528828,1183.5493,497.1981,1
627094330,1213.504604436081,504.96933758654274,1216.301,553.3467,1
627094347,1216.7051930912367,512.2752554268646,1258.2903,622.825,1
627094363,1457.4452532757323,695.3275124446797,1459.1733,698.613,0
627094380,1263.5116098018168,682.7966358391358,1255.8447,688.4565,0
627094396,1274.6259688970435,673.254271989092,1279.0596,667.567,0
627094413,1267.4435646495663,685.8904224901847,1245.0288,719.0355,0
627094430,1266.8272855668579,698.9455643461671,1257.6248,747.2958,0
627094446,1267.3755499464128,699.2746644477397,1262.2756,706.9006,0
627094463,1267.543979767183,697.477589380164,1260.9907,694.193,1
627094480,1263.422245897077,698.8912837277074,1230.8997,714.5547,1
627094496,1266.2294975034415,702.5459641005212,1278.8754,734.9673,1
627094513,1265.9943157235052,710.0369865032827,1256.9009,777.23,1
627094530,1264.7168720470813,707.716293962808,1246.0699,692.3444,1
627094546,1265.2231777049324,707.0669159720945,1262.8726,706.4108,1
627094563,1267.5535526906374,709.5429653283725,1284.448,741.5417,1
627094579,1265.8222059975385,708.3644112627142,1238.7119,700.8517,1
627094596,1265.9060719435108,709.3330553234039,1259.5502,727.1019,1
627094613,1268.490913656135,709.4791888702101,1293.1233,716.6798,1
627094629,1271.0978821939052,715.0618520067294,1296.7813,795.0135,1
627094646,1273.4745249693303,723.7776212287584,1296.5745,848.3772,1
627094663,1276.4981013921542,730.1621100756497,1308.8346,821.8381,1
627094679,1278.2117837116687,736.0764513553313,1291.6584,821.5352,1
627094696,1281.1024433827567,741.397553073282,1312.2137,817.7122,1
627094713,1281.632720195127,749.1927915897871,1276.6492,865.1779,1
627094729,1283.257219953673,752.3514695600583,1295.5952,792.9546,1
627094746,1285.3046296770415,757.7859902877116,1304.5565,836.3322,1
627094762,1286.827247355868,762.2188151709123,1297.4049,824.0745,1
627094779,1287.056973669955,766.6433906000186,1276.4891,829.007,1
627094796,1287.1871963731583,771.4721506597125,1275.7767,841.0787,1
627094812,1286.841124805454,773.5084994936495,1268.1003,794.9586,1
627094829,1287.28348518725,775.4525819479019,1283.0527,796.8663,1
627094846,1289.5605305497636,779.2379395639921,1317.4207,834.3801,1
627094862,1289.9136805685835,782.1598961311671,1283.6826,822.9966,1
627094879,1288.8187028339546,786.2567489768678,1255.4453,838.4361,1
627094896,1288.0968451962756,792.4255795674655,1265.9307,880.0576,1
627094912,1287.0707093625547,796.0649697523843,1257.5009,843.2083,1
627094929,1289.685305193468,799.5021691155223,1326.3044,845.7122,1
627094945,1299.470408478445,801.598904204301,1458.4771,818.4479,1
627094962,1302.0853265500782,802.8428457329218,1328.4468,807.8824,1
627094979,1302.949202040196,804.970138468314,1295.1147,831.4756,1
627094995,1301.5199370226633,808.4688986253122,1260.2563,863.7975,1
627095013,1299.697644882958,809.3144961333961,1251.9432,821.8214,1
627095030,1300.7035604702112,808.0555971018244,1303.7585,775.6301,1
627095046,1300.7980042721504,808.659160264511,1290.2039,815.8412,1
627095063,1301.0730947240907,811.1201971108768,1296.7509,857.0762,1
627095080,1300.6939983354316,813.867187259853,1280.7987,860.703,1
627095096,1300.5299395734417,814.1942259148823,1287.8741,820.6017,1
627095113,1300.9466001272413,816.4871627285909,1302.6656,858.3696,1
627095129,1299.745488302054,817.5497303009415,1273.5569,845.7602,1
627095146,1299.5391152625114,815.6143355388926,1291.5701,795.4735,1
627095163,1298.8653630035553,813.7564362358861,1284.2286,794.3661,1
627095179,1297.1491211889333,813.2039729059034,1263.239,819.3184,1
627095196,1295.4713729474215,813.0705337334531,1265.9083,826.8371,1
627095213,1296.2875246533958,813.3951680480974,1307.3308,839.5001,1
627095229,1296.3212170509948,815.0329152199936,1294.9172,856.4374,1
627095246,1295.5765980923916,816.7934810973609,1281.2375,863.8801,1
627095263,1294.6044198983345,815.0112165797419,1275.645,796.2645,1
627095279,1292.4077741444064,813.8495950295107,1250.7249,808.9498,1
627095296,1290.5567538758917,815.2032028032366,1256.8085,857.192,1
627095312,1289.0313591750994,816.3093937734782,1261.4694,847.6083,1
627095329,1288.127754803057,815.4051930177609,1273.6747,810.5042,1
627095346,1284.8404779159175,816.4764198962455,1232.7898,852.5513,1
627095362,1283.1901140381724,816.9784681520891,1257.7245,840.1492,1
627095379,1285.2250285851253,821.7413997292219,1321.2708,920.6908,1
627095396,1290.00278584211,827.8834004903092,1371.8146,950.1221,1
627095412,1293.0716193388257,835.9986667355403,1339.3063,984.0781,1
627095429,1296.7660945544362,843.8355173706284,1357.6467,980.363,1
627095446,1299.318960689976,850.2612024393418,1349.3563,953.6495,1
627095462,1301.8612956316886,856.5323482645641,1333.9922,952.8832,1
627095479,1304.8996519411478,864.328162669983,1340.2168,987.5244,1
627095495,1309.147585557681,869.7953461093683,1359.9733,950.7186,1
627095512,1312.726411235929,878.9169980275229,1349.2201,1019.2156,1
627095529,1319.936582236509,887.2122253862716,1423.2509,1003.1235,1
627095545,1324.5095099120217,893.1908273367887,1375.7212,970.8645,1
627095562,1328.3478171596728,899.1248181743224,1365.7986,980.4402,1
627095579,1332.5554718317042,906.377550501338,1374.0483,1011.0838,1
627095595,1335.0070689087986,911.5134893105635,1346.0842,973.7853,1
627095612,1334.5996361242483,914.3623533712623,1298.7673,942.2788,1
627095629,1336.5337182462833,918.3864869136312,1341.9043,968.4299,1
627095645,1341.5427897299487,923.4296420145207,1403.4871,987.7225,1
627095662,1346.1270434697597,933.0405661408474,1398.5322,1080.2224,1
627095678,1349.8515618818321,940.6449910450549,1384.2197,1052.2573,1
627095695,1354.438126950906,948.5708784571871,1404.2625,1065.501,1
627095712,1359.6190754575418,953.1878608871492,1423.1278,1011.2922,1
627095728,1362.7606569073246,960.0423636674526,1388.2485,1062.1526,1
627095745,1364.3535236301755,965.6699215425425,1362.322,1046.6428,1
627095762,1367.7381478706814,973.1047981677808,1398.5039,1079.4331,1
627095778,1369.3320372124374,976.997297705362,1366.9556,1022.0809,1
627095795,1371.570831981481,982.5594073566247,1383.5361,1064.9951,1
627095812,1414.5529837727252,1037.9433616871916,1415.2327,1067.9954,0
627095828,1403.316015248145,1005.996165129794,1403.3583,1033.8137,0
627095845,1393.3572869680756,1009.6033839755104,1382.528,1041.9076,0
627095862,1381.1192336697784,1005.0270655704553,1354.6191,1023.7628,0
627095878,1389.0733602715572,1013.6736579899876,1413.4916,1069.5463,0
627095895,1395.9839144810928,1018.1692315999707,1424.1816,1065.3314,0
627095912,1396.6517514703933,1019.5912465271857,1399.4683,1055.491,1
627095928,1401.052428799887,1020.4913424343331,1427.2725,1054.0576,1
627095945,1402.444460669956,1019.3173177542002,1411.3168,1038.9772,1
627095961,1404.0634492300496,1019.247771250954,1415.8986,1046.8708,1
627095978,1405.1241342259646,1021.4066406533899,1413.3525,1069.1653,1
627095995,1404.5757752265988,1021.144362047673,1398.0767,1046.7998,1
627096011,1405.38921119441,1019.102823912446,1412.7056,1025.4592,1
627096028,1405.3998329639203,1019.4603429603353,1404.3738,1052.2892,1
627096044,1404.2060232616182,1017.9885855956607,1389.0603,1029.1196,1
627096061,1401.6299715141843,1015.7242378811878,1369.062,1016.6074,1
627096078,1400.3060318019445,1016.7044553519687,1383.6526,1060.1198,1
627096094,1400.0443628123505,1016.3337333532177,1397.5676,1040.8125,1
627096128,1402.0383900586648,1016.8898814221685,1431.2192,1054.1172,1
627096144,1401.7089170790746,1016.2426079103499,1397.0308,1036.0209,1
627096161,1402.0183166872027,1014.9917509321352,1406.8977,1025.363,1
627096178,1403.919464657303,1016.0715226636338,1433.1588,1062.7915,1
627096194,1407.3633552659392,1017.9623358628897,1460.2305,1076.8491,1
627096211,1408.0145471225053,1019.5347392563517,1415.267,1073.2181,1
627096228,1410.1598967655175,1021.5253937143196,1441.6477,1081.1279,1
627096244,1411.9439033593155,1020.9256596099154,1436.6631,1035.9946,1
627096261,1410.0402330098768,1022.1419009635455,1372.9172,1069.9021,1
627096277,1408.020270562351,1022.5876845180636,1370.5719,1056.5559,1
627096294,1408.5409554161179,1021.0080323865523,1415.9034,1018.8331,1
627096311,1411.727253709423,1020.2222837655116,1464.7776,1032.6287,1
627096344,1412.6094406890406,1022.1164061189882,1424.0521,1083.5347,1
627096361,1409.842366357849,1015.5713186674238,1356.6079,925.0496,1
627096377,1170.2644514763595,728.951336151332,1158.2358,739.7173,0
627096394,1243.6308181654836,453.155056697755,1234.3201,441.7085,0
627096411,1247.4957369020021,460.4659884672197,1242.4563,457.2889,0
627096428,1234.515424173871,464.46928696402335,1197.761,463.0017,0
627096445,1247.2167889658963,467.8489688570923,1277.8092,467.4848,0
627096462,1239.4489780429171,470.23755501732336,1197.8414,470.5635,0
627096478,1256.3876498908605,477.9569961254905,1247.7664,468.176,0
627096495,1263.885812844554,502.96284430861584,1255.7009,494.9531,0
627096511,1250.376741223389,489.10965175866704,1227.3325,465.6425,0
627096528,1236.2300751648122,480.30848624061673,1197.1929,452.789,0
627096545,1229.6919714198616,487.74847558018837,1199.8538,503.4463,0
627096561,1217.1109532863159,487.87329708763014,1155.3604,480.8577,0
627096578,1210.96293507338,482.9316909291829,1169.8806,448.9111,1
627096595,1211.494230528807,480.170305100347,1205.4437,454.4418,1
627096611,1212.7638053396715,481.26603162742083,1212.3738,480.8024,1
627096628,1212.2331366577287,481.42514077463755,1198.516,474.4557,1
627096645,1211.9625651717051,478.6162130625489,1199.9825,444.9234,1
627096661,1208.7596036416421,472.91633296701355,1168.3196,409.2552,1
627096678,1211.1170528177063,472.3125429482113,1226.4624,458.4662,1
627096695,1213.0249622835709,469.90749591702985,1224.3259,435.1215,1
627096711,1214.1711320005188,470.35226350304106,1217.2456,468.9673,1
627096728,1215.7235431309289,471.1180120207582,1224.1135,473.6517,1
627096744,1211.0552160249626,472.0174987978283,1138.959,477.7024,1
627096761,1206.4693509240146,476.55992150574076,1135.0496,532.9354,1
627096778,1203.6908199201587,479.9144934356384,1157.2898,518.9049,1
627096794,1201.1324322837825,481.7709623786878,1157.723,498.3313,1
627096811,1200.5164407243967,484.9962497266548,1186.0851,521.9963,1
627096828,1198.3032579480068,486.5301476712621,1159.0168,497.0099,1
627096861,1193.4125633429271,487.96541354350535,1112.375,497.6135,1
627096877,1190.571849992846,489.871658124196,1143.28,506.7456,1
627096894,1187.9681148519965,494.6251433203355,1144.9341,558.7427,1
627096911,1185.196255466054,499.9276331790939,1139.6165,571.9521,1
627096928,1180.4374691844332,493.7902100244828,1101.4517,368.8086,1
627096944,1177.2751042736193,487.90398420492977,1126.5955,371.7324,1
627096961,1172.7659838777063,480.4204189494755,1099.4199,341.3628,1
627096977,1167.8767524215602,472.9207568537994,1089.2,339.2059,1
627096994,1164.8782950284337,467.0290582499495,1120.2886,366.5106,1
627097011,1160.1367557838641,460.89860162912123,1096.0261,364.6584,1
627097027,1156.7784546543141,456.01559377164676,1114.2708,382.6367,1
627097044,1153.5402606908262,450.4943380519837,1109.5115,367.2082,1
627097060,1150.5934503876138,444.4553183050067,1111.6062,360.0644,1
627097077,1150.5609551851176,439.6121306694114,1156.895,375.6261,1
627097094,1147.9006357939174,433.8701563824979,1107.5059,352.5694,1
627097110,1145.7960602308256,427.63861051502874,1118.2573,340.0985,1
627097127,1143.8176436693723,424.9139841743805,1118.0049,404.2651,1
627097144,1143.5466187722127,420.2181125798647,1144.2916,361.2859,1
627097160,1147.031203350928,412.6963600848662,1209.9353,299.3357,1
627097177,1148.2383061203714,403.75685919480946,1162.5077,265.1209,1
627097194,1151.6481199663835,395.6576012009143,1207.0901,280.4364,1
627097210,1155.177672048889,386.1776013124852,1207.0245,246.1364,1
627097227,1159.7471379228825,379.48496369415886,1224.1799,295.3722,1
627097244,1163.8207382944731,372.28636227406486,1215.2849,279.4934,1
627097260,1165.8835787425596,364.9476189739821,1170.0154,270.6285,1
627097277,1169.889493470182,355.82057352279645,1206.7988,234.6155,1
627097293,1244.6649470700975,292.95711603954885,1234.9266,269.3215,0
627097310,1220.8897981717064,298.80686926880225,1210.0217,276.0235,0
627097327,1231.0156206033344,301.95719974609375,1231.2421,282.4473,0
627097343,1228.4928772623493,314.5943953253368,1212.8046,319.9716,0
627097360,1230.325547708443,317.0770090990852,1225.6707,303.1243,0
627097377,1244.6441029655975,310.3178463595798,1293.713,258.1991,0
627097393,1259.086644776771,288.741102212117,1322.5332,150.5207,1
627097410,1267.0267774827723,276.9469744275746,1304.3042,179.4306,1
627097426,1272.9731646227292,269.9323201325312,1303.2438,196.16,1
627097443,1279.1510904815377,262.2095385121938,1316.0754,176.3882,1
627097460,1283.4989964936838,257.47958240998435,1309.0753,192.6468,1
627097476,1288.5407605909602,252.23372422773326,1323.7802,178.536,1
627097493,1291.0025204791218,247.8579096216373,1302.6927,180.2452,1
627097510,1293.866493425939,243.5758692791565,1311.5701,174.1717,1
627097526,1297.6215565774244,242.9549529310445,1327.498,215.1951,1
627097543,1301.0833780670798,239.61368992064212,1328.8948,176.2793,1
627097560,1303.5182797977857,236.06116383257884,1319.355,168.5275,1
627097576,1312.935120251442,235.51842129620672,1424.4081,206.7816,1
627097593,1317.5415726577276,235.6120216676922,1362.7451,216.0967,1
627097610,1324.964402986982,235.58062650417557,1411.917,212.4358,1
627097626,1333.156965919035,234.61882349989654,1431.9362,195.9313,1
627097643,1338.9717340504922,234.4041695794379,1401.4033,207.2025,1
627097659,1343.4989635525549,230.923474497025,1386.0448,150.6064,1
627097676,1349.1380458288857,229.35450375141286,1410.1926,180.2012,1
627097693,1355.4334478348192,226.95081003251454,1427.2632,163.1954,1
627097709,1361.1103801748327,225.15492845827805,1422.5911,171.7842,1
627097726,1365.456462511803,221.70368836782822,1404.7634,140.0511,1
627097743,1370.1185407111093,220.0159808685863,1415.6769,169.4858,1
627097759,1373.4343301801614,218.17706925391158,1396.679,164.9906,1
627097776,1376.904037393015,217.12836063331315,1404.3171,177.5562,1
627097792,1380.075167037971,216.00732579575242,1403.6372,174.4333,1
627097809,1386.7171509598775,214.8096476344804,1454.5704,179.51,1
627097826,1434.2315378806934,217.885631258139,1433.4163,185.2948,0
627097843,1425.6509126701399,179.1900201443959,1424.3063,143.8064,0
627097860,1432.0135130770761,192.80828261720404,1437.7098,172.8569,0
627097877,1447.0333010039958,187.23392969874038,1477.9661,139.5897,0
627097893,1450.6431406199372,184.04019670442952,1461.4379,138.2471,0
627097910,1454.8163728383347,183.26953048079818,1471.6736,144.2874,0
627097927,1458.1019624902524,177.86017188266348,1474.4067,113.4098,1
627097943,1461.5570485329733,177.49135639200546,1482.04,139.3197,1
627097960,1464.5894490888627,174.3987366594017,1485.0703,116.0998,1
627097977,1464.6731123464183,170.97685517728365,1464.2666,107.6828,1
627097993,1465.0655355959686,172.09791192087502,1467.6101,147.0727,1
627098010,1466.8186082442046,170.76904442195055,1482.6802,122.0326,1
627098026,1466.407573770974,168.37628807455997,1460.916,107.7747,1
627098043,1465.7868785895068,165.57330336245457,1457.8777,98.9985,1
627098060,1465.4741373484076,165.88579684753336,1461.1775,135.5937,1
627098076,1465.3460437235638,167.0848960512053,1463.4028,147.9586,1
627098093,1464.1758407063214,170.7640909046925,1448.8871,185.0815,1
627098109,1466.900100916771,172.90775026450723,1504.224,165.3354,1
627098126,1466.125500974299,176.28785460011574,1454.5938,187.4268,1
627098143,1465.6995440436524,175.62026937309668,1459.2393,126.2984,1
627098159,1467.6110971467367,174.24866705175984,1496.1389,113.7365,1
627098176,1467.3824635048343,172.42555926511338,1462.8815,105.7508,1
627098193,1468.031694407514,171.2992671796071,1477.5117,116.1511,1
627098209,1467.8644061027546,172.29234680118304,1464.3652,152.4692,1
627098226,1287.1622058266269,82.17266783670483,1278.8461,41.7934,0
627098309,1059.1438648172677,1.4861976607750742,1021.0057,-32.5886,0
627098326,1014.6178139504592,39.56347922611448,993.024,0.6217,0
627098342,1021.8225861729118,45.12770653566364,1000.593,6.4851,0
627098359,1024.6085524698476,21.54605057832685,1006.2859,-44.2924,0
627098376,1036.0864441786762,18.05106216276452,1039.3396,-30.6293,0
627098392,1035.8912839886361,21.029056325420086,1014.4935,-9.9905,0
627098409,1030.4580269226274,20.264268873836127,987.0239,-23.1937,0
627098426,1030.7237208306028,16.43515022196372,1011.2383,-44.48,1
627098442,1032.240891836957,13.926846210506701,1020.6434,-42.5898,1
627098459,1029.2407080771345,18.84065080251968,987.3733,14.2844,1
627098475,1030.22175591014,15.390322907637065,1017.2877,-53.711,1
627098492,1014.3483919109783,17.328964516428968,854.4375,-3.1287,1
627098509,671.531815612875,52.25719520198993,633.4214,20.1646,0
627098525,560.1209212767707,111.48359774422597,516.8113,85.8018,0
627098542,556.5026229331139,91.51851740306486,509.1162,43.0166,0
627098559,557.3032343352957,115.85977944769999,515.7023,142.6884,0
627098575,545.4899136482632,113.95831916558951,464.7587,82.9627,0
627098592,543.5701998903398,116.08622036842279,491.9785,99.9246,0
627098609,544.6212195214687,117.55124041675617,506.4255,99.8387,1
