timstamp,smoothx,smoothy,rawx,rawy,fixation
620389317,1026.8651656428563,518.7656757584607,930.8799,464.5664,0
620389333,1003.0077414008922,537.8286825824644,935.6521,480.5386,0
620389350,990.8376833883291,548.9582509607505,935.4177,489.9582,0
620389366,983.152433353183,555.3359658707475,933.6918,486.732,0
620389384,975.2347781480577,559.1737463753303,915.3581,480.1164,1
620389400,970.9240304358964,561.5425189024387,926.4254,476.8893,1
620389417,967.4667581190612,562.6778141784264,924.7432,468.5038,1
620389434,966.0589922413703,564.6304783537131,938.2265,484.3283,1
620389451,950.246500110525,573.9355185799611,929.0253,477.3229,0
620389467,947.5849460508344,583.3903226119704,926.4905,492.0202,0
620389484,949.6911581602591,581.7215395607931,931.1188,487.2758,0
620389500,951.0927766353725,579.2182444666381,933.1791,478.3111,0
620389517,955.6388803653974,575.8126359189822,950.1111,466.83,0
620389534,956.7284058121488,575.3002831530653,941.0994,477.9445,0
620389550,957.4030370876411,576.090582646248,941.0336,488.5079,1
620389567,957.8339479369247,575.3558211037101,940.0972,474.308,1
620389584,958.3652621328391,575.155041382964,942.0145,478.9315,1
620389600,959.3673304519831,574.8598175551163,947.5871,477.748,1
620389617,959.6131223938398,573.9308896597948,941.0992,466.8335,1
620389633,959.7425618614349,574.1346956745213,940.7638,482.5875,1
620389650,959.739947973117,575.0348400166073,939.8116,494.8812,1
620389667,960.4078455451938,575.5578884250588,948.5067,490.986,1
620389683,958.2349472120619,574.3067648278355,908.9449,453.1906,1
620389700,952.2724727761686,570.1815661506602,848.536,385.4015,1
620389717,945.4179713107841,566.0708867536297,826.8103,375.54,1
620389733,939.1567989389425,561.9227964805483,827.3655,367.5812,1
620389750,933.4468823707881,558.3438574716712,829.125,373.8156,1
620389767,928.3055246549571,554.4828127494732,831.7228,361.7201,1
620389783,923.4444606826017,550.8880197531475,830.7902,362.0662,1
620389800,919.2759653593075,547.90803886197,838.0194,372.612,1
620389816,914.8227968311664,545.1699834669081,828.1675,372.8954,1
620389833,910.7709899082255,542.3614655475405,830.4946,367.0208,1
620389850,907.1451021656372,539.5579908522919,833.7665,363.1747,1
620389866,903.1040297330163,537.2339576470333,821.8461,370.0959,1
620389883,898.964114579213,534.9123872394132,815.3066,365.4137,1
620389900,892.7543010865965,532.8027133665919,770.5486,361.9209,1
620389916,886.5849048986177,530.9717811476211,766.0613,365.1354,1
620389933,880.2623805645973,529.4426341594594,757.7104,368.7465,1
620389950,873.9759680416176,528.3513712318176,753.0967,376.7765,1
620389966,868.1907386778071,526.9832233251814,766.4513,376.3419,1
620389983,861.5301715283347,525.2453728495354,743.1855,358.6899,1
620390000,856.0509654985432,524.3191268267076,761.4408,378.414,1
620390016,850.6713515790047,523.3407988909124,758.6543,371.696,1
620390033,845.7397188776832,518.747119076486,756.5711,269.5611,1
620390049,841.3284320276664,514.6388252220128,760.7993,281.1279,1
620390066,836.7364874309313,514.0893195622332,753.9057,373.4671,1
620390083,832.2539704080768,513.4365958250928,749.7767,367.0172,1
620390099,828.0326923922086,513.2942923033931,749.6926,377.5723,1
620390116,824.4456155719035,513.0585731602343,755.334,371.5919,1
620390133,821.0764298829416,512.986317171554,753.8337,374.9387,1
620390149,787.6761719443728,524.6682450870146,740.6447,377.1376,0
620390166,796.9574410513783,515.1929990817774,750.7417,363.2932,0
620390182,789.7857880292452,520.7991087859447,734.9742,379.2056,0
620390199,789.5614244959626,522.2981107155183,742.3619,378.2592,0
620390216,788.3624391189755,522.4510973332514,737.3148,373.8706,0
620390232,788.4401287877624,522.73198358573,741.903,375.8772,0
620390249,787.2715231880618,522.968842857833,733.7341,375.3562,1
620390266,786.1445134648651,523.6479617397405,731.7809,380.5739,1
620390282,785.3567824094914,523.1401311571022,732.0253,368.1139,1
620390299,786.6360396948005,523.9433226881998,751.108,386.6619,1
620390316,790.7900679344644,529.6026241810146,786.6027,464.7023,1
620390332,793.3952295869545,535.3430588495796,776.7167,478.9814,1
620390349,794.975487127955,539.0546996918055,767.7983,456.7985,1
620390365,795.7858984442959,543.7317584476554,761.165,482.194,1
620390382,797.6804386394332,547.8640688046382,777.5682,483.7811,1
620390399,797.8502051601307,551.7521181623528,755.3374,484.8645,1
620390415,799.228317851534,554.691486079835,773.7568,474.754,1
620390432,799.9325176203922,557.9236322183505,765.3981,486.0709,1
620390449,800.0891193563648,560.551523709309,757.2268,477.4788,1
620390465,800.8516343584079,563.2320826920204,768.1313,485.0084,1
620390482,801.3979505182735,565.8158021203542,765.5044,487.3075,1
620390499,801.9585860022727,567.7053488594361,766.1564,474.9704,1
620390515,802.3848020079051,570.0297711741886,765.0238,489.5928,1
620390532,801.9395047146506,573.0928080603504,750.4178,510.9741,1
620390549,799.3680073386668,576.5905437436919,711.2108,522.4473,1
620390565,796.3686829966368,580.0641769823571,702.1147,525.7695,1
620390582,793.8641857909992,582.4009156128435,709.4187,501.2025,1
620390598,791.3397202168062,586.0735795533843,709.1877,541.446,1
620390615,789.0764112016977,589.049799199943,712.5382,527.782,1
620390632,787.051265619586,592.0631661808256,716.1222,533.8103,1
620390648,784.5846330847401,594.7331277368194,705.8113,527.7144,1
620390665,781.8658823690191,597.6226834109013,700.8183,524.5572,1
620390682,779.6131564326364,600.0685356122937,706.8214,520.3421,1
620390698,777.526537982028,602.1802961744397,709.2933,516.3842,1
620390715,775.8883327496197,604.7454237885619,716.5598,534.4377,1
620390732,774.4714540029919,607.0551051733244,719.5483,532.8345,1
620390748,775.3327655883145,603.8797374497661,757.1738,390.4541,1
620390765,776.8320291322917,597.8652027545004,765.4053,317.7331,1
620390783,806.9433845929931,423.235796099062,757.2284,218.2208,0
620390799,801.9430587687685,417.8647242106939,751.2278,209.0005,0
620390816,805.0254723763944,419.7312135353181,758.462,215.7599,0
620390833,803.8664796023786,419.32391448871124,750.8102,209.967,0
620390849,807.2095379530998,418.1268637890036,768.3949,205.7931,0
620390866,810.8628905466966,418.10810359769334,777.6999,212.4207,0
620390883,812.074015324798,418.00798708507506,769.201,210.6124,1
620390899,811.4678016109141,418.11864776123133,757.7543,211.2428,1
620390916,812.9241238314579,418.0008208200036,774.498,210.7385,1
620390932,814.3223323958746,417.47384042090357,776.611,205.1427,1
620390949,818.2484322422758,407.03466873483916,801.1987,60.1313,1
620390999,817.3899327134781,410.1369419819095,759.5493,245.9896,1
620391049,822.4960343739767,398.91879282493727,823.9114,14.7791,1
620391664,839.8793385567292,264.1612347488977,786.3435,-30.6416,0
620391747,1893.0331309162275,233.52643563246778,1987.9747,61.4525,0
620391914,1019.4102383540751,287.59823817887496,0.0,0.0,0
620392130,1065.4756116810613,307.0881551627796,1158.1014,141.9473,0
620392331,833.1415986181519,315.91804550275253,0.0,0.0,0
620392364,837.6467154578463,337.19170627209354,824.3132,220.7356,0
620392397,674.1564090547637,579.0704719506844,613.856,448.5689,0
620392414,663.5702009562497,553.6477866482786,600.3999,406.6766,0
620392430,664.0157507267998,573.7729904161192,603.5687,470.798,0
620392447,664.0108188792175,578.0178362403066,602.6403,458.8029,0
620392464,664.7680027633234,580.7430605110242,606.2048,462.8781,0
620392481,666.2812790200702,579.9850119117639,611.4926,444.6417,0
620392497,665.3743168304741,580.6377301534676,598.9135,454.0266,1
620392514,664.0784185549041,582.291258982083,594.4279,466.1736,1
620392531,664.2905110912213,584.0878617033095,605.2018,473.8636,1
620392547,663.8970630393703,584.151943788298,599.1077,454.7025,1
620392564,664.5392464670646,584.7866910830656,609.683,464.5939,1
620392581,664.357456996816,585.2163762396932,601.2717,461.9645,1
620392597,664.8923441982105,585.421292541003,609.736,460.1845,1
620392614,665.050358503467,585.9567152076596,605.8563,466.3143,1
620392630,665.4543150885515,586.6602789711075,609.6707,471.227,1
620392647,666.1753115372951,586.9354822442386,614.6387,464.6303,1
620392663,666.4991317890818,587.440268004001,609.7473,469.5585,1
620392680,667.0522582046627,587.4258938128302,613.4634,459.5953,1
620392697,667.7818563064122,587.9845215323547,617.4839,473.2495,1
620392713,669.1758070194862,588.8878043941722,629.8416,483.7629,1
620392730,666.907871857988,594.9777829893577,572.0459,603.2294,1
620392747,664.5671556604307,601.3732857315755,569.4734,618.0502,1
620392763,662.885104286448,607.368066748347,579.556,616.804,1
620392780,661.014090246469,613.3665380681681,575.0623,623.4331,1
620392797,659.394434866827,618.6703303716089,578.0437,612.6729,1
620392813,657.9294328054272,624.2095387479993,580.1958,625.5442,1
620392830,656.1403331833477,629.1620819634727,572.4999,615.5919,1
620392846,654.1474034399445,633.6996247766001,567.0366,610.0991,1
620392863,652.7691032359259,638.0514970479936,577.6704,612.5229,1
620392880,650.8523980980577,642.4229760312732,565.9545,617.9594,1
620392896,649.8562305320872,645.7585930414168,582.011,597.6098,1
620392913,649.2474552372165,649.6058398818468,590.2604,603.6112,1
620392930,648.3049256568765,653.0837348416482,582.4749,606.2843,1
620392946,646.469823549764,656.5055977988226,563.3832,607.7318,1
620392963,645.5072693617345,659.801898944028,579.7957,613.1716,1
620392980,644.1405311760697,663.0719857235708,570.9497,616.0551,1
620392996,642.7646612605771,665.4292226167069,567.2565,598.213,1
620393013,642.8843932272773,666.4024984957614,594.0775,570.7533,1
620393029,646.0733669942331,664.16584264668,652.1741,495.3149,1
620393046,650.5712550543856,659.9791745910323,674.7783,447.3066,1
620393063,655.2509439765137,655.508285643982,678.7454,445.1529,1
620393079,659.4344008884135,651.2459693856896,668.1432,452.5686,1
620393096,663.7867918219928,646.5985744991181,672.5946,444.1117,1
620393113,668.1967978128134,642.2607601737257,674.583,454.4373,1
620393129,672.651600028212,637.9046107626665,677.3383,454.4207,1
620393146,676.4703217594782,633.9285686839647,667.4167,461.7313,1
620393163,680.3344829932744,629.6981647473744,669.816,453.465,1
620393179,683.770260202514,626.0888145346665,664.8923,466.0768,1
620393196,687.2325820194552,622.1034589694643,668.3535,453.9511,1
620393212,691.0859643388575,618.3590330964118,680.6737,458.731,1
620393229,695.0099391480452,614.5855629313995,679.3583,465.6129,1
620393246,698.781178476356,611.0700044535407,680.4834,467.3531,1
620393262,701.6844898091242,607.7570001202848,668.7063,464.0419,1
620393279,704.744578895773,604.6191253422309,675.7054,463.2606,1
620393296,707.7853574609056,601.6916493988346,680.0092,461.3281,1
620393312,712.0982768751688,595.2471558454325,706.3853,361.6882,1
620393329,753.1879573318776,461.00328549858773,697.8324,271.1614,0
620393346,774.9920053649098,455.865909049517,722.4694,265.8985,0
620393362,776.0617628773291,454.1764211414335,724.7302,260.8113,0
620393379,779.8898791803646,456.0915593920454,736.9673,274.0032,0
620393395,772.0695278290191,456.1974815845224,692.6027,263.3929,0
620393412,768.627403639729,457.12341861570303,700.2204,271.0145,0
620393429,764.0027720546028,456.1843551927725,684.3744,254.5933,1
620393445,763.2172590159589,458.11928724161766,705.311,285.1882,1
620393462,763.1013288310298,459.2579525118114,709.4018,281.4669,1
620393479,762.3598073733476,459.91398129085974,702.9432,277.3141,1
620393495,761.7368323115388,460.27590360630336,702.6765,274.673,1
620393512,761.5444316914625,460.7844887833075,706.5794,278.415,1
620393529,762.240085713495,461.37454623977555,717.261,282.3137,1
620393545,761.6912923211817,461.8923459315375,701.9301,280.5778,1
620393579,841.7793283770452,299.71728100044896,790.4177,26.2225,0
620393646,874.022019035007,296.1943661446475,827.0677,24.9263,0
620393663,839.8250620277148,382.13030162084914,758.2133,289.084,0
620393712,608.1828369662659,368.6857149492578,0.0,0.0,0
620393779,654.5770119064501,386.1288306308994,745.2459,239.6234,0
620393796,682.4399899505055,398.0546401293064,743.548,249.7394,0
620393812,743.6782681613001,446.62509488446017,686.1975,246.9974,0
620393829,754.356834548141,449.2964455076993,698.5412,252.6789,0
620393846,755.8435183669507,449.18442138744757,701.9222,252.7198,0
620393862,755.0390491810234,449.9771974143113,697.606,256.1483,0
620393879,752.799387156508,450.09871671911446,689.243,253.416,0
620393896,751.0877126314826,450.09045851600183,687.2526,252.5419,0
620393912,753.9037636185968,449.8503579212533,713.8123,253.4709,1
620393929,756.4300703268323,449.7175698973997,717.4969,254.3565,1
620393946,759.9553205084994,449.67942366906965,731.4081,256.7591,1
620393962,760.1357214637621,449.6697949214897,705.8386,254.0465,1
620393979,763.0309167315952,450.0531432842266,735.3164,263.2785,1
620393996,760.7071367498139,450.66611114715414,680.5237,261.4946,1
620394012,760.907370504486,451.33346547527873,707.9445,267.0962,1
620394029,763.1812353653172,451.77837183241127,735.5369,267.7722,1
620394045,762.8740983581059,452.4231560607808,703.3252,268.828,1
620394062,762.6194318906262,452.8166934569614,703.6379,265.093,1
620394079,764.614854561764,453.0230796498301,737.607,265.907,1
620394095,767.0464772075339,452.95157095103696,746.8816,261.3275,1
620394112,769.1552103903842,453.1362527412142,744.7142,266.8963,1
620394128,769.771957232559,452.53178354837087,721.3693,246.0444,1
620394145,769.9936036133283,452.7159721691991,716.0739,263.7275,1
620394162,770.9290301103262,452.94269837512167,729.3704,266.6379,1
620394178,773.0659226644126,453.2698515620412,752.3807,272.201,1
620394195,775.0074668072832,453.3204133091569,750.5186,265.3256,1
620394212,776.9408918992012,453.45085907689423,752.2523,267.7782,1
620394228,777.1754129106281,453.195874563752,721.3964,254.2263,1
620394245,777.3223415023176,453.34023873564695,720.9869,264.7961,1
620394262,776.9613604176918,453.67901974034936,712.1436,269.2019,1
620394278,776.462103382827,454.1539047214452,710.2012,272.9769,1
620394295,775.8022390755068,454.5223178684022,707.4706,270.1035,1
620394312,776.526491101168,454.80089054402725,735.3854,271.2237,1
620394328,777.3178174937512,455.3048389710107,735.0074,276.8055,1
620394345,778.614166314376,455.67786160957667,746.233,274.8535,1
620394361,779.1740400343339,456.02011430836814,731.9944,273.1573,1
620394378,779.705244320543,456.82855590752445,731.9667,286.2526,1
620394395,780.7550445534159,457.6049230120172,743.0776,287.0729,1
620394411,781.0173490208449,458.2327062050165,730.932,281.8818,1
620394428,782.1352304810192,458.6936433587188,748.7574,280.0537,1
620394445,782.5062682915466,459.3413720814726,735.9927,284.481,1
620394461,781.4381642181231,460.05781249074926,705.1826,283.5021,1
620394478,780.4008350713843,460.7936505097607,709.4585,285.8669,1
620394495,779.5428533440563,461.0547861858897,707.1445,273.6588,1
620394511,777.9018344790443,460.76021346558764,694.5483,257.7395,1
620394528,776.9633249238069,461.3988121239206,712.2992,285.9643,1
620394545,776.233529725457,461.7970933037657,712.5186,280.4654,1
620394561,778.3386269099972,461.87631051366077,768.6447,278.4254,1
620394578,778.143248536281,462.65019907056455,726.8356,293.0546,1
620394594,779.1448668939657,462.14975382815663,749.9388,260.6558,1
620394611,781.2114425492966,459.49625521752273,768.3903,204.6112,1
620394628,783.2476674480903,456.91144413310974,765.2147,204.6658,1
620394644,784.5814110270715,455.03861068597973,751.6458,224.7821,1
620394661,786.499063712305,452.40660511767476,764.433,204.9462,1
620394678,788.7164064744281,449.7053300660485,773.1167,203.4823,1
620394694,789.6227708930088,447.89597485397877,748.0082,223.2404,1
620394711,792.1020417206614,445.35603352720096,779.3878,205.4409,1
620394727,793.9545543697482,442.972947510164,764.6782,205.2285,1
620394744,795.8836763481505,441.1011584428183,768.035,218.8332,1
620394777,798.2632494332022,438.72950421656543,777.1604,204.2372,1
620394794,799.9581906135385,436.5618377471698,765.2914,206.2117,1
620394811,802.0500856351105,435.1332450615413,775.4868,224.661,1
620394844,804.6240838387209,433.00371499330817,789.2224,203.7082,1
620394860,805.685686545566,431.1352161622689,760.9667,205.1751,1
620394877,806.6749784150431,429.98064771857025,763.0762,221.6607,1
620394894,807.9539057642753,428.28583466262705,768.491,204.2543,1
620394910,810.3631412212965,426.48224373013454,792.7014,202.3348,1
620394927,811.3426039349964,425.63086270714984,768.0773,222.4805,1
620394944,811.1703143663185,424.45115311851134,745.3148,207.2267,1
620394960,812.2131404870275,424.20137038883377,773.9642,232.9657,1
620394977,813.1498352376047,423.0392242729559,771.1179,205.327,1
620394994,814.7607665765844,421.8482582057489,782.9792,203.5958,1
620395010,814.5399029086941,421.72021771933186,749.8849,226.7936,1
620395027,815.9503700725925,420.7130389736298,783.0666,202.8403,1
620395044,816.4038018873192,419.9478073777956,764.5926,203.9543,1
620395061,815.672315287462,419.87221250766044,745.1083,221.7375,1
620395078,816.6278269904528,419.0892953967548,779.2734,203.762,1
620395094,815.9741512895872,418.6624686508434,754.2466,208.2119,1
620395111,817.0203473318504,418.4808644173678,784.2151,219.1254,1
620395194,819.2370095419308,417.9087398499677,810.1786,206.3595,1
620395211,821.6343289268906,417.4971140970621,816.1961,204.8318,1
620395227,823.0258853580461,417.35495690782784,796.4324,210.076,1
620395261,824.9578927553116,417.02996942327,806.2141,208.3558,1
620395277,826.529631415766,416.8903239640126,801.3989,210.4198,1
620395294,828.0267502095945,416.56305668058417,801.4418,204.9406,1
620395327,829.4173597304014,416.32902693417924,797.7148,209.3118,1
620395344,830.6517363555756,416.2089936553453,799.1822,210.0423,1
