timstamp,smoothx,smoothy,rawx,rawy,fixation
626933221,799.8420346143502,523.5345936501623,744.8586,531.9632,1
626933238,797.5756295871943,523.4214180278842,734.9857,522.8647,1
626933255,805.2892890198507,525.2143080025791,882.9014,549.8335,1
626933271,810.8488348564226,523.2005653458426,856.8293,491.5811,1
626933288,814.929791712895,522.5734126800096,838.5837,512.8724,1
626933305,818.5080174866998,520.3992720971465,834.1597,486.651,1
626933321,820.3826850532687,519.1502256968547,809.2394,501.2833,1
626933338,823.6226206337934,516.7792383943869,834.4988,480.4619,1
626933355,827.3548654764256,516.768659212618,846.0616,520.3776,1
626933371,832.7569305878469,515.3854123481428,878.3445,494.9668,1
626933388,835.2265086794908,513.762012286176,830.5627,490.411,1
626933405,838.8179702916397,513.2067050099533,853.4562,508.4893,1
626933421,842.5300452414169,513.3112342964206,858.9187,519.8521,1
626933439,846.661854850055,509.93102241557824,869.6956,454.2156,1
626933455,852.1152136439149,507.8873336055512,897.4258,477.2637,1
626933472,854.8001394230698,505.2781257657476,844.2843,465.8353,1
626933489,856.9843221993742,503.24078068623356,836.2037,477.1097,1
626933505,864.356204203678,495.93183629360306,937.8607,375.2965,1
626933522,870.8805070333746,493.4792811144541,923.5486,466.7032,1
626933539,875.2058018209943,490.5280921960292,891.795,455.3065,1
626933555,879.9669275573082,486.6172873500667,902.5835,433.6993,1
626933572,883.4449400182813,483.75501025318255,882.7975,450.5204,1
626933589,885.2653792918405,480.1727070159947,861.7333,431.5857,1
626933605,888.210031259873,477.2755328595101,880.0333,448.1404,1
626933622,893.3346366817236,472.5870481710222,928.3866,406.0409,1
626933638,896.8865998172934,468.8797420781458,903.7432,424.8745,1
626933655,900.6444733016963,465.32479230627035,911.5507,424.2445,1
626933672,907.9178586469221,462.25935082734117,982.8206,426.4681,1
626933688,908.9146364312544,462.5364917141512,869.8444,484.5179,1
626933705,911.1064026838931,460.85159855258206,892.4568,450.0601,1
626933722,911.1458897158213,459.8477453697291,856.5649,458.2154,1
626933738,911.5893780873283,459.3823142238146,867.1854,464.1251,1
626933755,910.5602678094607,458.02917000985843,859.0372,447.8439,1
626933772,911.2975233137878,458.891591716324,890.1188,480.0436,1
626933788,910.4601042200061,457.1893581509683,860.9335,432.7431,1
626933805,911.1547162765862,456.40831366594585,890.1639,444.9745,1
626933821,910.5948535145914,449.3892002064861,865.89,328.3745,1
626933838,914.5071730140526,442.04397261115446,951.7494,316.9802,1
626933855,911.7744640275522,433.8807177369158,832.616,305.6115,1
626933871,908.1273538831374,427.402365232414,820.1065,331.7541,1
626933888,906.4872744146688,420.89950052692234,851.9342,326.9896,1
626933905,904.3149757850273,413.2894289691266,844.7922,304.6187,1
626933921,901.0311453855516,406.6069188298011,824.7633,319.1964,1
626933938,898.2990369603431,400.4465978183244,835.2409,317.358,1
626933954,894.2535001220299,394.79062925739606,812.8611,325.3181,1
626933971,892.0147236078449,389.15500529862186,838.6299,319.1129,1
626933988,888.2674266146306,385.4010439186024,808.9957,351.0042,1
626934004,886.243918235895,379.7133671354534,849.1064,298.6738,1
626934021,883.9868490639823,375.8474712004985,840.2576,338.1691,1
626934038,882.260310189063,372.44143638527385,843.7993,339.9459,1
626934054,879.589070089517,367.48703736001767,825.0618,303.6865,1
626934071,877.4079629638982,363.8803504915822,829.4268,325.5012,1
626934088,874.914076040779,357.8488297298344,819.0559,272.9365,1
626934104,874.4281466322672,354.01646550430183,855.5522,310.2241,1
626934121,870.5477537684562,350.83883356049296,796.0201,313.9712,1
626934138,868.2819675782365,346.3817078352434,819.8698,286.8095,1
626934154,867.2745903850547,343.42441446238024,840.9948,309.6893,1
626934171,864.8944805645016,341.3960949661148,820.401,323.0271,1
626934187,860.523920337154,346.74577767031207,769.4027,463.3146,1
626934204,856.1237459996914,356.0349432503176,769.4243,528.9936,1
626934221,852.6021062394193,365.44982622667385,779.388,528.9396,1
626934237,849.0577893522071,375.2241138336484,777.9425,534.5512,1
626934254,846.4013672614553,385.6233494590425,790.9291,543.9183,1
626934271,813.2477800855193,562.4851940140152,783.4963,566.7273,0
626934287,801.6683626526452,512.6815953224389,771.2097,513.3384,0
626934304,793.4526557437244,507.5581396302267,753.9768,502.6085,0
626934320,777.461512008422,508.5114251969266,712.5592,511.8774,0
626934337,779.8782616531801,519.1588234232454,756.2874,554.5293,0
626934354,784.3690557161026,526.1427363090626,771.8856,556.9734,0
626934370,788.5285558202181,519.3988597528236,778.5331,484.4658,1
626934387,791.3610125126102,520.2955180528675,777.2436,526.8612,1
626934404,794.2173218007957,518.7084880861454,782.6816,508.0371,1
626934420,792.7220365131706,520.833768393263,749.1298,539.6484,1
626934437,795.0471233670148,519.9360546559074,783.837,512.5424,1
626934454,799.3048054467674,518.5867964964884,808.1451,505.7398,1
626934470,802.1260626058794,516.8801531394089,798.5574,499.5803,1
626934487,800.532630495129,514.4706854779474,749.5059,489.0745,1
626934503,802.3183099333514,518.6167124833771,790.8043,570.7839,1
626934520,798.7024937697795,528.3739677654179,721.1761,654.5488,1
626934537,792.8264623785476,538.5251273055968,685.4354,672.9578,1
626934553,789.2916963199594,550.2747956885534,713.0674,708.3365,1
626934570,785.4689777450824,555.7332138375893,704.7928,624.5024,1
626934587,783.1952255936158,563.7390555132156,725.0975,671.0332,1
626934603,781.22984050486,570.9577884112375,727.6642,666.5872,1
626934620,775.196335527157,578.1809097707169,659.4052,675.3407,1
626934637,772.5452482111768,585.2951223306785,710.7183,680.0341,1
626934653,768.7932337262451,589.2386497271622,689.3201,632.479,1
626934670,765.1667519229383,594.2255576359261,688.2782,656.1432,1
626934686,765.696866318981,599.9308785483196,757.6365,673.6357,1
626934703,768.2928583733578,599.27577848908,792.5496,563.8679,1
626934720,768.5166935124925,602.2160272136331,750.0247,633.7712,1
626934736,765.3989898912982,606.6233935929596,688.7458,666.4927,1
626934753,764.0968202486862,609.5760267102736,719.415,643.9108,1
626934770,761.855816491706,613.4124119203827,700.5818,665.3445,1
626934787,771.1864772199912,615.5997671894476,914.4109,624.2819,1
626934803,1263.725516757984,621.764434192802,1255.887,622.7836,0
626934820,1293.1699031043527,712.7032403556569,1287.0232,720.1266,0
626934837,1436.0388875328774,739.6961553611524,1586.3279,773.2452,0
626934854,1439.7046350866465,760.6546715294573,1447.7728,813.7635,0
626934871,1388.3701951906319,772.2645782745074,1226.7635,821.7527,0
626934887,1373.675881810423,762.9844121914273,1311.8284,733.7878,0
626934921,1664.4496538681985,792.383815624488,1676.4553,799.4927,0
626934937,1272.0027049181488,739.2891594316783,1264.9139,749.0955,0
626934954,1294.3515033407405,749.634118927652,1311.7703,770.5634,0
626934987,1297.607240539776,746.3694051118273,1298.4189,749.1281,0
626935004,1310.4310658073282,741.3389616303585,1344.8423,733.9438,0
626935020,1307.4887005961052,737.2257048818947,1289.3876,729.2645,0
626935037,1628.6844862515593,827.2708520819135,1639.0684,837.6438,0
626935087,1325.734289238367,700.4017276718805,1321.1222,706.3319,0
626935103,1306.9306349411352,735.6131494505386,1281.9602,782.653,0
626935137,1286.6146151136036,731.9899587751702,1237.9646,733.7427,0
626935153,1288.8641729341073,737.3231458369715,1290.0403,763.4518,0
626935170,1273.30509259965,753.9393262356492,1202.845,835.748,0
626935187,1307.02821058158,749.5071982114495,1301.6599,759.4891,0
626935203,1268.0228298771656,744.3918118929384,1260.7572,754.6541,0
626935220,1243.5217928036343,744.0062532168188,1209.4536,754.665,0
626935237,1241.6817628189012,731.9004518829694,1229.3333,715.8423,0
626935253,1240.8730582784826,732.6806999170919,1229.9133,745.245,0
626935270,1240.3313536467215,731.9569932611208,1229.6348,738.896,0
626935287,1248.5005669141165,739.4411900032618,1282.2284,788.3396,1
626935303,1250.2687341883693,739.4465138681094,1252.4038,749.1106,1
626935320,1251.0315158373521,741.094675435893,1247.6807,762.7423,1
626935336,1247.320459910679,718.5240639115361,1208.5759,544.7515,1
626935353,1187.680979047728,425.64853770137535,1175.5886,413.0718,0
626935370,1252.4090917573437,472.7336101831254,1243.5803,462.624,0
626935386,1237.0988115551224,455.498750661528,1211.4207,426.1071,0
626935403,1244.4425443608375,467.414958537865,1250.6636,482.3605,0
626935420,1247.6029560942536,472.88097686240326,1248.376,480.0393,0
626935453,1241.068708490444,472.32252782846837,1204.668,460.1847,0
626935470,1239.9821448710934,467.5225754865931,1225.1338,431.9639,1
626935486,1238.356154918492,467.40399516669254,1219.272,456.6953,1
626935503,1231.93017904281,467.584927453428,1177.7002,459.6149,1
626935519,1229.6500743345202,469.7062471215794,1203.1301,477.2929,1
626935536,1226.7054903905662,471.33824634524035,1192.6387,476.3157,1
626935553,1226.9563280461757,472.29737716108076,1221.5066,471.3065,1
626935569,1225.9381630065677,472.96601241781974,1207.3667,469.7253,1
626935586,1225.4998975405863,472.2321514835172,1212.688,453.3084,1
626935603,1226.7912258810347,470.5088330564668,1233.9479,439.0105,1
626935619,1226.3257003255412,467.9887183325554,1211.8878,426.1608,1
626935636,1225.3077679880564,466.32784603231636,1203.4641,435.5075,1
626935653,1228.3185390968954,467.3189845550331,1260.7958,472.1563,1
626935669,1229.8035158471314,466.2692137009736,1240.7074,441.9455,1
626935702,1229.596976366362,468.6528686526388,1215.9756,495.833,1
626935719,1231.2440065343776,472.5437059740188,1245.3239,521.97,1
626935736,1644.9167340460947,648.6379265445137,1655.5514,645.1605,0
626935769,1240.638805751473,456.9062341024444,1231.1949,445.796,0
626935786,1349.2149097849872,459.9013205009729,1458.5529,448.5132,0
626935802,1311.7931369435582,483.3282444543848,1227.467,524.3671,0
626935819,1286.1259045450406,480.81782291131844,1199.1854,463.6445,0
626935836,1273.1852530098336,478.4219872176394,1212.9424,458.8221,0
626935852,1219.296411723459,475.5915132219337,1208.8784,466.267,0
626935869,1380.913265196282,585.6533886235102,1378.6216,581.9189,0
626935885,1287.7451638897803,535.0333748093507,1183.2417,476.3177,0
626935902,1245.991575022928,501.776267056194,1150.2572,424.561,0
626935919,1235.9112046228681,490.79424294928316,1196.0656,448.6135,0
626935935,1226.8494356816886,479.52687019414105,1180.8333,424.5235,0
626935952,1244.0758795338272,475.9215649021827,1324.4746,447.573,1
626935968,1228.4554489168893,488.5826856390488,1124.6492,562.2297,1
626935985,1128.547125111074,457.8726638556865,1113.6975,448.7585,0
626936002,888.8849025867866,402.95634046270277,862.3075,393.7806,0
626936019,845.7745307803003,411.0798919130712,772.09,412.7167,0
626936035,847.1999069383902,403.0108037929902,821.7615,377.2034,0
626936052,833.1158491269265,398.52745816477017,760.2288,376.4711,0
626936068,826.3876026003304,394.16462628596406,769.6759,367.6423,0
626936085,797.7834424649814,371.27051606700655,766.7158,361.25,0
626936102,779.6632399056667,362.86047815511927,747.6962,352.5118,0
626936118,781.8419449761896,357.81796227941845,752.2279,341.5997,0
626936135,789.4668443775071,371.0313382101112,773.9482,389.1569,0
626936152,792.7543923039619,375.5343066450905,771.5808,379.9353,0
626936168,794.0676111324902,365.40846057347477,767.8541,311.8339,0
626936185,791.862883196255,372.12113671730975,749.0787,397.7949,1
626936202,785.2015863003211,377.9634028394679,713.2061,405.321,1
626936218,769.36354718349,376.3026227754378,626.9667,356.1229,1
626936235,772.7772503883532,377.30241507439354,770.1597,375.0995,1
626936251,775.2605149266852,379.72253611006437,766.911,391.205,1
626936268,777.1464595386127,380.78115424870117,764.5546,380.5966,1
626936286,771.2888261632917,375.236915007142,679.3002,306.8267,1
626936302,773.4864221336192,376.4334037586771,768.0482,380.6141,1
626936319,777.767060717103,374.4923054590569,797.4088,340.7712,1
626936336,779.1986133085427,375.42248780899496,764.7861,378.2228,1
626936352,780.8531966706422,374.87914904670174,769.5355,358.1436,1
626936369,781.6514234487877,375.53584679912194,758.9868,375.5963,1
626936386,782.0457146713748,375.69808362029863,753.7737,368.7373,1
626936402,781.4112799277034,375.94875623206053,738.3058,370.5569,1
626936419,777.1298725952238,386.94961039071205,680.3435,547.2851,1
626936435,702.2194538868922,626.6337864547949,667.3019,637.6541,0
626936452,701.3782681777545,598.5459788774043,666.3364,607.4467,0
626936469,712.6214963180394,600.6824084811309,689.8906,611.6532,0
626936485,711.6995350608446,616.6668485412893,675.3241,660.9673,0
626936502,708.1167791332663,617.7167290649861,662.2875,631.2194,0
626936519,707.7673908643058,618.5040203622148,671.7338,631.8593,0
626936536,714.8212265765262,630.3145824277658,716.7363,702.274,1
626936552,711.5945599401733,632.2799174717001,657.1895,654.8641,1
626936569,710.6287215561523,638.3659536526052,669.427,692.4304,1
626936585,712.0902908041676,636.7918206440895,689.1777,633.3036,1
626936602,715.7468514975228,635.0488637523816,713.1368,628.5311,1
626936619,714.9880603731362,638.2036576091713,672.5942,679.5569,1
626936635,715.4121057898659,640.5163222357495,684.8676,674.7219,1
626936652,713.8281715130466,640.5705350119276,661.219,650.7733,1
626936669,715.6235981340102,642.1946369193616,702.2444,670.9316,1
626936685,714.5763693269694,645.3008726594018,666.6043,694.2721,1
626936702,714.895509523537,644.1471061370037,684.3495,636.9496,1
626936718,717.1054011840263,645.951146019075,712.3494,679.604,1
626936735,718.2666053619562,653.6556037033868,699.1949,773.0989,1
626936752,719.7299540707137,657.2929498799925,704.956,716.2605,1
626936768,721.0554606263366,663.8466561219454,704.3521,767.8091,1
626936785,722.2823295276414,667.1788319527095,703.9039,720.1344,1
626936802,725.4413056389822,673.4516291991196,737.3593,773.3682,1
626936818,726.327609164802,676.6825560762501,701.171,726.5971,1
626936835,918.5253849018494,649.2672408313441,894.1124,658.297,0
626936852,683.5504689383354,708.5876765409976,647.9764,726.1548,0
626936868,687.644973774087,720.8757027283688,656.6227,752.4239,0
626936885,702.2427983053018,715.5441638864233,697.9481,721.3546,0
626936901,713.6564588078708,721.7881388070463,714.8467,759.2038,0
626936918,713.1104956634318,711.0887771198256,675.9944,683.0243,0
626936935,716.6401326519327,712.8508428906517,700.1342,739.4999,1
626936951,727.6547693648745,717.8124070118387,694.2363,735.3239,0
626936968,619.1153457462167,737.0759138326507,580.5171,757.9127,0
626936985,654.973445212523,768.171244485495,655.7831,823.5147,0
626937001,665.3640520672092,774.4211230187249,650.6005,810.1454,0
626937018,674.5278577304716,786.8760215801475,666.9875,849.5471,0
626937035,671.2969008328181,779.8832881147414,621.3389,773.1145,0
626937051,676.39829798783,781.7795198837425,666.2839,814.2617,1
626937068,679.559660605371,782.3822513296408,662.3475,808.6642,1
626937084,681.3012940412353,782.0232967715085,656.8729,802.0065,1
626937101,680.702387185906,779.341201029002,639.1327,780.3954,1
626937118,683.2315673727808,782.3547248077235,668.8742,832.2983,1
626937134,682.0081898381852,784.7055340339108,633.4039,830.7925,1
626937151,681.0841955420989,785.4028086232886,634.9465,815.3155,1
626937168,682.4851847415474,787.9896027322419,661.8289,839.4282,1
626937184,681.0495950384471,787.8417149261912,627.5867,807.9545,1
626937201,678.2550725428264,787.2588651338726,607.6095,802.2357,1
626937218,678.1096124594546,788.3923515110768,641.4131,825.7361,1
626937234,677.4031322925765,787.5767968682974,633.0339,798.2487,1
626937251,676.0961830756085,785.7691208962696,623.2214,782.3997,1
626937267,676.3078979394418,785.5911722798625,645.5299,806.3212,1
626937284,676.1429854807942,785.6481171447405,639.633,810.171,1
626937301,676.8911996004041,784.4348322906103,654.2095,788.8024,1
626937317,678.5770371171548,784.809948382847,670.2867,814.8,1
626937334,679.2301849855733,784.3861502628434,653.77,801.415,1
626937351,678.934543517152,784.0864495835289,637.8222,803.6017,1
626937367,678.1984418438116,783.6569552464267,630.0015,801.1971,1
626937384,676.6008658008316,781.3628515271864,614.3619,767.3688,1
626937401,676.1131882376062,780.7619418490954,633.5532,796.9722,1
626937417,674.3877950737555,780.2071021036523,610.9493,797.6813,1
626937434,674.8961497859823,779.2397201704587,650.7375,788.8297,1
626937450,677.8933167329607,774.9506951046434,695.8954,725.1282,1
626937467,682.762301894493,768.5024284523347,723.981,678.951,1
626937484,688.5290922727338,763.9241831597054,749.1512,719.832,1
626937500,691.4557157428031,755.9943638743932,696.9519,654.41,1
626937517,699.0405768481039,749.1028570341862,784.6785,674.0718,1
626937534,700.7842157473509,738.6453892551605,674.3466,597.6707,1
626937550,706.1948861845021,732.2566882157425,748.3774,673.9172,1
626937567,712.5819034253851,727.1907357325845,767.7812,693.4227,1
626937584,718.3159724725227,723.7531644657472,757.8538,718.7633,1
626937600,723.9468498269433,716.3136759439022,757.0302,636.7452,1
626937617,728.1077386909197,709.9536588105373,736.9506,657.8634,1
626937633,731.1504030836637,704.157426842981,716.5604,662.67,1
626937650,736.1044609384694,697.1128268709462,755.8464,631.0059,1
626937667,738.9169310326955,694.0009015722854,723.9846,701.7545,1
626937683,744.8961570894998,686.7435499057806,782.2369,613.3954,1
626937701,743.6299952494451,676.8659037742611,652.387,559.8082,1
626937718,749.9088125477772,667.8147761228545,798.5354,569.1057,1
626937734,754.2826295155014,659.2063389099019,767.0669,568.1387,1
626937751,758.4008097246245,652.7689664287697,765.9474,600.3683,1
626937768,762.5506988742226,645.4127487219528,773.2869,578.5928,1
626937784,767.3616439719214,636.7304231171428,788.9218,546.4796,1
626937801,769.7873908011047,630.0233149464855,751.2429,574.4401,1
626937817,773.0711385804858,623.1146381075946,772.5973,565.5599,1
626937834,777.9831801729285,619.305218882736,804.5795,613.9785,1
626937851,781.0851743627693,615.0211177534658,773.8816,598.3181,1
626937867,785.298166062064,609.661859859049,797.5752,570.2926,1
626937884,815.5067482682379,594.2321125768267,785.9589,600.8475,0
626937901,788.9733402928861,555.3462243592594,758.0293,559.4623,0
626937917,804.5997051324539,580.5867601057248,790.8985,613.1743,0
626937934,806.5997900775957,591.3245442896372,780.7605,620.6277,0
626937950,809.5700071092489,582.7583243996905,788.7422,560.8203,0
626937967,850.9702047583061,604.9256373840307,993.5408,702.5433,0
626937984,1127.5870821288934,708.6617527541221,1113.4387,718.6182,0
626938000,1098.917359841676,707.7162349085212,1083.3828,718.0926,0
626938017,1118.02427946025,707.8978652129355,1123.3904,717.8282,0
626938034,1126.4506303912826,709.6974694467332,1129.7135,723.3135,0
626938050,1121.37268383581,702.0370818346705,1090.8234,687.3931,0
626938067,1116.3334699007457,705.7487467982595,1080.8779,731.9078,0
626938084,1120.0220873857083,710.7140665875157,1124.5854,746.6406,1
626938100,1119.6409214394046,713.4172495657428,1102.7729,740.3315,1
626938117,1125.8586500549382,706.6259775699692,1154.8325,666.4438,1
626938133,1128.1974973736267,707.9006490533695,1131.6143,728.1237,1
626938150,1131.9138501288037,711.7677813076153,1149.229,756.0879,1
626938167,1134.5464463563378,718.7714226888942,1144.0594,796.7905,1
626938183,1120.48614396068,714.2539754534849,958.4478,676.873,1
626938200,1134.0641001748725,717.4027375535323,1271.8322,760.0493,1
626938233,1143.6738598701845,716.1461404142506,1239.9296,707.4493,1
626938250,1148.6216966104294,715.2478565142446,1190.2056,711.6443,1
626938267,1158.7935323116253,719.4940184963315,1269.8762,783.1938,1
626938283,1523.629993400046,618.2496666612024,1528.3218,614.5438,0
626938316,1192.22018436713,736.9585667064064,1181.2748,747.9563,0
626938333,1219.9733962086468,744.2893336004687,1239.429,762.7609,0
626938350,1238.6497136922724,744.7995157292384,1268.7299,756.0132,0
626938366,1238.827958505608,739.0476790146272,1230.2007,731.0079,0
626938399,1254.0355547148206,756.4296966585416,1308.4626,840.3694,0
626938416,1234.7276654571242,805.3502909843974,1226.0372,820.8151,0
626938433,1316.804302034445,756.0478447063995,1311.9272,766.359,0
626938449,1290.603325771729,748.90716054391,1257.024,751.9098,0
626938466,1296.034462414638,755.3826322975688,1301.6449,779.6971,0
626938483,1291.7882002512313,765.5310543185109,1272.676,809.5119,0
626938500,1298.8380400166423,769.454207654858,1322.364,796.789,0
626938516,1295.195746845076,777.0156402959989,1270.6926,828.5708,1
626938533,1289.9306166585407,773.9564573765672,1251.9736,766.4366,1
626938549,1278.9852556572348,769.6932245482172,1196.4944,751.5996,1
626938566,1278.0282206637942,771.1738183487739,1265.9486,795.1989,1
626938583,1274.0033948466112,779.7384684119811,1234.4459,869.4086,1
626938599,1272.078622474365,779.7537898283729,1249.702,790.8287,1
626938616,1269.4286946624568,783.3403424703675,1238.4099,832.7671,1
626938633,1266.3510504472836,788.4547753400091,1229.1829,857.4462,1
626938649,1265.1995136258506,789.830314662294,1249.093,815.6622,1
626938666,1268.9486440656488,788.7796476217862,1312.8154,783.4045,1
626938683,1266.7666269282183,790.3238009609329,1234.1418,820.9904,1
626938699,1268.902367805101,792.3387451500396,1294.1445,829.1704,1
626938732,1265.634124214307,796.2106147199949,1214.8516,861.6777,1
626938749,1608.69447951826,761.7715966431936,1617.9186,767.511,0
626938766,1261.491002947032,779.5487637100437,1254.015,792.5942,0
626938782,1403.1141913245435,764.3416332892235,1550.4597,755.0587,0
626938799,1376.290244523232,771.0324880680009,1317.7369,796.7781,0
626938816,1336.5086606943719,787.0372475958405,1208.8743,852.4184,0
626938849,1332.8885962882546,804.6624489118999,1315.1886,892.505,0
626938865,1274.055866391037,739.6817484813675,1267.0673,749.4827,0
626938882,1328.74936337344,780.0914742381071,1324.5203,792.0245,0
626938899,1244.278529504848,744.9957540145926,1147.4436,719.4905,0
626938916,1258.4965024131482,765.5225659207774,1281.0232,821.1451,0
626938932,1265.663737340564,777.8460991662207,1280.9812,829.4866,0
626938949,1271.4934946171911,780.0091518839807,1288.4921,801.1205,0
626938965,1279.8480593178804,785.280920953119,1315.6149,824.6974,1
626938982,1278.2857802033259,764.1331623925087,1260.7966,643.447,1
626938999,1248.356371978805,426.15972910090284,1239.1932,412.5811,0
626939015,1236.4118164107545,351.5836038687221,1226.45,332.5438,0
626939032,1235.3368695887623,352.86333601462087,1224.2069,335.3312,0
626939049,1233.8091966703632,352.7242964940907,1220.5476,333.5634,0
626939065,1231.1605515339418,363.30730318200466,1212.8723,379.1356,0
626939082,1233.7383257957613,363.2549926447289,1234.3981,344.4069,0
626939098,1241.3807967040311,368.5782366778569,1270.7184,377.6265,1
626939116,1249.8768436811454,370.4586934531306,1291.4773,362.7363,1
626939166,1248.8566450316544,363.95883295625185,1230.7983,298.3111,1
626939199,1249.35856478471,361.3964255274803,1242.6556,322.1827,1
626939216,1248.4552526562911,357.8733996491798,1229.814,308.2275,1
626939232,1253.0713271731934,351.29563388967125,1286.6987,268.1425,1
626939249,1251.7305518605692,348.70236456108813,1226.4821,304.9367,1
