timstamp,smoothx,smoothy,rawx,rawy,fixation
626902639,946.864313833536,521.8795703818528,922.3873,495.3912,1
626902672,927.3451554620782,517.7821344929016,924.3385,511.5655,1
626902689,928.5493931490813,517.2641452370855,919.4291,511.6492,1
626902705,928.7300634869362,515.8927391698243,902.2476,495.8315,1
626902722,929.5738324730559,514.6910149720004,914.6198,497.7237,1
626902739,930.5486635232118,513.4939823551259,917.7625,496.7768,1
626902755,930.9612883041996,513.8514041203603,908.4982,524.8729,1
626902772,932.2879879840888,514.0140991905114,925.8976,520.3506,1
626902788,930.6166007985877,511.6437242704658,873.583,474.5912,1
626902805,932.2182947582818,510.67815782108795,929.54,498.4987,1
626902822,932.5852012244312,508.86314961125885,908.9055,482.4334,1
626902838,931.8493794164137,508.3352375360302,888.567,502.6963,1
626902855,932.8290834785495,506.93418897487584,918.9585,484.4881,1
626902872,932.3638157378343,505.598211735962,899.9689,487.5945,1
626902888,930.1711078672428,504.9975386774278,865.1268,503.5239,1
626902905,928.6502293870734,503.4420341304894,881.114,486.3367,1
626902921,930.2507220066263,501.85896307821633,935.7793,480.2727,1
626902938,929.393209374938,500.31208170291535,890.6105,480.9692,1
626902955,929.2176394882538,501.7349642395837,901.4865,532.4772,1
626902971,929.4370419120488,502.0070549505896,904.3265,506.8961,1
626902988,929.6583390930325,503.6592242524819,912.4072,539.4385,1
626903005,930.6934363386243,505.15466028516704,928.1136,531.8934,1
626903021,932.2188724428004,506.9860798737259,932.7548,538.9551,1
626903038,933.2671080374106,507.383746249771,925.2535,509.4733,1
626903055,933.4681759157385,507.226167383969,908.4805,501.9827,1
626903071,934.445839904611,505.26773225937,923.6907,467.6387,1
626903088,937.149941771848,506.0128058770352,953.4911,509.8298,1
626903104,934.596655060994,507.2160892414809,867.6534,524.3893,1
626903121,933.9561180122645,506.8618188009246,897.2322,495.9192,1
626903138,933.462349816193,506.38990403723085,901.2012,492.5395,1
626903154,932.2361437804575,504.36780423570366,889.0474,462.6266,1
626903171,819.9117460926946,301.5157143906192,789.7039,285.8159,0
626903188,816.6873669063332,248.06148776405985,786.1646,228.3557,0
626903204,844.2268903967237,250.5946926343519,843.8428,232.8567,0
626903221,829.243648636987,253.6497781957996,768.0022,241.1852,0
626903238,820.4567386219841,252.97623502155932,762.9113,231.8129,0
626903254,824.8533532903956,259.6997190452977,813.2933,268.7879,0
626903271,826.8605003716455,264.53219089782124,807.3105,270.6237,1
626903288,819.9855987715727,257.9993163537836,747.8916,198.3175,1
626903304,821.5751419286704,255.26818351399578,803.0419,216.2394,1
626903321,818.6798524445458,257.8150217473499,766.0051,260.1176,1
626903338,818.7058622049881,257.55846056669503,789.4536,236.1309,1
626903354,817.3482016078384,257.6154439808632,774.817,239.3515,1
626903371,814.9974740664758,255.48647545009837,761.2924,214.1979,1
626903387,815.066767420218,255.50765485628799,787.0284,237.2062,1
626903404,815.7868266037656,255.54013767705945,795.316,237.2235,1
626903421,815.6984146885159,257.746861460842,785.3836,267.2956,1
626903437,816.3006528292734,257.07689331793983,794.7129,228.5643,1
626903454,817.1890486235291,256.8547120719659,799.4474,234.4085,1
626903471,818.9147043490719,258.6255673898247,812.9377,264.7087,1
626903487,973.183254248823,388.1686801512638,950.6293,376.4235,0
626903504,955.2938436836951,345.26250578462367,931.7488,330.5643,0
626903520,971.5146106256469,344.47598831200037,965.7078,328.3181,0
626903537,985.34675285277,346.4670673350986,991.9958,335.1365,0
626903554,986.6475819941768,347.0051016041464,968.3644,333.5287,0
626903570,990.0017925337959,347.69064878744257,981.6083,335.2113,0
626903587,993.2625327331347,354.0391405128877,987.791,372.2297,1
626903604,991.7289788430982,356.303683678995,959.9984,355.4805,1
626903620,995.9950221235607,356.9120360187283,1003.6924,345.4801,1
626903637,998.2270625546536,357.90507317091004,993.282,350.3289,1
626903654,996.355954976572,358.9086319865232,957.1124,352.8291,1
626903670,996.5323593505238,360.1444632833319,975.786,356.8009,1
626903688,996.0829352361034,359.7115462097377,968.9796,339.5252,1
626903705,995.9562948663107,363.8885209835274,972.4495,396.0576,1
626903722,996.0262883739787,364.2337891806724,974.7328,351.9023,1
626903738,997.3799873615739,365.2009282969761,992.1168,360.8044,1
626903754,995.9698663199678,367.2008906316784,955.2292,377.6344,1
626903771,864.3918349773242,548.5173687307431,837.0665,550.821,0
626903788,848.0231152678057,534.6744460153225,819.8667,536.2071,0
626903804,847.9091527087759,526.9791546370501,819.5823,519.6721,0
626903821,849.5291774133912,543.6208590947301,824.9462,581.3786,0
626903838,844.6499299573259,556.4624087539044,801.3204,600.6905,0
626903854,836.7609434417338,559.7643246211387,775.8464,577.2311,0
626903871,841.3400510127618,567.5618375939011,836.944,611.3204,1
626903887,845.1653226844381,568.4518314224683,840.3083,576.3696,1
626903904,847.4310447079395,570.9857733345318,834.9688,591.7623,1
626903921,848.1216268065915,572.6954247083771,824.9993,589.1332,1
626903937,847.359967118276,574.6784003232391,812.0388,595.212,1
626903954,847.8965499085685,574.4188256621975,824.4877,574.1201,1
626903971,850.2666057143141,574.6822627651579,846.1843,579.5898,1
626903987,850.6066438789376,575.807596059092,825.2413,591.175,1
626904004,849.8263103950884,580.7678475771208,811.6376,643.4005,1
626904021,848.2762005283435,592.5782437254325,800.6734,744.6029,1
626904037,847.5063175600138,603.2902730184144,809.7777,743.7239,1
626904054,845.527316102033,611.6071397080717,791.3201,721.3007,1
626904070,842.6793798418743,620.682940686327,776.2753,743.0968,1
626904087,840.3375959611085,629.1632657400758,781.3452,743.7427,1
626904104,838.1685117583097,639.6790085522598,782.0013,786.2538,1
626904121,836.5283367097667,647.0983760246014,788.496,745.0621,1
626904137,834.8323855309375,657.1235091524535,786.1399,797.6782,1
626904154,833.1702876111851,664.5699440955107,785.0281,762.5941,1
626904170,1002.3050951229994,535.9061733011221,981.5967,534.8861,0
626904187,1071.9384228059403,440.3815087920253,1054.3052,430.9094,0
626904204,1067.9595573576532,429.8315159471107,1045.9115,408.3716,0
626904220,1072.7533434905258,427.0826880545058,1065.1106,410.6021,0
626904237,1078.8998237567646,428.60653790616715,1080.627,422.7704,0
626904254,1079.077310759646,428.01911289164383,1062.229,415.0464,0
626904270,1080.0362287005355,430.30461555658604,1067.4358,431.8888,1
626904287,1076.4396178867257,430.35592652155384,1036.907,420.621,1
626904304,1078.1332647224856,426.94483999469224,1072.5879,391.6079,1
626904320,1075.2232857073266,429.0214524974933,1034.7109,436.1565,1
626904337,1074.1319086625613,429.3024810917469,1047.422,421.6094,1
626904354,1074.3889764830922,429.2113167963923,1059.8701,417.8357,1
626904370,1074.8907967660828,430.5753866165286,1063.0768,434.5965,1
626904387,1074.1749046507616,430.82197253095853,1049.0552,423.0438,1
626904403,1075.2289092435492,430.365065577577,1070.594,413.8505,1
626904420,1075.5313943717392,432.55218376316475,1061.9663,449.7651,1
626904437,1074.4388484382423,431.4998006202865,1042.6844,406.324,1
626904453,1078.8355475597675,427.0558515488015,1121.0653,353.3162,1
626904470,953.1702570685754,282.0099089072466,929.3342,262.5424,0
626904503,835.4070176804219,207.13252536943878,805.6655,183.996,0
626904520,863.8663766775879,180.03700257091614,865.0933,124.7868,0
626904536,854.3019677906952,191.24407281525453,805.4161,191.0163,0
626904570,865.3215767713325,181.2729588206668,871.106,123.2549,0
626904586,862.155600051173,179.2735623259561,820.2327,145.621,0
626904620,865.2236434276343,180.3868989874427,852.3293,160.6609,1
626904636,866.9931390774094,181.2334331953728,849.0304,160.9602,1
626904653,865.0675266090082,183.22155333427222,822.7235,172.4068,1
626904670,867.6894621621523,186.52661777553828,859.8762,187.5169,1
626904686,868.3685685220113,185.86428778668034,845.351,153.825,1
626904703,872.3209272202552,187.62008084029833,881.2209,178.4058,1
626904719,873.7637806432934,189.07155124602085,858.9715,178.0692,1
626904736,875.0403873422977,190.88143874560117,859.2231,184.7641,1
626904753,877.3984002289367,189.14008668163737,874.8094,140.6609,1
626904769,876.0520855999087,188.99799015670163,828.4867,161.197,1
626904786,876.4960304396128,189.91521696020982,852.1582,175.9309,1
626904802,879.0895369203035,189.53034333656836,884.0508,157.1404,1
626904819,881.1805669359912,189.7566179561749,879.4441,166.3571,1
626904836,881.707370348054,190.99032113350918,857.5665,183.067,1
626904852,883.6640454714197,191.43053669969518,881.1313,170.9499,1
626904869,883.2490970703773,192.3263577425967,844.5015,179.6904,1
626904886,882.9272088801351,190.28661001647885,846.118,130.4134,1
626904902,881.3192419532647,192.28397607158843,824.796,199.7874,1
626904919,881.9155776678881,192.41486049906408,862.1426,167.5349,1
626904936,882.714169975889,192.80882606330917,866.3386,172.4675,1
626904952,884.9618336969264,191.89733136444244,892.5861,148.7849,1
626904969,883.3264566675742,192.73150301915416,824.6962,181.7125,1
626904986,881.4715567917035,192.16177321795752,820.5596,156.3113,1
626905002,887.2458862517783,195.03009142308014,958.9332,218.109,1
626905019,1126.9943360191328,270.4144023161601,1111.511,247.0844,0
626905035,1104.262097926737,238.4787564373301,1087.5867,213.1123,0
626905052,1111.8066194649475,254.12640549218324,1103.4768,246.4839,0
626905069,1115.9472928711318,258.9010648958819,1108.5103,244.8695,0
626905085,1114.965958300049,264.2302391978328,1095.7762,257.5264,0
626905103,1115.8391771467482,260.48868798078684,1103.2639,220.4098,0
626905119,1111.3649379785738,259.9949560861159,1072.1687,233.8122,1
626905136,1108.3842760111495,262.7067938440867,1074.2139,256.1779,1
626905153,1108.0584494199013,264.5009880537777,1089.9448,253.5671,1
626905169,1107.4623165995965,267.1838293260661,1086.9618,265.0839,1
626905186,1108.2147761590543,269.2748656528582,1099.0767,263.7386,1
626905203,1109.8627253092122,273.3792910087904,1109.8379,289.0249,1
626905219,1108.1816450560812,269.28483958687525,1074.3469,200.747,1
626905236,1104.9214137703007,270.10426167661075,1052.9227,255.9345,1
626905253,1104.5875003481224,270.54885545437526,1085.6716,251.7543,1
626905269,1103.563868526316,269.68456377441333,1075.8523,234.6234,1
626905286,1102.0674232710494,269.8023472994495,1067.9202,247.8965,1
626905303,1100.9823688284562,267.4238467651432,1071.9651,210.838,1
626905319,1099.1237998792878,266.9366810761731,1059.0903,237.7969,1
626905336,1099.143442492907,266.30250094995296,1086.1669,234.5621,1
626905353,1100.0058706603772,266.82527500156687,1099.3318,252.6638,1
626905369,1098.7303281137104,265.7817778911651,1064.8083,227.4247,1
626905386,1099.525037344616,263.48203603110545,1097.9669,204.6311,1
626905403,1099.2556305189532,262.0080070096994,1080.1699,217.6381,1
626905419,1097.3900012827162,262.9972476414652,1052.3782,260.4732,1
626905436,1097.2619045824547,262.98972222904456,1081.3677,242.3538,1
626905452,1097.2574149783502,260.57640152497066,1082.9839,198.4388,1
626905469,1097.0617469185381,259.9756857830651,1079.2881,230.3784,1
626905486,1090.8561920730908,257.0847866436421,970.5068,189.1503,1
626905502,1090.50804663264,255.82474871299905,1074.5139,216.3683,1
626905519,1092.4194737741404,257.7179918316065,1115.0862,273.7794,1
626905536,1090.3094692516759,258.69608758653936,1042.3168,255.2414,1
626905552,1089.1162378717015,259.3692742314174,1059.7786,252.3605,1
626905569,1087.4124539151271,260.5750400207243,1049.7957,261.6815,1
626905585,1085.918032698316,260.0816901985235,1050.9688,230.5518,1
626905602,901.5433041350531,357.03352942328087,875.4398,344.1516,0
626905619,1121.9313679481104,479.90587541449565,1106.8282,472.5792,0
626905635,1108.7064402720484,474.1193754066338,1079.1028,460.5958,0
626905652,1094.564190310484,472.3198255197227,1048.7168,461.5505,0
626905669,1094.8439422832905,472.2358073714214,1079.572,464.5642,0
626905685,1089.5938986237343,477.29023716432914,1051.6606,492.0737,0
626905702,1100.8371996900219,472.3560691619451,1084.6937,464.8176,0
626905719,1086.08100935783,494.6650039961622,1069.292,489.0746,0
626905735,1102.5143344545481,509.3725440230333,1103.7882,520.1211,0
626905752,1093.723327354477,502.35679115832704,1058.8838,482.4389,0
626905769,1097.0376683104375,502.9059191692195,1091.1599,499.3712,0
626905785,1091.5481130894866,499.89836428523756,1052.3679,482.2992,0
626905802,1086.5117349450768,497.71487281324465,1044.2823,481.517,1
626905818,1090.1880316272225,498.55899642998924,1096.4929,498.4077,1
626905835,1087.871414225191,497.28347111491576,1055.1914,483.2255,1
626905852,1085.240291986936,497.2761009517192,1048.2266,492.578,1
626905868,1081.5638491800642,498.1942807161623,1033.4685,502.069,1
626905885,1078.5835394846442,499.9100059268238,1034.751,512.2424,1
626905902,1076.9608354408579,497.9649515603045,1045.2955,472.154,1
626905918,1074.100451220805,504.87647391723374,1028.1058,579.2846,1
626905935,1072.0142863856354,507.66948702847327,1033.7067,535.1151,1
626905951,1070.207841723757,507.1355675956592,1034.3752,493.196,1
626905968,1068.9456747534118,505.21280375205635,1039.4408,472.6874,1
626905985,1066.476703648949,505.01247522631445,1020.1902,496.652,1
626906001,1067.6987133705145,508.24187621085605,1072.8365,548.6388,1
626906018,1068.8605324946113,507.8128967011673,1072.4275,493.7821,1
626906035,1069.9188036765825,507.96908215174074,1071.3558,503.2274,1
626906051,839.7511512916251,746.6601718011848,811.8275,764.4407,0
626906068,987.6295002443611,675.0323911155915,966.6277,684.8344,0
626906085,979.4257054633999,662.1303328187074,949.3737,657.3862,0
626906101,975.7534267710344,659.9403334108864,946.514,664.3113,0
626906118,979.4394996643074,660.1645251340477,969.5564,669.6079,0
626906134,982.6087731926821,661.004562532321,974.3541,673.2561,0
626906151,980.2458886436942,653.9923022001439,946.4979,625.879,1
626906168,978.0202312774907,651.3919900873151,942.9714,644.2184,1
626906184,978.881592475652,650.8474378388535,963.6265,655.8119,1
626906201,982.2133920039684,654.4825985228956,987.3022,692.6429,1
626906218,985.3850137398093,654.0271992853577,991.3942,657.9547,1
626906234,981.1340726734326,655.8909812170167,918.1608,683.5497,1
626906251,982.5796605513164,656.3137555281986,976.1832,668.7749,1
626906268,980.7159501928065,656.6617489619719,938.3607,669.1035,1
626906284,979.5963000276627,657.5256108171285,945.3054,676.2455,1
626906301,979.2995055994526,658.3023090527815,954.8701,676.0583,1
626906317,973.6785922151331,659.3192340870207,880.0316,681.7388,1
626906334,968.874232449615,657.1311697259744,885.3938,635.0853,1
626906351,955.5265892835155,655.3826706000306,751.7814,641.8185,1
626906367,957.1881006985693,656.3951450161335,971.2763,680.4501,1
626906384,952.3955449133432,657.302317067897,869.1685,681.285,1
626906401,948.6606181320308,657.6857240009299,881.6838,673.0747,1
626906417,948.0292247811357,659.9532172680335,929.5663,704.7756,1
626906434,945.9479652567743,659.6793278541427,903.1677,662.6285,1
626906451,941.7129559404927,655.8063439705031,863.3504,599.7424,1
626906467,936.9673961526655,656.9270021331539,850.9821,687.4502,1
626906484,739.1435129057705,880.7207199656689,706.765,910.4124,0
626906500,463.3393903423414,843.8541160553974,417.543,875.4755,0
626906518,606.5118816781421,836.0075296056186,717.2755,853.7062,0
626906535,662.4295766797266,835.0642230074307,741.9352,858.7349,0
626906551,740.6176295136237,866.9847213943385,949.9018,993.5373,0
626906568,744.8639806412388,858.0127202454937,726.0146,846.8036,0
626906585,739.0218682476609,817.9247669236348,706.4503,842.8475,0
626906601,761.7920213475617,771.8478085506982,730.1818,792.8792,0
626906618,777.5262770441547,791.0509003552663,763.241,833.6118,0
626906635,766.0348206443829,789.8221504655239,710.6528,809.8075,0
626906668,763.2939726744142,797.4703526106805,723.4822,844.8743,0
626906684,758.5365835111062,800.9058350104167,707.5074,838.6986,0
626906701,752.2717663975027,802.2156618061168,688.8005,832.5875,1
626906718,749.5336965799218,800.5335952494607,701.7015,813.1749,1
626906734,748.714042488761,809.32425062448,712.1836,896.0945,1
626906751,734.9171137473273,796.2583079288156,594.4267,714.23,1
626906768,595.6357019217045,512.064705082604,555.2338,516.2086,0
626906784,568.83686161376,563.0656529075413,527.2939,571.5441,0
626906801,579.0940798647268,557.313889453263,548.7365,558.8311,0
626906818,570.7039606616072,552.0656247523282,511.6546,548.7722,0
626906834,560.5645506398257,546.5479261872522,487.0943,536.9431,0
626906851,559.8840247094033,552.6744779271828,515.5464,586.7175,0
626906867,555.1679516745397,552.4835889684624,489.3123,559.7385,1
626906884,560.9687006977161,549.919125516321,554.845,540.9831,1
626906901,560.4545884911118,551.2673718489982,515.0397,568.9544,1
626906917,563.0478031399837,550.3477236618522,541.7568,550.2394,1
626906934,556.9180354887039,550.9980719293211,461.0354,565.6693,1
626906951,550.4795232700095,550.3206074016786,447.6218,552.5553,1
626906967,547.7614640285567,548.445268298072,479.6742,536.9732,1
626906984,544.3484018446205,548.4613074084336,467.1764,557.7632,1
626907001,542.1747941173155,549.7990847688845,478.0941,574.8736,1
626907017,539.6384787923811,550.2675856322219,470.101,564.7947,1
626907034,534.2761583909171,548.744804802273,427.0804,537.4724,1
626907051,529.055932843685,546.2990832920394,422.6367,522.0065,1
626907067,526.2881733413315,545.8992848966931,453.5598,550.4076,1
626907084,523.3164103196946,546.1191103314449,446.9951,559.8419,1
626907100,519.38918839164,545.6214589020175,428.2502,548.4738,1
626907117,528.433863353177,542.5033043059008,635.213,500.7174,1
626907134,540.4546802958407,540.443395654118,690.0357,515.3951,1
626907150,548.8565597656888,536.7587553123476,635.7138,486.3302,1
626907167,560.7395311755121,536.5428786850669,700.5543,543.8606,1
626907184,570.1790877084829,536.163791760335,664.5769,540.7478,1
626907200,578.3473292915805,534.965443527548,647.7315,525.3068,1
626907217,586.2869252471451,535.8061524952833,649.0699,561.424,1
626907233,594.653639895842,534.1885612826492,662.1205,515.3198,1
626907250,601.0913216071979,531.2665854079057,632.9475,490.2572,1
626907267,610.3844293465436,531.6977279187595,690.9564,550.5547,1
626907283,617.4209201079602,530.6871046780743,650.9385,526.6701,1
626907300,617.7998664119716,530.5760426588693,537.3564,542.7424,1
626907317,617.0815269625491,531.347786773646,519.2905,557.3615,1
626907333,616.2429395627768,529.0164317807815,520.4158,497.0298,1
626907350,615.1886524577585,528.7004550886288,525.3011,539.1089,1
626907367,612.0583196911176,529.7660052386905,489.7024,561.3585,1
626907383,610.2039507442889,529.8818005619338,524.217,540.3091,1
626907400,608.816621507489,527.99310173244,531.6321,504.8693,1
626907417,605.8754436566354,527.9576471288643,509.0861,537.2673,1
626907433,597.2730362544531,530.6035665846716,399.6812,590.1617,1
626907450,591.381644109039,534.2136337020617,450.2018,605.481,1
626907466,585.5744263822756,537.5768031047811,456.2411,599.2156,1
626907483,579.3259213788062,537.2095302975673,446.5198,532.0702,1
626907500,570.6401544381324,538.5074375440322,402.2344,566.2157,1
626907516,564.9570073527285,539.2682534619577,454.1742,554.5629,1
626907533,562.5207801693372,541.0392143764175,506.3695,570.4397,1
626907550,555.3767401327052,541.2912294796216,417.0629,543.0023,1
626907566,548.9329901416846,544.7033608398133,429.835,606.3989,1
626907583,545.109211201804,546.4418862247987,472.5164,576.3314,1
626907600,539.4245824649445,549.0656369649008,431.9265,593.5865,1
626907616,534.3240276712021,549.1208548126527,458.5182,542.0059,1
626907633,529.3283889202944,550.022001302018,457.9455,561.6317,1
626907649,523.7949885922089,550.2553602173293,434.0111,548.292,1
626907666,518.5219907189984,554.424739561107,438.0143,630.0925,1
626907683,512.5693272329378,555.1925975831402,413.5963,567.6113,1
626907699,480.3751423546796,531.4091766870572,434.4694,538.9998,0
626907716,481.57985411565284,570.7129656213057,435.8494,581.2691,0
626907733,483.68072678012845,575.2609588599836,440.2755,590.9719,0
626907749,491.1091090676768,587.0986817180336,461.4208,623.7706,0
626907766,493.5427232835183,584.8040618954149,455.8451,588.5682,0
626907783,482.1426870000867,586.5840833634985,389.4054,606.4855,0
626907799,486.58511506992477,586.7577845212771,464.1834,598.7522,1
626907816,484.9346415062722,584.6817084459484,429.4243,583.272,1
626907833,481.4735272424996,581.4673579066385,411.7682,570.2108,1
626907849,470.39754802113606,582.8135023149124,337.7208,607.2316,1
626907866,468.64877743131757,577.4632049533041,409.5016,541.2734,1
626907882,470.0208535598599,576.0270535264485,439.6254,574.2331,1
626907899,470.64071640155896,572.5139034589693,433.0164,547.7705,1
626907916,470.7603381561163,573.623083359749,427.8842,599.735,1
626907933,796.9270025133249,567.8798821552176,766.4041,572.8118,0
626907950,1064.681610186083,461.0350477581577,1046.7598,453.2566,0
626907966,1183.0148889531354,470.2787441714935,1294.5851,469.0692,0
626907983,1245.6252757596765,478.88814931236607,1366.3396,485.5976,0
626908000,1275.4036853991736,474.7400782485723,1358.5868,449.4792,0
626908016,1297.9627019879588,473.42345299659127,1381.6235,455.4961,0
626908033,1355.8739695941672,464.6415892285516,1352.0134,452.1425,0
626908050,1344.3664451209938,467.2853433960402,1339.9585,455.1845,0
626908066,1356.845249335375,486.8682399774721,1366.2036,496.8448,0
626908083,1366.2830944968475,495.746202978295,1382.6641,503.988,0
626908100,1366.2274790446688,498.29546439888503,1362.6016,496.0648,0
626908116,1362.979476381154,496.89449444674415,1345.9709,480.7048,0
626908133,1383.2390354189852,495.145107739757,1484.0031,473.4118,1
626908150,1385.0840238642302,497.8584061261132,1392.373,503.9932,1
626908166,1390.0664307550721,496.17571213062115,1420.9688,472.5148,1
626908183,1400.7168426253793,498.3190487273087,1480.6486,503.4683,1
626908199,1398.5690014304348,496.2652490990422,1374.019,466.9363,1
626908216,1400.0091741794392,494.734363305175,1408.6536,468.6017,1
626908233,1402.435224623568,493.3551631214238,1422.3094,467.6935,1
626908249,1402.3396297059248,494.73312997131904,1395.7881,500.2083,1
626908266,1405.9054965265836,494.0871710976289,1442.606,474.8739,1
626908283,1396.9010134236128,495.92006503077414,1279.2852,510.7486,1
626908299,1385.175535339848,494.8971615568129,1230.5885,472.8066,1
626908316,1374.6060344067598,495.33193622161616,1234.425,493.3122,1
626908333,1368.755403827867,492.35719494797075,1294.0715,440.1739,1
626908349,1357.8004894219284,489.44067905731436,1208.8606,439.5731,1
626908366,1348.9644942940124,490.29473213103097,1232.3285,498.0328,1
626908382,1341.0132931866888,491.2874279402516,1238.3708,500.7108,1
626908399,1332.5112561247665,489.970270740229,1221.5571,462.0848,1
626908416,1326.3431642353023,489.4710985048923,1253.2883,474.7304,1
626908432,1319.4674938378662,490.3877220012766,1234.792,499.4916,1
626908449,1312.0940976247382,490.8822757853677,1219.3179,492.4156,1
626908466,1306.2039386514211,490.26782896359873,1238.4233,472.0317,1
626908482,1303.4291138249764,492.28553519628446,1287.6875,519.0054,1
626908499,1297.9565509042402,491.9576770762324,1233.657,477.1067,1
626908516,1292.3595851923935,492.4367752192161,1225.2622,492.1257,1
626908532,1289.7698322223769,493.1455074917336,1274.0024,495.7305,1
626908549,1285.9988746633483,499.2216785956794,1253.2654,594.0629,1
626908565,1282.3184117683425,500.5471450780194,1251.6022,509.9846,1
626908582,1276.3443641924569,503.1654456682311,1205.4161,536.204,1
626908599,1273.8494740416359,504.73295775468847,1260.7438,515.3503,1
626908615,1272.2098306557107,506.83260917075825,1269.022,524.5696,1
626908632,1269.7947249629622,508.32155868432585,1263.6151,514.0399,1
626908649,1278.7316984739502,524.7273876108467,1271.328,518.1166,0
626908665,1310.848983841163,530.2643931334193,1305.0115,523.5234,0
626908682,1281.7069322506381,528.4197837621825,1243.9817,520.5574,0
626908699,1257.959208845805,521.0354876790223,1200.1823,499.5279,0
626908715,1252.2910958902924,515.100394955768,1226.4436,489.6888,0
