timstamp,smoothx,smoothy,rawx,rawy,fixation
625380363,1031.3696196189078,536.5583166125434,1108.569,501.9962,1
625380380,1039.110726108882,537.3673309672591,1131.9399,466.7271,1
625380398,1047.3641410932462,537.3101917854958,1148.5366,433.7648,1
625380414,1053.979160878149,537.8250238995728,1125.0563,459.0313,1
625380430,1060.181611127813,537.5886652335082,1124.5371,432.1237,1
625380447,1066.2217725431897,538.2123064337468,1126.8101,464.4002,1
625380463,1071.8587789550036,539.7011241426626,1124.5808,498.2873,1
625380480,1077.9521511885546,542.281700447465,1123.2126,536.934,1
625380497,1083.457712739214,543.5124919386038,1123.2051,489.5065,1
625380513,1087.8792791167712,543.9854920099009,1112.1345,462.603,1
625380530,1094.022686711439,544.1761283795362,1150.1029,453.307,1
625380546,1099.370097154347,544.5821058440406,1141.7391,458.5256,1
625380563,1101.4964510396787,544.894194122447,1089.4047,468.632,1
625380580,1094.43754391943,544.5889415142609,922.8418,468.1846,1
625380597,860.6821912767576,460.45961346820746,844.5183,323.121,0
625380613,852.4812633075658,450.5688425628812,836.3965,303.0114,0
625380630,856.92584524009,455.5247841123617,845.2382,323.0255,0
625380646,858.9530935958868,476.2311764808659,843.4661,446.3596,0
625380663,862.1050215596274,489.37404769914286,851.7933,468.0673,0
625380679,863.1540951504738,495.3377516597133,847.8589,447.1021,0
625380696,870.2884189541261,499.537396978142,887.8751,442.8101,1
625380713,874.4189945577458,505.7785832199119,878.8726,490.9387,1
625380729,874.6133375046333,506.96703231908066,856.3416,434.9847,1
625380746,872.5636108692925,508.75130633202207,835.9919,453.7689,1
625380763,875.4903649518373,510.91580722133597,881.4039,460.836,1
625380779,876.2717632434847,511.3286714810599,864.1766,432.9575,1
625380796,876.5390013502847,514.5042541144377,857.7009,500.384,1
625380813,877.4109926771861,515.5490103562097,866.833,455.9211,1
625380829,878.4945546649922,516.7233343449922,870.7207,462.2229,1
625380846,876.8251657621573,517.3890028205357,835.1468,457.5192,1
625380862,875.0097897482464,519.041488680673,830.3081,489.0721,1
625380879,874.4726271745819,518.8900976478369,848.6032,436.6143,1
625380896,873.8403916036133,519.4843896602472,845.9885,460.624,1
625380912,873.5112360162664,518.0791212985457,851.9316,397.7175,1
625380929,872.6755795627382,517.628086796419,842.634,428.7967,1
625380946,871.0101047956549,517.1797637148924,828.2201,431.1029,1
625380962,870.5193556198901,517.7632955799329,845.757,463.6606,1
625380979,870.9641838430618,517.4718656879521,862.1764,431.7809,1
625380996,871.9206650476303,519.1813626062918,869.157,501.8652,1
625381012,868.3162786306492,518.7490852788446,790.834,439.4365,1
625381029,864.2193378619904,518.2843484913105,780.1747,440.0894,1
625381046,861.0709679375576,519.7891774310855,793.1907,510.6143,1
625381062,857.5051361994394,520.5361771958222,784.474,485.3344,1
625381079,853.7488980561973,520.045418672818,780.1827,440.6678,1
625381096,851.2705894935283,519.1949124256414,802.0065,423.9243,1
625381112,847.452663632563,519.2095074978345,774.9984,446.0491,1
625381195,847.5146060865098,521.2858159146772,843.8051,517.4318,1
625381212,846.2861244204132,522.4857491737656,818.531,502.6777,1
625381229,844.7902406255475,525.1098958668604,810.851,560.0804,1
625381245,843.9491781704467,529.8533917507593,818.1606,636.8745,1
625381262,840.7079747643597,533.808127777199,776.4,615.2139,1
625381279,840.9291977875023,537.338029972566,837.4176,596.3101,1
625381295,841.6308635894242,540.5338359295639,841.8837,579.0892,1
625381312,842.2192055679467,544.5405079265274,834.9191,615.9408,1
625381329,851.4372037988085,544.932427051927,1001.959,458.5853,1
625381345,849.0688368622119,545.5011773396684,783.6537,500.7315,1
625381362,848.0949983763278,545.9076843773066,808.3585,501.7894,1
625381378,848.7110408668177,546.617893643439,837.8646,507.5314,1
625381395,848.9010432534432,545.1158387825998,832.1345,429.5971,1
625381412,849.8923569283851,544.9270001536617,841.5823,480.0071,1
625381428,849.74381824072,545.6237586470286,819.2993,523.1728,1
625381445,851.0953978189403,543.8503737729739,852.0225,422.3175,1
625381461,853.587697651955,542.0104618302815,873.2501,421.6327,1
625381479,856.2007424196532,543.5447441845363,873.0311,544.4169,1
625381495,858.4508885691766,544.5267817000224,866.6733,529.9047,1
625381512,860.2568426890459,546.0422022386101,857.5148,553.2025,1
625381529,861.7764229218751,546.0102325775329,857.0852,500.1399,1
625381545,862.9578958383892,546.6176677913154,853.0845,522.9327,1
625381562,863.5284138403126,547.6825568043472,843.1201,550.2113,1
625381579,865.1275986557738,549.4549717206445,854.6555,567.722,1
625381596,864.5707597481774,549.3160934491378,817.9075,502.8425,1
625381612,863.9802559798034,548.2714253065243,821.8083,476.8132,1
625381629,858.1134145835343,547.5252122549481,724.5334,500.87,1
625381646,854.3066274138807,547.6667310459877,762.7535,524.0102,1
625381662,849.7150451686546,548.4332469700252,750.5146,548.985,1
625381679,844.626654100481,549.2929423367867,738.3539,557.1486,1
625381695,839.5075920453646,547.8548440888521,746.8163,478.1282,1
625381712,833.7437163159245,545.7947449789244,731.0181,454.6206,1
625381729,774.446953531286,550.5118975969357,747.2634,533.302,0
625381745,793.2257369239591,520.5201518736473,769.0759,464.9754,0
625381762,784.7922822259754,532.2621706156351,749.7198,518.7717,0
625381779,786.799467165075,528.1877897124937,766.5576,464.3165,0
625381795,787.0639192124522,531.4851209152812,762.0992,510.9489,0
625381812,785.9710279138599,529.4343692600639,756.75,468.5929,0
625381829,785.3539885831112,531.4592161379206,756.2977,511.9767,1
625381845,783.9225024548327,534.1246199675908,748.7244,530.6216,1
625381862,781.6158263080455,538.0719173521126,737.9855,563.8403,1
625381878,781.0546783185148,541.4634610175455,749.4315,566.5078,1
625381895,780.5502080853116,541.1055147174037,750.7752,502.8775,1
625381912,777.5547367951963,538.3267413498965,724.6639,453.0734,1
625381928,773.2624707981572,540.9447204941049,701.5959,574.3245,1
625381945,766.4106187762183,543.4542509278758,663.5302,585.7569,1
625381962,760.9502931424574,545.3267947351984,671.9745,575.0607,1
625381978,757.1023868610728,545.9390397764138,687.2083,543.1494,1
625381995,750.7908003329173,547.7125305871408,646.053,585.1055,1
625382011,747.8422702274943,549.2129619743192,687.9739,574.8582,1
625382028,743.450257928242,550.5008873088061,662.1348,576.1456,1
625382045,740.7287665767238,552.1498504046583,682.8079,587.6406,1
625382061,738.6840411708492,553.4367128842458,690.4448,578.3172,1
625382078,737.6113221683493,554.3801177575281,703.8578,567.707,1
625382095,736.3104119835752,556.6645708423961,696.5099,617.3466,1
625382111,733.8173216175696,558.6069637177892,673.9827,613.1844,1
625382128,731.9184885103816,559.7371421553582,682.1489,586.7911,1
625382144,730.3266073935279,560.7248654802918,685.1024,583.9999,1
625382161,728.227284347656,561.944720187051,673.3402,596.9583,1
625382178,725.2484710927995,563.1910059652851,654.786,603.6797,1
625382194,723.3255701175028,564.9219619274747,670.6937,621.9937,1
625382211,726.9214447253838,560.4313705518431,776.424,375.3816,1
625382228,850.3658114970871,391.7632636186915,837.7371,175.5969,0
625382244,857.8456605351837,421.16112048269497,843.9003,238.2122,0
625382261,861.9048390707646,430.7447216204164,851.3581,278.44,0
625382278,856.5020724989257,433.50870622356496,829.9379,278.9072,0
625382311,842.3791503718576,432.0985928680979,782.5529,262.342,0
625382328,829.9662088140512,420.2278845486554,765.8204,147.677,0
625382344,822.5382245899532,421.3323854248377,768.6791,263.2742,1
625382361,820.394588931771,418.5104023860288,793.7003,206.1371,1
625382377,826.5765929377028,427.8976178369928,852.0056,388.231,1
625382411,825.5443235703191,431.71524625641337,799.8324,328.823,1
625382427,828.3873081084788,435.064687723274,836.2661,327.2542,1
625382461,828.2854975824524,436.9717787227052,809.8793,311.4213,1
625382477,826.0693978146813,436.7351658802877,786.538,271.2377,1
625382494,825.4417016257826,441.50688501776204,799.1113,393.5985,1
625382510,826.557111667831,438.8233408100961,825.8575,207.0692,1
625382527,828.0522403188413,435.2641975336524,833.2708,174.945,1
625382544,500.2808323340761,269.36028111611165,472.719,-31.4154,0
625382560,853.1323763918336,431.7798375084965,838.2368,262.0777,0
625382577,840.0714274215352,404.59665377843146,813.7943,148.4952,0
625382594,844.952079345835,406.1351131792275,841.2946,213.0329,0
625382610,850.7030603611996,400.1291871416542,856.7971,152.4049,0
625382627,852.0886075105318,388.01156848786394,848.2792,63.5666,0
625382644,822.8621260218871,374.8725044526444,809.5045,143.5278,0
625382660,873.8528433048281,414.7473915449247,861.3238,221.5817,0
625382677,853.3608908644607,387.2374405067164,821.1281,109.0799,0
625382694,874.3517699229275,396.1871631726789,906.3892,213.0771,0
625382710,856.3901537197714,400.10004571026184,786.0435,226.9056,0
625382727,866.5989318952837,395.722284117562,898.8005,137.0829,0
625382743,894.1715109901705,398.2402454809095,1025.665,186.5765,1
625382760,885.8384796357063,399.12241469111643,821.1931,204.9699,1
625382777,878.1006208550411,397.67409801769753,811.3047,171.3363,1
625382793,871.5962695082044,400.47252561639993,806.3312,244.8997,1
625382810,867.0225274473328,403.6096639487963,813.629,260.551,1
625382827,864.2050505050793,405.27779148327284,825.4246,237.3239,1
625382843,860.2266863174609,406.69221100720586,807.514,239.7132,1
625382860,857.836942860935,410.59882967381424,819.0129,304.4949,1
625382877,855.125764382982,410.19572303946063,814.1577,203.2487,1
625382894,854.7323973134862,410.25227426390313,841.4823,210.9371,1
625382911,851.9910623290052,410.32258431013094,807.291,217.2918,1
625382928,850.7173436910975,411.616952056049,824.3708,251.8932,1
625382944,850.02141662411,413.2105595142735,831.0098,263.3554,1
625382961,851.9067953843279,413.93526931182447,871.0684,232.9315,1
625382977,852.9375612552681,410.0505129789315,862.5793,84.9313,1
625382994,854.4031179712281,407.40887433477184,869.0811,120.0336,1
625383011,856.0143272264179,402.92806796879205,874.0522,52.5853,1
625383027,859.5213720198626,401.27314760498444,904.7332,140.5145,1
625383044,861.6043583644403,398.3834612625395,883.0262,97.6574,1
625383061,863.6360604774537,394.579025766706,884.2727,60.6818,1
625383077,864.50996529548,391.1019486297963,864.4716,70.9174,1
625383094,865.8037763007624,387.25129007870675,873.3206,51.069,1
625383110,867.5531580653067,385.7589638722828,880.2596,132.4361,1
625383127,870.4189337975308,383.2261459331127,903.1983,86.0286,1
625383144,871.977395130386,379.61111197662797,881.8149,44.0653,1
625383160,874.6081898274009,374.72011754117244,904.3768,-4.4729,1
625383177,875.4752018919979,372.1332150031959,866.4995,71.0081,1
625383194,876.8539613136643,367.3703092786454,888.9677,-6.9283,1
625383210,879.6050470512095,364.064140392885,901.61,39.0097,1
625383227,881.3204746832683,361.9082279053584,895.3638,69.3595,1
625383243,880.5050668033858,361.7199044019858,860.3134,150.2747,1
625383260,881.3975304997265,356.64551847319814,876.0452,-44.5733,1
625383277,883.3604937404139,353.40042902206926,895.5803,11.2555,1
625383293,855.2266066533169,266.2886589205167,850.5722,-97.8482,0
625383310,848.3095308957562,330.09651925322936,839.3154,41.9558,0
625383327,451.073068142424,289.648653779804,0.0,0.0,0
625383344,598.7556896385607,302.24304237310264,888.3635,28.5276,0
625383360,680.2571067875581,312.05525689452145,916.6471,53.6418,0
625383377,720.3117014913691,322.67298331670514,865.442,111.2874,0
625383393,896.2257801703958,340.48458109104126,889.6643,56.4594,0
625383410,839.1382548726519,255.69885610668655,834.1008,-118.1487,0
625383426,851.6287740585932,274.103389305153,858.4017,-42.4737,0
625383443,848.8550800081094,284.3920431764503,835.512,-12.2792,0
625383460,850.2604526456319,296.0129585946093,845.7952,41.1923,0
625383476,849.0388580158399,299.82659444197395,835.8956,8.1226,0
625383493,851.9199404019997,305.90777001995315,857.7817,49.035,1
625383510,852.2503337691671,313.69251949046355,843.6459,100.4927,1
625383527,851.8273520527541,314.06655295645874,840.7566,8.3125,1
625383543,852.8883728889598,317.0635344123453,852.0204,56.3665,1
625383560,852.5830437361262,314.07577103767545,843.4384,-52.0296,1
625383576,853.7653635089665,311.2480165050144,859.1085,-60.8946,1
625383593,853.1021995355275,317.27170241259824,834.1378,141.5248,1
625383610,852.4108991138943,316.0346663269683,837.4142,-21.3382,1
625383626,853.600353952009,320.0886530438394,856.9794,111.7023,1
625383643,855.3488744491547,326.1639932822598,864.2722,177.6903,1
625383660,856.3454487064829,333.1549882592938,854.6079,221.4165,1
625383676,858.310988488042,338.3741553016739,871.1405,182.7923,1
625383693,860.2687302401396,340.7770881749431,875.3245,107.2825,1
625383709,859.7881555530474,343.9268041166721,838.2195,143.4782,1
625383726,861.2638352025199,349.00326209358616,867.6486,209.7102,1
625383743,860.919609384147,352.2262744274928,840.4742,162.3186,1
625383759,840.1918800236043,418.0847161265351,825.3044,234.5001,0
625383776,866.8633755575528,394.1155391033745,855.147,177.9303,0
625383793,879.5540657053645,389.69647354844085,882.6578,154.4839,0
625383809,880.8461378022014,396.4207806850109,871.7302,209.2472,0
625383826,882.6132614968226,387.7301985872215,879.3592,104.3844,0
625383843,877.8376394539068,418.4406513119087,837.8823,494.3844,0
625383926,738.0735029749758,627.3392131188241,703.8696,706.3535,0
625383943,757.0472756493916,555.9149134076703,728.42,547.9709,0
625383959,751.1863934639211,559.1547302968739,715.5687,564.0027,0
625383976,747.8651272442233,564.5440078739665,710.4785,592.6068,0
625383992,750.0950123962733,566.8562812240413,727.0598,586.4707,0
625384009,749.3366352846538,569.1842922802535,715.7021,598.0941,0
625384025,748.2742550111539,569.76748349,712.6365,585.9738,1
625384042,745.9242205372591,567.6788752657932,702.3116,550.7933,1
625384059,745.802202900266,571.9306743727333,713.2645,646.0598,1
625384076,745.0433096571094,571.747788568882,709.1193,580.9318,1
625384092,742.3993411004726,569.8499571763589,690.0697,548.7841,1
625384109,744.3315601476845,569.9989423186164,733.6888,580.1888,1
625384125,745.122798436456,568.3236631625991,724.7521,539.3954,1
625384142,745.8689017820247,569.0221809281394,723.8209,593.6333,1
625384159,746.9431124201864,568.4027647883065,730.02,559.9568,1
625384175,747.1609564744185,566.7488238855649,720.6356,531.1909,1
625384192,747.8169318963589,565.3679287450946,727.0311,533.8965,1
625384208,747.9015555796525,564.2862869054873,719.2131,540.7859,1
625384225,749.3047626830639,563.3075543060953,739.45,538.2479,1
625384242,748.4542073132448,563.0193960164536,704.869,563.572,1
625384258,747.3392539720146,561.5421468152239,701.0806,524.2238,1
625384275,745.1541915331019,558.4863718950645,684.157,470.9919,1
625384292,750.3846487847821,559.5482924506362,803.897,588.1892,1
625384309,1018.4649413141074,589.4291060631805,1004.524,576.7769,0
625384326,1125.5731792098586,551.7443495785996,1120.7897,476.864,0
625384343,1140.5528543384332,561.1299916089824,1151.4812,512.5602,0
625384359,1139.4301574600925,560.9816469645996,1132.5356,494.2459,0
625384376,1135.9686500205753,564.1323424539639,1119.5461,523.9656,0
625384393,1129.7332109103918,566.4759918700393,1097.775,531.9706,0
625384409,1126.3615826435434,565.5861809186823,1103.9954,499.5649,1
625384426,1121.5500117082554,566.8247510821881,1086.2255,530.0467,1
625384443,1118.4742998865638,566.0030196180265,1092.0491,499.79,1
625384459,1116.0957065454495,558.3148125093793,1096.3466,369.7351,1
625384476,1113.1891069483186,552.8239006543457,1086.3889,388.2239,1
625384492,1112.950106229728,553.5918448540343,1106.7529,502.9041,1
625384509,1111.730447962172,553.3539716376906,1095.5348,483.3922,1
625384526,1111.2970355730977,553.8213626259729,1102.7126,498.8836,1
625384542,1113.6566805943987,553.2480244373133,1138.834,466.8489,1
625384559,1115.4195867659096,553.2651933358393,1133.2288,482.252,1
625384576,1115.7270693395185,554.1209548239882,1113.9014,509.2455,1
625384592,1113.6043713395093,554.5013096015837,1078.644,502.24,1
625384609,1111.938373211803,553.5870417586142,1084.3962,461.7177,1
625384626,1109.1453171908445,551.8246137098625,1065.7246,435.5155,1
625384642,1107.2752103842868,550.2116212477372,1077.8989,435.016,1
625384659,1106.9180605399956,549.2241096103454,1100.5713,449.3665,1
625384675,1106.0842838871936,549.5917633282562,1090.6116,495.3964,1
625384692,1105.3213743201834,548.6528469509886,1092.1489,449.3296,1
625384709,1106.2166472339136,547.8763838292851,1120.0811,448.9179,1
625384725,1105.7240991013746,547.192358529747,1095.4358,454.5893,1
625384742,1104.910270419059,546.3094662826676,1089.2643,446.8737,1
625384759,1104.92928948078,545.4520801435093,1103.5883,443.9398,1
625384775,1105.4223992655209,545.1438185649765,1111.262,461.539,1
625384792,1107.2906454430995,545.278595763627,1135.8881,473.0121,1
625384808,1107.744543905626,545.6363974118782,1109.6296,484.6408,1
625384825,1108.4885739052834,546.1235949327631,1116.6504,488.9166,1
625384842,1107.518751609458,545.5046691160173,1088.7942,454.7439,1
625384858,1107.265897082164,547.4770548844904,1096.7222,547.5999,1
625384875,1104.9604509359683,547.912331594077,1058.6294,497.6296,1
625384892,1105.7014416155407,548.4726563763614,1112.584,493.4063,1
625384908,1111.6630839641905,550.5413602439962,1208.4872,531.2926,1
625384925,1229.9370231599198,638.055168757859,1226.5625,646.8263,0
625384942,1220.4075649777346,635.0926358961352,1216.604,641.9938,0
625384958,1221.0987359733992,629.3964200692577,1218.7678,617.0399,0
625384975,1226.600833565448,629.3404713109456,1235.1805,626.4338,0
625384991,1232.1534979277067,630.0230350090055,1246.7091,630.704,0
625385008,1232.5931438455361,631.9598392830201,1230.8652,649.4199,0
625385025,1232.782380310234,634.3561231885635,1229.8064,663.3272,1
625385041,1232.8301327908564,634.6067898868556,1229.7861,641.426,1
625385058,1225.8914743193263,635.391137842791,1172.6871,660.2831,1
625385075,1221.6680605156241,636.1909685022076,1184.5059,661.6398,1
625385091,1219.4680757995764,636.5363852787666,1197.3204,653.3386,1
625385108,1218.7006037765077,638.607704322189,1207.8723,690.5895,1
625385125,1218.560643916919,638.0163084830824,1215.3638,633.7939,1
625385141,1217.7771382154099,637.0444075892615,1207.47,623.8782,1
625385158,1216.5884572577631,635.3633567883475,1201.593,603.4661,1
625385175,1217.662299290093,635.0469822443673,1229.689,632.3093,1
625385191,1217.217953168774,634.5805209642475,1209.4199,630.4141,1
625385208,1215.943053926931,635.1437008797737,1195.6561,662.3789,1
625385224,1215.7313218981776,636.0166684270027,1210.0479,670.8768,1
625385241,1214.5141624510622,636.0761218567972,1194.498,649.0374,1
625385258,1215.5480901660098,635.0267087377454,1230.5593,607.0748,1
625385274,1215.7586203499566,634.9793243934593,1216.604,641.2765,1
625385291,1216.515548808054,634.7399228743279,1225.9417,633.0846,1
625385308,1215.796036524474,635.4739935309074,1199.9044,670.8213,1
625385324,1216.073498544435,636.6287040308864,1216.2976,683.9496,1
625385341,1215.81345803575,636.1573778908867,1208.3618,627.9052,1
625385358,1215.6663751589606,635.7922839930748,1210.0332,631.1696,1
625385374,1217.909748245066,635.1515774207543,1253.4103,613.9081,1
625385391,1008.814771068076,613.6348576761039,992.7778,630.995,0
625385407,784.0913658934062,578.5624509946288,755.812,592.6255,0
625385424,724.1729788560889,568.0076028580352,629.7546,566.9677,0
625385441,708.6782649526705,569.7150593619729,643.4606,598.7207,0
625385457,702.4389735245355,569.0868959722499,650.5088,584.821,0
625385474,702.1079118860072,573.4856531420901,667.2012,633.1037,0
625385491,673.5091674505262,569.6340607379127,638.6968,591.8439,0
625385507,689.4971841262623,548.6101747022109,656.9922,543.4722,0
625385524,683.6026103553418,562.4888484391747,642.7713,605.6879,0
625385540,682.1099293827965,570.7636952999779,643.6543,628.9222,0
625385557,682.6667344619335,570.7677196878409,650.194,592.0831,0
625385574,681.6261373488489,571.9236225641598,642.619,605.5791,0
625385590,682.9421896202622,571.0131102329408,655.8329,582.0187,1
625385607,683.24138215957,570.5455363732009,650.9938,585.6743,1
625385624,685.7505050217428,570.4854458545799,669.4258,587.7252,1
625385640,686.0324163084135,569.823230774475,654.1732,578.8553,1
625385657,691.4009600099056,568.0398119325812,705.8283,545.7344,1
625385673,703.7152478569485,564.9782009182026,790.4011,498.3832,1
625385690,713.656120299261,561.7964711744646,783.067,486.8077,1
625385707,722.268881123013,560.240273668664,781.0938,517.8038,1
625385724,729.4670872206543,559.1507373305561,775.1459,526.3383,1
625385741,738.6007143588095,558.9602164707374,810.988,542.2772,1
625385758,746.9389182253416,557.8832589140567,812.5278,515.5908,1
625385775,753.5200032245167,557.878930567433,796.4318,547.374,1
625385791,758.5712596571642,558.1488322135237,781.2192,557.7699,1
625385808,762.7954236358373,557.8516452750164,775.3134,540.5867,1
625385824,766.950776037701,558.5398919172483,778.9934,571.304,1
625385841,770.9406680659423,558.5445130716222,782.3772,548.392,1
625385858,773.5209202762552,558.2598125326402,764.1315,540.8998,1
625385874,775.6308415801586,557.966328159345,760.2869,540.3826,1
625385891,780.808567322786,558.0326147321163,817.3726,543.3259,1
625385908,785.5459687682957,558.6554581141789,814.4242,563.4595,1
625385924,791.387545105846,557.6548853989984,840.9817,500.3125,1
625385941,793.1022623407746,557.187826371679,771.2197,529.8517,1
625386223,795.5731630856703,559.780791719399,785.7642,640.5293,1
625386240,797.59999519242,563.3710287891723,780.5286,680.0707,1
625386257,798.5123031703648,567.4727148294495,763.0499,704.3058,1
625386273,800.7165832862138,571.5247945785887,778.7262,697.762,1
625386290,804.2053609778261,572.7510540674353,808.7786,594.7861,1
625386307,806.6207483813239,576.2614929758914,791.1277,687.9551,1
625386323,800.7604804409598,579.7379684985153,642.6614,708.6187,1
625386340,609.8270689599668,613.4019215731931,568.2654,697.6627,0
625386357,616.3781532254022,607.9955570778733,575.566,684.813,0
625386373,620.2483542794038,616.3450084990554,582.7727,719.748,0
625386390,625.5461850916652,618.0698371744817,595.6803,710.7451,0
