timstamp,smoothx,smoothy,rawx,rawy,fixation
627106317,965.6534298889186,562.6990706892323,937.8654,570.2845,0
627106333,961.8723819830026,574.5377518392893,931.5491,602.5595,0
627106352,958.6808774307646,563.232171255519,926.0169,528.9128,0
627106367,969.7432769226685,562.4009701917433,993.2291,559.842,0
627106384,963.0658308555526,562.2813259851547,906.1116,564.0648,1
627106400,960.0281753661884,562.32398196654,919.0984,564.7941,1
627106417,960.4166910637981,563.0747082007655,940.9375,570.3461,1
627106434,964.702740615291,560.2036574895548,976.2902,537.9949,1
627106450,964.855258403895,561.8216441450827,943.4042,578.4552,1
627106467,966.460936771538,564.0173618872351,959.0696,587.187,1
627106484,965.37433795053,562.9535491364061,930.9426,553.1797,1
627106500,955.0588144362601,559.9221303034697,817.8309,529.0297,1
627106517,952.536356177593,560.281370147993,903.0303,567.7063,1
627106534,950.6568839132311,559.4962811650266,908.1622,552.3118,1
627106550,949.2534585016879,560.0138832820771,912.3583,569.9115,1
627106567,945.2286118651983,559.5280587805161,872.3527,556.1195,1
627106584,944.7837475448164,558.2967770811618,921.5928,543.2263,1
627106600,944.9459216878612,555.3783884893079,929.9885,514.9674,1
627106617,947.0977476641958,555.7960638942453,961.3793,566.1816,1
627106634,943.6481527934402,550.3423504898617,871.0498,469.5887,1
627106650,940.8703914272608,543.4291479256818,879.1829,440.2619,1
627106667,938.016482479167,537.2613089319673,875.4927,448.1256,1
627106683,934.8664889965344,530.5470096560038,867.9347,433.9915,1
627106700,932.8118515685861,524.4336415819909,884.5122,439.5823,1
627106717,930.6608671131123,518.1511689410912,880.7612,431.9332,1
627106733,927.6381505594395,512.6049089267891,863.1636,440.903,1
627106750,925.7070492148831,507.3983624252355,880.4249,442.2591,1
627106767,922.0870916166173,501.8047555413295,847.6635,430.9308,1
627106783,759.4569863774732,400.7479261389675,726.6279,393.6244,0
627106800,879.1792650632917,425.65109145616765,852.2012,418.3661,0
627106817,894.851465306369,430.81450798856923,885.0469,428.9263,0
627106833,907.3995866847263,428.1682897896096,907.8319,414.4777,0
627106850,913.0608269988,433.7022419902098,905.1034,443.8323,0
627106867,903.6127343453969,427.65633291998125,838.4281,395.0546,0
627106883,887.4684763084081,414.9566040913961,778.4298,341.776,1
627106900,879.0854378122933,412.41817620309973,802.5614,390.3183,1
627106916,869.0828625534234,410.4775502736641,773.8629,390.8103,1
627106933,861.6928446027822,406.21634606872414,778.9999,365.8409,1
627106950,860.847585389198,403.48032207987995,830.0472,372.6672,1
627106966,856.0291496349871,400.9417469558838,786.3753,370.7743,1
627106983,850.7310122654275,397.0438227352141,773.0607,350.9091,1
627107000,847.8320423308561,392.63227361109796,793.8058,338.0658,1
627107016,843.1769968458233,391.3771858097233,766.9988,373.2538,1
627107033,839.6647776148629,389.56205082307713,775.6647,363.3416,1
627107050,837.11853639343,387.5161198347916,784.2194,357.1871,1
627107066,835.2440315524315,385.38675015568094,790.3147,352.971,1
627107083,832.7084338009226,383.59006484785056,777.553,355.4619,1
627107100,826.7729333189563,394.1231842720621,722.0388,550.0106,1
627107116,823.1204325982036,401.71819097996155,752.0108,510.2618,1
627107133,818.6751965831321,410.6504037623083,734.9872,538.8018,1
627107150,822.7008159620431,418.81521679966414,871.1683,530.1834,1
627107166,812.813501442205,423.8785311373466,636.4567,486.1735,1
627107183,807.9022150450655,430.4080954849178,714.95,514.9352,1
627107200,803.6891349426447,437.1403370066078,722.6897,523.4386,1
627107216,800.6681880549962,443.9545951453641,739.6593,529.8424,1
627107233,797.3708444555015,451.2832316086769,731.1873,544.7579,1
627107250,794.8037311106868,456.879140341116,740.6125,518.2954,1
627107266,792.9191370166059,463.93373006792325,749.6932,550.6547,1
627107283,789.4232801452731,468.2739144716191,716.9713,506.2058,1
627107299,785.3426006623204,472.72857056133046,712.6283,508.7597,1
627107316,780.1051806517953,477.4029889203807,690.5913,519.7162,1
627107333,602.4137750382095,486.52647742539665,562.2628,488.6138,0
627107349,775.777398010017,530.8121050169526,744.1235,533.2905,0
627107366,772.3036197867608,524.0333492440319,736.8097,518.8405,0
627107382,741.4475955171031,509.0296278662895,643.7228,479.4478,0
627107399,743.4700466796764,519.0476786978692,717.1027,553.3113,0
627107415,748.6742508731446,521.9947355638116,737.5623,536.3069,0
627107432,750.9724718264537,526.6196681975739,730.0404,553.0043,1
627107449,752.4560469691305,523.077070244841,728.5364,502.6447,1
627107465,757.8774890962982,524.7090672628835,763.01,537.9401,1
627107482,759.0048395965513,523.9888256830253,734.432,519.9034,1
627107498,756.0554933335995,528.5703479945637,696.7253,572.433,1
627107515,750.9688314864791,534.9112390171942,669.3651,599.7653,1
627107532,748.2247316280395,540.1805275486317,688.0096,597.2308,1
627107548,747.1945193426627,548.0378806305714,704.7292,637.1996,1
627107565,746.6303403440555,550.0512354074664,708.9883,572.0693,1
627107582,746.6059486967764,551.6174231511585,715.3657,568.922,1
627107598,747.7200667934587,555.4834079527965,731.2306,604.125,1
627107615,745.1477029419639,559.1348601466375,678.7808,606.8206,1
627107632,740.791916390395,563.6839246381529,649.2274,625.7596,1
627107648,739.3945589525769,565.6236802144244,690.5917,588.9023,1
627107665,737.9014679237098,568.7553369328301,687.5427,611.1954,1
627107682,734.0786967459368,571.6155568777615,647.9728,611.0033,1
627107698,730.866256673981,574.0797354253829,654.8381,607.5381,1
627107715,728.0122535505118,578.0092319163721,658.1868,636.014,1
627107732,727.0364139963203,582.3453496947529,687.9756,646.6007,1
627107748,724.5739993050104,585.844369131221,660.4597,636.1196,1
627107766,721.1958046257407,588.3597169126059,642.0063,622.2158,1
627107783,717.3368246751114,591.2386909165491,630.8051,632.2382,1
627107799,717.9235626413985,593.436381472816,707.9843,621.6682,1
627107816,971.3666041016202,447.214230228997,948.901,439.9863,0
627107832,1074.8828069790757,406.8490963841896,1057.2917,394.7788,0
627107849,1079.6823434625967,401.977451866958,1067.312,384.1441,0
627107866,1078.8162084097855,386.5548546204085,1059.4333,339.9537,0
627107882,1080.4886492025307,388.72245385339136,1068.3203,382.2847,0
627107899,1078.0518472824192,387.8439989561003,1050.4584,370.9318,0
627107916,1080.8921799548666,385.6019603872793,1078.0389,360.0858,1
627107932,1081.7236252145542,387.42566268536126,1069.3169,385.4204,1
627107949,1076.7762653065015,384.3318605523987,1024.3862,349.117,1
627107966,1076.6405298226043,383.3539321942953,1058.4291,362.1944,1
627107982,1077.0130452732458,379.3987255488605,1063.0582,330.4943,1
627107999,1079.3825922588649,379.27078921270373,1084.8823,364.9721,1
627108016,1077.4507284236638,382.51794469152645,1039.856,404.7477,1
627108032,1076.158216833697,383.214828041141,1044.6467,377.8898,1
627108049,1074.7207376572208,383.46301532168775,1040.9661,373.0135,1
627108065,1077.990816762163,382.03202697276953,1102.0361,349.2146,1
627108082,1076.607202724775,382.2251237679631,1040.9077,371.7087,1
627108099,1076.9553896977854,381.55835495681896,1064.4742,358.6542,1
627108115,1078.1675646503918,378.8529914657727,1077.6945,326.21,1
627108132,1075.8229483093428,377.6277644024942,1023.7787,347.895,1
627108149,954.0875451905895,216.2406762516321,930.0997,191.7605,0
627108165,791.9844231904679,243.56602325520626,760.2563,223.9424,0
627108182,843.7361539560562,234.83253321954217,868.5637,203.3991,0
627108199,863.9228215596049,229.8990161748047,877.3737,196.8177,0
627108215,868.4433989166389,228.2879580235047,853.8047,200.9598,0
627108232,875.8016468321064,225.67294968950935,877.5894,191.9017,0
627108248,876.3746841735104,226.1804225239606,850.5231,206.7223,1
627108265,885.9836502189016,227.9873547188984,915.8704,216.1196,1
627108282,890.6953422168018,230.32273687350258,894.5836,224.2749,1
627108298,894.4490998303016,228.48355779518562,894.5265,190.3743,1
627108315,896.3535983352339,223.68844195729932,882.9857,157.661,1
627108331,901.2415616500462,219.75828313575192,917.8813,158.362,1
627108348,906.2330507022076,216.15654749987513,926.9224,155.6696,1
627108365,908.1357227333481,214.05012231194848,897.3325,169.112,1
627108381,904.9162190495913,211.41658748038085,834.9863,160.0445,1
627108398,903.9513082069227,209.39344847979248,861.4456,164.2483,1
627108415,901.444231082264,209.9797042147585,839.2043,199.244,1
627108431,897.7998660812374,210.05060751720765,820.2147,192.1694,1
627108448,896.0541292169695,210.2758506530962,845.2753,193.8355,1
627108465,892.5239341334814,208.54230820012882,816.0481,163.0,1
627108481,890.9032796426062,206.37971675242326,843.3951,153.6112,1
627108498,888.3798616753636,204.8623208513837,827.3191,162.4449,1
627108515,884.2978901098268,205.5108332677209,799.4682,198.2064,1
627108531,882.5735366367738,204.4561851773884,836.2615,167.8317,1
627108548,882.1891920415151,203.7482772882727,857.6802,172.411,1
627108564,881.0323626197605,202.55676231437624,843.2026,163.0119,1
627108581,877.7058994094106,203.7545048052895,803.6432,205.7793,1
627108598,876.6964533055237,202.12861983995484,842.5457,153.2802,1
627108614,873.4347467358061,199.40760739294933,800.4182,132.5647,1
627108631,872.0902900274293,198.34377337044407,833.0387,161.3751,1
627108648,871.3419467373724,194.97294231301296,842.0139,116.8687,1
627108664,869.2966303387544,192.29120956176433,808.4189,134.2748,1
627108681,867.7890841324647,191.51548828428986,828.8772,165.9033,1
627108698,864.7623855927143,189.75140259396144,799.7687,145.568,1
627108714,862.4103807030899,189.34642862163756,807.4366,169.7845,1
627108731,862.3869362442867,186.92286130067623,850.2012,128.7783,1
627108748,861.1262625859537,185.68266388119721,822.5565,151.4235,1
627108764,860.5938827966917,184.46420671300083,840.6212,150.8684,1
627108781,861.070493704388,184.3608355519586,854.284,170.511,1
627108797,859.019207164022,184.48306445829414,806.0273,170.2784,1
627108814,857.5737702061454,183.9401226719522,813.998,153.1951,1
627108831,858.1714164015668,183.7778989841699,853.1989,159.2152,1
627108847,856.7184136236417,183.0440332127031,814.6182,148.2458,1
627108864,856.282180338566,181.8639125094722,828.3011,140.3723,1
627108881,858.7787270880519,180.14995526710686,874.2913,127.7743,1
627108897,861.7886294283087,179.13183581243644,886.2556,140.368,1
627108914,864.0193360958533,176.97078731604745,869.5142,121.8215,1
627108931,868.240665956595,176.39522288057887,904.4909,148.8025,1
627108947,872.4543983561816,173.62701787105425,907.7905,106.5155,1
627108964,878.1034737085992,175.25334976826704,932.3362,184.0132,1
627108980,881.6584447442746,173.33981065340186,898.5472,116.4264,1
627108997,885.1969013907741,173.54352611987403,898.6169,156.3284,1
627109014,888.7438904803188,172.12215663801953,898.2799,128.577,1
627109030,889.8973115380306,171.96265873968463,861.3363,148.5313,1
627109047,892.1875580640303,172.24629244731895,886.8195,156.0956,1
627109064,894.6152973465031,172.48732145625917,890.1425,153.4573,1
627109080,898.2027612837211,172.4991560080089,909.9475,152.5079,1
627109097,900.0946447714772,172.81119842221958,886.1891,152.2154,1
627109113,902.8223245171215,174.28909866063518,900.0181,171.5173,1
627109130,907.1142201812455,174.26011700735782,935.1639,145.8649,1
627109147,909.5634015161054,175.8844173187778,905.4188,172.7587,1
627109163,912.7103994985924,176.4394280425263,917.6134,154.816,1
627109181,913.5073755717025,177.20047614049028,880.1443,162.9333,1
627109198,914.8960874317092,177.8984649801401,891.0031,159.4846,1
627109214,915.6118744446736,179.19847212340156,882.7393,173.7862,1
627109231,917.8298151166646,180.6880424458228,917.3849,172.8812,1
627109247,919.1899260949731,179.63516580846576,900.8977,128.6099,1
627109264,918.5794066423915,179.82906229207106,869.2155,153.0441,1
627109281,918.7978731363718,179.1219347835847,887.6512,138.3459,1
627109297,920.7123871147631,178.62130924855398,915.3066,141.8387,1
627109314,924.2947066463797,173.56501555717978,948.464,54.2911,1
627109331,927.1974490917147,170.41010456236336,942.0668,90.8602,1
627109347,930.9716380617809,165.3781524987896,955.4768,53.8752,1
627109364,934.2195567172067,160.50175508436325,949.4122,55.4924,1
627109381,936.7273522139382,156.74425273464655,942.646,74.372,1
627109397,938.9395155918475,152.34828789309776,939.896,62.4318,1
627109414,941.2075850891449,148.95751104369137,940.7158,77.4758,1
627109431,943.8854611738183,145.97587795099986,953.5603,85.7317,1
627109447,946.5921338740754,142.32796089141675,955.8002,66.276,1
627109464,950.389891747264,137.99844431472567,979.7432,58.6622,1
627109480,952.3184849189413,134.19053685814956,943.6755,58.4458,1
627109497,955.1182540779673,130.11035844817235,961.7737,54.1559,1
627109514,958.0591503110984,127.25912913137526,966.6571,70.6013,1
627109530,958.753187939423,124.56660298898471,924.304,72.7931,1
627109547,959.5779196034246,122.54494794904174,932.2357,82.284,1
627109564,961.1998558168127,121.60656350268748,949.6073,98.2281,1
627109580,962.4628784212371,120.84656930374798,947.3199,97.9189,1
627109597,964.2094606212812,119.68665403385623,955.6741,86.8288,1
627109613,962.9600465821067,119.82092228674674,904.6312,110.7562,1
627109630,962.0685774021854,118.97686051355981,916.5205,86.5362,1
627109647,961.1820357603814,116.7354493480367,914.6029,60.5544,1
627109664,961.013030534292,116.35300721533162,930.3398,90.6871,1
627109680,960.7464765762255,115.51955794906684,925.659,80.8474,1
627109697,956.7287686542722,115.50904338188563,859.528,94.9489,1
627109713,954.121685851314,114.73029256133094,885.1403,79.7589,1
627109730,952.6142332419296,114.65969952553029,909.0972,90.857,1
627109747,953.2821302228984,114.28260592982464,946.6625,78.4918,1
627109763,949.2353963562431,114.81773709867649,856.9996,98.8255,1
627109780,947.548949525522,114.32141908528585,901.7699,76.4412,1
627109797,942.8961428130143,112.78225303133817,849.4766,57.6546,1
627109813,932.6792932752334,116.11304638670806,749.8374,141.3486,1
627109830,927.4222485449402,118.12770786184466,837.0648,119.8225,1
627109847,921.6374655282107,119.70708857118942,825.566,108.6939,1
627109863,918.3788872271274,119.2071776682807,867.2743,70.3933,1
627109880,915.3345032094262,119.40186722002593,866.682,86.4675,1
627109896,911.4080186619807,120.22163517366964,846.4832,98.0764,1
627109913,906.7061083190803,118.5056602403654,828.3795,53.2435,1
627109930,903.7252828540517,118.32282322330755,857.1531,82.9522,1
627109946,900.579077495277,119.0322576417138,850.0858,98.1506,1
627109963,897.46929672218,118.2045071676371,848.7841,69.1817,1
627109980,896.4156301448237,118.50899986140968,878.1993,90.4444,1
627109996,895.4247590491841,118.20109744981337,877.2903,79.0543,1
627110013,894.1401403811174,117.4306957552955,868.5305,72.6411,1
627110029,890.343032564942,116.39886157629954,814.6918,68.8546,1
627110046,889.1114335801426,116.9106524523826,859.5627,97.9771,1
627110063,885.9045338258369,117.99682264857428,822.3033,110.7409,1
627110079,883.9096357893133,117.78044498660068,841.0676,85.5554,1
627110096,883.9631073255639,118.19924321767053,876.4253,95.4585,1
627110113,880.561074330384,118.73145441895116,805.3247,100.9481,1
627110129,878.8841377760937,118.8493347273981,836.1107,89.856,1
627110146,884.2919775521715,119.76297672385503,963.3062,100.1152,1
627110163,891.7997663770124,121.05406108638665,1001.6055,110.0886,1
627110179,899.0924128688013,124.09742286442417,996.2217,142.1205,1
627110196,906.904991199962,126.1614122791694,998.9191,125.4586,1
627110213,912.0840117368431,128.2358369563625,955.1279,125.3746,1
627110229,917.4211769315405,130.95591922198105,962.4526,139.4283,1
627110246,922.2459842610205,133.19960813474066,959.0206,130.3086,1
627110263,928.4931464064848,135.21327054994111,978.1154,128.91,1
627110279,933.3557392527873,136.58179940706768,961.3164,116.1126,1
627110296,938.8085042214556,138.3029593751393,970.5853,122.2487,1
627110312,945.1829437618792,139.03553754473083,982.183,113.7661,1
627110329,951.327346568112,139.54548480343274,993.2744,108.1741,1
627110346,957.7732674084899,141.20719649034038,1003.0302,129.6442,1
627110362,1123.9975640770924,165.83742127813628,1108.0579,134.6134,0
627110379,1076.017721242258,167.73144859662213,1057.7686,137.4743,0
627110396,1092.3275283727255,163.30956197210844,1091.8923,127.412,0
627110412,1090.8368026891626,175.90846825292553,1070.2098,173.0347,0
627110429,1095.6554350617641,173.94964456834722,1093.2677,137.1549,0
627110446,1098.9983679591032,170.7845570836244,1095.3723,126.664,0
627110462,1101.0914654049436,174.64495799976243,1094.4208,164.5703,1
627110479,1105.8743191673568,182.55073979830743,1117.6761,201.3231,1
627110495,1103.6124634433415,181.3745096528452,1069.9178,142.4407,1
627110512,1103.6772626970314,182.53997298195287,1086.6897,161.4668,1
627110529,1108.761960702489,179.64057477849173,1135.7754,122.008,1
627110545,1107.391172297238,180.8922631959113,1076.0044,163.2265,1
627110562,1106.4159945281178,179.52743199471547,1078.3635,134.7494,1
627110579,1107.576484300503,182.4174620675056,1102.9421,185.077,1
627110596,1107.6095802151253,182.55405207552772,1090.1631,153.392,1
627110613,1109.1066840617475,184.7878168137217,1110.0017,182.1717,1
627110630,1110.1848718569797,186.15921588131565,1106.0382,172.7353,1
627110646,1113.0906918404976,185.20969896303998,1133.8657,139.4,1
627110663,1114.8267820216954,186.3304277673913,1119.5627,170.7647,1
627110679,1117.1415623923137,186.70878546729375,1130.4287,160.0548,1
627110696,1118.3769017024867,188.20285960886667,1115.6755,179.0732,1
627110713,1120.5209412573713,191.82837978480458,1131.9963,215.8966,1
627110729,1121.526764179813,195.60062880338896,1115.1458,221.6619,1
627110746,1406.7396685615936,334.52834298944987,1404.9456,311.2712,0
627110796,1161.4565519509686,209.70297108921667,1147.4551,181.1692,0
627110813,1132.643552691391,219.92548477294005,1087.1868,204.1267,0
627110862,1116.2023907280195,223.40566606943662,1065.9812,204.6331,0
627110879,1115.0929172289036,238.30317161023797,1096.033,260.1967,0
627110895,1107.7988309767018,235.76611751615968,1061.6821,199.3155,0
627110912,1084.1155234050607,218.91340591520068,1066.4097,192.406,0
627110929,1114.7302230166497,235.0808705410929,1098.5498,209.2767,0
627110946,1104.219990095702,231.54773108077913,1076.522,202.0434,0
627110962,1072.1017174198212,246.68764327504473,987.136,255.9829,0
627110979,1019.0615297197419,263.8505902683632,834.2345,299.0812,0
627110996,989.1295435732671,277.52169761886694,846.2455,316.0314,0
627111012,960.8605381274342,284.84492083027203,797.1056,304.5972,1
627111029,948.5548559048377,293.7184653322608,855.9189,329.4794,1
627111062,936.7436396112405,300.872810341869,836.6854,332.7231,1
627111079,927.6728728445233,304.67894676563304,839.4901,315.3847,1
627111095,828.9795670555352,336.68760312479424,799.3141,323.5045,0
627111112,835.2197433262188,316.6012346043967,805.7955,301.785,0
627111129,832.5285913338068,328.27717465392317,800.2301,326.9713,0
627111145,829.2407700238599,329.60694862236517,792.7395,318.7731,0
627111162,838.2430540144207,323.54883546345707,836.9735,289.3412,0
627111179,842.5877131601598,320.8664554586618,831.1569,294.7449,0
627111195,840.0468810318613,323.2923615295559,797.5228,322.0674,1
627111212,840.3543026492703,323.30739254737057,812.8287,309.0356,1
627111228,840.0044588782986,318.5853568797775,808.0309,270.1076,1
627111245,842.7396209320075,322.0615608053634,835.1094,335.9745,1
627111262,844.536286008881,321.2373024511227,830.5758,299.0566,1
627111278,841.5697488048239,325.5572997231957,783.319,354.3058,1
627111295,839.5989418370038,334.8504333622119,790.2098,419.0729,1
627111312,841.5780741186675,338.86654881271534,834.8848,367.0778,1
627111328,834.8155638500808,344.54009748636815,726.1781,396.4851,1
627111345,832.0048818817667,353.93397131905726,770.4865,454.7861,1
627111362,831.1005427761183,363.21817587030023,793.6464,464.9802,1
627111378,830.9995561390921,369.20953928570634,803.9984,427.1351,1
627111395,828.5663517751506,372.3664519187997,768.4866,391.3973,1
627111411,828.0295600873309,374.8800682027723,795.256,385.1113,1
627111428,827.5074898801172,380.60356096061173,794.8094,441.2455,1
627111445,829.4010363758182,384.0880961562951,833.2417,409.4605,1
627111461,831.008414004329,386.6255769902787,829.3856,397.815,1
627111478,831.22672940076,389.29277643893084,806.5851,404.1895,1
627111495,830.5422713626479,393.2125263972607,791.0024,430.3345,1
627111511,831.0170849749948,397.19657543815214,810.6592,435.5548,1
627111528,827.5515260520127,403.8985391687619,741.2166,490.3208,1
627111544,824.5591060128532,409.0678633734652,747.9598,467.6217,1
627111561,822.3804795973595,412.6401814714906,761.0394,442.8136,1
627111578,817.811130858069,417.31233123298875,716.4272,468.4279,1
627111594,813.4409681251066,419.77134447389534,717.9146,431.588,1
627111611,810.4494973669498,422.7952843269175,743.7115,434.4465,1
627111628,806.0395181834225,425.93787836090894,715.4428,444.8513,1
627111644,804.6426569289844,429.8837260555588,767.8124,462.8776,1
627111661,801.7620162361548,434.8273179574624,743.1532,483.7938,1
627111678,799.7328736819882,436.8911127861926,755.1841,435.1896,1
627111694,798.6302525668655,439.48242094635384,766.0303,452.4199,1
627111711,796.6074844607859,440.4787292841393,748.4774,425.6705,1
627111728,794.7110466012043,444.0495048003191,748.017,474.1293,1
627111744,791.8429740475048,446.01590934482664,730.5585,455.4202,1
627111761,788.3184866258488,448.8504933175073,715.3693,471.4445,1
627111777,785.9406792527045,451.8832863492432,728.8214,484.0504,1
627111794,783.6602455784708,454.82478576936296,729.1741,491.5676,1
627111811,779.8250411276322,463.8688629746484,703.3011,603.0737,1
627111827,698.7592249959439,630.8910797621838,663.6874,642.2942,0
627111844,734.5254975040714,622.3192202065788,701.1539,632.4576,0
627111860,730.2653369512327,650.6399320189757,692.4025,693.4707,0
627111877,737.4861510941379,662.9418281925963,719.5159,702.0201,0
627111894,746.6583211191955,656.117726335429,742.3236,646.0319,0
627111910,747.9004692459628,663.8055371778911,720.1196,709.1298,0
627111927,746.3471661126821,669.8281180439383,705.4243,714.4978,1
627111944,740.5585785113024,665.1301650148517,672.1808,648.8264,1
627111960,735.9568171193949,657.516123877367,670.8161,615.8484,1
627111977,729.8478826808839,658.7238794781509,649.2701,682.9044,1
627111994,732.0429494882783,659.2665963238192,719.8013,677.2137,1
627112010,731.7952391867871,662.7094691472392,697.5801,709.9921,1
627112028,523.489120288159,699.7515748491702,480.1655,719.3928,0
627112044,729.1047987038859,694.2300869535361,695.686,709.925,0
627112061,701.6296421468243,665.4384192317684,637.9861,648.9869,0
627112078,693.1954679739197,695.5090810496731,640.8022,776.6584,0
627112094,616.701018620587,729.3674652664513,340.8201,861.2144,0
627112111,626.3493780802156,735.738785695084,630.527,781.1444,0
627112128,660.1567798340562,732.0948212236984,623.524,751.8492,0
627112144,677.4573155622176,765.4362903367072,641.7587,787.4271,0
627112161,679.597305166874,763.2733310020961,646.2266,782.7052,0
627112178,672.3899985327362,760.4790115768125,621.3898,776.4625,0
627112194,663.2913144921862,737.7036457409184,598.4525,685.6984,0
627112227,659.2665518511626,730.2439731106641,606.3285,719.4253,0
627112244,660.9734851882163,731.3525268281892,633.6822,757.8488,1
627112261,664.1467871872659,731.1449292429724,647.3474,750.1864,1
627112277,208.45379235323168,740.8735412736319,150.0518,769.0427,0
627112294,214.70821079480055,743.3882595479129,156.6155,771.6412,0
627112311,449.4343694752389,742.5946760647711,648.0879,761.8937,0
627112327,577.6606634010558,742.9923535810817,802.9563,761.4937,0
627112344,714.1992318080015,741.9291033224974,1101.2563,751.2202,0
