timstamp,smoothx,smoothy,rawx,rawy,fixation
625358620,1169.6061426512802,520.5030017813026,1175.3455,406.827,1
625358636,1171.6832277781969,522.1360824779302,1183.365,422.4405,1
625358653,1175.666562515457,520.9981940359344,1203.9722,379.6103,1
625358669,1177.9864928852016,522.7719184202937,1194.8335,430.4587,1
625358687,1180.9570400911603,524.0783754719777,1205.4989,425.7252,1
625358703,1182.477769186789,523.2084379600303,1196.198,384.2007,1
625358719,1184.9878203936153,523.1677956153022,1209.6648,398.7982,1
625358736,1186.6246107616312,526.0423693645804,1200.8359,472.8341,1
625358753,1188.472337295806,524.9895097926116,1208.7681,376.5475,1
625358769,1181.482443612031,523.872627083637,1091.4255,390.727,1
625358786,938.2132543861516,476.56926630629835,926.0282,345.0703,0
625358804,912.3156924458599,443.4379084235068,900.4964,277.4438,0
625358820,916.4461415981668,451.89225642131197,908.2437,312.7465,0
625358837,917.483925240534,450.4351824989065,907.9196,285.0488,0
625358854,912.6902612848165,457.7787476794679,883.5313,358.1977,0
625358870,912.3178522468149,453.8073554434631,899.3914,265.8179,0
625358887,913.8277024279713,452.7527998426261,909.7961,284.9488,1
625358903,909.9318120780736,454.7591774470433,872.6305,331.498,1
625358920,906.6584284409952,453.8289757932797,871.4673,290.7772,1
625358937,908.1384898244553,450.2889617278566,909.9451,233.2229,1
625358953,909.4061815983605,452.03007533151674,907.7491,327.4285,1
625358970,919.1063358686362,448.4958786945828,1003.5016,202.9647,1
625358987,915.9976820847041,449.5530229061682,868.5967,320.4181,1
625359003,916.7817395364948,451.19112258468044,911.2373,331.2737,1
625359020,916.0064040042655,453.2515228616491,891.7705,350.0869,1
625359037,916.8991733116966,455.41637218760917,913.2692,355.0748,1
625359053,915.8052167029398,456.6643772622209,886.8364,338.273,1
625359070,916.8067517696511,458.909912687188,915.6683,366.6923,1
625359086,917.0403147118179,461.091107831903,904.9977,371.4683,1
625359103,918.4457166387177,465.69966782701755,921.4361,451.1968,1
625359120,919.6284246922174,465.68513401646516,923.2428,308.0882,1
625359136,919.7824031991801,466.93010292392154,906.1458,354.1389,1
625359153,919.095567966188,468.3972036545608,892.0067,366.9393,1
625359170,918.5685218939064,471.44137480348775,892.8948,425.109,1
625359186,918.0378533777917,476.9914736709018,890.0612,519.6026,1
625359253,849.8674836949419,563.8654158627581,826.696,549.6182,0
625359269,832.8773576326176,537.0378534709525,810.2568,494.1887,0
625359286,824.288925810511,551.6158485492886,790.2252,560.3453,0
625359303,837.5797637642727,554.2647110301149,842.041,537.6498,0
625359319,843.0849431169335,551.9996035076947,837.8184,507.4227,0
625359336,846.090495263472,557.4886558476559,833.964,581.1824,0
625359353,848.5245705768533,554.8161166522962,838.7386,499.3554,1
625359369,851.0290472002083,551.5919082180052,844.5551,479.7396,1
625359386,853.8995233965975,541.0900210419736,856.0664,344.9532,1
625359403,855.5314956186,541.5015520464674,845.5781,508.395,1
625359419,854.2268754484552,540.5022965267336,820.1454,485.32,1
625359436,855.3006687467391,539.6774875254314,843.5872,481.8718,1
625359453,856.1434907639577,539.8914997161157,842.1053,503.5844,1
625359469,853.2152309392178,540.4269910288299,797.0038,519.1545,1
625359486,850.3527196051897,546.8890662050038,789.3887,677.688,1
625359569,851.7165717050544,552.3112462960144,843.4626,657.5322,1
625359586,847.4787804285536,555.8815475393363,766.7524,629.8468,1
625359602,815.3094959406844,603.5582617300134,787.5018,641.6796,0
625359619,826.2312651791157,627.9708946938924,797.6317,692.8837,0
625359635,808.6651510711068,622.477366406457,760.9686,674.9491,0
625359652,804.8883614357453,619.7783332884528,767.8572,668.3313,0
625359669,803.7183998384771,618.4790779854309,770.9518,668.3893,0
625359685,805.5432584461533,615.1120924828336,785.0123,638.7098,0
625359702,803.2328015234424,611.2896851478888,763.4294,622.5847,1
625359719,804.6341141148173,610.3090568245402,784.9142,645.6044,1
625359735,808.0901036351008,606.5775670733119,805.6945,592.9265,1
625359752,807.5264141368295,605.0340019425522,774.8785,624.1368,1
625359769,808.3688658831949,601.9242470067802,788.892,584.7289,1
625359785,808.1454982600707,599.7356495357817,778.6,595.7411,1
625359802,808.9245840345453,598.3251271287237,789.5049,604.9391,1
625359819,813.3667465203861,596.5011304318924,836.0275,582.6575,1
625359835,814.7196796678487,594.330522472975,802.7518,573.1765,1
625359852,811.8261193706247,592.1728739268174,747.0898,576.0334,1
625359869,811.0336185956711,590.7822831441903,773.0513,588.0614,1
625359885,813.229281525535,589.033664138431,816.7333,566.455,1
625359902,814.5782471409875,587.7747206811798,805.917,578.7738,1
625359919,814.0240084996115,586.6414122812612,777.4325,583.8424,1
625359935,815.1217154052117,584.4321116533986,804.9025,541.0545,1
625359952,815.7234185239565,584.4373138320021,795.8077,612.1161,1
625359968,815.6163270957546,583.860201065511,785.1225,592.4725,1
625359985,817.8438377276726,582.9169441281497,825.8517,571.1154,1
625360001,818.1132598954747,581.4902638342342,793.792,556.5093,1
625360018,818.6690005962641,580.9304998554356,798.5776,583.9815,1
625360035,820.6621377923723,579.8844893600249,825.5361,559.92,1
625360051,821.8683258209916,578.9592967376565,812.4795,563.9908,1
625360068,822.8899707708853,578.1527226977486,810.0226,566.4904,1
625360085,825.3757209482042,578.5663443949467,836.6992,605.7908,1
625360101,826.2439121598894,578.1613161923349,808.9851,577.9221,1
625360118,827.8203143725062,577.7144218920266,822.8469,583.4091,1
625360134,829.22728197492,577.4315922789416,816.8447,585.1876,1
625360151,831.5741101545707,578.2035644102316,835.4675,619.1215,1
625360168,842.3200360698569,578.6499960519725,993.4663,579.9913,1
625360184,1111.267546740958,591.4796754380453,1103.1416,565.608,0
625360201,1099.4229549249371,615.333638230781,1089.082,619.4312,0
625360219,1105.786904789796,623.5532776319103,1101.6045,652.9642,0
625360236,1109.1376945466195,614.458844535367,1107.6295,575.4196,0
625360252,1112.132732557277,609.4509134496896,1113.2251,570.9801,0
625360269,1110.159526176052,607.9460054673693,1092.8828,590.6022,0
625360285,1108.0480032022053,607.4403835087937,1087.8751,597.9047,1
625360302,1103.996075245645,607.7680375185428,1069.4709,610.9944,1
625360318,1105.1389552955463,608.9327823849347,1103.6864,620.6768,1
625360335,1107.1336999531015,608.4780328336672,1114.1908,593.5093,1
625360352,1106.1527949189122,609.5997625568989,1087.314,627.8951,1
625360368,1105.2588728437913,608.4332755401209,1087.9055,581.6196,1
625360385,1104.750693891503,609.4417801182905,1089.5862,628.5171,1
625360402,1105.2085047214455,609.3012113986065,1101.3629,601.0589,1
625360418,1103.5799712416626,607.770681373568,1076.0023,568.0586,1
625360435,1103.86482380978,609.0083020551062,1097.7837,636.9968,1
625360452,1104.8327848210008,606.7261246299815,1110.5525,536.4268,1
625360468,1106.0202095137372,606.5366956800813,1113.2131,593.4333,1
625360485,1106.829397011749,605.5032357869304,1109.4138,567.3003,1
625360502,1107.2401635429635,604.0960683436858,1104.3376,553.9547,1
625360518,1107.5441154660236,603.806379082049,1102.0566,588.2085,1
625360535,1108.0751123562445,601.993572624514,1107.5873,535.2936,1
625360552,1107.200626064011,602.1988737529335,1082.4692,605.3926,1
625360568,1106.2896359070353,601.4571113299285,1082.327,572.0012,1
625360585,1107.870176963162,600.9808060237146,1125.1384,573.1661,1
625360602,1110.02129800439,598.0943281285433,1138.588,483.0893,1
625360618,1111.6378817163907,598.0052568121229,1127.3831,583.272,1
625360635,1104.552440601944,597.9434419003921,970.7051,607.9078,1
625360651,801.4747941536793,572.5259399459376,774.6768,576.5829,0
625360668,807.7973136693789,623.5042106099377,778.2906,686.2822,0
625360685,801.423997472741,616.0923546995576,765.6494,656.2581,0
625360701,803.7758985651451,619.8148329071103,778.7902,694.3055,0
625360718,800.771415612778,613.15403816253,763.173,623.5306,0
625360735,795.641466996138,606.0951124592041,746.7709,594.0753,0
625360751,794.0758530516848,605.418422506422,757.2212,644.5085,1
625360768,792.1659204465806,607.7158841864251,750.5104,686.4298,1
625360785,793.1072292673537,610.1860460408052,769.7742,695.0519,1
625360801,792.053065525684,610.0445766389596,754.5025,658.5526,1
625360818,788.7116404035196,611.3543531726423,729.1315,691.3005,1
625360834,773.7018648733235,613.6722047215504,597.4167,738.5952,1
625360851,762.6112660715602,618.0619952936912,617.0514,791.5276,1
625360868,750.7259546163463,619.7995430601212,591.8633,742.896,1
625360885,741.1709694486298,623.4444469498675,603.212,796.5314,1
625360901,733.4363534474365,626.2181005238693,614.9866,780.7088,1
625360918,724.920372077489,626.7881780831569,594.9476,727.7437,1
625360934,717.3275476068259,628.149884681654,596.8411,753.1978,1
625360951,710.0235292860514,629.6817540503368,591.4059,763.0278,1
625360968,704.8199716784255,631.0287597627236,615.5194,757.219,1
625360984,699.040964410775,631.6866971285439,599.9422,740.5265,1
625361001,690.7282611599732,631.2872834119738,551.8672,714.8438,1
625361017,681.1793745946952,630.1361431355143,522.8982,694.2692,1
625361034,673.0354202981088,629.5476203957646,537.0552,711.3119,1
625361051,665.3946594536174,629.1048649483513,537.2552,716.7664,1
625361067,659.3390511919948,627.9255718182352,557.9965,687.3849,1
625361084,653.2396320171281,627.1144382678141,549.6077,701.762,1
625361101,647.9624799259533,626.5489077073071,557.0636,709.4639,1
625361117,642.5204144416458,626.8205757024331,546.3493,742.1765,1
625361134,638.3750610016427,628.0650667972441,562.3945,776.4313,1
625361150,634.4869355019741,628.6348445836802,561.5099,752.0034,1
625361167,628.9560394694747,627.8501367749135,545.3334,702.7881,1
625361184,624.7412502446381,627.572193821123,559.9297,716.7152,1
625361200,620.3076755152471,626.7688211664469,550.2563,703.0938,1
625361217,615.4788103640143,626.7040231969727,533.2314,726.0652,1
625361234,610.892043912572,626.0546058320109,529.916,702.0449,1
625361250,608.7250627897538,625.70931559568,569.2648,713.466,1
625361267,606.3132491880716,625.5407955062586,557.8111,725.9246,1
625361284,603.2621225777484,624.7724242638087,543.0447,705.9763,1
625361300,600.2720109453703,624.5398095016603,536.6995,722.2014,1
625361317,598.1237546870287,624.016429317056,545.287,712.2303,1
625361333,597.6446945907574,623.3316081898437,559.0939,705.6001,1
625361350,597.0137131122958,622.8179618346039,556.265,716.6948,1
625361367,597.398982695046,620.6669526732186,572.3741,644.8843,1
625361383,596.9207006672731,618.8528010075265,555.7778,664.3218,1
625361400,596.0402829822867,617.3386801424604,547.833,672.9729,1
625361417,594.817511295414,615.7857888810406,538.1057,665.0438,1
625361433,594.0964478480222,614.7866935117761,546.0104,685.6202,1
625361450,594.9801545728185,613.8136387471599,574.2155,680.8907,1
625361467,595.0574714286521,613.9702673900304,559.7341,723.2668,1
625361483,594.2931184055461,613.8216148393202,541.9402,710.479,1
625361500,594.2598611218876,613.0604649686423,550.7224,680.9302,1
625361517,594.7589168875962,612.9900575763149,557.1072,702.2508,1
625361533,594.7222058812008,613.2756013561043,548.8083,718.1008,1
625361550,603.4772738500056,613.2735342357471,712.5327,680.8461,1
625361567,604.519829853882,613.3928869784995,572.1461,703.9863,1
625361583,606.2438359923456,612.5178517427842,585.8322,665.1003,1
625361600,606.8813164523108,612.8516323670293,566.2211,713.9161,1
625361616,607.1123574278367,612.3559956193537,559.5339,685.9655,1
625361634,606.3476721144843,611.1110640035586,544.6973,662.5461,1
625361651,605.8207892426182,611.1191153489095,548.5809,704.9609,1
625361667,604.6725637469244,610.1068490773243,537.3397,661.7806,1
625361684,603.7546426589532,608.5877510979236,544.5474,642.7029,1
625361701,601.7823228899454,607.2030813201573,524.4122,648.5398,1
625361717,602.4797318078868,607.2366405042233,571.2007,695.7722,1
625361734,601.0929568358038,606.1078119601983,534.0515,654.113,1
625361750,600.6655037934906,606.0715603245361,555.1459,692.8438,1
625361767,601.3192941209512,606.6059821100455,573.1989,711.3619,1
625361784,599.2174261709631,604.2496879023607,523.5948,606.7428,1
625361800,598.0464827819346,603.5129578310431,538.5235,666.0009,1
625361817,596.909886497713,602.9292506668158,539.7794,669.2856,1
625361834,597.7153193155083,604.2455016979527,574.7819,733.6154,1
625361850,598.3323876128608,604.9719449875014,571.0178,711.954,1
625361867,599.2696131111709,606.0889055037723,577.6528,717.6895,1
625361883,599.3067296437607,606.3081879065891,559.5959,688.7004,1
625361900,598.6549746655381,606.1416121393657,546.1205,677.1671,1
625361917,597.623412671363,605.3525369214017,538.5439,653.9855,1
625361934,597.1452264423596,605.352625413288,548.6327,684.4442,1
625361950,595.1563710613851,605.343445900664,523.131,687.8135,1
625361967,594.2470125246874,604.428712433084,541.8325,654.4995,1
625361983,593.0322884419566,603.9771624311744,533.2196,670.9019,1
625362000,593.4549514437083,604.1690193277844,563.321,686.926,1
625362017,592.3304429963724,604.1757743475271,534.8638,686.5255,1
625362033,593.0969756676576,604.1282560361833,568.4699,680.1619,1
625362050,592.1891411601835,603.7591209207884,553.7137,668.6287,1
625362067,591.3615900989952,602.493071451858,539.2063,636.8073,1
625362083,589.8474820276615,600.9518935767716,527.643,624.0562,1
625362100,590.1706723284988,600.9973713679049,557.3243,683.5958,1
625362117,590.3867418111618,601.8520787314283,553.3806,710.7908,1
625362133,590.5116968086445,602.0445236794451,550.6444,683.2201,1
625362150,591.3035938419904,600.9767245643645,564.7362,637.851,1
625362166,591.0665135117544,601.151011771158,543.1729,682.8823,1
625362183,590.7468421676782,600.4447593212246,543.4567,647.7547,1
625362200,591.6277664671181,601.2177897909896,562.139,700.9346,1
625362216,591.5893507581084,600.8383341284706,551.345,664.693,1
625362233,591.1014086867444,601.2268023104491,538.0982,690.1697,1
625362250,597.1315585895875,601.6727502579489,661.256,677.0564,1
625362266,829.2240827919978,578.022618844408,803.8666,583.854,0
625362283,829.3188928183827,565.5913401598622,804.7267,556.8278,0
625362299,826.0861925349828,565.325706456445,797.8887,556.7621,0
625362316,828.0276387471605,564.4270645843308,807.6554,549.9858,0
625362333,834.27153955265,561.3761247228598,830.4868,524.1011,0
625362349,831.2184509023499,562.0210083654862,793.8434,556.5304,0
625362366,833.7524393925398,565.4838432834478,821.4814,590.5229,1
625362383,835.3576225982964,568.649372944283,819.4828,600.2554,1
625362399,837.106155975288,568.7468911897937,824.7931,560.8082,1
625362416,835.5132899860208,567.1435069651345,798.6353,534.0487,1
625362433,835.7135356705456,568.1351532062215,812.3358,578.5273,1
625362449,838.6521764410874,566.9307203517063,843.3651,529.0693,1
625362466,838.8292484804086,567.0356152841046,815.4862,560.3143,1
625362482,838.6793069735073,568.9998209195372,810.4885,607.7931,1
625362499,839.9650539426158,570.0435923120366,829.4664,586.2362,1
625362516,839.2292236146068,570.750440817659,803.9353,583.8717,1
625362532,839.4249823140726,570.2770613648559,817.2645,549.6281,1
625362549,839.8017221228467,570.0274383984233,820.0862,554.9916,1
625362566,840.812830159359,570.0541006431115,830.0288,561.639,1
625362582,839.1842398322771,570.3678988539389,789.3477,577.4761,1
625362599,838.2415417196884,569.8613030545147,799.8653,549.6206,1
625362616,838.1211003831862,570.3385855896095,811.8597,580.1511,1
625362632,838.697892216771,570.2929336177662,824.0527,561.1354,1
625362649,839.9099090454224,569.2204085538802,836.377,523.4283,1
625362666,841.3703395732981,570.3618480817782,839.2842,600.4314,1
625362682,844.3230194415635,572.2444798622475,865.7937,624.1896,1
625362765,1180.2854487979132,642.0481148044395,1173.4889,663.8614,0
625362782,1214.630972175496,659.8914835582807,1208.9431,696.8484,0
625362798,1217.7520800151342,653.6430705270277,1216.3386,668.6807,0
625362815,1217.1118280946253,661.1842508013187,1209.2156,732.0876,0
625362832,1214.1424243078498,659.0086209868894,1199.5037,682.3018,0
625362849,1213.1756582859368,660.0803132760468,1203.1782,707.2321,0
625362865,1211.6377444118834,660.7818509064405,1197.6796,707.7885,1
625362882,1211.3822739329953,660.363944926411,1204.2952,693.1332,1
625362898,1212.7585749794532,660.9582638454762,1216.6675,706.3397,1
625362915,1213.5604759328444,661.1388672132772,1214.1263,701.3468,1
625362932,1214.1273270016507,660.9347656371569,1213.3932,694.3662,1
625362948,1215.0621308348077,661.2923673209389,1217.9655,705.236,1
625362965,1216.5638029930046,660.2541610056986,1226.8777,672.3032,1
625362982,1216.1045623992486,657.9710702089859,1206.0815,641.424,1
625362998,1216.5012041895461,657.7980090282998,1215.1744,688.9777,1
625363015,1217.884993966226,658.4769486366416,1228.5139,709.8641,1
625363032,1219.8656751108524,657.773912716831,1239.8269,669.7881,1
625363165,1223.1551676645286,663.4269517314644,1256.155,856.0735,1
625363182,1227.082426867607,668.6917639884834,1269.5177,853.9152,1
625363199,1231.5718855871016,673.1654882317977,1282.855,837.1362,1
625363215,1234.6611266829477,677.4976685853509,1264.5408,844.1066,1
625363232,1238.1076797289902,681.2826921325301,1273.8669,832.4324,1
625363249,1241.1933235583472,685.2329140460025,1270.731,845.7591,1
625363265,1243.9457157302616,688.73968865001,1268.2605,837.9323,1
625363282,1244.5309261266004,689.7740053725248,1235.5,762.0212,1
625363299,1244.213892129152,684.8745432653141,1227.0732,553.7454,1
625363315,1200.371418875473,385.2419668442991,1210.5446,102.5005,0
625363332,1181.8909524109974,444.05493661142566,1187.2893,233.3986,0
625363349,1176.9271044080922,466.76397364838675,1173.9694,333.625,0
625363365,1180.2058760037376,466.85474097683533,1191.0593,282.2618,0
625363382,1192.6598131587768,452.7717829765326,1240.03,153.3512,0
625363398,1202.9403462670373,444.9104776232366,1254.0068,158.6253,0
625363415,1204.45699145414,444.4638775427862,1218.262,226.1789,1
625363432,1174.1265979849486,572.4405589296056,1171.187,513.6575,0
625363448,1225.5880346040808,414.25642866539636,1235.6033,161.2966,0
625363465,1227.4072032252127,431.252555418757,1237.396,234.448,0
625363482,1219.2416740314454,479.3192737385695,1201.7726,513.8268,0
625363498,1218.596433735136,470.93197024881727,1224.3569,230.1337,0
625363515,1207.0242632723323,455.0707934194576,1169.0098,124.298,0
625363532,1099.7803889103423,385.9789231244788,1103.4698,121.0373,0
625363548,1140.1128588709353,430.2260153380484,1143.6816,210.3854,0
625363565,1150.0087438723242,403.79741265188323,1167.9374,92.3575,0
625363582,1138.7754637384794,414.06841107672426,1118.1842,223.9109,0
625363598,1139.430062040394,402.5904094505412,1148.9159,76.1226,0
625363615,1134.1210676810788,417.29369567016386,1112.4878,312.8587,0
625363632,1135.8771870117755,422.60741592756057,1147.5536,248.2928,1
625363648,1136.0493099542512,425.1296310098083,1140.1179,229.7214,1
625363665,1138.9414921342993,429.66529549311076,1161.3777,269.4845,1
625363681,1136.6548724588858,437.2629552090792,1117.7086,349.6837,1
625363698,1137.3107961303235,438.92012152959404,1145.4922,252.7659,1
625363715,1123.6608420802163,431.5981514736827,998.2831,85.9131,1
625363731,934.6850775271068,356.3990233597616,929.6134,84.5627,0
625363748,936.7926184195292,421.41814719448973,927.8849,225.4791,0
625363765,931.0708074744391,414.6433543408545,916.5507,198.0008,0
625363781,937.7069411064577,401.6034506118035,945.7114,123.8165,0
625363798,940.1264009066878,397.5137486029714,941.1737,145.9408,0
625363814,943.2871840406557,400.57567832671,948.3602,203.9004,0
625363831,942.1529600805613,412.4249351105838,924.4251,331.6169,1
625363848,938.4524990117754,422.6531907740166,903.0568,358.3691,1
625363864,938.2938255367653,417.8322745450483,930.8298,144.1649,1
625363881,937.7359095679703,414.4293599739417,926.6907,153.1191,1
625363898,943.3413952897365,416.78863252854825,983.8878,248.211,1
625363914,944.6193104908202,419.39064083585566,946.3997,267.5447,1
625363931,932.1773721894456,512.1193245681538,917.4348,423.3284,0
625363948,929.4618076087925,473.30236838277796,916.9161,339.4455,0
625363964,915.4862076314364,480.4189064450534,886.3453,375.031,0
625363981,923.336661916843,490.43891090006605,924.8135,418.2593,0
625363997,924.3359853935648,484.5802203542218,914.9459,326.1786,0
625364014,924.5863571872114,482.92152808011974,912.5011,346.8546,0
625364031,927.8582038285591,479.4269704281615,932.7036,313.6015,1
625364047,927.8458521039021,475.8240578725461,915.8729,300.7713,1
625364064,932.8061450880813,471.08710489301274,957.2991,261.5211,1
625364081,933.4831478629405,465.0539977649681,928.7855,224.5237,1
625364097,933.9255170810131,458.38800878635936,928.6582,190.1576,1
625364114,933.9954849306009,456.3436911850896,923.2535,269.0222,1
625364131,933.7281551868114,453.6397126748211,920.1803,247.0595,1
625364147,935.83621783023,453.4628479837964,947.4421,296.9787,1
625364164,938.1970148233668,451.26402001772095,955.3101,241.3694,1
625364180,939.8659661024182,449.49368788859323,948.9957,247.6194,1
625364197,937.6738295103951,449.7809857570116,894.89,310.3173,1
625364214,936.327844104328,452.5180011088675,903.0201,382.2247,1
625364230,934.5766357410403,452.2035930808985,898.1215,293.2824,1
625364247,932.8845004572651,453.6862716933025,895.8978,349.699,1
625364264,930.2417253297759,456.2710715812291,878.0302,390.6243,1
625364280,928.1233528276317,457.6273390735944,885.603,351.784,1
625364297,926.9183009323785,459.49252842771824,898.7576,368.8754,1
625364314,926.1990825463197,460.7524037078161,906.555,348.8985,1
625364330,924.7777538287241,462.63199292203177,892.8196,374.7754,1
625364347,923.844197786505,463.7730398379731,900.9517,349.3457,1
625364363,922.5709161360212,465.13560346499986,893.6018,360.3978,1
625364380,920.8453065228806,466.9012691734207,883.7885,378.8987,1
625364397,919.664580337797,467.18938704749604,893.887,324.9144,1
625364413,918.9217927796568,468.25477821677816,899.8984,354.7239,1
625364430,918.0084332689088,468.65064547945815,896.288,332.2031,1
625364447,915.7005505385899,468.586645642078,871.026,321.6651,1
625364464,915.4540573379481,471.5982472445223,901.649,437.4256,1
625364481,915.3570701553615,474.67003527821464,907.3441,445.1108,1
625364497,914.7708716994084,477.48106611513776,896.1153,428.8626,1
625364514,914.6442642207617,482.12937729522986,901.2085,502.58,1
625364531,914.2885667705369,487.3236889350126,897.2627,524.2169,1
625364547,914.1028170381305,491.9469825704582,897.944,505.6765,1
625364564,913.8682697030644,494.9882289968723,901.84,447.6602,1
625364581,914.3099316485235,498.5549567398116,909.3777,468.5002,1
625364597,915.1005780227191,501.6062835255554,915.4159,451.8264,1
625364614,915.5734544337566,503.70449265914624,909.1861,432.4576,1
625364631,916.4730420640794,505.96684356102213,916.0493,441.7499,1
625364647,916.7468567593872,508.5398330827308,906.4886,467.1301,1
625364664,915.5693132229812,511.2805114997169,879.5544,478.0653,1
