timstamp,smoothx,smoothy,rawx,rawy,fixation
625482386,927.4733462005116,581.2520104082147,910.879,554.8439,0
625482402,926.7164644389183,581.7263697076445,903.9419,580.4666,0
625482419,941.3570412310293,415.3367552286549,933.1129,211.4972,0
625482435,906.252974783872,435.0514840786085,894.5578,260.2428,0
625482452,924.7617589495493,510.7114878769895,924.6648,582.3823,0
625482469,922.1901935014033,516.7719013554613,900.2745,461.3312,0
625482485,894.1197914798219,463.1009837874075,801.0803,-9.4814,0
625482502,880.497496074455,433.64221555027297,818.1843,21.6801,0
625482519,818.4698279525812,304.10615644969306,809.153,-9.4913,0
625482535,819.2772501788506,299.9653197448469,810.265,-18.6243,0
625482552,823.2529901699598,298.57886376508077,818.8838,-25.9785,0
625482569,818.4650222619782,298.8794462046447,799.2845,-17.9286,0
625482585,820.541257275289,302.6639599920216,817.3647,10.364,0
625482602,813.9649117559458,305.05791619483256,776.2615,17.855,0
625482619,809.5494485092099,305.8193931474173,776.8325,6.8496,1
625482635,810.2984463487586,302.7499859130987,806.9095,-51.0066,1
625482652,810.92268241967,306.06718740786897,804.6362,43.3304,1
625482669,811.3702160986206,306.4123454482978,805.3489,0.8636,1
625482685,811.7363337527898,304.9461209245164,806.2938,-34.5361,1
625482702,810.6811111523866,304.89427087792455,790.8804,-6.1519,1
625482719,809.2236655988719,304.27967293435154,784.9188,-18.5291,1
625482735,805.5315039231131,304.179885479308,754.9848,-2.8131,1
625482752,802.584517376181,305.5205479785911,758.2885,34.3118,1
625482768,802.6111644676646,305.8456114664919,795.3796,3.9786,1
625482785,801.9900727249529,305.8595718452664,786.2397,-2.6838,1
625482802,803.9120840598098,305.5147074665885,823.1196,-19.1722,1
625482818,804.7326211709643,305.2242231810009,808.0663,-15.7671,1
625482835,804.28704353496,304.963901459946,788.7527,-12.2623,1
625482852,803.9797856873096,304.6556627152408,790.4792,-14.5441,1
625482868,803.4059751768864,305.0643554277989,784.9901,9.9202,1
625482885,803.2126404884049,304.63520166503054,791.6076,-19.2892,1
625482902,803.3537483592743,304.449197594554,796.8071,-12.1848,1
625482918,800.8239757720681,303.08360347145856,751.2523,-47.1193,1
625482935,799.2820048227725,301.1568839910477,767.8268,-71.4915,1
625482952,797.2836233852775,299.8306707357965,758.0457,-50.1703,1
625482968,793.6767659782184,299.81053383666426,726.3477,1.293,1
625482985,791.3111963158339,298.7709968595831,748.2432,-40.7584,1
625483001,792.6125289265823,296.76898174470296,815.2939,-88.8238,1
625483018,791.5237058420239,295.2377456948377,769.9816,-65.9591,1
625483035,792.4495472093909,293.37775338114574,809.7123,-85.2446,1
625483051,792.423373906348,292.4371052794524,790.7524,-49.8809,1
625483068,791.5552396131422,291.52340300475794,771.9788,-47.2218,1
625483084,791.5172400713699,290.38163272619704,788.6403,-57.3284,1
625483101,791.9006715167826,288.6325035828345,791.9515,-83.2083,1
625483118,791.2445190790845,287.4805745388296,771.7966,-61.2636,1
625483134,788.9605402174059,286.45435547124896,744.2203,-60.0937,1
625483151,787.4242873573526,284.76970675602587,757.7461,-79.4565,1
625483168,784.1204985029008,284.41010587831624,722.7601,-31.5991,1
625483184,782.6349572204471,283.17504014892154,756.5027,-76.1545,1
625483201,780.6109287113932,282.12409009687707,743.6226,-66.6559,1
625483217,777.6481128686581,281.5843529819274,724.0674,-48.1639,1
625483234,776.0114983111106,280.5221385928937,745.127,-72.3699,1
625483251,775.1643964429866,279.26423930142664,759.4949,-80.6285,1
625483267,774.6449756607527,278.1546159177511,768.1805,-81.8067,1
625483284,397.47667583650116,335.33036041418325,359.3054,129.2302,0
625483301,763.3645388615212,271.4759431698581,752.5133,-71.1115,0
625483317,746.2462817948174,281.4019440435,714.9208,-22.276,0
625483334,748.3055799570109,282.7366055127754,740.0905,-39.1592,0
625483351,756.5392044900622,278.8028690474712,771.5493,-83.651,0
625483367,760.5527768737744,276.3644671281103,766.358,-83.3206,0
625483384,779.4524990218863,263.68760569419516,770.1067,-90.7423,0
625483401,776.3132762544356,271.4379074745776,766.2932,-73.3742,0
625483417,764.7143685488343,271.08839912394575,741.6847,-70.9905,0
625483434,772.5777548487695,268.7390344956994,779.4582,-91.3907,0
625483450,776.140547656972,267.7720791424388,777.6791,-89.2256,0
625483467,781.2306000650839,265.65107790033875,793.4611,-108.0552,0
625483718,763.9213197656906,290.8643974210532,751.9216,-29.0787,0
625483734,763.5010432984639,292.24178662253985,750.8605,-22.9596,0
625483751,764.4273732399624,292.24544899845637,754.3365,-26.4727,0
625483767,764.5985882153715,291.211846684522,753.3361,-35.1943,0
625483784,767.3484126158085,289.84527509695164,767.4209,-45.2845,0
625483801,775.7889325829441,277.8923220623811,765.3411,-59.262,0
625483817,777.6394700075103,295.74932513201367,766.2195,-20.7745,0
625483834,772.4513026322251,289.7441254688547,755.9257,-45.0923,0
625483851,754.7629088175337,291.28463827274345,704.5881,-13.992,0
625483867,761.7340063870625,289.7080559337716,772.2505,-44.8927,0
625483884,756.7026699403773,292.50487162068254,722.5403,2.9775,0
625483901,756.4600130431754,291.2082496408106,743.4385,-40.817,1
625483917,754.5215446105394,291.757613553148,730.1092,-16.8102,1
625483934,756.4396597327545,290.277303400552,758.7286,-52.8411,1
625483951,754.9709605800256,289.6369342932316,731.2736,-38.5391,1
625483967,756.2199040520975,289.6514655026352,755.3201,-31.4363,1
625483984,754.9863730759813,290.41630778887003,730.253,-11.0588,1
625484001,762.0740228357272,290.9390433253903,824.2405,-29.158,1
625484017,769.0486670484013,291.0337868743939,833.7298,-39.7403,1
625484034,776.0446325291641,290.06237225470386,844.7167,-69.2751,1
625484051,781.4860538035807,290.23630784816294,832.2277,-38.2455,1
625484067,783.1557704045639,290.5751455845421,785.6264,-25.7061,1
625484084,789.1414545630453,289.8911107018076,852.5952,-66.2095,1
625484100,791.9614654815165,289.11692581890225,811.375,-63.955,1
625484117,796.4029002139135,289.06826093774015,839.8742,-46.8484,1
625484134,800.125880603581,289.2956225921108,832.9825,-36.8912,1
625484150,804.1510892860051,288.71041718109103,842.9777,-65.5238,1
625484167,808.2846871659863,288.60540582659604,848.7342,-50.9332,1
625484183,810.9853820593852,288.6916050802289,828.282,-41.3151,1
625484200,813.3429453234163,288.79098116506344,825.7127,-40.51,1
625484217,816.1108313297876,289.01622557244167,836.0721,-37.669,1
625484233,818.7153443673322,289.29991830306284,836.4614,-35.5278,1
625484250,820.4340954429886,290.01654920309676,823.235,-17.3581,1
625484267,822.304462067601,290.5943367312178,829.0378,-22.949,1
625484283,824.0078508537101,290.8026352560432,829.2389,-36.3729,1
625484300,826.9060053374291,290.4025159461719,854.8124,-63.0852,1
625484317,828.4191174339563,290.3872121616769,826.1117,-42.8013,1
625484333,831.7367432540625,290.0005422873402,862.08,-65.1348,1
625484350,830.7026160782638,290.2769154446614,778.7198,-24.2963,1
625484366,828.9207501018424,289.79025608424865,776.2222,-54.7407,1
625484383,829.8713144173099,288.4068283024632,825.0734,-92.0063,1
625484400,831.2305998715385,286.77915521843045,837.6449,-107.8077,1
625484416,829.545932256425,286.2829984520418,780.7322,-54.1123,1
625484450,826.4857312396,286.08025334027496,759.7661,-43.6241,1
625484466,824.7548447099877,285.92012868598124,782.6459,-44.9484,1
625484483,822.0857718699855,285.62673894002984,768.7927,-47.2082,1
625484500,820.6104874990322,284.7995991353684,789.1714,-69.6326,1
625484516,816.1974366321074,284.10818313303633,744.1887,-58.7645,1
625484533,812.2391569223363,283.49177092054293,751.8848,-59.1336,1
625484549,810.108813173914,282.7253895717043,784.9691,-73.8155,1
625484566,806.9342642855297,282.50844518439163,761.3257,-47.108,1
625484583,805.8947739902538,281.168626911023,795.0675,-95.4429,1
625484599,802.1968852861802,281.0492955932248,749.4441,-46.5383,1
625484616,799.1117546773501,280.7609925739608,753.9387,-54.991,1
625484633,796.313648077918,280.184450061967,760.0283,-65.5249,1
625484649,794.3659800816208,279.70082161936926,772.0557,-64.2643,1
625484666,792.7362111881458,279.55690867682847,775.7429,-56.1211,1
625484683,791.5469408335646,278.9740905925322,782.0137,-73.0159,1
625484699,790.2425953410293,278.19411622495375,775.1216,-79.8574,1
625484716,790.9830481156629,277.04220251331316,810.7293,-100.7305,1
625484733,787.6947211580883,276.9126786804778,733.7446,-50.8781,1
625484749,785.3408399142046,276.68260268435097,748.9613,-58.2439,1
625484766,781.0712483825264,277.5932256172058,708.6027,-8.5536,1
625484783,779.2552650336058,277.78278135378554,753.2983,-44.6323,1
625484799,779.9598841212189,276.4781437634038,799.3392,-110.613,1
625484816,780.0074660524799,275.79744907380905,786.9092,-88.1808,1
625484832,779.2322579210288,274.8423916936143,766.8051,-94.2989,1
625484849,780.9150872687604,273.13209208806495,815.22,-132.9758,1
625484866,782.7700414289997,271.75978545362636,807.7949,-117.0724,1
625484882,782.2717138791505,271.210853952562,762.7808,-83.4395,1
625484899,781.2671789223081,271.468993269714,757.3784,-56.1894,1
625484916,780.95315007393,271.21799038526655,771.1946,-79.5806,1
625484933,782.1823485949864,270.6609343732398,793.5287,-90.5803,1
625484950,782.9576586191173,270.26693473308086,782.9614,-83.2058,1
625484966,785.6498286137788,269.0044210387043,822.2922,-123.2166,1
625484983,786.2942922090917,268.9637365913181,781.9727,-72.5742,1
625485000,786.6540142970974,268.9039339833669,779.4968,-76.1415,1
625485016,788.5269759460892,267.9927136166384,804.3945,-112.7413,1
625485033,790.3714763329476,267.05066074883604,805.8936,-115.0658,1
625485100,1017.5718714158576,331.60952827300605,1019.3197,16.7461,0
625485116,1006.9160042330304,287.76656233552717,1010.6594,-76.7203,0
625485133,972.4045664288928,349.96393786251923,929.7245,204.8217,0
625485149,971.4066975155113,345.9762517234684,967.9011,38.1357,0
625485166,970.0456538596468,347.38172121815023,963.4545,68.1765,0
625485183,971.7881307921378,349.88381712020055,976.4193,83.6906,0
625485199,979.6564649841803,340.7993605147914,1021.9874,-60.212,1
625485282,1095.8742163755753,441.76249706868964,1095.9067,242.8995,0
625485300,1110.0877714593416,407.3802130190513,1113.1299,165.8019,0
625485316,1113.4459293597865,427.1025468253519,1117.8611,250.2673,0
625485332,1115.9175059460667,413.2844420557362,1125.8634,116.9422,0
625485349,1110.6225482391158,428.03414988788114,1092.9999,308.488,0
625485366,896.2135759610496,391.80825601030125,0.0,0.0,0
625485399,1107.5907085510507,451.3698881966624,1107.7864,261.8015,0
625485433,1116.784958636279,448.55635219762684,1127.6704,246.4989,0
625485449,1121.2389396380115,392.16651338228536,1142.1351,-114.0704,0
625485465,1133.8681913931803,431.14647596846356,1169.588,460.1157,0
625485482,1151.0504659084859,478.22747843246697,1212.3528,702.3473,0
625485499,1221.13506037747,645.5269854700803,1216.7408,664.5427,0
625485515,1200.416753891196,648.4943820500649,1194.5151,674.4783,0
625485532,1190.0764961381526,653.6139470980723,1171.9144,700.1744,0
625485549,1199.7971650214001,650.5026467137183,1214.7219,662.1942,0
625485565,1206.7738771893498,651.8401611617821,1222.7378,685.8735,0
625485582,1206.810579669858,651.043608678262,1201.186,672.1342,0
625485599,1204.00823522598,650.3080919524629,1183.6282,672.4328,1
625485615,1204.744526668661,650.0759280061525,1203.5386,673.7324,1
625485632,1203.740372295644,649.4188571535534,1190.9849,667.7786,1
625485649,1203.391705984808,650.028218401149,1194.5039,688.0763,1
625485665,1202.819271344742,649.9025372784221,1192.0365,675.805,1
625485682,1203.566261485038,649.8715001880342,1205.2087,675.3485,1
625485699,1000.0789485530029,625.9954401565025,982.7279,659.3224,0
625485715,805.2685394216655,593.5445652281416,777.4297,621.6127,0
625485732,759.7608927351811,536.9674670688792,687.614,391.3724,0
625485748,752.0575202481903,510.1938099968744,713.0914,337.0238,0
625485765,748.0449619053763,493.15696071925316,713.4246,306.8217,0
625485782,746.8802197693045,490.650201534493,717.736,389.7554,0
625485798,733.1574388457539,448.23134432614984,709.5776,318.022,0
625485815,726.6754064250566,572.7839196243367,695.0738,589.7367,0
625485831,733.5731944737163,581.8551366127915,708.6271,626.786,0
625485848,733.5342746285072,528.1835275761127,711.4932,259.8442,0
625485865,731.8680691799774,499.64972608653693,704.8929,248.6609,0
625485881,738.7461427402602,482.27121686533326,746.2529,241.7839,0
625485898,738.668656313265,395.2588560275439,718.6768,201.9974,0
625485931,736.762995292577,439.37554396682776,713.9548,298.1734,0
625485948,725.8166441561326,444.38067310355194,690.0797,323.5768,0
625485965,740.4760651259687,393.13354327428004,758.0078,-29.1755,0
625485981,755.9544796960121,362.55523960481094,793.2042,-75.0086,0
625485998,758.5145940601218,347.519012002479,756.2368,-31.2968,0
625486014,776.2164919831549,284.9514792016193,765.3649,-43.9961,0
625486031,763.1715696649484,287.6708487259151,751.3189,-35.8913,0
625486048,767.0445048560947,292.7850021959495,758.9263,-14.9983,0
625486064,768.8223015282728,289.82941734557704,761.2977,-45.5626,0
625486081,771.015539602032,294.58476757852037,765.2499,7.3962,0
625486098,774.3082551881402,291.7763467306064,777.2305,-55.219,0
625486114,776.874204877507,288.3950801345527,779.8469,-74.3665,1
625486131,779.4398097366533,286.7892670743185,784.5218,-62.5395,1
625486148,780.4581399582963,284.7149263688601,777.1913,-75.3469,1
625486164,653.8859766087758,392.07155017371934,628.6619,209.3462,0
625486181,665.178154742772,379.30958480071905,641.4563,179.7163,0
625486198,681.2934005660325,381.8945282656255,675.3909,185.5154,0
625486214,670.8474386484829,433.1017000369588,615.8138,520.229,0
625486247,660.7695395052478,415.3971462340433,606.1082,148.1372,0
625486264,656.2906026762305,434.42618894579397,605.7861,465.609,0
625486281,627.8362029911513,385.7348958306926,601.3317,199.9639,0
625486297,652.0417097098048,390.6876899914118,626.7841,206.6499,0
625486314,652.4102775231662,386.86212642556404,628.0341,189.923,0
625486348,648.0657104599368,392.6001378539772,612.5503,237.747,0
625486382,650.0204419821997,394.8949564641681,630.1992,229.7802,0
625486415,652.9948304133492,400.40106231462187,638.3179,272.2871,0
625486448,649.1114811634978,400.2501011261824,602.9073,228.6542,1
625486481,650.344590959593,402.54308213331205,631.1986,259.4207,1
625486515,638.9615044801278,543.9627684249776,603.5056,541.8827,0
625486548,652.617394903638,555.4766794670558,617.3324,564.6006,0
625486565,645.2082215548202,446.69409314625983,614.856,94.9767,0
625486581,643.9846439900398,427.0374725257329,615.796,203.7096,0
625486598,646.554594910722,461.7849970343666,618.4265,586.4014,0
625486631,643.2073685838769,476.3775876147509,594.6648,520.4876,0
625486648,632.2561116001405,530.3660221264859,597.2014,513.4691,0
625486664,652.8119000408888,579.3766710812358,616.0797,616.4969,0
625486681,663.3763343569724,577.4831543960166,638.7634,604.7263,0
625486698,664.3069572080171,564.4118697616786,632.7211,525.324,0
625486715,656.3957024557732,517.3104208071438,607.1733,182.0486,0
625486731,647.7152815326385,489.36622878477004,586.6884,192.7019,0
625486748,623.932468701908,540.2912252409301,587.7388,536.4356,0
625486781,669.2900246962371,564.5368038463789,634.5189,581.4791,0
625486797,658.6326566350626,555.0967179336719,613.0204,544.0932,0
625486814,653.3058416217618,559.5294004986903,606.0701,594.3071,0
625486831,646.2720264686654,550.5460432005881,590.4645,500.5355,0
625486847,635.7233301407786,501.8602339957073,570.5984,43.2464,0
625486864,640.7792890477576,389.24319452924163,614.889,205.4075,0
625486881,667.2932182980917,355.5275260957803,645.1592,127.6874,0
625486914,663.776622221481,373.0999543866998,635.5416,205.1341,0
625486930,649.358013069244,440.15797739381384,582.3046,608.769,0
625486947,643.4236466051098,471.5427844970456,588.592,586.4761,0
625486964,650.8214871847362,494.3459971923971,645.1372,617.1971,0
625486980,648.7858722437534,437.9923370058041,620.4308,309.9799,0
625486997,632.7836491191842,368.49710982814383,607.6486,161.6773,0
625487014,664.8694479638615,372.813033617811,675.3145,169.6181,0
625487030,660.2022853161847,375.85028612550843,625.9642,187.694,0
625487047,688.6799526631085,399.6167936790708,750.6572,358.6265,0
625487064,760.7458665727125,402.948890888695,1040.8831,194.2566,0
625487213,431.88125783364495,276.03284378029684,1193.5271,-16.1366,0
625487230,620.2059585400351,276.88809652965085,1187.7227,-123.6564,0
625487247,729.5371796022799,310.7217129481245,1150.6727,237.0949,0
625487263,1208.5843005397442,289.69281760541236,1225.1187,-106.488,0
625487280,1152.026686190791,454.7198460253857,1154.8621,261.5989,0
625487296,1150.6256607088346,465.3119397797551,1150.5923,308.0397,0
625487313,783.811525224955,393.02109883751217,0.0,0.0,0
625487330,598.5460328426374,356.5092163711313,0.0,0.0,0
625487346,709.9430107725451,369.3907629972385,1163.3137,189.6016,0
625487396,600.6990225344791,375.2669711275442,1144.7335,363.1137,0
625487413,418.9006158151344,333.314286971648,0.0,0.0,0
625487430,327.0679086973425,312.12252102949293,0.0,0.0,0
625487446,271.2238045147002,299.2356429620482,0.0,0.0,0
625487479,1108.6797119924136,517.0335911277815,1104.9348,404.2899,0
625487496,1113.3115963796408,406.0241363664832,1128.3213,-79.0481,0
625487513,1111.7241558560563,366.54297174305486,1118.7408,-91.9241,0
625487629,1114.0007669363802,355.039372802241,1129.6846,-21.323,0
625487646,1115.5262037766233,347.8918985105339,1130.4718,-23.1323,0
625487662,979.6382155550718,320.1714563198836,979.6565,-1.7196,0
625487679,786.1777217406471,332.3540814261042,773.0687,57.3215,0
625487696,794.1992946557488,330.3602235681618,790.3604,45.9705,0
625487713,788.3772673284506,327.791329983051,763.6448,37.9217,0
625487729,790.6739881265098,328.8610628560954,785.1652,54.8169,0
625487746,795.2120002223728,327.53621709415165,802.2187,31.074,0
625487764,793.3018504934319,328.40865690352825,770.4827,58.5467,1
625487780,796.7117978687834,326.2164728264711,806.2734,11.4365,1
625487797,799.7634660154633,323.95367818381294,810.0968,1.207,1
625487813,800.4467971020179,322.5123096696921,794.0674,10.429,1
625487830,800.3225493128822,321.6232033401349,787.1288,17.4747,1
625487847,798.8899841185117,320.50385153990106,773.1476,11.5561,1
625487863,800.7278682305348,319.8083905807719,808.4324,12.1789,1
625487880,803.4411705632137,317.73840679000597,823.0023,-26.6559,1
625487897,805.9786135002985,315.73529275045126,824.7567,-31.3024,1
625487913,808.4433553476858,313.5495357928226,827.5521,-42.4536,1
625487930,809.5369935490038,310.0085743420914,812.5838,-85.049,1
625487947,812.1561994985288,306.2092072782284,837.0638,-105.412,1
625487963,811.2350923226053,306.3243701774277,782.9363,15.6872,1
625487996,810.8464911953213,306.39845777159945,790.8771,12.3194,1
625488013,810.5945959777791,306.12143312983056,793.4747,-0.5409,1
625488030,810.0708628022832,305.2723414474792,789.7306,-20.6992,1
625488046,810.1760630415772,303.0395228360645,801.7203,-72.4355,1
625488063,806.1785564869109,302.06554571012117,730.4747,-21.3451,1
625488080,801.9511715064331,301.03601608963186,724.5055,-24.928,1
625488096,797.312113853256,301.9987829479132,713.0608,46.0326,1
625488113,792.4859338182316,302.3589975282546,707.9049,24.3027,1
625488130,789.0454214536664,302.9543926468299,730.1644,28.4107,1
625488146,785.3562312162817,303.415595773902,723.5493,23.7213,1
625488163,730.5090796777221,304.8584581607643,715.516,6.9524,0
625488179,731.814126894323,302.29076979580526,717.0614,1.1537,0
625488196,725.3701467421084,304.70335899802996,703.0717,13.7914,0
625488213,757.3127052094188,336.60722030358266,805.8022,198.4616,0
625488229,776.3056751823873,330.13954578542297,823.3333,2.0353,0
625488246,786.3523714153255,324.8864990675742,815.868,-10.8247,0
625488263,791.8733195647751,321.6615335349192,807.7365,-5.26,1
625488296,835.2048492359486,510.98190080061516,814.3246,437.1834,0
625488329,820.2802175670141,457.8696862765043,801.6884,324.2958,0
625488346,819.2648918326983,392.6839939860376,807.4825,41.7319,0
625488362,821.6230391127666,368.5555220522011,816.472,25.7529,0
625488379,811.4730872450717,355.08578996127613,768.9427,22.2565,0
625488412,794.7155109280349,351.50785189420196,712.0892,80.351,0
625488429,701.6705551861477,308.1224240074497,684.6322,18.8995,0
625488446,716.4668143959543,337.9464639368165,698.5541,81.209,0
625488462,711.0159616950021,312.12087825921867,690.1199,-29.0407,0
625488479,708.6843222117633,319.3370057550415,685.6252,74.3036,0
625488495,711.1915643986404,327.07733973371654,700.1776,107.1203,0
625488512,710.1626205600451,330.48625371579817,687.186,95.3488,0
625488529,709.1272258965313,327.5116467253158,686.9694,28.3666,1
625488545,708.4470173985253,325.6409788196741,687.3796,32.6678,1
625488562,709.7551781559209,327.72691280043244,700.6378,88.9119,1
625488579,708.306670094796,325.48328616581443,680.1002,20.2499,1
625488595,708.1878573155677,325.69421407039925,689.5721,60.2629,1
625488612,710.6239784142198,327.9334109281236,715.5328,101.1609,1
625488629,711.9595779933634,328.09535319591043,707.8806,60.9469,1
625488645,709.3799907505136,327.50909497421725,662.4131,50.0368,1
625488662,708.249227731577,327.03192587259645,677.527,48.8904,1
625488679,708.558118171436,329.52175191844054,693.3211,127.163,1
625488695,707.4766894499929,331.52179864406577,674.1545,122.3257,1
625488712,705.8904864984296,330.3357729981116,668.0094,32.5626,1
625488728,705.8318768665526,332.50592674491384,686.7104,131.4409,1
625488745,706.5642696297984,333.98238978882745,699.4703,111.7417,1
625488762,707.2807088483319,332.15504939572253,702.7182,5.8163,1
625488845,1271.362989226629,737.9596579912229,1264.5386,856.9207,0
625488861,1171.4852190006718,655.4544878558218,1163.3066,694.4719,0
625488878,1169.1173405863271,649.6296232607259,1158.9849,669.9884,0
625488895,1164.580394957202,651.0074336053536,1146.4814,693.501,0
625488911,1163.991181278998,649.1976650562759,1154.2686,670.78,0
625488928,1164.2114345997045,651.3025330904069,1156.3346,704.5969,0
625488945,1164.3268249627479,652.2076138905134,1156.3069,697.9828,1
625488961,1159.3978392628937,651.6445767013369,1120.6719,685.7083,1
625488978,1159.7582195907755,651.0902937623657,1154.4731,678.34,1
625488995,1160.620443945642,650.3045962859192,1159.8293,671.1792,1
625489011,1161.3964482784927,650.2845520344862,1160.1051,683.7701,1
625489028,1160.2928127873208,649.3450535294393,1141.7596,666.5131,1
625489044,1167.030212783858,625.3699317284776,1160.4038,629.8553,0
625489061,1164.159384348336,638.7916666236301,1156.5295,659.5009,0
625489078,1159.530014495764,644.0068189426588,1146.0544,683.6915,0
625489094,1159.1655231916486,648.746649363271,1149.2886,702.4984,0
625489111,1162.4349022570093,648.2889994668818,1164.5464,675.6301,0
625489128,1163.2558087735995,647.4957280915148,1158.5851,671.0929,0
625489144,1159.178776534224,645.8305167447529,1130.0862,661.3093,1
625489161,1160.1160638958156,645.578074388757,1157.8599,670.9988,1
625489179,1159.674587116832,642.0407705353045,1149.9608,616.8611,1
625489195,1158.5905570940383,653.1402223972763,1136.1017,875.2386,1
625489295,1155.1329574277067,653.8538186382617,1115.4504,708.6487,1
625489311,1153.2917407938521,653.6185016360658,1127.522,688.5516,1
625489328,1151.3254760483462,653.8031320943749,1122.8431,698.5077,1
625489345,1149.9957556158715,652.9691379953387,1128.3076,672.9762,1
625489361,1149.3744773745498,652.395307311357,1135.351,676.4941,1
625489378,1146.1714327169313,651.0302413171717,1099.929,658.8475,1
625489395,1136.7081999959432,601.7344024288506,1129.5844,583.6059,0
625489411,1157.2203957361573,593.1900542703489,1151.9314,561.5876,0
625489428,1256.5858608414674,603.5035206521068,1361.8555,572.9321,0
625489445,1216.837567879784,611.9007285138963,1128.6226,641.7333,0
625489461,1195.0582831203765,613.9971944495682,1121.9646,624.3964,0
625489478,1183.5237539797297,613.9505900238679,1131.316,608.8492,0
625489495,1138.9204407506495,639.718898340875,1129.6184,665.7648,0
625489511,1169.7135561354248,651.5793880571393,1161.6582,686.3505,0
625489528,1172.58680273659,586.7682796353853,1175.6711,404.1046,0
625489545,1150.6703120261423,533.2597709897227,1108.7385,209.478,0
625489561,1138.4932661362054,505.8372214211572,1104.1626,206.7832,0
625489578,1130.0753751631732,480.88507041191957,1101.3362,119.0002,0
625489594,1088.2575234881979,403.7143509515475,1090.1262,161.5122,0
625489611,1091.4298000948145,413.476885743798,1092.9053,182.1898,0
625489628,1100.3672947971959,404.07472532734965,1113.0474,138.3789,0
625489644,1105.382257282353,401.90629961829904,1119.2739,143.7705,0
625489661,1104.1508812154416,397.9177328461189,1104.0958,121.3573,0
625489678,1092.5488469921434,441.14809021519176,1033.499,618.8674,0
625489778,1104.3844006112504,422.45321377944646,1106.1409,199.5122,0
625489811,1124.4905924109148,430.20085181551724,1127.0609,212.9609,0
625489828,1107.8653235877298,424.1451830580878,1092.4659,192.2704,0
625489844,1105.8245373343902,420.9160301126383,1103.9309,182.7216,0
625489861,1103.0623613644896,422.69452880559504,1095.8008,213.2458,0
625489877,1100.64322117169,417.0621699267678,1093.9419,142.0179,0
625489894,1104.0769788401633,414.28764411939517,1125.2104,150.2959,1
625489911,1102.2722719920844,412.87909665413395,1093.9032,164.2085,1
625489927,1102.6616263830433,411.21023263476485,1108.6295,152.0982,1
625489944,1103.4791517149367,409.5033465993106,1113.3975,144.3812,1
625489961,1105.0128059679435,406.67105908032806,1122.7371,114.0437,1
625489977,1104.7453080575376,404.82049653539457,1105.6208,128.4252,1
625489994,1105.1210193710986,402.9548799416065,1112.7988,120.7614,1
625490010,1105.9252148265239,400.8520263123334,1118.9594,107.9142,1
625490027,1103.6553735470409,399.9591305972502,1079.5815,139.6187,1
625490044,1104.5079329814962,399.1818890810725,1119.051,133.7256,1
625490060,1105.8498299822024,397.78506132351106,1127.6133,112.0337,1
625490077,1106.3326401751585,395.29813076259234,1117.5128,77.13,1
625490094,1104.900045912488,392.9960897169552,1088.8555,81.3956,1
625490110,1096.245541946124,395.1660547347117,970.0875,237.7603,1
625490127,1089.7235672754457,397.14986699464407,996.9532,230.2848,1
625490143,1082.78194057679,399.5378865366391,983.9606,248.3257,1
625490160,1075.9971159632612,400.5233145526921,982.1446,203.3896,1
625490177,1070.1249330003902,401.9599893696527,991.8391,218.5633,1
625490194,1064.9965018352134,403.3386820607714,999.9276,216.7507,1
625490210,1058.9140497914868,404.3033309601238,978.8873,206.688,1
625490227,1053.0835118871084,404.38279979756953,979.2563,175.5678,1
625490243,1048.3143352010368,403.9693902295975,993.9891,155.6078,1
625490260,1043.2302979047915,403.68673109885583,983.4034,162.3446,1
625490277,1039.3210182674884,403.5326560631384,1000.031,164.8456,1
625490293,1035.0620145936573,403.3489506823008,988.9464,165.8905,1
625490310,1031.3380936602998,403.7912620765774,1003.3011,193.501,1
625490327,1027.069706895138,403.8419678889454,984.7848,178.7108,1
625490343,1021.7853142022747,404.0442983511345,962.0922,187.4548,1
625490360,1013.8801997022637,402.70958844649135,909.189,141.2036,1
625490376,766.5340841694402,354.9365062851658,750.7885,109.695,0
625490393,926.1829095499395,379.56479944553297,919.1522,136.3279,0
625490410,919.6149950900112,371.1794542586711,906.2162,102.1443,0
625490426,913.2559117171405,376.1894229566594,891.5824,155.0173,0
625490443,915.8054373225832,376.65474712047813,916.385,133.3818,0
625490460,915.7072053906645,376.08789390718067,907.9991,125.6574,0
625490476,913.9154785707175,374.52888618067703,897.6563,112.3974,1
625490493,894.9831718247475,367.18117004888234,773.155,41.0614,1
625490510,878.050149415993,360.5040746491992,754.0207,26.8653,1
625490526,861.7117406118191,357.58924179950304,727.1155,75.4748,1
625490543,850.1877801829714,354.9170323715056,746.1791,66.8086,1
625490559,841.1831896285601,352.5007930365814,753.7164,61.8915,1
625490576,833.0386478163214,348.34566201583067,750.1895,13.6023,1
625490594,827.7046035804666,343.6288396355647,772.5004,-17.0231,1
625490610,821.8307672924482,340.19500057779385,756.5554,5.1611,1
625490627,816.218163789439,337.5365246657988,750.9898,17.4551,1
625490644,813.9158870139256,335.7101356489214,789.3933,27.747,1
625490660,810.8616964649545,332.8727797585107,775.2825,-5.7496,1
625490677,804.799114548153,331.87326955410845,723.2502,52.0834,1
625490693,803.7153872747759,328.89823117399544,795.912,-26.0807,1
625490710,797.1855187624836,326.88523196643916,704.4692,12.9638,1
625490727,793.9218429428773,323.94645270685464,752.3305,-30.9188,1
625490743,790.4751756397417,321.58886464169046,744.3315,-16.1495,1
625490760,785.8048957626048,319.9593315618606,718.2141,7.9248,1
625490777,781.966566628868,318.25453386848284,727.8039,-0.7623,1
625490793,777.8103002639738,316.4320390481598,717.8386,-7.9218,1
625490810,775.0117297501889,315.15644319195695,737.1079,4.4309,1
625490827,771.6439578999424,313.7476386411223,723.0726,-2.2361,1
625490843,769.638367796721,312.3515081565055,743.9664,-9.0653,1
625490860,768.7876644976442,310.1761571200713,762.6069,-45.0939,1
625490877,765.622529107459,308.88863402026385,715.7488,-8.4782,1
625490893,762.7874975012799,306.67490664532704,736.5135,-34.8,1
625490910,758.9855156427947,305.3348146281331,711.184,-6.971,1
625490926,758.6414556372615,290.263079912751,746.3405,-29.4963,0
625490943,749.7072304090595,290.8394555352322,736.7992,-26.7398,0
625490960,747.4154264919423,294.30248680144695,731.5061,-10.9395,0
625490976,744.3523210851348,292.4281433976157,724.7682,-29.4951,0
625490993,749.797385096923,291.1886321676627,754.3342,-36.6836,0
625491010,738.5928719984096,322.8061911078945,668.5386,321.7237,0
625491026,684.8159678400959,468.90358268530304,656.8793,371.0767,0
625491043,699.5668645812951,569.7950491830582,666.4126,587.8066,0
625491059,687.0379896292608,557.1309650386672,641.3298,537.0578,0
625491076,689.4730763550144,560.7439077468463,660.9998,584.7543,0
625491093,685.9707272924471,529.8559924577326,648.9565,306.1189,0
625491109,691.6878477733802,509.7272728464017,690.4765,285.2015,0
625491126,693.4908007266134,520.6183975641242,668.7642,599.7302,1
625491159,692.4155865755797,559.7313279503871,659.4182,567.1445,0
625491176,662.7615519523752,550.6395124605265,628.4213,552.3827,0
625491193,662.8641062148091,547.2897546806557,629.048,537.8102,0
625491209,675.8433076358391,476.8694986925485,682.8356,81.5197,0
625491226,674.9925819918882,445.08679186707485,650.678,119.0599,0
625491242,667.3200255313459,458.3548875031288,603.3885,473.7,0
625491276,652.1592150033852,536.6811567934218,617.9928,523.8395,0
625491292,630.8365894858199,542.5466848748644,594.9471,540.1738,0
625491309,626.5568908385675,454.28021326293526,596.6191,158.5371,0
625491326,629.6397197684037,410.32755081169734,613.5978,63.2455,0
625491342,629.9848698273069,438.46977106798045,596.2966,497.6837,0
625491359,631.8238581216632,459.0957609809231,603.7779,533.8721,0
625491376,651.3488661260609,561.7408334384423,615.6001,578.4247,0
625491392,621.1440435755887,353.006772400113,596.21,129.9801,0
625491409,651.2526360690542,354.7149196134298,659.9918,127.2682,0
625491426,663.9583880278617,371.63615185113605,665.278,232.0697,0
625491459,656.2985020932286,414.03443666625896,597.7012,533.0712,0
625491492,657.4450103378025,409.86561198731476,637.1315,207.8057,0
625491509,664.0132474595877,535.6447130969473,630.6689,519.5918,0
625491525,646.7742731125213,533.0604638508094,612.4843,516.8792,0
625491542,653.9669844231961,538.0006083593735,627.1683,535.9005,0
625491559,652.6610746777277,543.582408737744,614.6292,563.2405,0
625491575,658.6826157834084,550.4229532049659,641.8397,593.422,0
625491592,660.219739453233,516.7260579225257,642.0947,190.1251,0
625491609,656.359245333508,405.6614282493347,630.4635,238.4574,0
625491625,670.1559003594097,418.5159353707029,644.3582,264.0644,0
625491658,657.6668271441706,478.6240362943975,610.4825,529.1331,0
625491675,656.9482456432439,451.5995759924291,630.1308,221.0496,0
625491692,655.9158098764428,470.9677052140212,619.3104,505.9242,0
625491708,656.5612847231221,455.94139590443905,634.0421,218.071,0
625491725,663.7474988692851,347.75854719237816,641.861,111.4042,0
625491742,640.2725412542774,337.6629473276755,617.5,93.4211,0
625491758,665.4886131740811,357.5068368281702,668.671,171.0635,0
625491791,669.3541316297457,374.93744455418874,652.0952,243.2876,0
625491808,660.7697617376468,420.0560674600305,598.8566,563.1471,0
625491825,658.494010109288,424.565048643975,621.183,315.4128,0
625491841,656.0569403601503,540.9451368841322,621.8796,532.4479,0
625491858,638.5406605566203,360.4578362959239,614.2651,143.2406,0
625491875,642.0159013114405,367.76032840040875,620.7604,173.7648,0
625491891,647.9054479227639,422.45400650890184,626.2415,510.4825,0
625491908,644.5212496474734,451.00456587689814,599.1939,522.7106,0
625491925,646.3670548160663,435.4553228641013,629.5476,167.3774,0
625491941,649.0368224269698,367.8131397458838,624.9839,157.4548,0
625491958,643.6258004733043,541.0753330778288,608.6448,534.8237,0
625491991,648.6985323684336,548.7518899698919,618.4894,566.434,0
625492009,640.1887950414744,542.5030276239836,587.6404,514.2892,0
625492026,688.7053103606302,547.2779913443794,808.5115,547.3573,0
625492042,777.1986053557348,556.6796030375958,1115.6624,567.9751,0
625492059,1243.002654754431,613.3759323520154,1241.9717,591.0044,0
625492075,1256.4472579937358,568.7261462683244,1259.0038,491.7274,0
625492092,1265.479109243596,562.4529428808079,1278.9645,461.4645,0
625492109,1263.1344033338426,576.1333705063038,1258.9976,566.6281,0
625492142,1258.492696617269,571.8054823497114,1247.135,472.1337,0
625492159,1257.8664417061805,571.788436477043,1257.8561,498.2968,0
625492175,1258.2419399287062,569.0987839169958,1263.8024,463.3966,1
625492209,1256.0554186335266,578.1898190172483,1241.491,628.8784,1
625492242,1254.0027696529598,585.3199597391173,1238.3579,631.9339,1
625492258,1252.836423099144,590.0469950100352,1243.1111,613.5194,1
625492275,1196.7015622018419,382.77834964992104,1206.7903,97.7655,0
625492292,1201.6685044297465,383.24127951404904,1212.0469,97.9351,0
625492308,1208.9068458216175,375.8921395908816,1228.3273,63.6056,0
625492325,1213.025599923686,373.2067290304588,1233.7373,61.3339,0
625492342,1219.0706771683626,368.09515415655744,1251.3733,26.3373,0
625492358,1217.1100866131073,374.78240237717756,1218.8951,135.8173,0
625492375,1212.9443701432729,375.9046398340098,1202.4282,95.1592,1
625492391,1209.7754660723351,373.9980277067223,1202.5972,55.211,1
625492408,1209.4973195941402,383.31057563914504,1215.099,231.7268,1
625492425,1203.9131419801602,387.4544879290779,1168.2595,178.6406,1
625492441,1201.4813132365043,388.9823462033963,1190.777,137.2078,1
625492458,1201.7479496049725,392.8940872588123,1214.0029,190.9686,1
625492475,1200.7847751447412,396.2944743024187,1200.1375,194.0698,1
625492491,1202.1861533710085,396.5233702374145,1229.4946,121.1347,1
625492508,1203.1917090748318,398.5344011198418,1224.8599,169.9552,1
625492525,1204.4061925283877,397.9010931909573,1230.8075,101.8916,1
625492541,1205.9400445108254,399.9041362241224,1234.6143,176.4663,1
625492558,1207.331928128419,399.01303097419424,1236.5079,94.7238,1
625492575,786.8003391568967,298.20947680631537,775.8165,-16.9715,0
625492608,762.5955582874593,280.3504605441745,751.1531,-51.6998,0
625492626,755.6557789140876,281.693272812311,736.2401,-43.5382,0
625492642,752.6988312435407,282.27749011880326,734.2198,-42.3553,0
625492658,751.3785882807184,283.3998958736719,734.7486,-35.3436,0
625492674,745.229865151511,285.2141273136405,706.3958,-18.8012,0
625492691,735.3342492236599,286.9623924712683,670.4734,-6.5373,1
625492708,734.934093665461,287.22815051091135,719.9598,-29.1289,1
625492724,733.3067669217546,287.35601632477176,709.1955,-28.6642,1
625492741,735.3974931613258,286.76414168791257,740.1818,-46.3098,1
625492758,735.1947001503058,286.8333427734849,720.7135,-31.9787,1
625492774,736.0258568834587,286.5772330992261,731.6091,-40.5418,1
625492791,737.9566085009377,285.6805700204758,745.9736,-58.6174,1
625492807,740.027373603872,284.7704092769133,750.6122,-62.3999,1
625492824,737.5024022944814,284.9195254442995,693.2678,-28.0531,1
625492841,738.0800542929036,284.05871131482564,732.8892,-61.8762,1
625492857,739.8125751279458,282.8751904875616,750.2825,-76.1385,1
625492874,740.8747881698455,282.0533041875818,742.1252,-66.848,1
625492891,743.9813090010356,280.503810604708,775.165,-96.5793,1
625492907,745.2993591794935,279.51185196272047,749.7204,-78.0234,1
625492924,745.6542071449715,279.1591871104839,735.007,-56.8674,1
625492941,745.1050930458889,279.1205040419246,720.3522,-45.0423,1
625492957,747.1805056068637,277.8639561759794,765.7442,-94.582,1
625492974,747.4880355197698,277.41391927894045,736.2863,-63.961,1
625492991,749.5140546409696,276.4020754086747,767.4777,-90.0486,1
625493007,751.5780366940014,275.6357213407083,769.4528,-83.3332,1
625493024,752.7932141410388,275.3681764468722,755.2963,-64.4833,1
625493040,753.5964405239539,275.45398036680075,748.6829,-51.5583,1
625493057,754.598257200321,275.3285946839046,753.5966,-61.0331,1
625493074,756.4245436996464,274.72253478155966,770.4318,-82.647,1
625493090,756.2151184682925,274.55502513877514,733.5956,-61.4838,1
625493107,755.9356108819342,274.682761929595,733.5554,-50.008,1
625493124,758.0417921907167,273.59221469982526,778.3898,-103.4559,1
625493140,761.1219464659013,272.1580861005583,797.6551,-120.4608,1
625493157,762.7673882653321,271.28971190024794,771.7524,-95.5431,1
625493173,766.0386841764936,270.4495643241126,800.3914,-99.2374,1
625493190,766.6631557054038,270.36185872507605,748.8047,-63.6833,1
625493207,767.5335418187424,269.8951899344859,761.1989,-83.085,1
625493223,768.784188895719,269.30573790508595,768.8607,-90.388,1
625493240,770.6190274348031,268.6587346864475,784.5635,-97.612,1
625493257,772.1513255565113,268.05912000050984,778.1784,-94.7766,1
625493273,771.7629171095108,268.22007041978696,744.4245,-62.7245,1
625493290,772.0262374759425,267.8676312510607,759.8532,-87.2103,1
625493307,772.0646850411676,267.613978813639,757.0555,-84.1349,1
625493323,773.6347463282507,266.671831717553,781.304,-112.1147,1
625493340,774.90620284592,265.84236445720296,781.3372,-111.7829,1
625493356,775.0674302487173,265.7907455777351,762.7329,-81.4642,1
625493373,776.9687136306932,264.6197493336205,796.1535,-128.8112,1
625493390,777.4473777087719,264.2612144275485,773.1559,-97.8549,1
625493406,779.3325215553222,263.07101809653795,798.0472,-132.2769,1
