timstamp,smoothx,smoothy,rawx,rawy,fixation
632256700,953.0859464867444,571.4170086089852,974.5299,489.896,1
632256717,951.0256616271951,574.8120914855351,927.6661,573.6747,1
632256734,953.9674416270242,576.2053269252508,996.8116,547.1802,1
632256751,954.4498594503679,574.2614517019292,962.6789,498.9188,1
632256768,948.7436165526226,572.7116461668533,869.2891,504.955,1
632256784,943.5029962213257,577.0935443565206,874.3207,598.542,1
632256801,937.5162859377037,573.4072987316518,855.5776,470.3152,1
632256818,935.4169383150507,575.2612340171844,917.0707,559.512,1
632256834,936.1947654947581,576.2736488957663,963.1096,545.7296,1
632256851,932.4919952348168,576.6052613419452,886.9218,535.9969,1
632256867,930.3999650467342,577.893012982668,912.6019,552.7452,1
632256884,931.7869391010132,578.187048755752,971.0376,534.9799,1
632256901,933.7392413994595,581.9853942436615,982.1082,598.1105,1
632256917,935.1992857239967,581.0876550307208,971.3748,514.9952,1
632256934,936.0869012285025,582.6037211298078,961.9538,559.4827,1
632256951,936.4297418851454,582.4597372767743,951.1603,530.0981,1
632256968,937.485738419591,581.7472174313008,965.208,518.0775,1
632256985,935.3680757033244,583.8337530457674,912.1057,576.4519,1
632257002,931.2668774370411,581.2448841618639,866.0253,486.604,1
632257018,932.0554527054229,584.7161987636619,947.4149,590.3142,1
632257035,931.5344818323816,582.4973518026975,927.0535,496.3855,1
632257052,930.6066372368721,577.9476304999833,930.4379,448.0117,1
632257068,797.4471955375769,418.6691712963681,795.8529,367.6144,0
632257085,856.134094279792,417.03805573334813,856.406,364.8879,0
632257102,823.7917809583755,403.17913682098634,789.0386,336.8288,0
632257119,829.8963481232292,407.13142614149405,841.963,363.0389,0
632257135,839.4001409409391,413.5301734495221,868.6624,380.9919,0
632257151,833.8735755409517,423.23305018922457,811.8678,412.1053,0
632257168,831.257993473329,425.07439592516187,818.0431,382.7432,1
632257185,832.0386664112452,425.30986340366155,836.6525,374.5557,1
632257201,836.7262519545131,426.0110275085685,869.0652,378.248,1
632257218,832.2755193868431,427.7253749539311,797.3483,389.8345,1
632257235,834.8932180878251,429.2846334186194,857.8416,390.3317,1
632257251,840.8184604111634,430.72620921920253,896.5878,391.087,1
632257268,839.8938258091591,430.40516303790366,828.7476,374.4526,1
632257284,839.6937319513632,424.7035678513883,834.5927,308.6418,1
632257301,838.6696157598059,423.2925205897057,825.122,355.9775,1
632257318,837.1519037022043,425.5311930218454,818.4584,403.4179,1
632257334,839.3382948086908,421.70900142514483,865.8521,320.1124,1
632257351,836.7178096949895,422.9268310530604,801.101,390.5248,1
632257368,832.9027079731339,426.47097722273736,781.6523,427.1935,1
632257384,834.1560685380086,429.44155152788767,855.2819,420.3721,1
632257401,833.2376681375251,431.2377655290074,821.832,404.8032,1
632257418,837.518479183728,431.41990352837064,903.8502,378.6114,1
632257434,833.2585760313208,427.73465870012683,765.4072,316.6456,1
632257451,830.2931643877752,433.0418620835478,787.762,467.2343,1
632257468,836.5092803648128,434.21731745045855,939.889,396.4504,1
632257484,840.8209881205842,432.52946060757887,908.9255,347.7415,1
632257501,841.9232006377155,433.21356849925814,856.0756,390.392,1
632257517,840.6616358091735,429.82299722218,813.62,318.619,1
632257534,842.3128661214585,427.9511289796549,865.8048,344.3654,1
632257551,843.8399156927653,425.0390622728881,863.9816,324.9245,1
632257567,841.6252693934363,422.8728068445347,797.8009,338.851,1
632257583,843.3647555424163,423.01931506547567,871.6257,378.8946,1
632257599,839.2093222902711,418.5312564463054,757.0338,292.3425,1
632257633,841.2111907451091,417.84013167993857,875.8556,362.6658,1
632257666,841.9277296530694,419.27871867347807,856.4026,403.0745,1
632257682,836.9952487923139,417.6673077348679,747.5619,350.7467,1
632257699,833.1979310571261,417.41086138583097,769.6707,370.8065,1
632257716,830.382469458975,416.5848487454823,788.8888,358.1614,1
632257732,826.8870254341116,418.0211271348404,780.145,399.3579,1
632257749,820.8157232162368,415.68818819597874,723.5099,331.1712,1
632257766,814.3368329498741,417.61860803674546,723.2435,408.6177,1
632257782,806.594544572699,416.37376798038036,700.7469,349.8049,1
632257799,805.3009544930561,421.357352312191,809.1637,459.7825,1
632257816,800.9113540179374,425.1648944517332,750.8716,432.1888,1
632257832,796.8079363156062,425.42420734499007,750.6425,372.8191,1
632257849,795.4907145513829,427.6297035818545,797.8723,413.0517,1
632257866,789.6623919567758,428.86804396761096,717.9581,388.2576,1
632257882,786.3108607369679,430.2593098832872,752.1329,398.8817,1
632257899,781.7934189253127,431.7279978423536,726.0599,404.8477,1
632257915,775.0594353429682,431.4225502439849,689.7449,372.4149,1
632257932,773.4907055356426,432.20064507570186,775.2935,389.658,1
632257949,769.3236800239386,435.0876221115383,733.612,427.3096,1
632257965,765.8490900458503,435.5067553075459,725.899,376.8844,1
632257982,761.0529702014726,434.5965480222389,700.7254,370.3425,1
632257999,755.4269852018067,435.2748253213744,698.1766,392.5937,1
632258015,755.4619711110762,431.1068480956918,788.9352,298.0549,1
632258032,753.7660312455797,421.6285827090472,745.0553,206.8744,1
632258049,751.9624849359635,415.931793417646,736.4562,269.2446,1
632258065,754.8352819186612,409.9247637085554,822.6063,265.093,1
632258082,756.4479609767022,401.4396106610953,795.1661,217.2158,1
632258098,758.5186752268118,396.1551232960495,795.1909,275.9547,1
632258115,757.4747432310928,387.697756702926,743.8281,220.3501,1
632258132,757.2682487357188,381.1672448501328,745.9719,243.2188,1
632258148,758.6719321942039,373.26596263725855,786.0627,221.699,1
632258165,829.120911389585,163.69224531377895,822.4056,98.4073,0
632258182,826.1461914144273,355.3653410149901,823.957,300.4198,0
632258198,797.9997273745018,317.19284266882806,764.0714,221.045,0
632258215,795.5403147118013,292.4710819016998,784.761,183.1937,0
632258232,811.2131931869595,285.15816378590324,854.4922,203.649,0
632258248,799.8078568000774,286.36321668219057,748.7113,234.7326,0
632258265,794.6240543655076,292.4466579234926,764.8768,266.986,1
632258281,789.1503585233498,292.0040173132694,752.1988,232.3557,1
632258298,798.7015665084874,287.014651647031,860.0354,193.0094,1
632258315,792.6567851888083,286.11294478504317,740.5823,222.5889,1
632258331,792.0324205452144,283.7096241213768,782.0702,205.5289,1
632258348,799.8723212174584,285.0381485994642,870.0458,239.7273,1
632258365,793.5859707351308,281.45843878610026,722.9006,188.1486,1
632258382,789.7662448720555,286.7554197080754,745.4428,290.168,1
632258399,787.6181158022634,286.7047496048558,759.7471,228.5991,1
632258416,783.7230541334809,284.3758656592731,733.1145,198.2336,1
632258482,791.1439399849144,280.3688850214858,883.5383,169.2348,1
632258499,794.9951913317282,269.2857265929563,837.9301,61.9578,1
632258515,798.4614145376563,257.9260011800628,835.705,46.0065,1
632258532,803.755468022188,252.47567021142726,868.7331,126.0142,1
632258549,803.6328158701409,247.24028069759248,788.5269,124.9732,1
632258565,797.9966883370448,243.00398057988812,700.6405,137.309,1
632258582,803.1383917903893,242.42960939306263,874.8588,190.9866,1
632258599,810.359020285965,237.53778494806755,911.2899,114.6845,1
632258615,805.2461408619928,232.3752856152442,706.7195,108.6561,1
632258632,811.9111716664563,229.1767312519502,907.9771,134.9086,1
632258648,668.9167028175121,64.56883948950262,654.609,-3.2855,0
632258665,743.8757014420873,212.7221769124794,735.575,151.5329,0
632258682,875.4029635286902,162.7298086439335,1004.4167,41.8037,0
632258698,824.9951736027441,176.07730843691246,714.9746,141.4759,0
632258715,791.2243305240892,213.57549352695364,683.9055,270.5203,0
632258732,758.4375440892079,224.1470044476582,620.1611,208.0935,0
632258748,690.4004975478765,308.1510673818952,682.665,253.0024,0
632258765,718.6714996543426,303.8575279201263,711.7504,247.9929,0
632258781,712.7592767412059,295.84640524522155,699.1716,231.335,0
632258798,691.7571607412806,292.274179393626,640.4507,229.5288,0
632258815,675.2095584899506,296.594507281521,616.7209,255.517,0
632258831,690.7329516567542,288.652964358277,745.5475,198.5115,0
632258848,679.6350533859883,287.95399778603075,615.3176,229.623,1
632258882,684.9586515538631,288.9717887697017,709.3501,238.9528,1
632258898,684.4935132069044,308.6893343204341,676.8405,392.3286,1
632258915,681.7553189543128,321.2777125537926,655.3826,364.4542,1
632258931,671.5539311400375,327.50230988694454,577.9481,325.1772,1
632258948,677.940786991968,336.9545305168672,735.2524,367.4239,1
632258965,682.0418869167579,344.4319955322648,719.2388,360.3246,1
632258981,681.1872597925379,352.26345456379187,666.5398,377.0743,1
632258998,684.7799910833244,361.45232717102465,721.882,405.1366,1
632259015,686.8989847086785,370.49978202677187,707.2615,416.317,1
632259031,687.3825066980752,376.54424085242033,686.6135,386.5247,1
632259048,688.4072336706446,379.4674321728007,694.1333,348.9723,1
632259064,687.2625674420053,382.1888015073365,663.2336,351.0531,1
632259081,682.8567839352239,380.2706028178996,611.0171,283.976,1
632259098,525.7240047842407,499.0556065483124,517.2457,456.982,0
632259131,593.7049213740268,646.1913309303254,590.9825,610.848,0
632259148,593.56916617741,637.6068818178405,590.2891,592.7853,0
632259164,579.9381298901858,632.4915671918798,548.2262,586.4489,0
632259181,567.1842860738367,627.9702338515475,524.0162,578.7527,0
632259198,583.2399862926361,640.914174925271,646.9421,658.1676,0
632259214,591.075556330824,629.5122495889592,625.629,533.8335,1
632259231,574.4763421752733,636.2784078076289,472.0508,644.0353,1
632259248,567.0817231255592,636.217015109254,513.3317,600.9358,1
632259264,558.1252372678091,636.5611340223684,486.546,604.9116,1
632259281,561.0022460597279,638.5918400270115,585.4946,620.442,1
632259297,566.529301418534,631.9196930752549,615.5953,530.714,1
632259314,555.0012074547263,631.0077695007428,434.5432,589.0018,1
632259331,552.8916755420539,629.9598888855136,529.5969,584.3724,1
632259347,562.4545895818944,639.5164513733795,676.1988,716.4599,1
632259364,562.2697552860329,643.3491517004683,558.0676,653.7753,1
632259381,563.9687367533221,649.9440386581485,584.6344,696.9622,1
632259397,492.06012750334475,852.8928886517195,491.0225,830.3901,0
632259414,640.5980869307633,852.5807883412886,644.3759,827.5104,0
632259431,597.9266426925758,867.4358254943919,557.09,860.239,0
632259447,567.9353311389008,838.4536425893434,506.3081,754.1255,0
632259464,546.7580984068042,820.0334923913006,481.2618,738.738,0
632259480,543.9224296059451,830.7037542486617,534.8987,851.3679,0
632259497,529.910121428293,827.9374078969371,460.2623,790.7936,1
632259514,515.5278087798062,819.9267055311929,430.0272,748.4621,1
632259530,516.251217165117,811.8746347193199,522.5398,731.5112,1
632259547,516.4748859383403,812.8726081804425,520.7862,798.0477,1
632259564,519.9169349533973,808.2075234943693,550.7056,743.5344,1
632259580,520.5359689395348,805.0590527222249,526.8448,752.2074,1
632259597,512.2680135273151,805.7976230637012,429.1248,793.0624,1
632259614,516.9307097423716,809.6872163817836,571.58,829.8263,1
632259630,518.668308318284,806.7384360924895,539.0004,747.8328,1
632259647,1031.2820418239342,822.0552190557715,1047.009,788.6371,0
632259663,1250.2512161152247,749.1536753998029,1271.3298,708.0621,0
632259680,1235.7701057267366,761.5597761444584,1242.0631,734.6696,0
632259697,1236.3672210809702,760.8257313014601,1258.5403,718.9742,0
632259713,1231.3110624037643,763.4060021065934,1236.8904,731.6678,0
632259730,1228.2160233320074,758.1581373217111,1235.9747,696.2983,0
632259747,1228.5482442497794,759.6836581173045,1251.3975,727.4564,1
632259763,1232.1395032170888,764.9011735465748,1275.481,756.3772,1
632259780,1232.7955038839127,766.9411409851742,1258.5088,740.8123,1
632259797,1292.7507747941627,744.9616352904073,1315.1082,702.9152,0
632259814,1302.5612201702534,761.4148606919067,1325.634,720.0831,0
632259831,1291.2874821743408,747.6486755064874,1301.7207,691.4967,0
632259847,1290.5208376873193,754.9809404044331,1311.8867,728.9625,0
632259864,1264.7602521272906,764.663526763437,1208.595,755.6672,0
632259881,1259.578663832205,759.651946690262,1260.5984,698.225,0
632259897,1264.490827803784,762.8255555836827,1312.4993,737.9755,1
632259914,1260.1050329417965,764.7867674178424,1256.6931,736.4027,1
632259931,1271.3092319308091,761.5362533486733,1370.9697,696.132,1
632259947,1275.9710680027224,755.6524334113809,1332.6501,667.2915,1
632259964,1277.6191157384526,746.3994994567807,1310.5857,624.3455,1
632259981,1280.8267966004778,746.0747181530095,1331.3711,703.627,1
632259997,1287.0808223568454,748.2311682904899,1371.0724,730.6525,1
632260014,1291.9380648409465,750.3186342445559,1363.7383,732.9957,1
632260030,1291.6427693812939,744.2725927891537,1303.5403,632.4257,1
632260047,1294.4146220417372,737.7854977334039,1343.6304,617.7734,1
632260064,1296.1160801355982,738.1875369182935,1334.5891,706.6329,1
632260080,1305.2451806461704,733.9616420330896,1441.6831,637.2665,1
632260097,1194.276775404357,540.7424843113835,1208.5115,489.4254,0
632260114,1124.44505580422,459.8900295704076,1134.4624,405.4323,0
632260130,1104.8697499633101,451.9211052660262,1093.7083,389.3319,0
632260147,1112.2448487171441,469.63570249678935,1138.1857,452.7936,0
632260163,1118.5614129034884,463.47173648894386,1147.3479,389.4914,0
632260180,1121.3855135739136,455.32426186679055,1141.6541,366.754,0
632260197,1130.653698212838,454.4320171785544,1186.8301,394.6193,1
632260213,1128.2068477087582,452.08099187892657,1122.2161,383.537,1
632260230,1128.2006950534387,445.03024484809845,1136.0762,340.9396,1
632260247,1121.2009766914807,442.0903418273798,1075.2258,366.0167,1
632260264,1120.0709810256421,435.7707492726059,1118.9612,326.9099,1
632260280,1128.6362050913765,433.20277948865487,1218.8448,354.5859,1
632260297,1126.6119714431513,435.4276919920897,1114.7983,406.8061,1
632260313,1131.2941949118015,428.6876794919084,1189.2769,299.7718,1
632260330,1132.4950444056176,426.8201442641651,1153.2134,353.2253,1
632260347,1134.7472207749838,423.7890207244819,1168.3413,334.5008,1
632260363,1138.0673574721143,420.7646735707835,1185.8271,330.1888,1
632260380,1143.2443528162355,417.2614202640134,1216.0798,318.7532,1
632260396,1147.804430852477,412.5079782303816,1212.063,295.647,1
632260413,1145.229458599216,405.8108365197932,1107.2023,261.8022,1
632260430,1152.3972788525673,400.5343523419432,1258.72,275.1951,1
632260446,1153.6885546121682,395.77423344878764,1170.7794,279.6806,1
632260463,1156.6369776789368,394.90113175976006,1201.1588,339.2457,1
632260480,1158.9631098363398,391.0591046399543,1192.4905,286.5774,1
632260496,1161.2434342335412,388.133215865269,1194.5044,298.3869,1
632260513,1162.6199465000004,383.7004875955286,1180.7607,268.7137,1
632260530,1161.882284269747,384.31057254182804,1147.9796,354.6542,1
632260546,1162.8295472763825,381.9297346951963,1177.4688,298.4879,1
632260563,1160.9763174103118,382.7135374190018,1130.7181,353.5371,1
632260579,1164.4950620535203,380.5285473121143,1226.2078,295.8318,1
632260596,1164.8363502770273,378.61834122777697,1171.2081,299.1441,1
632260613,1164.259817164406,369.3700549997818,1148.8862,170.9917,1
632260629,1164.021633072827,360.447875044078,1152.6995,171.5585,1
632260646,1161.9142053518492,350.6108975338336,1125.1826,157.7487,1
632260663,1161.5537356172222,340.65861001533244,1158.49,143.3385,1
632260679,1159.9231978006164,330.45367289376827,1135.5242,131.8536,1
632260696,1160.2804239828783,323.20897667161825,1177.4949,183.2354,1
632260713,1157.9406879054745,316.16461233576985,1122.1003,180.5201,1
632260729,1158.6927801789702,309.3972742991343,1179.6162,174.2143,1
632260746,1160.3470693343586,300.8847073048751,1188.9255,138.6146,1
632260762,1160.4554723045644,293.5571838975795,1166.8208,150.3831,1
632260779,1162.0343151447432,287.04713340954567,1203.7104,161.4771,1
632260796,1156.5408105514284,288.44762020250744,1067.8645,307.2247,1
632260812,1150.8185594206072,297.0575043200904,1074.3269,421.5235,1
632260829,1144.3363193299208,304.965226631338,1055.1261,409.4615,1
632260846,1013.9841938919046,506.3158132019894,1021.5346,456.247,0
632260862,1065.7888943005748,497.9991646772555,1074.8208,446.5943,0
632260879,1058.4795931075091,514.5567883829157,1060.5443,481.6933,0
632260896,1058.1954029987571,533.7218943260842,1068.2141,524.4168,0
632260912,1064.1542060127792,537.1640619251554,1092.5957,497.9465,0
632260929,1063.5160633485234,532.2615520968175,1070.0962,462.0159,0
632260946,1059.3626268980677,533.766542545455,1048.2592,492.2304,1
632260962,1062.3872569468322,527.1888513192648,1089.332,436.7561,1
632260979,1059.156594904595,520.1011151270262,1045.0601,421.0347,1
632260995,1056.3930639623095,517.4044064961921,1044.0417,447.5867,1
632261012,1055.7609721003448,517.3967618963197,1060.3336,469.0042,1
632261029,1057.9462704252146,515.3959845940049,1088.1509,447.2432,1
632261045,1053.878076024984,513.9152042944777,1021.6219,451.0444,1
632261062,1053.0916947082058,515.8024017979552,1055.5815,489.0532,1
632261079,1052.034680270597,514.9497186074283,1050.2668,456.4723,1
632261095,1051.894761084783,520.5415656240232,1062.8588,541.8065,1
632261112,1046.6579644160538,522.607824623758,991.3633,500.0835,1
632261128,1043.0246862504978,525.8688881110775,1008.8027,519.5588,1
632261145,1041.921413752819,526.1008886265743,1041.2705,476.683,1
632261162,1040.5529503721173,525.0558802350735,1035.308,457.2769,1
632261178,1038.4134426586827,523.0314998256562,1021.1827,441.1216,1
632261195,1037.861218353869,524.0040153399931,1045.5002,488.3533,1
632261212,1036.3130046773867,522.0794324711138,1027.0468,441.0283,1
632261229,1035.6240200311604,521.6505228348633,1040.2498,465.1661,1
632261246,1035.5351340622274,518.1705867884635,1048.0474,412.055,1
632261263,1038.9663107756217,521.3845941927727,1110.3367,526.6322,1
632261279,1041.2457774772065,521.8954202521167,1090.0713,480.3031,1
632261296,1044.1790013684465,524.2271346000734,1102.728,512.9858,1
632261329,1042.6417382193802,524.5081511748272,1023.3556,478.0795,1
632261346,1044.4183918847111,528.0930379362629,1083.4166,537.6603,1
632261362,1047.5394063753984,526.5318349568629,1105.8667,444.0017,1
632261379,1055.3144572015365,521.9085190561832,1190.7023,383.5401,1
632261396,1058.246677483848,513.2829628670737,1100.8759,315.578,1
632261412,773.5473419769551,270.31619039494615,767.5991,211.7088,0
632261429,687.783703435853,276.36774311580905,679.1967,219.558,0
632261446,501.2261001680696,181.31516239095052,289.8782,25.9033,0
632261462,615.6104447956179,197.04810119311995,839.2047,166.7515,0
632261479,660.8438223899898,202.4969224373859,787.6252,157.1644,0
632261495,676.1031607379244,193.28778479710436,723.8854,93.2131,0
632261512,859.0311161240305,189.23049335082425,853.9029,124.8027,0
632261529,819.1511964403226,159.0826609085781,812.001,93.7215,0
632261545,807.1325092330762,175.79775759243685,788.02,129.3136,0
632261562,723.8252875603516,159.4766765952297,541.936,64.3508,0
632261579,697.757773083488,156.4463740057124,607.9598,85.0388,0
632261595,684.5012117619054,153.90037848318624,621.0378,81.1672,0
632261612,681.8851895614214,152.48910548392774,659.5748,82.4626,1
632261629,668.2336892720504,147.69423893392428,576.6982,56.9273,1
632261645,667.8999512831339,142.53512997162306,656.4676,43.633,1
632261662,668.316585724365,140.94864180216575,662.7859,66.1786,1
632261679,664.3708266846281,138.73765873570116,621.0776,57.9048,1
632261695,663.8358089591839,140.84771088226543,650.9297,99.6231,1
632261712,430.4832956696293,137.13986429122534,410.184,77.2755,0
632261728,660.6329448410007,180.88723118884334,648.8616,119.4187,0
632261745,643.8775437332732,175.3411820171861,614.0396,108.321,0
632261762,653.5725042751137,176.07707387751196,661.4718,115.7096,0
632261778,649.0848128243208,170.03606607907,622.4442,89.56,0
632261795,598.344126877378,153.2191650986215,376.7671,25.4187,0
632261812,575.163964323747,148.79971169600535,445.6206,67.3979,1
632261828,541.8532179624009,143.69278644883875,330.3502,55.8047,1
632261845,535.8819945985433,143.510620446153,485.7436,83.326,1
632261861,528.2348752717061,140.68771934687004,459.5736,59.671,1
632261878,526.2678276345268,140.71744367824604,501.3459,81.9982,1
632261895,511.35788154511494,138.55164683312503,362.2006,60.8701,1
632261911,511.21504837766105,139.7611710633117,504.5181,93.4769,1
632261928,504.14307655111753,135.2373464219491,419.5117,26.8804,1
632261945,274.50349396137585,112.59366909790998,248.5476,54.0904,0
632261961,470.1616759137906,135.45556929353666,451.1101,74.8194,0
632261978,479.5574305637411,144.07866620744224,470.9024,92.6458,0
632261995,477.5755146403068,150.2678193199698,455.3017,103.2819,0
632262011,474.4864570067188,151.34827582928813,446.5602,94.8798,0
632262028,465.6306463731147,151.85641939077888,411.0664,94.7012,0
632262045,471.67477415648466,146.2390362309244,483.1422,56.6646,1
632262061,471.0872844453919,143.19418392275406,448.3896,64.7301,1
632262078,555.0562710386772,184.11747184168917,539.9348,124.6354,0
632262094,397.7520729008352,133.4949174998805,376.3021,73.997,0
632262111,453.73161300897124,134.36675870095706,491.7913,73.9118,0
632262128,533.7994043193436,120.25427278091081,679.7634,25.4257,0
632262144,590.5673683485435,116.62220706438622,746.9409,38.9172,0
632262161,642.3158598832647,115.15257040172364,834.6675,41.2888,0
632262178,835.6889257104181,111.80600402701248,827.9355,43.6232,0
632262194,872.4276259947216,108.32344986405364,865.7831,39.3228,0
632262211,833.5070031589453,98.11349805390489,785.025,19.1694,0
632262227,818.8351208080882,105.93234962879514,780.8678,54.6479,0
632262244,836.720857637376,97.74003578803126,883.2485,2.2054,0
632262261,853.4065232213043,102.19144377358437,913.8996,50.662,0
632262294,1415.510144042824,104.19416873744896,1426.3997,25.6455,0
632262311,1405.1949868173149,95.20019046432236,1404.6934,7.0699,0
632262327,1397.721410779885,115.46500448902118,1393.9967,80.5628,0
632262344,1408.288277743909,90.8287545394439,1449.3661,-66.0859,0
632262361,1404.4860621793298,91.81027451957709,1399.2562,17.6103,0
632262377,1401.8000644609351,96.6909697067066,1399.1956,43.6511,1
632262394,1405.5635655963024,104.09630859680907,1439.8362,70.4541,1
632262410,1406.5180339734702,106.37432407257695,1423.9165,43.238,1
632262427,1399.3310496245822,108.12170847160326,1354.0934,43.7872,1
632262444,1397.1588680105478,108.1760866983938,1389.8147,29.6354,1
632262460,1392.511483438477,110.50563525902602,1361.0104,54.4728,1
632262477,1388.1992132103353,110.64196292374311,1357.0343,33.2438,1
632262494,1383.0112740932038,108.23250146114924,1339.4968,2.9241,1
632262510,1382.9570906266797,110.34061504531444,1397.9421,56.6569,1
632262527,1379.9341668030904,110.88697561337108,1357.9729,39.134,1
632262544,1381.9545085476607,119.93671375839857,1426.2268,158.3802,1
632262560,1397.789941150766,414.58367189968874,1415.59,352.9999,0
632262577,1413.183701599313,605.8919900610938,1436.0975,554.3126,0
632262593,1402.7765388859011,597.080154985844,1414.2102,536.1235,0
632262610,1398.1033901489138,590.5407162930787,1410.3108,524.9086,0
632262627,1387.1837014560012,596.5631306721349,1376.165,564.4459,0
632262644,1378.1942083128156,604.058812679073,1364.6708,584.5333,0
632262661,1380.2529279868052,605.6939014800059,1413.5156,562.429,1
632262678,1375.2108063961155,611.3634899336562,1368.458,595.1708,1
632262694,1393.5941713845534,604.4073675843038,1542.2646,501.0402,1
632262711,1384.8546332197225,610.7681589082532,1339.0452,611.2764,1
