timstamp,smoothx,smoothy,rawx,rawy,fixation
619139000,1083.714541441902,672.6875265899367,1127.1602,620.3021,1
619139017,1088.1400374659052,672.0396231494074,1154.6605,626.5057,1
619139033,1089.9223797550728,671.6718301467364,1110.5129,631.1945,1
619139050,1091.2929198318773,674.4371889804983,1108.499,691.6144,1
619139067,1092.757525742379,675.5675337061502,1111.3782,659.4587,1
619139084,1095.4270356867432,676.8200182369619,1136.5295,661.4733,1
619139100,1097.7478926921108,675.9715352583084,1126.0093,625.2052,1
619139117,1099.2686058648997,675.8661180930984,1115.8729,635.4578,1
619139133,1102.2824454439412,674.8467293207732,1142.2844,618.4994,1
619139150,1104.6827912402382,674.5742040772184,1135.0532,630.9858,1
619139167,1107.433418219299,674.5867450577042,1145.3738,640.2632,1
619139183,1110.0125015909473,673.4880488650196,1143.0105,613.2031,1
619139200,1112.053873715697,673.6941653199051,1139.5468,637.5026,1
619139217,1112.3655898399013,674.0309240511536,1109.9861,639.1528,1
619139233,1105.6990685103933,670.5742295979246,980.4707,566.5444,1
619139250,800.1135738297842,527.1923591085299,781.1873,469.5346,0
619139267,777.9879130239761,426.787775989446,752.3062,355.2532,0
619139283,783.084153746553,419.37962793833077,762.4084,338.286,0
619139300,797.7420556680046,425.7497879348989,805.1108,368.0944,0
619139316,796.9816806102214,421.62784867146104,769.015,335.2151,0
619139333,799.6479550273963,428.7308561951585,787.9527,389.0333,0
619139350,807.1296865608335,432.73125284092094,823.2527,383.2816,1
619139366,806.8253147781054,434.95740855514657,781.37,378.3351,1
619139383,807.1191575871877,430.8174673041758,783.3812,327.2572,1
619139400,809.68732849467,426.983760415032,804.3964,321.9689,1
619139416,811.5075179321058,428.9627741539833,804.0229,376.583,1
619139433,810.9903552063383,430.6514410125839,781.9568,376.976,1
619139450,809.5246708502073,430.25925773736907,769.209,354.2652,1
619139466,810.5392804538171,430.1132426413968,797.7531,356.6486,1
619139483,810.7571812193224,429.85691337422674,788.8386,354.995,1
619139499,810.6811607249651,430.1443895402384,785.568,362.6071,1
619139516,812.3820898038958,433.6304337666911,813.1573,411.4401,1
619139533,811.6473801445075,436.6021357213379,778.9745,407.898,1
619139549,814.7090489197979,438.55826786712487,835.9141,394.2811,1
619139566,814.1731515020965,443.6075310046841,784.7203,449.1386,1
619139583,814.002369117299,448.0869944590044,790.1837,444.3627,1
619139599,646.0293985836489,636.2779490346089,622.2736,595.3481,0
619139616,644.0132947488659,785.9841748155517,627.9385,766.0696,0
619139634,641.2169088666967,791.4244427677986,622.5387,778.512,0
619139650,652.6153281050927,793.4781730134397,661.946,778.947,0
619139667,653.1203481078134,792.3614740029377,639.2555,769.4036,0
619139800,643.840314101622,765.6192857342652,582.1171,623.4906,0
619139817,641.6085682302898,763.9863224031154,612.5922,733.5282,1
619139833,639.0587417924206,763.8049253449377,606.2515,741.3358,1
619139850,634.0024484617035,759.6486729564224,579.269,706.4216,1
619139866,636.914823940298,761.0359974297096,644.4651,751.4341,1
619139883,634.2556921001811,759.0389372632942,592.5251,718.4028,1
619139900,633.4790174655631,755.0244732803636,607.0723,691.3502,1
619139916,633.6441741457563,753.0113489104561,617.4598,708.9997,1
619139933,633.0455861103424,749.8976954913808,607.389,691.173,1
619139950,632.6247702838524,748.1412404587288,609.3803,705.0298,1
619139966,633.9133553646238,746.7278211326421,632.1376,707.0148,1
619139983,633.6458665099761,747.7534017241292,613.0132,742.0478,1
619140000,634.3130508705158,751.4552023081552,628.4185,785.052,1
619140016,633.475551351346,752.1773549283815,603.9069,740.2963,1
619140033,632.8207362554248,750.9758919016789,604.4261,708.33,1
619140050,632.7090215650385,750.3889727708266,612.9638,717.5088,1
619140066,632.9777989123367,751.3417374287015,620.2783,743.9552,1
619140083,632.8652555321569,751.6219006598507,613.3498,732.3171,1
619140099,632.932602430503,750.744045820049,615.2922,710.9615,1
619140116,643.1201382402834,750.1135222117285,792.8442,713.332,1
619140132,1052.296519714979,741.4743766901819,1061.7903,711.5322,0
619140149,1196.0918717348359,727.8856817935534,1214.6998,694.7046,0
619140166,1202.2629691829954,739.0983002470317,1229.0378,720.1282,0
619140182,1198.8811042067446,747.6189158412336,1212.3787,736.4854,0
619140199,1197.3807368286848,751.1796998335554,1213.1046,733.121,0
619140215,1197.4929146591337,755.9178106973903,1219.1565,747.5272,0
619140232,1193.2127322486497,756.6510875007637,1191.1127,731.207,1
619140249,1189.6291517788072,762.5867742761901,1189.6522,772.9838,1
619140265,1187.927373353211,763.0758096744149,1196.5872,737.4424,1
619140282,1189.1250284867895,762.7450081620871,1219.4663,730.3008,1
619140299,1191.652179157426,763.0360211585255,1235.0466,736.222,1
619140315,1191.5488667552681,759.4472898120493,1208.8607,692.3701,1
619140332,1192.305887539535,758.9238247930231,1220.0861,724.1026,1
619140349,1193.5817394566686,761.4758291816628,1229.4021,763.6465,1
619140365,1194.6621044182887,762.900878845305,1228.1207,751.9111,1
619140382,1195.0374993807286,762.5477815407984,1218.8555,728.1703,1
619140398,1189.8838245581094,751.8247321752426,1133.3126,570.7343,1
619140415,1046.8345853286455,508.5706355078525,1043.7913,446.0139,0
619140432,1060.8900502552992,406.5680893698753,1053.4797,329.575,0
619140448,1044.6470647710807,362.62123747767504,1014.2337,229.7825,0
619140465,1033.1065499575152,350.505768043192,995.2108,238.9191,0
619140482,1041.3174646665634,363.4516967001215,1058.6208,324.5846,0
619140498,1041.7158671071459,380.0920489642995,1036.6982,374.0202,0
619140515,1045.1776844182548,388.6331379539055,1055.8484,355.5393,1
619140532,1052.114929380005,391.90374174028665,1086.7612,332.4819,1
619140548,1056.328244410801,392.3027411404524,1076.8511,314.1851,1
619140565,1057.3908242018333,404.0021302200024,1061.0459,424.842,1
619140582,1061.2016826984648,409.71352502773493,1088.4441,383.0361,1
619140598,1060.4752952337287,414.8375383571632,1046.172,387.091,1
619140615,1060.2505815291515,420.77439908876744,1051.8228,406.104,1
619140631,1061.7405001347536,428.52883679842256,1074.2809,439.7515,1
619140648,1063.691990720094,434.2018739432314,1081.7876,423.0584,1
619140665,1065.1492478528476,439.9150935901771,1078.2458,432.4302,1
619140681,1066.8569655663448,445.97158993708706,1084.4797,446.0385,1
619140698,1066.0894862368687,450.62265431442046,1049.4374,432.6269,1
619140715,1067.7251576284505,454.9840270688961,1085.8584,434.1451,1
619140731,1070.2170667477303,459.60897124015077,1101.7688,444.5018,1
619140748,1070.5662777412065,463.1594475485385,1069.0542,432.2939,1
619140764,1065.155501427428,468.03489567266956,975.5121,461.5901,1
619140781,1057.8123704329046,474.9738228898874,941.2563,505.1423,1
619140798,1049.8173273791936,479.7673087544336,923.8599,473.0096,1
619140815,1044.3013078467518,485.466718960088,963.3865,495.3545,1
619140831,1037.7534465360204,490.1194606602695,940.7488,481.8405,1
619140848,1030.5234384493194,493.49413049002004,923.376,462.995,1
619140865,1026.520490576275,498.9016990748643,979.4448,506.9109,1
619140881,1021.3528009604746,503.66046557180687,954.131,500.0977,1
619140898,1016.8977771238609,507.25405692315866,962.3637,482.4566,1
619140914,1012.4902201503622,511.9733118545823,960.3943,509.9094,1
619140931,1007.0045143110816,515.4040839137815,940.2491,477.1268,1
619140948,1002.6737860686396,519.2181110207146,954.0673,480.5649,1
619140964,997.921586876109,524.8887390329913,942.2196,525.7585,1
619140981,994.6617991214894,530.035303465281,972.1635,530.6149,1
619140998,990.9421982591125,533.5299849092114,955.025,508.3234,1
619141014,988.0165537356838,536.2109517988117,966.468,494.8589,1
619141031,983.5246523509,540.7963048094239,937.3782,535.5024,1
619141049,979.1019817019704,545.8878984185477,932.9581,548.8067,1
619141065,976.2229151023452,548.3456092062414,952.7628,512.6837,1
619141082,973.4005662936554,550.4415804599292,951.6482,504.8689,1
619141098,972.1148930557328,554.7057970282152,973.165,552.2596,1
619141115,968.2950768202634,554.6096675073302,918.6686,471.917,1
619141132,965.5027205954367,557.015024823758,938.5272,528.4169,1
619141148,964.2217544216508,558.8699874861162,962.8806,518.4122,1
619141165,962.8787628306732,560.2857708693729,957.0886,513.6888,1
619141182,962.6375228134309,561.7949668250066,974.8262,519.5143,1
619141198,961.6609088313529,565.1233946982798,956.0307,556.897,1
619141215,964.5199011259879,573.2970310855718,1033.1854,655.3796,1
619141232,966.1052849919577,580.8793884142447,1008.0872,647.802,1
619141248,969.1806516906306,589.1840536669885,1031.1521,663.9951,1
619141265,970.8794971448203,597.0591111009276,994.7546,662.6506,1
619141282,975.4105237957417,606.0299403746409,1045.9612,692.4896,1
619141298,980.0458620213358,614.3145765651042,1047.2722,679.7098,1
619141315,981.1909308824955,622.0577036571435,988.1587,677.0256,1
619141331,983.631100233287,629.9888649167526,1012.1776,684.6516,1
619141348,986.2179602283802,637.2534716290614,1015.03,675.6536,1
619141365,986.5024996852144,645.351189141049,981.4269,703.8574,1
619141381,988.7757769511343,652.4148691206683,1017.0221,688.8652,1
619141398,990.2664044341363,660.3788277002667,1006.5837,712.1581,1
619141415,998.4811648713721,656.7566066201908,1123.473,491.1731,1
619141548,992.9951784811137,649.5090342569332,865.7778,424.9452,1
619141581,987.9994217481462,642.820149586635,879.7765,442.6547,1
619141599,851.9292488263329,466.7539255152959,833.3864,400.1392,0
619141614,856.9888674397997,513.0634341224237,841.2103,452.8968,0
619141631,829.5660819285299,430.76080943685156,774.1064,265.9523,0
619141647,823.7980398582837,388.9608591790068,782.856,217.5569,0
619141664,835.515851116184,405.61018959903845,852.6406,387.7151,0
619141681,847.4923752675556,413.7048300275375,877.6351,376.0705,0
619141697,856.2726223878226,420.1229713480743,882.0693,382.2361,1
619141714,861.268655818003,425.87373223409924,872.3337,390.6129,1
619141730,847.4103636899084,438.64803732154894,730.9961,464.8808,1
619141747,836.4729379922453,447.00864937181603,731.3665,447.1112,1
619141764,823.9180114520801,454.25117940513763,696.2039,451.357,1
619141781,812.6499797285607,461.0454139790114,689.2904,459.451,1
619141797,805.2585461086817,466.5100636430178,715.7455,454.6844,1
619141814,798.920465080485,472.9107040038052,718.1752,476.2041,1
619141830,795.1920842010463,480.91414230106756,744.0751,508.504,1
619141847,754.3394251211944,519.3891251583758,731.8784,461.0613,0
619141864,752.4429110073486,543.1522235120179,731.0934,488.1748,0
619141880,743.2950174622887,525.5648763315041,709.7377,448.2873,0
619141897,734.778182621195,518.2868741227476,692.1401,443.7516,0
619141914,737.1861934602283,512.7299648768749,720.1678,435.0,0
619141930,743.5467543897951,515.3319916727023,747.4612,468.3561,0
619141947,746.8347505784147,518.6975476245375,741.539,479.108,1
619141964,757.7871178784596,492.2723646314598,793.26,255.4763,1
619141980,855.8341745769629,225.19975909847798,824.9424,124.6704,0
619141997,858.6387133428683,223.49873117937534,827.8497,122.7048,0
619142013,857.4672681081728,232.36338640709536,826.2745,142.9166,0
619142030,851.3900888804334,225.66307847001113,806.6255,110.1176,0
619142047,847.7583146470269,222.11494267190798,804.2085,109.3974,0
619142063,846.6618036587531,227.08405053316457,811.8899,149.364,0
619142080,844.0190105536034,234.46610334636307,801.2142,176.2963,1
619142097,846.8917872605233,235.21973705523402,834.297,140.2733,1
619142113,846.0046023572235,234.8348004410232,808.6044,132.104,1
619142130,848.4446123334088,234.1855757264888,837.0527,128.569,1
619142146,850.8395685089042,235.77908554099128,841.9197,151.1847,1
619142163,850.3612152338823,233.82097909842807,813.2172,113.4307,1
619142180,855.2333913282366,237.9446010907409,877.6694,184.7161,1
619142197,1076.749010074763,364.71604063406915,1068.2363,281.7061,0
619142213,1089.944616181692,416.9415448084182,1085.061,341.134,0
619142230,1104.3791525046902,389.4524580378036,1112.9954,278.2576,0
619142246,1104.0359398540422,387.86440388592086,1097.6316,304.4153,0
619142263,1109.3339865213993,385.93054692144665,1120.5732,299.0949,0
619142280,1107.4033698782466,392.95969726085457,1095.5785,345.3989,0
619142296,1104.4869094900155,402.9871856376428,1087.1279,380.6625,1
619142313,1103.7635765420519,402.4271289488449,1094.4915,319.8159,1
619142329,1107.3939757799462,406.00147584363845,1130.3342,354.5071,1
619142346,1106.7805669485656,400.4950727362538,1094.715,273.7382,1
619142363,1108.071454235349,401.3532754305513,1115.2345,330.9362,1
619142379,1102.3784322182767,387.7810310469189,1034.5608,167.0336,1
619142396,1099.9636465707476,378.46327734428667,1064.7748,196.2293,1
619142413,1098.9864598232616,380.576091983095,1084.9677,331.1453,1
619142429,1100.9866682650768,379.347629289783,1120.2253,287.3466,1
619142446,1101.219818659528,374.6608240968238,1096.2432,235.0952,1
619142463,1103.7793537707155,367.12839061091415,1127.3239,184.9557,1
619142480,1106.6718280441237,357.4287926173659,1133.1006,140.8861,1
619142497,1108.266032770819,347.87404358357264,1115.8336,131.6485,1
619142513,1108.4212594759006,339.7761303977215,1095.3782,145.2914,1
619142530,1111.9254321090737,333.9157461441188,1151.3223,174.2519,1
619142547,1114.7748616662125,328.489502939327,1143.5164,174.9442,1
619142563,1116.6327622035722,320.4452487341377,1126.694,121.1366,1
619142580,1118.184657837125,315.19858963786106,1125.1415,164.3491,1
619142597,1118.7349943668942,308.7664161711907,1107.821,135.8638,1
619142613,1122.0836850386297,302.90994210070903,1158.7793,139.2791,1
619142630,1123.0916898838245,297.2755246731673,1118.9138,137.1466,1
619142646,1126.6087983043453,293.067161266068,1166.9124,157.795,1
619142663,1128.3833295844686,288.3155366048953,1136.5342,141.3763,1
619142680,1119.5866504316195,286.8881763795772,945.5709,202.4992,1
619142697,1119.6338116406105,280.92417601994055,1104.6367,105.8168,1
619142713,1120.4457090627661,276.0021292247116,1117.7371,136.5458,1
619142730,1118.7840605774654,268.23164941632797,1072.6123,66.8143,1
619142747,1121.348532894607,265.6626329889835,1154.6477,165.8829,1
619142763,1127.1527864455088,268.22470608197773,1222.292,260.1833,1
619142780,1228.075821052363,547.7758401241861,1239.4622,489.0375,0
619142796,1216.566652858038,674.9844880194078,1233.8105,634.1941,0
619142813,1241.2921231778505,660.6151362030391,1285.0736,601.0085,0
619142830,1241.2707716568038,666.9970611170579,1260.272,639.4035,0
619142846,1240.206636775133,663.2276614730151,1254.365,607.8293,0
619142863,1242.5370866039261,660.235695065703,1269.854,603.7633,0
619142880,1246.0838835386835,656.6167410906452,1281.6924,593.0171,1
619142896,1244.2963704806737,655.5527908752912,1250.6171,605.4316,1
619142913,1244.9875766133523,649.1475464943319,1265.2732,556.4642,1
619142930,1241.7495292009503,649.3364358589296,1233.2007,608.1488,1
619142946,1241.8719297990617,651.1637818241072,1261.792,625.6056,1
619142963,1243.0805906665548,650.9850537511779,1272.8022,605.6082,1
619142979,1243.7810274289604,652.2815159075049,1269.6686,623.4808,1
619142996,1243.38054061661,654.1741566866785,1257.635,633.4314,1
619143013,1243.892606466044,655.9768698656748,1269.0237,634.891,1
619143029,1243.6908028518787,657.0699872347934,1259.6143,627.1603,1
619143046,1243.7666770539356,656.3183142079408,1262.134,600.5316,1
619143063,1244.8460067825533,658.2853409544734,1279.0259,642.5148,1
619143079,1243.8225376175974,658.375156071537,1246.6797,614.368,1
619143096,1243.8918582973872,659.3027078123542,1263.6509,628.5701,1
619143113,1243.1048670479322,659.1372216988956,1249.0298,610.8024,1
619143129,1243.4230634527562,659.9694499592686,1267.5693,628.3824,1
619143146,1242.9951992537706,660.6050406129178,1255.0332,625.7872,1
619143162,1242.9604607281146,662.0891670084862,1262.2717,642.061,1
619143179,1243.0524677183962,663.3932235479641,1264.354,639.9031,1
619143196,1243.1019829983181,664.1687180055409,1263.2061,631.0125,1
619143212,1243.0421483526043,664.4372071847079,1260.8325,622.1377,1
619143229,1245.0076067372595,662.0029388766196,1295.2305,569.9935,1
619143245,1245.6361628707696,662.0048920177874,1273.5764,617.4537,1
619143262,1246.5492184523005,661.477696710189,1278.6947,607.274,1
619143279,1247.243958955494,660.4455920040714,1274.5972,597.3903,1
619143295,1248.6116070920746,660.0208427707079,1284.7959,611.1008,1
619143312,1248.0341686627287,660.2139990511147,1255.1082,620.1843,1
619143329,1248.2826185838612,658.9996211418996,1266.7494,596.2461,1
619143345,1242.294631322203,656.8144793927597,1149.554,574.4079,1
619143362,1236.8442982756994,654.0494520630949,1160.7968,562.3214,1
619143379,1229.1936777102467,650.685260713346,1119.8539,549.3888,1
619143395,1223.5798653426727,647.4252414065561,1153.3368,551.8885,1
619143412,1217.0197733962716,646.4040497064474,1137.6697,590.5579,1
619143429,1212.3780610397248,643.6607687765458,1166.2263,560.6593,1
619143445,1205.5537486483188,642.1163159709665,1127.1616,585.0185,1
619143462,1198.3817395596707,640.907908780535,1118.76,587.7448,1
619143478,1193.4275004230863,640.1669947689817,1156.1226,596.7528,1
619143495,1189.0319899328022,637.5420056221767,1159.1859,558.2146,1
619143512,1183.8817340079281,636.3780998280166,1143.1274,585.3534,1
619143528,1179.1953246386997,634.4954933038924,1145.282,568.0034,1
619143545,1174.8783701802422,632.804445378086,1147.6553,567.0039,1
619143562,1172.2767362640982,628.3943509141762,1173.71,515.2072,1
619143578,1168.955850169395,625.2707547345191,1152.8719,535.5811,1
619143595,1164.9919915960822,622.7924013071363,1138.4211,547.7003,1
619143612,1161.7822850006874,619.979465162122,1145.6621,536.588,1
619143628,1157.6791838755144,617.4906834621896,1126.4314,542.5902,1
619143645,1155.354569195355,615.1782554080904,1153.4731,542.8505,1
619143661,1152.9263347519898,613.32725116938,1148.0491,551.0045,1
619143678,1151.3989800383563,611.2785289256973,1160.3131,543.8247,1
619143695,1150.3232570031337,610.6603562573296,1165.5903,568.498,1
619143711,1149.263258200337,609.7435178072502,1161.4089,559.1332,1
619143728,1148.9655490761004,609.5855176919241,1176.1703,566.5948,1
619143745,1284.00655099701,774.7050019119656,1311.0659,747.2754,0
619143895,643.7273538830436,604.8616970503126,618.1735,559.547,0
619143912,636.1863861959228,628.6281040625267,604.5611,613.817,0
619143928,629.3732929259199,637.5344156232497,591.0392,617.1049,0
619143945,624.444760052788,642.2339119883281,584.7804,618.0718,0
619143962,624.0026279550101,642.7975604062566,597.6279,605.0811,0
619143979,594.23212032443,616.9006604864215,565.9256,573.7333,0
619143995,606.2162084994868,634.3988108310726,579.6423,593.5745,0
619144012,620.0017405370493,642.0263356476063,609.8553,610.6918,0
619144029,620.7016870925393,640.307582902128,596.657,596.2265,0
619144045,618.9593429710854,648.6955078970807,589.6978,638.1478,0
619144062,614.9019346039953,650.4092393126124,573.0573,619.2677,0
619144078,613.7952135211502,651.326966403182,583.2776,617.5559,1
619144095,616.201692696199,656.9181953122101,608.2701,655.3966,1
619144112,616.8039256355438,658.8314418736518,597.1321,634.7511,1
619144128,620.8083181573762,662.2192222141425,629.9857,652.5706,1
619144145,619.1147545712638,658.7012274007722,577.2355,586.0408,1
619144162,619.2223213726677,653.5063202460091,592.6761,560.3794,1
619144178,621.9022543338783,654.4536938006448,625.7008,627.1934,1
619144195,621.7467571177822,654.9902054680305,594.6921,623.6038,1
619144212,623.645224629722,656.7868258987338,622.0851,641.6984,1
619144228,623.655558078366,657.0311541870872,597.9889,621.8544,1
619144245,624.1377594477583,659.5634632856517,606.4532,656.9905,1
619144261,624.8224499427137,661.4922015365423,609.8425,650.5911,1
619144278,623.782857848022,663.1353142354876,584.1899,648.4706,1
619144295,623.413378763784,661.7054325838822,591.6469,598.5317,1
619144311,623.2771149133961,661.953830990081,596.5167,626.476,1
619144328,622.7678166558243,663.3782342330547,591.3119,647.8195,1
619144345,623.2845223531692,669.0916122249358,612.0449,726.6101,1
619144361,623.6030843635087,676.6465684512036,610.8008,764.9285,1
619144378,623.8705626909428,683.366206123556,609.7197,754.7686,1
619144394,625.84864055196,690.3737259985713,640.8564,764.9131,1
619144411,626.4947903904714,695.8211978542105,616.8085,740.2874,1
619144428,627.1196346062128,702.83990363838,618.5275,775.3077,1
619144444,628.901827901171,710.5552355618083,641.1292,794.0375,1
619144461,631.3194921333626,717.4513548038765,653.308,783.4688,1
619144478,631.894494427541,724.9955917736401,620.9843,802.3268,1
619144494,633.1089253361476,730.5597644108285,628.774,757.7216,1
619144511,632.1522109471067,737.2282300899398,593.7587,788.0038,1
619144528,631.4030565097019,742.3411835275132,595.752,761.8458,1
619144544,631.9417917938782,747.429703303184,619.9905,772.0397,1
619144561,632.751230780021,752.294245884946,624.1714,771.7634,1
619144578,636.9274866436754,757.7172723450732,689.6512,788.6548,1
619144594,645.6701568448219,762.8342552556613,778.1654,792.204,1
619144611,803.288393403041,853.2097328218863,801.606,841.2471,0
619144628,784.1024841968965,833.44527188378,780.0771,818.8885,0
619144644,789.5730257801121,834.2383554352328,791.8335,820.5935,0
619144661,790.3923805465156,844.7456791256024,790.187,855.5057,0
619144677,791.4479677733776,841.1268172957621,791.0575,815.1324,0
619144694,790.5776565230816,840.7375451732279,783.5696,825.3756,0
619144711,794.8652180005928,841.1476722081838,814.3268,829.6193,1
619144727,794.171112284556,841.8910739418419,786.8552,833.2968,1
619144744,794.0812609138175,844.9103778367437,791.4684,854.6506,1
619144761,795.6345005430532,845.2884516746519,805.3467,834.8256,1
619144777,795.07434803149,845.0093090306021,786.7673,828.7362,1
619144794,802.4967632170088,851.7720339670702,875.6343,908.5867,1
619144811,819.1565260885958,855.5013375096522,993.1945,881.6581,1
619144827,1081.727585256358,931.3763985342968,1103.1501,927.7955,0
619144844,1064.6135035885136,958.0422979870568,1086.2595,958.36,0
619144860,1075.2991513448708,942.0301011735086,1107.3911,921.6927,0
619144877,1083.2332447069793,939.9078978041678,1121.7754,932.6475,0
619144893,1089.3053770483295,931.6618183074709,1129.0356,900.1379,0
619144910,1086.8456131912008,932.5006650421823,1098.1799,933.2816,0
619144927,1091.1519823034719,925.9701102964466,1133.4314,885.4871,1
619144943,1089.9395271562753,920.7312327224489,1101.7875,882.0281,1
619144960,1094.2371577897065,921.7874392260757,1146.6078,925.9431,1
619144977,1096.760128011904,919.6652672621708,1137.071,897.1913,1
619144993,1096.039860036149,921.0184969260905,1110.7734,930.3121,1
619145010,1096.8854524593162,925.2028697736899,1128.1245,965.1014,1
619145027,1095.2691810289714,926.7364048041841,1099.8926,939.6469,1
619145043,1094.8402702090866,929.8538069572352,1113.2227,962.7802,1
619145060,1092.9008522027907,931.5371371744071,1092.3516,947.7651,1
619145077,1089.3298605552088,933.5409881305611,1067.8965,955.0952,1
619145093,1090.3858956330844,933.8400361247707,1128.386,931.3871,1
619145110,1088.4868297372077,933.9148394012898,1085.6281,928.7645,1
619145127,1086.401119561314,934.3476071754047,1080.9775,934.9628,1
619145143,1086.53555694589,934.5501469031942,1113.7209,931.4822,1
619145160,1085.326055597322,936.1878439958141,1092.989,956.9642,1
619145176,1082.5073955832222,933.3756315718207,1061.5276,880.0751,1
619145193,1078.0405428419792,926.0197041596185,1027.3768,796.316,1
619145210,1073.9069850585483,919.9760217202246,1030.5857,815.463,1
619145226,1068.719311679764,914.269920604817,1009.0428,817.9009,1
619145243,1064.3813668415842,909.3013560470409,1020.8866,827.9282,1
619145260,1058.628161449397,904.3318090129637,991.9136,824.6028,1
619145276,1053.2768994878425,898.9045791176528,994.6454,812.0315,1
619145294,1049.7347319982962,892.1372693202856,1022.5023,781.536,1
619145310,1046.257153386293,887.7786367254055,1022.1859,824.4691,1
619145327,1042.5896527759157,882.9853101111254,1014.533,811.7692,1
619145344,1039.4999436550847,875.9179741080135,1022.5367,771.2384,1
619145360,1035.9940227635764,873.0102816426695,1017.0986,845.3313,1
619145377,1033.331741541049,867.6005289215449,1027.933,791.9248,1
619145394,1030.003284086959,863.027279222903,1012.7153,800.4111,1
619145410,1023.6481670778097,858.5504478185859,948.9531,801.4413,1
619145427,810.1887175904097,786.2610791598069,805.4812,764.8448,0
619145444,827.6239308710192,776.339880540732,823.5894,753.3705,0
619145460,824.1211012629342,779.333277660388,816.427,760.2529,0
619145477,826.9061079032429,778.8148997476101,828.8287,754.9561,0
619145494,826.1526946142741,791.6259420524295,822.3868,814.1335,0
619145510,826.6030293912603,787.0650857149712,823.99,744.7383,0
619145527,826.613587015775,784.2259743726445,822.2224,746.4523,1
619145543,831.0687207259052,782.2691275035144,854.4529,747.0415,1
619145560,835.5180926559161,781.0179550379517,862.9896,749.155,1
619145577,835.0750124121626,782.1524345201743,827.6593,770.1537,1
619145593,835.7716008097234,780.6689533546936,837.0944,744.3553,1
619145610,837.2835484484253,781.43213262125,848.1708,767.4569,1
619145627,836.3072217918608,781.9075090645682,821.7563,765.4034,1
619145643,837.2428641168476,780.3438843505764,842.7158,739.1643,1
619145660,836.2952377602548,779.6635215026319,820.0886,749.2387,1
619145677,836.807299834012,779.2241862208438,838.9749,751.5707,1
619145826,846.92651188934,778.9419773990868,976.7075,752.1227,1
619145843,855.3007203179833,778.5912072569676,962.5182,750.7328,1
619145859,863.5471425139084,778.0511941505691,969.661,747.0804,1
619145876,870.1126111119793,778.0529180056066,952.2297,755.693,1
619145893,876.8462234175341,779.1818127769353,962.7225,774.9827,1
619145909,884.1925917084817,779.5463857371062,979.1185,762.1362,1
619145926,890.6661922561289,779.6083141227683,971.1852,756.9333,1
619145943,897.1793851849924,780.6755177778349,979.1061,775.374,1
619145959,902.0637256272933,782.1569278091647,957.2802,783.9547,1
619145976,908.4329587740244,783.7524931418127,989.2645,786.7183,1
619145993,913.3472130680229,786.418007588206,970.2183,808.3959,1
619146009,918.8098618351675,786.5683619621666,983.5735,760.9066,1
619146026,923.2308824959969,786.9980787407568,970.5016,767.0137,1
619146043,927.7144728660744,788.2445273751346,977.8807,783.728,1
619146059,933.8598684020126,789.2719944678166,1014.1243,779.9724,1
619146076,1113.652996212164,729.2213030838423,1126.6986,696.9918,0
619146092,1168.1024225956987,714.7208907392577,1184.1106,679.9529,0
619146109,1176.7752274460036,711.2855988200228,1202.2592,671.9681,0
619146126,1178.29391362915,713.8850060776426,1198.4023,684.7877,0
619146142,1181.167290925841,718.2260098575358,1207.9519,698.3992,0
619146159,1181.3706001230826,725.0213370464415,1200.9006,721.8054,0
619146176,1181.6545456120343,726.6786307752523,1200.9176,702.0905,1
619146192,1180.5488316868766,724.8204882170543,1190.3391,678.5076,1
619146209,1180.6452972051336,723.3087120052971,1198.0439,677.7137,1
619146225,1182.7852129647135,722.6019718911764,1217.0222,682.4222,1
619146242,1182.1578775411135,722.5769635960181,1193.5145,688.5636,1
619146259,1183.4029387324715,718.3220638314584,1210.4451,639.6758,1
619146275,1182.647275230186,717.5636301690591,1190.948,675.7971,1
619146292,1182.511566642193,715.3019737070447,1196.5142,654.7261,1
619146309,1180.7898815908509,714.7449380244085,1176.6492,675.0734,1
619146325,1181.0325233539866,716.9560717306764,1203.0059,714.2858,1
619146342,1185.9964874539667,714.3751672757743,1267.3793,643.5759,1
619146359,1194.5247949672316,713.6677466330044,1327.0607,669.4187,1
619146375,1200.1585969177759,713.6008566323617,1292.3219,679.2181,1
619146392,1204.86806151278,711.3471085209144,1281.9351,642.1583,1
619146408,1209.2188671118604,709.7436334078571,1281.3721,651.0518,1
619146425,1214.008823981586,707.7006687272593,1292.6423,641.4552,1
619146442,1218.713695088212,706.2818741985751,1296.2659,650.7069,1
619146459,1223.2373097087834,705.1433858435046,1297.8098,654.3318,1
619146475,1227.1897728156778,703.4069639136345,1291.5776,641.87,1
619146492,1230.5263723871587,699.584240361407,1282.7699,600.6813,1
619146508,1234.5919856265089,697.3771759093141,1300.9285,628.8469,1
619146525,1239.1203576799426,694.8029908590169,1312.9863,619.5995,1
619146542,1243.2542847093025,691.0511215439752,1308.8557,594.3561,1
619146558,1246.5919853941662,688.555745218679,1299.3167,616.5966,1
619146575,1249.5786810765067,688.2811465710229,1298.6646,658.3814,1
619146591,1251.9620384190177,687.1211354257784,1281.4954,642.194,1
619146608,1255.0230452736032,685.4375401502427,1299.9069,628.655,1
619146625,1257.2001228245713,684.541231847237,1287.83,643.6451,1
619146641,1259.9171032371626,682.9769178272066,1302.248,629.3886,1
619146658,1261.205612715238,681.5037742415873,1278.764,631.3916,1
619146675,1262.7875205538933,680.6980445532367,1288.5166,639.9618,1
619146691,1263.9759023488941,681.2175060610037,1284.7612,661.7728,1
619146709,1266.0631521744249,682.1222622698508,1305.9777,667.5342,1
619146726,1267.350154551408,682.6195482119164,1295.6421,658.6201,1
619146742,1267.8484445574127,684.3881218208439,1282.2969,683.3882,1
619146759,1269.6668269385816,683.6105370128636,1308.9526,626.597,1
619146776,1269.7606629945878,683.4277439958693,1277.6238,642.2057,1
619146792,1271.883291338801,682.0540808457865,1317.1658,615.4553,1
619146809,1271.9963542924497,683.5669466835523,1282.3755,674.9113,1
619146825,1274.444041726557,682.5845246965847,1328.3459,628.3921,1
619146842,1273.560546912348,680.1117461114101,1272.9797,591.269,1
619146859,1272.3797454866276,681.9780471316423,1277.886,680.2497,1
619146875,1272.3047335348483,682.6527266399213,1293.3726,657.0739,1
619146892,1272.7389723213896,682.1107636270714,1300.6802,628.8275,1
619146909,1273.1484901990534,682.1912690514122,1300.8804,642.4544,1
619146925,1273.3562953556882,681.3028043876275,1297.5441,622.4424,1
619146942,1273.8750575913994,681.4195410667131,1304.6204,643.5715,1
619146959,1272.3224982960394,681.2362542802836,1265.9221,638.3806,1
619146975,1271.5152179536503,680.9956197800163,1279.0453,635.8634,1
619146992,1269.6008428417767,682.5285728419874,1259.0735,667.3076,1
619147008,1268.5473919080819,682.6457696733294,1275.5396,642.642,1
619147025,1269.4184291381875,680.9120957582437,1310.416,604.9583,1
619147042,1268.702969007932,678.2475681206264,1278.9456,584.5105,1
619147058,1268.2111385434148,677.7733224346829,1283.5964,630.6632,1
619147075,1268.5080950345903,677.0391451545644,1297.5562,629.4038,1
619147092,1268.6102161993447,677.0162087503145,1292.436,641.0709,1
619147108,1269.4784112568325,676.1429356332015,1307.6565,622.0653,1
619147125,1269.1433093728838,675.9264864578969,1284.2935,636.3735,1
619147142,1264.8620969515266,672.76333518426,1209.4556,576.2988,1
619147158,1258.8195737678623,665.9438617208436,1170.4146,503.4761,1
619147175,1141.4020054193584,527.6258053638716,1145.8146,466.8649,0
619147191,1153.5516564322393,582.4900276849758,1161.6597,529.3113,0
619147208,1161.715418210888,566.2457073240954,1177.386,492.162,0
619147225,1162.1480102254445,553.3703159090305,1168.8647,466.938,0
619147241,1170.4285590360537,554.7630479775128,1204.6465,502.3336,0
619147258,1170.8625948817173,554.6637048060577,1180.1974,497.2231,0
619147275,1171.7007908421886,549.2113750151136,1181.9648,461.1853,1
619147291,1175.4243081665359,549.1481601451385,1205.8893,491.1745,1
619147308,1177.6962667313958,553.1714486102995,1202.7483,526.7421,1
619147324,1173.318395123142,557.0709506491349,1146.8218,533.8782,1
619147341,1173.1434871237316,563.1512548830818,1182.4081,564.0707,1
619147358,1173.0436118024504,565.8031023196144,1181.6456,535.5255,1
619147374,1171.3521413884446,569.131418703659,1163.6921,548.6399,1
619147391,1171.3914088165993,567.7633561222236,1179.8936,492.2705,1
619147408,1170.169678458684,571.073829745117,1166.4368,555.479,1
619147424,1171.2539900435102,574.2715899593371,1196.4363,558.4773,1
619147441,1171.6506749753296,575.4532389315183,1186.7407,532.4,1
619147458,1168.7796038020633,571.624158328455,1135.244,455.4648,1
619147474,1190.615034470222,384.25847916907287,1190.9021,302.9338,0
619147491,1208.8649700301105,365.9033134639626,1209.4402,281.8351,0
619147507,1198.2966284218319,361.5732399908592,1186.4364,272.1685,0
619147524,1184.9489922491907,351.79334828134324,1153.8589,244.0768,0
619147541,1181.6190790005433,343.37067420055195,1167.5856,228.2051,0
619147557,1177.605644281802,342.55549746929853,1158.2245,252.4729,0
619147574,1174.0242335064395,343.90511001894185,1153.4023,265.223,1
619147591,1177.63021710315,348.73327954995926,1199.7263,294.5178,1
619147607,1179.8360830031002,346.18160623282114,1192.5994,239.9119,1
619147624,1182.116050410051,342.0414128489046,1196.3617,219.4607,1
619147641,1182.7985882792407,344.28032821196285,1187.201,279.5603,1
619147657,1183.5189457321126,343.2124748120517,1187.1908,245.453,1
619147674,1183.2859343121245,337.8652702985519,1174.8169,190.8435,1
619147690,1183.88379600895,337.02075736655877,1187.0286,241.2546,1
619147707,1183.7513221634658,336.0102542488406,1178.2356,237.6114,1
619147724,1184.6572192533804,339.12000408292215,1194.9528,295.9283,1
619147740,1100.279571467683,150.62408725158187,1082.193,37.3692,0
619147757,1107.7251310005254,118.41622583686066,1088.4651,0.5751,0
619147774,1131.5820622961392,226.00005575718077,1150.5972,245.166,0
619147790,1147.7425796024902,273.41257645967914,1178.3848,283.4592,0
619147807,1154.6535277445093,293.53441818785114,1172.2961,266.2263,0
619147824,1143.662063334673,265.8224740908241,1082.0979,42.6377,0
619147840,1148.8145673037202,260.1661508588318,1165.0719,129.7721,1
619147857,1144.1417634648537,281.2517375468136,1113.0118,325.066,1
619148007,1012.9729639191859,498.26544205633365,1007.0781,434.5773,0
619148023,1026.6750734087332,452.9210113284287,1019.3481,382.7462,0
619148040,1001.9886064276477,452.47877782762083,966.623,382.196,0
619148057,995.2451514317427,440.86904880853314,969.7533,343.1131,0
619148073,994.6741140472885,421.91245361079393,979.047,283.8203,0
619148090,992.6099575479433,423.7998997795328,973.4576,359.2198,0
619148107,1001.5309372977504,426.62322551582884,1038.5602,368.9592,1
619148124,999.7673087555197,430.8205876311191,979.4982,385.9882,1
619148141,1001.5124319139077,433.10585307679423,1004.473,377.5766,1
619148157,1003.8035462092906,432.7968335832696,1011.6931,356.806,1
619148174,985.6278468047202,437.1974409329542,814.2188,408.0117,1
619148191,708.3281124208488,523.825994696089,682.9554,466.547,0
619148207,677.6528243790904,512.3161017676678,649.5833,453.7072,0
619148224,696.0830421532751,494.87044676936557,687.0919,413.6317,0
619148240,711.4141624363731,519.0988896385282,720.9739,515.8497,0
619148257,714.9448446254777,523.9164491571407,701.5971,482.4621,0
619148274,713.4089473825171,520.2962503110512,680.5458,445.8583,0
619148290,711.0506960362026,519.9930170262006,672.9685,460.3192,1
619148307,715.5955676303121,519.28899149536,718.1445,456.2061,1
619148324,720.626234367337,522.500858204144,732.2856,488.8697,1
619148340,719.3030895789708,520.5505292553157,681.8017,445.5227,1
619148357,722.0063945718938,521.0715204249684,720.6603,467.8214,1
619148374,723.337110663648,524.8946550016617,712.2478,506.8762,1
619148390,723.805050955048,529.8861292831815,705.4434,527.9106,1
619148407,722.9233247579207,530.4904921364841,687.3868,478.5255,1
619148424,721.171243317361,530.9381626948524,674.9011,477.5362,1
619148440,718.4912845373199,530.0487585767833,659.1754,459.0076,1
619148457,719.455695069104,531.616956465251,709.5627,495.0129,1
619148474,627.9083566899869,704.0805171314383,606.4557,672.8281,0
619148490,572.128763414123,771.6900435032624,550.3964,750.4371,0
619148507,584.1804120360057,773.8001260404994,576.3338,755.0199,0
619148523,581.1774276700426,783.8933874916266,555.3066,787.183,0
619148540,579.8655442565046,788.0159309944078,555.9738,782.7673,0
619148557,588.1751365288435,791.2175346246319,604.0672,786.257,0
619148573,591.4732371157077,791.9562093533439,589.0096,776.8243,1
619148590,591.6950065109371,794.3338909074689,573.8877,791.1906,1
619148607,592.6463018173657,798.6537425249725,581.3004,812.947,1
619148623,593.2926640836822,799.2315904034649,579.0322,785.1588,1
619148640,591.6491056855858,798.0989137445376,556.6294,768.3202,1
619148656,592.1664313580719,797.9271937102592,577.6384,777.2526,1
619148673,591.4390692702347,797.3710507597766,563.877,772.4102,1
619148690,592.6168146532515,800.8499472582198,588.6664,824.416,1
619148706,593.640850243112,800.357944917663,586.0999,774.6552,1
619148723,596.2847140048498,800.8330242553191,610.2506,787.9855,1
619148740,597.6223781431631,799.698538898632,593.9015,764.402,1
619148756,597.7738014808268,799.0232528375573,578.2941,770.5624,1
619148773,598.3891375001202,796.6169464187398,584.4308,741.5491,1
619148790,599.0300835618606,796.3999258957657,587.2223,776.0236,1
619148806,600.9973774282646,796.0170613167691,609.3901,772.7455,1
619148823,603.8140247070486,795.6652196977733,625.3574,772.7919,1
619148839,604.7039617695534,794.4142243981654,594.3739,756.4519,1
619148856,606.1266835315225,792.8112360170671,604.3093,748.892,1
619148873,605.495141276706,789.5636599943073,568.2183,717.205,1
619148889,605.876763906325,790.3622009593141,589.9286,791.6758,1
619148906,605.2370493203596,791.7047722554069,572.7761,802.1694,1
619148923,606.3852550267447,792.0906032433364,604.7507,783.4524,1
619148939,606.0005207333485,792.2709434758774,577.3689,779.4395,1
619148956,606.9471266373448,793.6136078157948,603.4617,801.894,1
619148973,607.5032617584905,793.3277549189172,595.4907,769.6965,1
619148989,607.916849485176,796.153037798262,592.3502,828.8629,1
619149006,607.982345596464,796.9233124894342,587.7075,788.8461,1
619149022,608.476376518993,797.8848368158698,594.3772,796.2026,1
619149039,607.8406833588994,798.7526334456401,574.2225,794.0807,1
619149056,608.0927000440922,797.2795697740723,594.234,747.9711,1
619149072,609.4639844214009,797.6669513546178,615.2159,783.9849,1
619149089,609.397751989432,798.0299290307001,587.1611,785.4552,1
619149106,619.0120452706983,795.0482457656459,765.6467,719.715,1
619149122,1007.1907393726067,667.2645852760797,1009.7272,627.3325,0
619149139,1033.4621477601122,627.9933954728355,1035.7424,582.3099,0
619149156,1048.2272141677622,632.4108233504481,1067.7106,592.0975,0
619149172,1058.3972323648406,635.1504652074575,1084.5498,596.2353,0
619149189,1065.7707209517948,631.255322796142,1092.9325,572.2899,0
619149206,1065.60172236204,626.549812833019,1067.8604,559.3814,0
619149222,1071.0367015046388,627.4633700403307,1103.8885,586.5072,1
619149239,1072.3684852282893,627.8564817638589,1084.7903,584.5588,1
619149255,1071.6954406194468,627.1600220597181,1070.5619,575.9552,1
619149272,1070.6135270926436,628.9029439810464,1066.6759,598.2845,1
619149289,1071.6780912578527,629.9178680582862,1085.9885,593.6402,1
619149305,1071.7495155377474,632.7477358457161,1078.1553,616.4249,1
619149322,1072.072595891281,631.7012961484345,1079.2711,573.3624,1
619149339,1070.7928238415443,634.4049406358428,1062.272,621.158,1
619149355,1066.7360818644315,635.7335871248374,1023.7308,606.5376,1
619149372,1065.7584718502183,635.725901980061,1059.6221,588.7271,1
619149388,1068.0889251895624,635.5140230346474,1105.3833,585.347,1
619149405,1067.3692632301813,631.9800042376804,1060.4015,533.0937,1
619149422,1067.05487229196,632.774026515457,1068.8843,599.9668,1
619149438,1067.0399785545576,631.6062687031707,1071.7788,567.7273,1
619149455,1065.0519205586163,629.5896700790368,1038.981,552.2549,1
619149472,1063.7420452352098,631.9727897140486,1052.0297,628.3671,1
619149488,1063.2304120341716,629.0985624418563,1060.1447,534.9357,1
619149505,1061.097408334099,626.5678285419314,1031.7784,539.4663,1
619149522,1051.4806838458398,623.2002810023323,898.2113,523.1732,1
619149539,868.4902866465063,474.9247780941412,851.5056,409.3025,0
619149556,912.5533212125343,511.27278953870984,900.4773,450.3399,0
619149572,897.1682438707861,506.56564686053827,867.1558,439.9038,0
619149589,900.5298759033424,504.79276163699194,894.3315,439.0097,0
619149606,899.9501343480403,491.05564405308206,882.024,381.0399,0
619149622,899.3691127430386,492.2832794461794,883.2851,434.8478,0
619149639,891.321911156599,485.19449311678324,832.9222,382.2988,1
619149656,895.5742503842588,492.67619215602633,910.6017,479.34,1
619149672,898.1839609305825,493.6679848411312,903.3367,437.886,1
619149689,901.4444696250531,489.1672484740468,911.6761,386.4411,1
619149705,900.2887371467974,483.63354644392524,872.553,367.3235,1
619149722,897.7361544273555,479.8973861582245,856.0598,378.1895,1
619149739,895.000702732087,469.99513638759663,846.1063,295.6314,1
619149755,894.7048342320353,472.5949628909853,878.7836,443.5424,1
619149772,895.2693657877281,481.15564449221364,893.4579,529.7792,1
619149789,895.8064140741167,490.51592590831217,894.8445,553.242,1
619149805,891.7721463967681,487.051866844598,821.9227,370.9243,1
619149822,892.183416112314,488.0481490664197,886.1195,436.7516,1
619149839,894.6326892683762,483.8893366043496,913.8041,353.3389,1
619149855,893.6749095520073,485.65878844492886,866.6245,449.4477,1
619149872,896.1644276473629,480.6939901299484,916.3208,334.0663,1
619149889,941.9736517834151,281.13464639556685,919.8881,187.6517,0
619149905,934.9402508408197,307.09066205056354,913.7298,217.3133,0
619149922,936.5862570791476,292.4860466401844,915.7186,184.0194,0
619149938,934.9898861327418,310.99616759417137,912.5137,263.8241,0
619149955,940.3244647429885,312.7265348620481,936.9453,229.1569,0
619149972,939.077326870599,316.3786561990905,913.9877,243.9651,0
619149989,934.4853498096095,311.2585856258206,888.1993,193.4008,1
619150005,931.3107025589587,311.9983074435097,891.0192,227.9359,1
619150022,930.1493442517992,318.8089371771905,903.9349,282.3654,1
