timstamp,smoothx,smoothy,rawx,rawy,fixation
632945001,865.7173103388656,229.55450220002024,868.1146,161.2092,0
632945018,931.3923911322637,384.74890346592457,932.8275,329.2261,0
632945035,966.1946172420268,403.59458813811835,1002.0084,371.1246,0
632945051,990.1359825289962,398.8797251879766,1038.7468,336.503,0
632945067,990.8043021214995,398.9078733529863,993.4941,345.7927,0
632945084,988.3078221674365,389.8207459190451,979.4806,297.3549,0
632945101,990.5480353098385,390.66635710738456,1002.2876,341.9396,1
632945118,992.8293680488428,384.1454178067869,1006.9588,290.1112,1
632945134,995.5461681004551,377.24303955040284,1014.4513,274.6428,1
632945151,997.8099340999281,373.3098685487097,1015.2299,289.0054,1
632945167,995.3432482497203,369.7696638738386,975.0239,285.0286,1
632945184,993.9412185628465,371.2018432978419,981.7155,332.9587,1
632945201,991.3794602533417,365.977023517064,967.5345,257.3651,1
632945217,991.3964540140248,366.4331022803719,993.3209,320.0856,1
632945234,993.9235962380543,366.64594148361454,1023.8711,317.9335,1
632945251,993.5152875169924,355.76349293767146,990.3461,164.9806,1
632945267,993.8524857426232,347.54779573107555,999.73,189.5413,1
632945284,998.3525416556632,348.81145835454106,1057.0779,321.7942,1
632945301,996.5598376577152,345.901852731689,971.8323,256.2157,1
632945317,992.7399602158628,338.2622922911691,940.8831,176.8104,1
632945334,990.049053002597,343.3014149497951,953.9363,375.879,1
632945350,983.4134663473416,348.73015956893425,890.665,383.8414,1
632945367,979.9414458043659,350.02069297582267,936.3901,317.2823,1
632945384,977.5423448486738,356.23687284663504,950.6412,403.0842,1
632945400,975.8723762175673,361.3319620172705,960.6759,386.6093,1
632945417,972.3996115187015,366.3202331055475,929.0824,386.5155,1
632945434,970.1358806153544,372.83532643339424,946.7791,417.0505,1
632945450,966.2594068975462,378.1861476938258,917.4257,398.4847,1
632945467,964.3071462194399,381.7514314395924,947.9166,369.3179,1
632945484,959.6408040754881,385.01407782983785,898.8999,365.3849,1
632945500,955.466974802145,389.7735632837658,904.3882,396.3547,1
632945517,955.7504860055133,391.69558362402034,977.27,347.1543,1
632945534,952.5295677404386,393.2873843190374,921.4828,346.5477,1
632945550,954.540026983016,397.85382742075257,1013.0239,402.8579,1
632945567,1220.03680386538,384.8063976596,1220.9241,335.4556,0
632945583,1234.0639005571502,387.76907301234735,1234.9086,338.936,0
632945600,1223.5333037169723,368.0137790754994,1214.1273,296.1228,0
632945617,1228.1037856458065,352.5264675352821,1238.4341,268.2328,0
632945633,1221.4878398680971,347.24653324179695,1203.0647,278.2951,0
632945650,1229.1275269191394,355.75028482851553,1260.0785,341.4477,0
632945667,1230.8607685067263,358.78039441028153,1240.002,323.793,1
632945683,1288.4248725937632,125.9569279528434,1290.5795,59.0214,0
632945700,1288.6706803166746,124.42676440327305,1290.8331,57.3839,0
632945717,1223.834455241234,270.4216389138382,1159.9976,367.6915,0
632945750,1220.2054702144176,330.02685294713126,1213.8818,402.8774,0
632945767,1213.8020217753776,347.8876884092105,1196.0522,350.3913,0
632945783,1207.4845742455943,356.1763996813995,1184.1973,336.5801,0
632945800,1193.8824329529455,333.3790705973677,1195.0969,279.6854,0
632945817,1239.7872462945868,290.01191309396313,1241.1487,234.1082,0
632945833,1234.9058328891144,297.9134287936856,1231.3315,250.844,0
632945850,1237.7697018438412,286.9144354360603,1244.9751,207.3522,0
632945866,1239.9006454212526,280.8559802463822,1247.6941,205.2691,0
632945883,1238.9893888217146,283.1297489549391,1236.688,236.5325,0
632945900,1242.8478765581335,258.8148798939015,1263.7017,74.3412,1
632945916,1247.4792563192007,245.71444178822009,1275.844,108.1492,1
632945933,1245.2948593103606,249.13223792605703,1231.443,217.8722,1
632945966,1241.7853592860386,253.79336510936736,1216.3884,235.0765,1
632945983,1242.2266667302908,256.51153336786604,1247.4478,224.4018,1
632946000,1239.7535370383976,258.63512618595996,1218.79,221.8036,1
632946016,1243.1944073545158,260.64426937253904,1279.022,225.0539,1
632946034,1237.735719953703,263.5655632515398,1181.4333,237.2028,1
632946050,1237.7897898325373,266.76490170031445,1241.146,246.2245,1
632946067,1237.731151497756,269.96527254342226,1239.6794,250.483,1
632946083,1249.8717180881258,264.7659186159364,1402.5708,137.7174,1
632946100,1236.7963915075281,263.85335898464746,1066.326,188.5165,1
632946117,781.8408094569387,336.07298925780714,783.8223,273.773,0
632946133,727.0980203904477,357.18548720091917,729.0694,295.2692,0
632946150,703.8201910877826,327.9152809364686,682.9768,231.5079,0
632946167,683.4674125957533,338.77781895646496,645.2509,297.0477,0
632946183,674.2677659531482,341.59473035786954,649.5789,285.7742,0
632946200,669.1364600356252,350.1042491302435,651.6631,321.756,0
632946216,675.4705389269857,342.2972390741925,709.4896,237.5442,1
632946233,673.2425165627368,339.7410323982812,663.0718,259.3426,1
632946250,676.7485670181954,337.4250257900916,702.922,257.2807,1
632946267,675.7668883753479,341.2202510516026,670.5345,308.126,1
632946283,671.7214638210354,340.0620164732925,640.6093,264.6077,1
632946300,670.4877907684948,341.31582305058316,662.4343,289.2603,1
632946316,666.4340865336603,339.47871654722934,630.22,254.6293,1
632946333,665.1948415236469,337.3490005693895,656.8166,248.7934,1
632946350,664.3111338257592,338.78837504129905,659.1273,292.4236,1
632946366,664.6576120703085,336.1242004821301,673.8124,238.2927,1
632946383,660.4152744798314,344.27837017157594,612.1354,388.5867,1
632946400,656.7181864278567,351.3236785480265,614.9511,381.4426,1
632946416,649.0777309945267,352.2198969415336,554.9592,293.1008,1
632946433,644.9201962073798,353.6745989974302,598.8731,304.1444,1
632946450,643.0593137232471,356.1846721837342,629.3752,323.7245,1
632946483,641.9367641322184,362.94372985458267,638.136,397.3582,1
632946500,640.7846631958121,373.02022324380295,635.5661,459.4496,1
632946516,637.9611956207942,380.4663704541132,607.0258,420.955,1
632946533,638.1682182371699,387.475609472265,653.9725,420.2964,1
632946549,637.2178506553031,394.6896131780669,633.5482,429.3078,1
632946566,634.734411481143,400.9654086961745,606.1877,417.6832,1
632946583,633.8248819165202,406.46750156127104,630.7601,409.6815,1
632946599,632.5379934106631,412.07276649634116,622.6125,416.8244,1
632946616,628.9655341050982,412.81703971597534,581.8246,331.1316,1
632946633,627.8061276536619,405.052337983909,622.2777,176.9373,1
632946649,625.2092572436119,399.5967484381268,605.3898,217.3012,1
632946666,539.2558894208942,175.43578981937742,542.5645,96.1326,0
632946699,596.2996182170608,297.8944133136,598.8391,228.8206,0
632946716,613.6165553000452,328.92748160938356,633.0287,296.1078,0
632946732,619.5192382305632,311.69370758519443,633.7468,207.4428,0
632946749,628.4998343517651,299.06884259849505,657.5718,191.2666,0
632946765,629.4784626400736,293.87573798160025,635.4789,203.9247,0
632946782,630.5895221948149,309.09711340314,637.5183,321.9302,1
632946799,635.5948024603622,293.47521398741634,666.8865,128.2312,1
632946815,640.038314666766,288.2101651051474,671.2437,183.5889,1
632946832,631.9443745819289,286.76728372007466,572.33,206.6203,1
632946849,633.5312142134518,288.7923708251791,648.9844,240.3277,1
632946865,641.952015237689,287.22272825914587,720.5458,206.2056,1
632946893,639.0160555435107,288.3361396523144,610.2538,232.4171,1
632946928,640.7896406768151,279.46497843123564,661.029,111.537,1
632946948,638.1925023654996,279.48127516881834,609.8742,213.8062,1
632946965,638.13488857201,286.9102825510549,638.677,315.8583,1
632946982,635.7992648406237,293.26668826804007,608.4139,308.78,1
632946998,640.4136234223226,301.86493256024073,701.9609,351.3465,1
632947015,1051.8973298000828,306.36761236605633,1053.5269,247.6525,0
632947032,1287.0513035463375,263.8697054943984,1288.4642,207.0524,0
632947048,1256.1499497948207,263.34352416739233,1226.863,204.605,0
632947065,1265.774316566296,257.58330486045367,1286.5691,187.9741,0
632947081,1264.1101839136206,257.5692018648522,1260.6848,199.744,0
632947098,1259.6753380069076,259.5454540527928,1243.8062,209.8754,0
632947115,1263.997558311702,264.64478926011964,1286.5662,234.4562,1
632947131,1257.468609352382,270.1356823729913,1221.0515,245.9718,1
632947148,1255.4045920104977,271.32106632177516,1243.6858,221.5751,1
632947165,1257.109963762376,266.91818802536005,1272.3733,173.3704,1
632947181,1304.0965209454482,73.08132314226548,1306.5068,2.5901,0
632947198,1334.8057630519459,105.98619688524052,1336.9802,38.5723,0
632947215,1306.1771404248498,204.36775544439573,1278.8438,248.3221,0
632947231,1276.3212858290053,247.10809838845856,1218.3137,278.2162,0
632947248,1281.508176689518,245.67258880006855,1298.9982,181.9528,0
632947264,1275.5585616996789,259.4521271043239,1253.8489,258.4907,0
632947281,1268.7912971330345,263.9677710488992,1237.9834,227.8226,1
632947298,1274.0424366784223,268.50333884542084,1306.759,238.4278,1
632947314,1272.0629419677002,273.88766037841356,1260.7076,253.1959,1
632947331,1275.3632205484341,318.00695762281856,1276.5061,264.9233,0
632947348,1141.1300384454048,234.70974173643015,1142.9771,172.6288,0
632947365,1121.922821546669,231.74808092983332,1104.7161,165.458,0
632947381,1135.7184262996086,234.79360671442092,1165.0039,179.7049,0
632947398,1138.5850634537107,237.64690735385278,1148.7458,184.9548,0
632947415,1137.0388370004525,239.50092898592828,1132.5754,185.2382,0
632947432,1139.7574382884031,242.08462991719563,1154.5804,194.0662,1
632947449,1146.8959338552218,243.24361621171488,1189.4919,189.5598,1
632947465,1146.351202723733,242.76227312027837,1143.5334,177.3222,1
632947482,1147.7478367816377,245.05698561248792,1159.0007,202.1442,1
632947499,1148.2319802947616,244.30199252014637,1152.9839,175.5827,1
632947515,1147.5688295507593,243.5251244503563,1142.2542,173.8838,1
632947532,1152.907898189869,241.40205362630863,1206.3003,158.3969,1
632947549,1153.0708991078943,240.8261457096104,1154.2928,173.2414,1
632947565,1153.2407735759086,242.42925929351995,1154.5997,200.9072,1
632947582,1153.2741215669182,238.62813228105034,1153.5973,128.8717,1
632947598,1155.9145759046548,233.24490667536264,1188.6638,102.2481,1
632947615,1156.9860014998947,234.48506217382055,1169.5095,194.1281,1
632947648,751.5976555239365,236.55968096593313,754.1736,166.2913,0
632947665,868.3468637935174,200.38462301222538,870.8966,129.9492,0
632947682,796.8993841661331,194.29666768351677,728.52,113.8445,0
632947698,781.5861305454142,195.88873843439697,754.2942,126.0559,0
632947715,779.4614738495391,194.34595566364945,776.5354,116.5412,0
632947732,780.3613006068496,189.71758216918798,787.3917,97.261,0
632947748,783.5172614695424,194.97491284527658,802.0035,150.4142,1
632947765,783.0460624790369,199.58748970062445,783.2155,155.6963,1
632947781,787.6529572772359,198.4121316538347,821.361,117.7531,1
632947798,787.7163007278733,205.8833486446828,790.2702,193.9153,1
632947815,786.3204819830185,205.03639327786263,777.1467,123.634,1
632947831,789.4831943741318,205.33531746762398,820.8281,135.6335,1
632947848,788.280200767866,206.55600534624762,778.2941,146.0022,1
632947865,785.8196061650342,206.95856343518145,762.2003,137.4829,1
632947881,783.8998600343463,205.27161013619704,765.6622,110.944,1
632947898,785.2122446120093,206.36389693153117,804.2996,147.7883,1
632947915,783.2584913950574,207.5409385722937,762.2552,149.5691,1
632947931,784.9407908275625,209.80295286711112,810.3433,168.2409,1
632947948,782.4043684007387,209.46734522209596,751.7237,129.5691,1
632947964,775.5438493659963,218.10042255490723,684.8817,270.3649,1
632947981,769.6627080881242,229.4238196983846,693.6161,322.3553,1
632947998,762.0408812092901,236.37753180831047,662.0859,258.6125,1
632948014,757.4996364893141,244.35750582326187,704.8342,283.2663,1
632948031,751.0722147403798,251.967040597297,670.5656,282.9388,1
632948048,659.840376841612,437.02964863772957,661.5084,379.5511,0
632948064,639.5458691639511,409.42010366784547,641.4014,349.4764,0
632948081,657.6529659371726,403.22259998041534,677.5675,336.9592,0
632948098,673.7801412095956,389.4533311802363,707.7234,300.1114,0
632948114,652.2081138125802,395.9920660926082,589.8422,355.0243,0
632948131,648.0009643595204,395.5716023491333,633.7621,332.7127,0
632948148,648.4284221181005,395.3023778429186,652.9458,333.2198,1
632948164,654.1225228224483,393.30134141946957,689.3961,320.867,1
632948181,646.488037750206,384.8887696947523,597.9216,262.3588,1
632948198,648.7202943393464,373.12746339202425,668.8336,217.7583,1
632948214,649.135212784309,377.35773547269366,654.8629,356.6141,1
632948247,653.2887039796367,376.26694345010793,693.4095,306.7556,1
632948264,651.8485026850512,373.82685836910673,639.2021,288.014,1
632948281,654.4950208734674,370.75083972522486,684.2424,277.2405,1
632948297,655.7445380000579,372.2047609449849,670.5105,331.5362,1
632948314,657.3936358905634,370.97631175142845,677.381,296.533,1
632948331,656.1910326792486,372.30625250079913,641.2238,330.6021,1
632948347,870.5064374627498,230.45184184251752,872.8898,162.2749,0
632948380,1238.6704108226263,282.1712881079685,1240.0763,225.6668,0
632948417,1267.6833704175372,313.13717789079084,1297.5847,293.3092,0
632948430,1275.893701885366,314.4449160094299,1293.1799,264.0776,0
632948447,1287.0669748002965,308.3823463884232,1321.1318,236.0605,0
632948463,1295.9548134927313,302.1531708973495,1331.4963,222.8428,0
632948480,1283.7229339375938,356.5748172832493,1284.6418,306.5076,0
632948497,1274.3399797246534,365.2726309251136,1275.2297,315.6449,0
632948513,1272.8328118975976,344.55633394339065,1272.4481,271.1561,0
632948530,1265.6671069076483,327.3411391562633,1252.7559,237.8165,0
632948547,1256.807521761185,321.87895685971694,1231.9504,251.1295,0
632948563,1266.3512535439258,316.0108955438075,1305.4055,239.228,0
632948580,1275.4110823496208,305.34676720400137,1320.7689,197.4475,1
632948597,1271.130803359927,310.1344523594511,1246.7349,287.1721,1
632948613,1270.4546653867812,312.58843682452067,1266.738,277.5113,1
632948630,1264.2813455644198,321.5171753854383,1218.5962,340.0891,1
632948647,1265.6952130497002,317.2344827555221,1279.6184,224.9332,1
632948663,1261.328862949654,315.62845425534516,1223.4634,245.5157,1
632948680,1335.9323709431628,124.69438186504472,1338.0037,58.6811,0
632948696,1244.9205568956063,101.50024540450781,1247.2897,31.8356,0
632948713,1276.2032596033246,197.7668330850306,1308.6189,239.6072,0
632948730,1285.297342453819,201.55274406287884,1304.8923,148.0494,0
632948746,1262.6451682549516,207.48042105663268,1196.9973,162.8423,0
632948763,1262.551530623716,214.21359721240265,1264.1646,180.8393,0
632948780,1256.1787622275897,217.97845417188802,1227.2629,175.0453,1
632948796,1261.3052747043128,216.32730168116382,1293.4724,144.5425,1
632948813,1265.9519803082856,195.4814414866022,1299.7057,-16.2409,1
632948831,1266.9605614663715,179.1706334844766,1276.7513,-13.7029,1
632948847,1273.7182187507926,169.5246810946892,1331.7042,25.2643,1
632948864,1271.3923353934526,162.80417331016358,1250.7257,38.7716,1
632948897,1273.2244769406889,154.9789976096979,1292.3997,15.73,1
632948914,1277.6352611912123,142.6424652900969,1325.0438,-51.6879,1
632948947,1277.3809939518967,137.27205161437698,1273.9501,20.0478,1
632948980,1278.810408252776,142.20112809331113,1294.6233,153.7358,1
632949014,1276.3497071631089,148.21659279123028,1244.5649,173.2809,1
632949030,1278.0067567626566,150.42266297416685,1299.3965,123.6747,1
632949047,1276.458353538008,157.33997594852536,1254.967,196.7345,1
632949063,1275.8003154561052,162.51123738344629,1267.0413,175.2562,1
632949080,1275.4462129503709,170.43562989735727,1271.0288,224.3142,1
632949097,1275.8220109234578,175.23170623198536,1282.4683,178.5869,1
632949113,1272.7945382913917,180.33993578501483,1228.9308,186.4903,1
632949130,1268.528148648636,186.08423670507895,1207.1296,200.9883,1
632949147,1265.021000371035,190.21680482356723,1217.2688,177.1492,1
632949163,1261.9998071182952,192.37300916087582,1223.4585,145.5046,1
632949180,1260.474787662033,196.74072119684772,1246.5488,188.6789,1
632949197,1261.2279693307164,194.86066129188703,1284.4764,79.0154,1
632949213,1260.5370686256995,189.3225190414338,1259.4829,12.4611,1
632949230,1261.6032314735878,194.72176276631856,1287.8086,216.5651,1
632949247,1262.093249880231,199.72235055064834,1277.2657,212.0828,1
632949263,1263.0158598301753,206.866846675457,1282.228,244.4062,1
632949280,1264.8906502070608,209.24481588789232,1305.0034,180.5472,1
632949296,1258.5421657988472,272.2145781301633,1259.9641,215.4021,0
632949313,1251.325607104995,288.5435054478966,1252.6731,232.7783,0
632949330,1262.2793697758846,289.3745934676378,1274.5024,235.0281,0
632949346,1243.2586383020946,238.35642827946566,1207.6555,69.0642,0
632949363,1268.5577116623017,228.42265898884588,1345.4437,139.4147,0
632949380,1269.34420436158,235.87119270007614,1273.3311,209.177,0
632949396,1261.7982157918655,245.2881403023323,1225.9297,235.6274,1
632949413,1271.4700046240528,231.38142401928798,1329.2828,86.7415,1
632949429,1277.0143163496339,223.06134145898994,1314.8496,105.7382,1
632949446,1279.4641012045613,226.86669753040186,1297.6426,200.7089,1
632949479,1278.7492354789067,230.79288533623546,1272.2673,207.9903,1
632949496,1278.4825828823714,232.74821102225954,1275.8364,193.2277,1
632949513,1280.0874886568474,233.07460157513856,1295.8572,177.7708,1
632949529,1273.19642990466,238.33890468850277,1200.2256,237.2461,1
632949546,1266.0484270895215,251.81926373643483,1187.5269,351.8093,1
632949563,1263.0880678093558,259.25947297293624,1232.426,287.9529,1
632949579,1261.4675139937713,266.4521653484006,1246.6991,294.3311,1
632949596,1255.6706536363472,275.1113904029829,1186.812,323.7686,1
632949613,1251.8863690559692,282.68825060744916,1209.6279,317.6783,1
632949629,1248.6611045476056,290.10942121426575,1213.9099,323.9236,1
632949646,1243.2343317771206,297.32077226259736,1177.1956,327.9217,1
632949662,1241.8345715927026,301.0069544707406,1234.9749,278.1581,1
632949679,1237.2319874828936,306.35164258691407,1182.0684,310.2981,1
632949696,1236.489050082647,310.57086858473656,1240.3445,298.116,1
632949712,1232.7385646017697,313.7074227055092,1189.3329,283.2865,1
632949729,1234.7267748765237,306.76654573186636,1282.2244,109.9192,1
632949745,1233.364704183722,309.10349841535185,1224.309,276.2847,1
632949762,1233.0485825160752,309.45145109288006,1240.2405,243.879,1
632949779,1229.731172867799,311.20845782192873,1187.0266,271.4698,1
632949796,1228.3104439735725,315.98244759814224,1217.0249,331.2537,1
632949812,1230.8101790906328,314.0913773458696,1283.885,211.7617,1
632949829,1233.9596524315227,310.9599858345054,1296.155,188.3033,1
632949845,1237.6136780369234,307.4571441815487,1305.7303,184.1569,1
632949862,1239.7428614949702,303.7412609900877,1271.2126,164.6563,1
632949879,1241.7035287250433,300.8597833994747,1282.2249,190.8036,1
632949895,1242.2891014721754,297.0173925830815,1249.55,180.9124,1
632949912,1243.3707718828184,294.44542390673683,1253.1948,207.3978,1
632949929,1244.0997204145335,290.65932731675144,1258.3822,168.5334,1
632949945,1246.1627213361617,288.359560947931,1279.4305,199.4495,1
632949962,1249.9633472966518,282.3595290921176,1308.2867,140.1509,1
632949979,1250.5927980628096,280.94337877622854,1250.7896,223.1963,1
632949995,1251.2534229938215,277.01016682580615,1253.2488,171.8731,1
632950012,1252.5010813138251,275.7301872129001,1266.5508,217.453,1
632950028,1254.0205498143782,272.9854741076861,1262.8938,193.4404,1
632950045,1262.6864151526515,264.87524873896604,1389.0424,103.5751,1
632950062,1267.2651153609656,256.2439021351155,1325.4935,80.3291,1
632950078,1269.957013448257,255.0195675570075,1296.0798,213.9905,1
632950112,1272.2343571212675,251.35541234100438,1285.6814,166.0913,1
632950128,1272.962985723348,247.45456584449562,1264.5769,155.1968,1
632950145,1267.2266481113622,241.29263314599808,1155.7583,106.0531,1
632950162,1268.2757671081806,236.86974968073469,1272.4402,136.3896,1
632950178,1270.505824696033,234.98497843912227,1301.0991,174.1104,1
632950195,1272.5736952815594,234.51218034118048,1294.3566,199.4211,1
632950211,1272.9544024934498,230.6925894933171,1273.49,130.4704,1
632950246,1277.4278113453865,221.2104907984785,1341.3628,20.503,1
632950279,1277.4308033821455,213.16668707364562,1274.8741,24.2766,1
632950312,1274.0619821668738,208.3250204041378,1210.7629,97.694,1
632950362,1256.0785798719749,100.26966556085166,1258.4332,30.7529,0
632950395,1243.935973909808,126.82555667634996,1233.9387,87.1818,0
632950445,1258.0997501422514,131.23719711612102,1288.3926,73.913,0
632950462,939.6033047437195,122.58088159600753,0.0,0.0,0
632950479,745.9352400677062,117.31626397663175,0.0,0.0,0
632950512,1257.7806542931314,111.52484352674651,1260.0713,42.8726,0
632950529,1261.5989449153553,115.83231201220245,1267.6373,52.2726,0
632950545,1286.7961836328634,138.44505776289432,1338.6041,121.6845,0
632950562,1210.7058546199012,164.03254352856976,986.8466,174.4583,0
632950578,1114.561369524587,192.1552102882539,741.3651,235.6421,0
632950595,748.1185234926133,338.4406574088541,750.1512,275.5943,0
632950612,811.0480990918468,322.9158810382459,813.0452,260.2719,0
632950628,805.0100143710158,314.49817508602536,801.098,241.9631,0
632950645,785.9037739842261,308.1615828562109,750.2288,229.6104,0
632950662,780.4192947245193,302.718663671681,766.7588,220.4178,0
632950678,780.6759084320611,299.74060483765766,784.3971,222.5451,0
632950695,788.3994185443668,302.3827594982082,828.4136,252.8168,1
632950712,780.9397947280471,307.24192186410033,739.796,272.2498,1
632950728,773.6636963304654,311.89306837736297,727.8876,279.5685,1
632950745,772.8554158053797,309.03093456147496,770.5995,220.4396,1
632950761,768.4917602034064,308.6272783601415,736.03,239.2675,1
632950778,771.0112004646198,311.1584966343176,798.2886,271.7471,1
632950795,770.8519746606653,309.09745005540714,773.2078,221.8929,1
632950811,768.3283989089464,305.48646872898576,745.7836,199.0541,1
632950828,767.8146544555186,303.9356547950559,766.609,221.297,1
632950845,767.3909725541992,307.18213332895726,766.6217,285.008,1
632950861,773.3953953115386,310.8754755694833,851.4817,297.1869,1
632950878,771.2021328292831,313.9136905887457,744.3145,289.3946,1
632950895,563.0125594353365,497.55158983547466,564.5376,442.4572,0
632950911,642.572896859027,577.1170410691187,643.5176,529.5771,0
632950928,612.6238560573205,583.5587181138696,583.7399,542.1125,0
632950945,599.4624056628484,593.288722703032,574.3424,566.1858,0
632950961,601.3188318094553,604.3880685420299,607.858,593.2328,0
632950978,600.3553696533783,596.7109365102845,597.9491,516.7452,0
632950995,601.0048777335635,596.0950728048367,605.4153,545.7991,1
632951011,603.3247927301393,596.9130166697817,617.8434,555.2874,1
632951028,605.8935668781008,596.7465737241981,623.8897,548.8962,1
632951044,610.720181572022,591.6437986317383,647.6861,504.0226,1
632951061,613.1105553351088,595.1159418841834,632.5807,580.4886,1
632951078,609.4754789563513,595.8605299442733,575.7834,555.5493,1
632951094,609.5355864964688,597.1748391586194,610.3304,564.1082,1
632951111,612.605383724803,598.9488149926266,645.0331,572.5385,1
632951128,620.5616862423361,596.5051109939133,708.7802,521.344,1
632951144,619.4182382492708,596.5645693514276,602.5459,550.2147,1
632951161,620.4652979457863,593.0948932328423,630.9125,500.3568,1
632951177,619.7987556589545,593.8401036421535,608.2974,558.6231,1
632951194,621.0014786467717,594.477783510122,634.7057,558.2437,1
632951211,621.9054492940264,593.2838188887201,631.8368,529.6784,1
632951227,622.7002400387536,592.261646798471,631.274,531.3466,1
632951244,625.0111013237649,592.2761043594803,655.6857,548.225,1
632951261,623.9987218166094,593.3397726286379,604.9854,564.8652,1
632951277,625.2963300409929,591.4956361438627,642.3613,515.7917,1
632951294,624.6008548878617,592.8193022304024,610.618,569.7202,1
632951311,625.236530257958,586.0693762200093,633.6091,426.4581,1
632951327,623.9999178740136,576.3481822324558,603.1465,368.6902,1
632951344,622.453693005646,569.4200887300959,597.6183,414.9005,1
632951361,619.9310263342942,563.5685475717123,580.593,430.5377,1
632951377,616.8643919530055,557.7844662829038,570.623,427.8811,1
632951394,613.6142548584991,552.2311280984737,566.5754,428.2231,1
632951410,613.4584770566814,547.13912457349,622.5463,437.3015,1
632951427,611.8864088828715,538.4148459531793,591.2852,366.4347,1
632951444,607.6757311755675,532.3392595128287,544.0515,413.1057,1
632951460,604.1287961640328,524.1484290683214,558.8277,371.3041,1
632951477,602.1950680228609,517.5226700978544,584.4932,387.5359,1
632951494,602.1983666255744,510.79548359656366,617.6136,384.0919,1
632951510,603.298987398977,503.5385295407597,636.4821,369.5618,1
632951527,603.0473730343057,495.69418977741236,612.0215,351.0053,1
632951543,599.733092773027,492.8975829024147,559.105,433.2018,1
632951560,598.8853301698242,488.3295147803487,598.7344,402.6407,1
632951577,603.2587043817296,480.67339849847633,682.4225,337.2069,1
632951593,607.551552452999,474.05979517363716,683.8,350.8419,1
632951610,612.6054890522588,467.6583205015811,699.8285,349.0043,1
632951627,615.0583470097492,462.5455066676567,660.2233,359.9276,1
632951644,619.7845043339214,458.22706703256995,687.9583,372.2959,1
632951661,622.1978531048397,453.64522846330016,651.6772,354.9147,1
632951678,625.5629644830477,447.3879321431898,667.1365,324.1096,1
632951694,629.722781403975,439.8333111801272,685.4091,293.5828,1
632951711,631.0491614874942,434.5831723350278,637.2146,326.2657,1
632951727,633.0323452642367,430.10341449954814,650.4338,335.0269,1
632951744,635.535655235041,426.2794868196966,663.9342,343.2131,1
632951761,638.1187170838817,422.28891650163513,662.0911,335.7614,1
632951777,639.8020641732943,417.963322294155,653.0072,318.1861,1
632951794,642.9411772558616,413.06421971171704,677.4639,308.3307,1
632951811,645.3568544138195,412.9336114507548,669.5649,377.0921,1
632951827,646.5463486986743,413.3482828725693,647.6495,377.6641,1
632951844,642.3096695383155,405.0025859526587,556.4723,214.1249,1
632951861,599.2811474022758,71.56652879728802,603.0365,-14.0967,0
632951894,279.9446372448792,132.4521899989035,567.2307,88.7774,0
632951927,368.7934236849065,119.40040795177416,547.664,8.0332,0
632951944,415.17864401313074,122.3531810987921,553.4636,48.7909,0
632951960,439.3149115722891,114.43896101886948,533.7886,-2.9697,0
632951977,554.429204565985,164.9736647197675,557.7655,85.2249,0
632951994,563.2316619803311,120.9061454987497,566.7891,38.103,0
632952010,545.9895882952749,91.32224804273847,532.7332,-26.0735,0
632952027,361.59490806153275,93.07885672382908,0.0,0.0,0
632952044,268.46374897439057,93.96685192771919,0.0,0.0,0
632952060,211.84607410359897,94.5074831847148,0.0,0.0,0
632952176,114.25848204537942,88.69194721465533,471.1587,-24.0856,0
632952193,208.34217293129475,66.94573817494314,578.3134,-110.9648,0
632952210,558.9426070693444,160.10840599891407,562.2966,80.0981,0
632952226,537.2801817433292,84.89543398006356,541.0812,-1.1119,0
632952243,265.9116981903817,90.81518301437832,0.0,0.0,0
632952310,371.836760993806,54.618972601146794,587.9802,-109.8816,0
632952343,425.51137179960114,32.62598563900863,588.7297,-125.6639,0
632952360,338.5156267530425,45.40475959686093,0.0,0.0,0
632952892,757.9035531226093,32.31060987899958,1521.1996,-105.5686,0
632952908,503.892522197109,53.762420048332785,0.0,0.0,0
632952926,375.58272709019866,64.59844266898182,0.0,0.0,0
632952942,297.5566914494939,71.18795487736006,0.0,0.0,0
632952992,752.6836071922907,38.62047262379472,1510.7247,-92.2603,0
632953009,500.4111317418709,57.97076233544373,0.0,0.0,0
632953025,372.97957309243833,67.74522773545819,0.0,0.0,0
632953042,596.031725749799,59.88293718601731,1477.6221,-41.3673,0
632953109,764.5751423077991,63.425992133304916,1534.165,-38.5593,0
632953126,508.3420653271284,74.51469675885718,0.0,0.0,0
632953143,378.9098885549087,80.11597326687642,0.0,0.0,0
632953159,634.9813337129829,75.47043641535765,1645.7471,-7.3401,0
632953292,231.9898542737591,131.15112340477714,1162.8,206.9507,0
632953309,903.1297348180962,386.7782066181223,904.6075,330.8008,0
632953325,885.0214325386739,509.1845323826085,885.8729,461.8268,0
632953342,898.5199704095429,499.83400321672934,912.8852,442.3515,0
632953359,913.0583692880022,488.6100035167707,942.8567,417.0575,0
632953375,916.3416531787964,498.8109630935162,926.4547,484.2598,0
632953392,921.3321704555806,483.23816618916646,941.7565,369.4426,0
632953408,922.4089656732726,477.30035889162326,928.1295,398.2185,1
632953425,924.0223519480713,478.2871743998635,933.5618,436.9584,1
632953442,925.3474547481683,480.9162155909189,934.1805,452.3198,1
632953459,924.0733726516632,482.3678309332977,914.4556,445.946,1
632953475,921.7805567915817,479.2982804257025,903.1487,402.9857,1
632953492,920.8283506807029,477.89013786454467,913.0411,415.9863,1
632953509,919.6296487665653,477.8293263092667,908.9236,429.2401,1
632953525,916.6572406804687,480.37325926781824,886.6959,460.8094,1
632953542,915.9994653167005,481.1092599903315,910.9742,441.2392,1
632953558,917.843522764748,482.80638237318453,941.9398,456.0209,1
632953575,917.5452569900606,484.1774714903329,915.4786,452.8659,1
632953592,915.3777823441833,483.46165571980737,889.3949,422.8448,1
632953608,916.7770767572717,481.70892108166817,938.3205,407.2328,1
632953625,919.0223019015541,479.2569594082572,952.001,394.7714,1
632953642,918.4213049126952,479.2834522248762,910.474,432.0755,1
632953658,918.9265292595459,478.7027820570868,927.2086,422.2318,1
632953675,921.0822618401605,480.32281663554517,953.4686,459.7454,1
632953692,921.0230131898404,479.0376451264196,919.3473,409.5843,1
632953708,922.7935645457648,479.1104545604102,949.2742,433.3328,1
632953725,924.1738232887237,478.636252692642,943.848,423.3656,1
632953742,924.728671221721,478.98745529805404,930.7406,437.6758,1
632953758,923.2424927798343,479.2358362856928,896.6013,435.0737,1
632953775,924.5226619631728,481.4482899809933,943.6879,472.2898,1
632953791,921.0585440712803,480.1240487115606,862.6898,405.463,1
632953808,921.338859336143,478.8425510545641,927.2139,407.3276,1
632953825,921.1847257898404,478.20495842965397,916.0616,422.2095,1
632953841,923.0538340043161,477.4384207542709,954.5983,417.9982,1
632953858,921.9802465519193,477.8736381132162,906.5074,436.5413,1
632953874,918.8753819655806,476.06244969016774,869.5096,400.581,1
632953891,917.0724333702829,475.29746270049225,893.4619,408.0971,1
632953908,914.2760458751482,474.1332765215183,874.2828,403.8013,1
632953924,913.1149498038416,472.4668984159211,902.7777,398.9154,1
632953941,906.2754319372003,474.607910816505,802.9043,468.8528,1
632953958,898.9444182148534,474.64344581371796,791.4362,427.7236,1
632953974,891.3081152772884,477.0116661019628,783.3357,466.2931,1
632953991,883.5326243309074,477.94876217903675,780.1185,440.9008,1
632954008,877.4973845021575,477.9502166180735,807.3296,425.4319,1
632954024,869.9516525440456,479.8180219340402,775.4172,462.8737,1
632954041,863.1924352241996,478.24378517467034,788.4567,396.3383,1
632954058,857.2150187657719,478.37747426138947,800.7081,430.0098,1
632954074,850.6266293115756,478.15651366219095,782.329,422.5119,1
632954091,843.0404831822166,481.94431027624796,756.9617,493.9212,1
632954107,836.3699132133373,482.2561057170222,773.1543,428.0622,1
632954124,830.224200771935,482.89436487873365,777.5712,433.9206,1
632954141,824.2902947737987,481.45832437416203,770.8593,399.8959,1
632954157,817.4657695737817,482.7218794102559,750.9191,449.3831,1
632954174,811.5153221991096,485.1563980049734,762.3833,475.8032,1
632954191,807.8506539479877,485.8017221871407,792.1506,438.1315,1
632954207,802.7213244938469,485.5237771773219,763.6592,423.6054,1
632954224,799.6220842934468,487.5690141656108,791.7963,467.3401,1
632954240,795.6072193403916,487.2448555738404,768.6459,424.801,1
632954257,790.6692928224464,488.5677327278827,743.3278,455.5395,1
632954274,788.2143148764476,488.3414413212746,786.3895,431.7951,1
632954290,786.7479905395217,487.48117214832666,789.9532,413.6285,1
632954307,784.1151000188299,487.14832288035853,772.1296,424.2472,1
632954324,784.2582769557727,487.20490050352504,814.5864,434.8585,1
632954340,780.9142152766555,487.72023829289975,753.6545,442.1845,1
632954357,778.8950081937967,486.6683802039365,767.7177,415.6908,1
632954374,776.3600964895385,487.2050578379595,751.5823,441.7178,1
632954390,775.4334107255406,485.0505846942072,779.6824,393.2789,1
632954407,774.702772185849,481.983660240648,778.5227,376.1198,1
632954424,773.8517190037732,480.38302013668545,776.9874,403.034,1
632954440,774.5281711441113,479.4879263391336,791.0907,423.6329,1
632954458,774.5880946489657,480.67556021237823,778.4091,456.8412,1
632954474,772.8040443463921,484.16512127432577,744.9714,502.422,1
632954491,772.462427292449,484.7267001962994,769.7845,444.6027,1
632954508,771.1451612476008,485.4553349503531,755.2798,445.4598,1
632954524,771.1830019000776,481.5215712952193,775.4006,362.4635,1
632954541,770.4355761827819,480.7233734561771,762.557,413.448,1
632954558,772.6739049985384,478.68213805165203,815.4386,394.8058,1
632954574,774.0555754254219,477.3758319515588,798.1377,406.9347,1
632954591,772.4204969300914,474.78612047777756,743.2218,388.4206,1
632954608,773.6438895404691,473.4283809250117,794.8439,404.1615,1
632954624,772.2727086624556,471.6163118191207,750.2725,394.4727,1
632954641,772.9000648988188,470.27602430165,784.3372,399.6104,1
632954658,777.6654697428572,467.89806609145626,854.4993,386.0964,1
632954674,779.9395127086241,466.5139192054606,812.8138,404.9198,1
632954691,781.6355195845016,465.02978115229365,806.4506,397.0933,1
632954707,781.535708647333,463.1914757739671,772.7791,386.9719,1
632954724,780.433102651843,463.2814183953584,758.9011,425.8619,1
632954741,781.0909597300787,462.61611410826026,787.6858,406.238,1
632954757,787.029518343744,460.33608245911984,877.8992,379.9669,1
632954774,930.6423818834664,301.9669931559144,932.5257,240.3371,0
632954790,964.465592596785,314.1131466192797,966.2192,254.0997,0
632954807,978.532228159273,379.34270225861616,993.5602,394.5798,0
632954824,969.9287436078463,393.54177914681566,953.9562,369.0621,0
632954840,960.8224367123865,421.19821286455647,934.6799,455.8553,0
632954857,965.47188038369,418.42352383366836,985.2697,353.3619,0
632954874,959.9140032571473,429.42285789088663,933.8901,433.3813,1
632954890,962.6502184037688,435.0601037045139,979.8542,417.1342,1
632954907,964.5565523925519,443.04913867352116,978.2092,447.3099,1
632954924,966.059660488568,448.4699581812505,978.0853,438.7133,1
632954940,965.3238459557592,456.02600955596347,959.5695,469.465,1
632954957,963.8007062034816,458.832924332004,950.6783,430.812,1
632954974,962.2386943111949,460.2875692636971,948.0457,419.8867,1
632954990,958.9127370532871,461.3161555547431,925.559,416.7589,1
632955007,955.2159498923414,463.0068482162979,916.5552,427.1561,1
632955023,955.068333013467,459.2758295291338,957.4948,356.4185,1
632955040,957.3380433780274,461.7595769396414,988.9091,442.0406,1
632955057,958.0776025062697,461.56620241352846,970.161,405.1448,1
632955073,958.9246041800395,458.08197204617267,972.532,354.8663,1
632955090,961.4604122829893,457.02552006865136,997.9049,391.0488,1
632955107,960.4448478620923,458.3895554856709,945.9285,428.8151,1
632955123,962.5489432565358,457.77892499183395,993.6983,398.3082,1
632955140,964.5028560716291,456.16819087823995,992.8288,381.1277,1
632955157,964.9234605928099,455.78034120965407,969.3016,401.0038,1
632955173,962.9197640826318,454.4655949103693,930.1035,383.7225,1
632955190,961.6985037226631,455.2912402066672,942.1392,421.5688,1
632955206,963.2939396326741,457.3126166546755,988.9713,444.5286,1
632955223,964.5552204606134,458.95948921589695,984.0236,438.387,1
632955240,971.920286805465,458.14354855043524,1089.5206,395.8937,1
632955256,979.6178257526321,453.7038391934341,1098.1577,328.5823,1
632955273,987.1197234648495,449.3993601171515,1097.6362,329.8395,1
632955289,996.289535988245,444.23351958139295,1126.9309,298.7623,1
632955306,1004.1611968611419,440.14430061604264,1109.5737,333.8011,1
632955323,1103.4964957911166,174.27804107286232,1105.7411,106.9464,0
632955340,1080.2824009105623,216.30719167718485,1082.3442,151.572,0
632955356,1115.3566827979116,262.52652009708686,1151.7721,252.1829,0
632955390,1060.5923163365346,354.5585455658588,952.1553,493.347,0
632955473,670.0140864817387,483.96404025325563,-485.7143,815.5543,0
632955489,366.38418848657665,464.5332381184604,-808.1747,289.8865,0
632955822,153.92221952213782,558.6254686041214,155.8936,499.2834,0
632955839,691.4388950347869,534.0033581752896,692.5236,484.3353,0
632955856,781.1528331643518,477.33796356000937,871.994,366.6499,0
632955873,802.8624478934073,454.0174834943642,847.0242,352.3104,0
632955889,823.8979737087569,481.9258100879386,886.0338,522.0773,0
632955906,827.2214682301502,490.5767596267015,839.7396,477.0817,0
632955923,824.4851010493387,566.6952585242734,825.141,522.2756,0
632955939,892.8638165506483,560.6947521361425,893.4224,517.2947,0
632955956,902.5632875678725,549.6468908099866,912.879,494.0175,0
632955973,903.9760756034261,519.7437636788471,907.8083,409.8878,0
632955989,885.8075634226598,516.4735136379356,832.8382,458.6516,0
632956006,879.2581293436576,522.3078723985165,854.7418,500.472,0
