timstamp,smoothx,smoothy,rawx,rawy,fixation
632909439,967.2690598783071,659.6193208465995,977.1884,627.3918,0
632909455,965.3056745285697,649.1950860873849,959.6859,580.4208,0
632909472,967.849177215135,619.2307979649246,978.6818,455.9094,0
632909489,951.3661835261344,569.4029249335485,951.7668,527.8937,0
632909505,993.3467270454425,600.79254452482,993.4983,562.49,0
632909523,976.0660776301168,564.9641399635838,959.4329,484.9212,0
632909540,975.6656315116022,544.7337421799065,975.6623,458.946,0
632909556,969.9448599068644,560.8125137760027,953.261,570.4012,0
632909573,963.8623605094323,564.2843300732252,940.6268,536.78,0
632909590,967.9109342562001,556.5569944460187,988.755,474.3497,1
632909606,970.1292842055784,554.1190739024565,983.6775,497.4573,1
632909623,967.0505446570838,556.0090005134513,946.9669,527.5745,1
632909639,969.6539039324306,557.439608138857,989.9287,527.7571,1
632909656,964.1821014824536,556.1197450763474,919.196,501.2267,1
632909673,959.9212023477619,553.3929303433353,922.8828,483.8121,1
632909689,957.6867766923167,554.8590026411011,938.1564,528.4903,1
632909706,958.6292552173414,554.2273411189875,971.5519,505.4146,1
632909723,958.2330144966883,553.1176581010379,956.4189,497.8977,1
632909739,956.8491543583336,550.5171714111685,943.2928,475.6225,1
632909756,951.8157354687405,541.091559076461,893.4318,373.4649,1
632909773,950.2154808872675,533.1208363700318,935.2697,384.9839,1
632909789,950.2868977409173,528.7632406670402,957.0322,432.1588,1
632909806,949.138173064002,522.4736709951391,938.8629,396.125,1
632909822,947.1475359592107,515.3659878672851,924.8337,375.9339,1
632909839,944.4088339291868,510.38053639816366,911.111,404.0189,1
632909856,942.6716827945218,507.5538430611519,924.3691,435.793,1
632909872,943.4901575156633,504.27845566827597,963.8781,425.1073,1
632909889,942.0981353002437,501.3543548019648,927.3583,426.5164,1
632909906,941.3259880331433,497.50368501230383,936.3596,406.3647,1
632909922,938.8785609721152,489.20583468450246,907.5231,321.1051,1
632909939,939.7581609204432,482.52296266662023,962.185,345.6895,1
632909956,936.7133722539648,476.999069991542,894.2436,360.0403,1
632910039,958.0889361006141,309.84029815815995,959.8777,249.3762,0
632910055,939.0370792372235,313.54240030522175,940.842,252.9436,0
632910072,963.0868746574085,290.06291465752315,989.0424,203.62,0
632910089,958.8096268531112,284.3312453891312,952.1898,209.7203,0
632910105,953.9305779913949,287.38947763245943,941.3062,234.8264,0
632910122,951.9096816690844,278.0580624940655,946.2551,175.7533,0
632910139,956.8715459371656,261.5035147276372,983.6285,112.1546,1
632910155,957.8936713561043,270.06110913110115,965.3395,261.7221,1
632910172,955.6579576555389,276.45837359131906,942.2682,259.7778,1
632910189,955.744767584611,278.8013250942909,958.2917,234.8419,1
632910205,955.0841369289993,283.97487364253794,951.3193,267.1425,1
632910222,953.7730239748502,287.73129356412835,943.7607,260.3568,1
632910238,955.4122837609887,287.8703351109626,973.8738,225.0212,1
632910255,716.9628825065529,257.0190651922257,719.4941,187.516,0
632910272,663.9551222913603,110.43904461393866,667.378,29.018,0
632910288,689.2934139786444,134.4016538596862,717.6358,81.4854,0
632910305,668.445526485246,152.5699186366854,629.9578,112.0888,0
632910322,677.4452922618063,141.7855229562117,707.6662,28.7874,0
632910338,678.2572766699496,135.2902893824533,684.7542,28.6364,0
632910355,682.0558563689269,164.8196604554491,702.6898,242.6228,1
632910371,686.0153551416344,177.80583546390037,711.0661,180.7779,1
632910388,685.5165367293105,176.40282710752618,684.5188,86.8181,1
632910405,686.9810109753333,175.92042880717483,700.3323,93.1073,1
632910422,685.1271574409461,180.10094145829942,671.6758,138.4528,1
632910438,680.7824069374017,184.28660107062896,643.6782,145.14,1
632910455,680.3389398405468,186.4125505073966,679.491,128.9017,1
632910471,680.5845283553881,188.75131713901177,686.7501,135.2096,1
632910488,627.6102397074281,420.81687474013285,629.4269,361.4567,0
632910505,664.568560207322,524.0783072102054,665.7578,473.1058,0
632910521,664.687310635849,504.57268636707875,666.2048,431.2827,0
632910538,665.2382652868255,481.3955769701395,667.9968,377.9771,0
632910555,664.001895347942,473.3497079857754,661.9254,393.4259,0
632910571,658.1390429863111,466.56248714258834,636.8534,382.8592,0
632910588,652.2751686678831,475.4094318140436,625.3676,467.2415,1
632910605,654.7701412222058,473.6196132644002,671.4188,408.2858,1
632910638,665.6179733162732,469.68343832491604,739.7788,388.6516,1
632910654,668.2734123633171,476.6875375795815,688.335,480.1821,1
632910671,667.8573503949375,482.6957461770833,664.1464,482.0358,1
632910688,661.6967026616123,480.23849129644395,606.074,399.1701,1
632910704,657.6298065136991,481.50174339844364,619.3781,438.8203,1
632910738,657.2539903945752,488.3751323572142,655.736,510.951,1
632910754,655.5806658070467,486.5499819948934,639.9393,406.7986,1
632910771,652.289147266353,490.09348567250163,616.7882,477.718,1
632910788,649.1416950041943,494.93267485383757,614.6663,500.8212,1
632910804,646.2808194819036,490.1247701680436,615.738,363.1264,1
632910821,648.4627196393442,486.3008125965446,684.725,375.0735,1
632910837,647.5916034123073,486.9004086122609,640.9253,440.891,1
632910854,643.3086264443307,482.35115969718316,588.5763,356.5831,1
632910871,639.7343131252113,478.7134008873819,595.8554,368.4168,1
632910887,639.6731243899435,471.28862102692256,648.771,302.3322,1
632910904,642.086101938878,464.19239790832995,687.8651,303.6645,1
632910922,642.1733520246935,459.7798101737224,650.1444,345.21,1
632910938,640.0828222682659,450.7631252321266,613.8234,258.6663,1
632910955,639.9594721126035,445.3498666251321,645.0674,318.7285,1
632910972,638.4703234289045,435.6365865493199,621.547,235.2576,1
632910988,637.0532928373368,429.05112190482606,621.3372,286.7986,1
632911005,636.3456521460355,424.6231513204103,632.2704,321.7827,1
632911021,636.3144696944339,419.98676153611814,643.1207,313.1963,1
632911038,636.3498960947001,415.8844510822447,646.2667,329.9119,1
632911055,636.1990940588552,410.8047369831478,642.0818,301.395,1
632911071,635.4242121197877,407.33769819583233,630.2828,320.5946,1
632911088,632.4010314980866,397.861176809311,590.202,204.1588,1
632911105,630.9747094942486,388.8904196750842,614.5376,207.8832,1
632911121,632.5096148840257,384.4795704171522,663.8533,297.1509,1
632911138,632.349261072028,375.4285665089101,639.0316,196.6031,1
632911155,634.0911311089912,373.3656358050932,677.3751,319.75,1
632911171,633.5812595812966,364.1747899389352,631.9384,188.606,1
632911188,1124.1952435244248,239.18007981936574,1126.0503,177.0662,0
632911205,663.218322245914,414.246913941099,665.0029,355.1642,0
632911221,721.1456373959442,350.14613145147104,781.1816,220.1775,0
632911238,785.4500940561126,266.6175707191338,915.9507,24.1466,0
632911254,881.4826335333173,231.41093214163226,1167.2971,59.2373,0
632911271,930.4694579139267,251.9598928160903,1119.9705,280.0351,0
632911288,1130.7281406965478,290.0783107080608,1132.2961,231.8491,0
632911304,1083.1263028474891,361.0515823272348,1084.4015,307.0274,0
632911321,1099.210788555062,339.9620482305953,1116.696,262.489,0
632911338,1097.7442042323614,356.19236536774235,1095.8528,336.8013,0
632911354,1100.0720800682593,351.21942995667587,1108.2786,281.0023,0
632911371,1112.5733398485033,342.5013735812895,1162.9219,252.0668,0
632911387,1110.620955618949,344.2095083280995,1101.6761,298.7046,1
632911404,1106.1291842046392,345.2931545343293,1080.947,297.0791,1
632911421,1110.1672245528844,336.91484259075634,1138.5552,222.5777,1
632911437,1109.2073449066409,334.4026030595536,1102.8677,259.9251,1
632911454,1108.4801246604816,332.7089600078759,1103.4662,263.6264,1
632911471,1113.9860448279273,322.95872770896494,1165.6134,174.6845,1
632911487,1128.0817001435976,321.85047549440515,1266.2751,261.5644,1
632911504,1125.8914091017714,311.1343653590702,1099.5541,137.2085,1
632911521,1124.9814461179135,305.84695526512695,1112.2158,192.846,1
632911537,1126.6677455114755,306.4955955711586,1144.1169,267.4028,1
632911554,1127.5035955148628,304.9697092379454,1135.196,236.2041,1
632911571,1128.7668971648013,306.00829606543283,1142.1733,272.0712,1
632911587,1132.095563884529,305.2399066826907,1173.5093,245.2592,1
632911604,1131.2580845903701,295.19928720319007,1116.2623,95.4113,1
632911621,1089.1227230612155,118.24693008657036,1091.697,46.4854,0
632911637,1159.6372707362814,162.13956549768747,1161.8409,95.1144,0
632911654,1142.3042118362587,240.62882767897992,1126.4386,262.689,0
632911670,1161.174007293795,262.95599171155686,1200.1093,251.3938,0
632911687,1144.967408099639,265.09444863758193,1098.4603,210.3256,0
632911704,1144.9089512868095,247.9287441603769,1147.1047,113.7469,0
632911720,1138.33087561329,242.35203709069998,1108.6464,151.0877,1
632911737,1124.9146849443325,219.46167959703274,1051.0076,12.9048,1
632911753,1136.0202847056491,216.13299754849947,1213.9491,133.4185,1
632911770,1127.9262318463977,214.46544946848482,1069.85,139.2709,1
632911787,1125.649350194429,194.7211784645804,1111.5311,-43.823,1
632911803,1126.532188873312,188.37785349085274,1139.1326,68.4874,1
632911820,1125.5483845083538,187.6296295470485,1119.8704,122.563,1
632911837,1122.02800812427,187.83364204605863,1089.1279,132.0312,1
632911853,1121.6329455778914,192.3150438273388,1121.9875,188.3378,1
632911870,1118.0616175076716,191.545387286482,1081.1001,120.7763,1
632911886,1113.1676351154695,185.2273418017656,1059.5203,39.314,1
632911903,1117.048703572152,188.5081128751638,1174.6622,176.7644,1
632911920,1116.5505727077086,187.93632865195474,1115.6349,118.9082,1
632911936,1118.1649776623287,189.70443527163772,1145.7909,155.4584,1
632911953,1117.2143313446416,191.6974997777414,1107.8618,159.2296,1
632911970,1113.5443800957605,193.3668866778483,1064.6702,153.965,1
632911986,1109.208588523873,197.63442988905464,1051.036,198.7201,1
632912003,894.3559931530873,81.3579948401746,897.4988,2.7204,0
632912020,881.9756966933475,120.7651719071375,884.9293,44.7626,0
632912036,438.03966532918923,108.72718129123058,0.0,0.0,0
632912053,583.9508065192919,79.15160170852525,879.6737,-63.0717,0
632912069,435.4559677757663,83.45519376285833,0.0,0.0,0
632912086,522.115373644873,90.89055767095219,869.6342,44.0836,0
632912103,944.3413680057245,151.85114291708234,947.0089,79.4685,0
632912119,797.7813330288777,53.403119182913045,801.2582,-29.355,0
632912136,850.0336069558927,92.34244684332288,905.012,56.3775,0
632912153,900.8363891652596,69.5932658188741,1004.7801,-56.3675,0
632912169,887.4990370669454,94.9670643126928,849.685,97.2364,0
632912186,923.8145713245552,76.8743283214229,1068.9631,-75.3188,0
632912203,920.2137596587643,84.17787814339242,903.2576,44.3215,1
632912219,920.9236359798688,88.59313633037276,925.9082,38.2168,1
632912236,923.3415119759134,87.10897503406665,940.5155,-1.5157,1
632912252,929.2120093077501,89.54769375426486,973.9205,32.3209,1
632912269,915.8655199601046,100.68807710347164,804.4869,120.1149,1
632912286,920.1389204517413,100.14977112406079,961.7917,15.7634,1
632912302,917.3854813447844,104.35265976932726,892.0285,68.6944,1
632912337,832.7659361454063,85.42817349214197,836.0036,5.774,0
632912354,806.3808301024281,116.35955257099727,783.0671,70.9779,0
632912370,857.4562386539468,102.33890375931063,962.1498,-3.4534,0
632912387,874.437096112613,90.24883823608727,927.3707,-25.5156,0
632912403,899.0090159600527,93.28964233363446,997.1319,30.9275,0
632912420,967.0750108009554,143.14682904731058,969.7464,70.6095,0
632912453,976.4252700849436,112.74629263430903,979.243,38.1719,0
632912470,949.4512089771296,123.77126300232587,925.3468,60.6628,0
632912503,934.9496830692592,120.21025070736857,909.2163,37.0286,0
632912520,923.8740770906222,95.51246905026865,894.8596,-60.7548,0
632912536,909.5022860152807,92.24582505704993,857.0004,0.5705,0
632912553,890.2694708871451,74.00765158859092,801.9461,-101.4965,1
632912570,897.433405431303,83.09502630847845,944.274,64.2748,1
632912603,896.1268743199643,94.9062767667905,891.9758,102.8573,1
632912636,895.1311213416785,100.28610802562433,892.4625,65.8436,1
632912669,904.6552571677923,105.83910783344524,988.5104,79.1372,1
632912686,899.147087888634,305.82948610076596,901.0693,243.8108,0
632912703,883.6749626589343,432.86357283518174,884.9409,379.8614,0
632912719,890.4084042826084,436.67476592274284,898.3239,388.3217,0
632912736,907.5188728744901,430.2293961583851,942.7283,364.4968,0
632912753,927.2755379825581,431.9507757630325,986.6045,386.621,0
632912769,933.9952884554427,442.0124530090013,960.3513,433.7241,0
632912786,928.2956797314766,449.88740641182864,900.3365,439.0804,1
632912803,925.752222378076,447.0279527774154,911.5697,376.8015,1
632912819,921.9806824735905,454.7197813231472,897.2887,457.8124,1
632912836,922.6928416031503,461.4841444288031,928.8951,464.2438,1
632912853,922.4011785699533,463.7242505004986,920.9159,430.852,1
632912869,917.6049940580369,466.116793285151,875.0615,435.4518,1
632912886,914.2218021002567,469.95683656874644,883.0914,456.4813,1
632912902,913.0826547013884,477.2594539715769,903.842,505.8233,1
632912919,905.542853833037,482.81806442583263,824.5308,492.0667,1
632912936,654.3122259671802,808.639457386878,653.9851,778.3857,0
632912952,712.1038870549714,853.7264742305325,711.4238,828.0251,0
632912969,684.1063378677562,880.0286250774014,655.3226,883.233,0
632912986,679.0192668366424,887.1950248522268,668.1964,878.183,0
632913002,681.2080315318208,894.3864152256344,686.9452,893.7916,0
632913019,666.8085058996608,892.660963489867,609.7825,859.9006,0
632913036,667.6439336074458,899.0982581620101,671.538,909.122,1
632913052,659.6692871535408,896.8896682612034,613.7212,857.7213,1
632913069,659.0194517316971,896.1294878003032,655.4489,866.3299,1
632913085,656.3468422573912,895.9553121050201,637.072,869.9208,1
632913102,648.9444165294386,895.1984754619982,588.627,862.7794,1
632913119,649.1152358479438,891.0472696268363,653.3914,826.1293,1
632913135,650.4834194657155,889.5813928661819,666.2776,850.9951,1
632913152,648.283589493131,889.552243777173,626.8915,865.6836,1
632913169,649.4257876393052,886.4638780504409,664.5739,826.4139,1
632913185,648.6792306177583,878.7485235678556,641.9934,758.2588,1
632913202,648.649895917307,875.9731606104925,650.1382,819.4537,1
632913219,644.3103877575031,875.6624495541863,590.0531,851.2993,1
632913235,641.6819719389453,873.2852287955984,610.1603,819.1172,1
632913252,639.1515917267141,874.1596579629949,608.5861,867.8484,1
632913269,638.0927356076494,871.9274302022629,628.5527,817.8268,1
632913285,638.5624957499274,869.6983101880279,650.8989,815.9403,1
632913302,639.0986501389859,867.0556961959752,651.7028,806.5681,1
632913319,641.7742615503694,867.2662323556408,685.7079,854.205,1
632913335,641.1735715924121,864.6258465867722,633.243,802.0299,1
632913352,643.1421872088614,864.8262364465963,674.9985,851.3459,1
632913368,642.7809464576645,860.2579857248227,636.773,763.3291,1
632913385,642.2628044460922,861.0252056533748,633.2723,857.8175,1
632913402,641.8288569276543,860.5204202093498,634.4496,833.4109,1
632913418,642.432286183068,859.072372892969,652.1483,814.9265,1
632913435,641.6275219000479,857.268125067854,627.6656,806.178,1
632913451,639.7210376026215,856.644079981805,615.2616,826.1734,1
632913468,640.5660372589318,847.6758063418122,657.0565,675.3855,1
632913485,619.7917026085694,446.5328681987304,621.4844,388.8978,0
632913501,635.8234686811928,444.32002074818746,637.4977,386.8647,0
632913518,649.1333164700221,414.6194707975578,664.3534,323.7422,0
632913535,648.5867216097306,435.6939013906272,648.9049,422.9762,0
632913551,628.5846880939533,432.78615712509924,571.1387,363.6218,0
632913568,631.0732860609417,443.17637225407816,642.8322,429.4469,0
632913585,634.9555433690676,444.6018311335385,655.8442,394.3688,1
632913601,638.2195936793161,440.18450960495875,658.9777,354.767,1
632913618,634.9811818817077,436.74396246219334,615.0775,353.4326,1
632913635,632.7596531351179,436.8708927680059,618.0284,379.7515,1
632913651,636.4682880606354,435.37016909230516,669.6077,364.7911,1
632913668,633.6308158481266,429.2947291173447,609.7078,311.3875,1
632913685,631.3497496086956,419.152437324254,611.7789,254.3754,1
632913701,632.0921617692156,414.8546062810013,643.017,311.8666,1
632913718,631.0860834846922,413.9337597931978,622.5094,349.1657,1
632913752,635.046296615655,417.00971032004117,684.2767,403.7174,1
632913768,632.2201899974478,413.59197455623115,598.8602,312.2619,1
632913785,473.3576344734471,89.24984010253237,477.2564,2.197,0
632913802,334.67630787871946,216.8773093919289,338.1493,136.2519,0
632913818,418.0534195435547,163.41606064813155,504.9514,25.1671,0
632913835,424.95776091621974,172.28095257862194,441.6772,109.7915,0
632913852,442.495553910796,189.3876025054631,497.0142,164.7312,0
632913868,437.7976812293889,188.13476997138744,421.8291,101.4911,0
632913885,435.67359940951417,198.48229063094803,427.7096,172.1066,1
632913902,430.92802053939283,203.3038275484706,406.2168,151.8938,1
632913918,438.37358489483273,198.82768327179036,491.3248,86.5352,1
632913935,445.2218854841699,208.00116663814043,498.4604,203.1693,1
632913952,449.8224386442864,217.12205030670947,488.7954,218.7257,1
632913968,454.2560228088036,223.65781398794607,494.5114,206.364,1
632913985,457.88770239575433,230.51161197536345,492.5484,220.7378,1
632914002,457.894039838798,236.89005313105605,456.1846,224.8114,1
632914018,456.53229052249554,242.39919071382232,439.8859,222.6793,1
632914035,459.456690656795,247.59695245766684,493.1696,227.5392,1
632914052,462.44965359437913,254.0792345940461,497.6555,253.3009,1
632914068,464.1066612235807,256.2034299913352,483.0602,196.578,1
632914085,467.2979391869987,260.85861190048706,506.9274,239.5214,1
632914101,469.8890435839727,267.4527506132293,501.3323,276.0334,1
632914118,473.1366191278699,267.196230811581,514.6119,172.0941,1
632914135,475.1135703093381,267.19646960081775,498.0898,177.5964,1
632914151,474.6275560161278,264.6039140997224,461.5554,134.4296,1
632914168,477.7845091061795,265.89440241960864,520.6176,203.0448,1
632914184,480.008839499844,262.9690212634839,508.3964,130.8227,1
632914201,479.4946235478182,262.38712480248006,464.8762,171.7265,1
632914218,482.76040770051884,259.5503687788808,529.5605,133.3112,1
632914234,480.1020352599041,259.15571179982203,431.0621,175.7265,1
632914251,481.83662649270525,254.69058906307293,507.0492,102.9087,1
632914268,481.97515153046095,252.38609304482262,480.804,141.6274,1
632914284,481.74512143362074,253.9806792601303,475.1016,213.9478,1
632914301,478.4335632491543,250.57577269391962,408.126,115.0345,1
632914317,762.8610356687049,290.3316797255838,765.1254,224.2605,0
632914334,1094.8301896753599,305.6680903825968,1096.3821,247.8189,0
632914351,1084.5307160578502,322.09573041099907,1075.6714,282.6072,0
632914368,1087.6332416261482,312.5982561792405,1095.4695,234.8855,0
632914384,1083.5343513181572,313.7626648027413,1072.9209,259.7802,0
632914401,1063.0936829483635,286.52675133294093,985.4425,110.1525,0
632914418,1053.1773255451012,245.2183055106088,1055.1345,182.0312,0
632914434,1085.6357454432002,360.9927865429616,1086.9065,307.0179,0
632914467,1088.782594484603,360.06268125276534,1093.1902,305.1575,0
632914484,1090.452445405536,322.39162279893407,1095.6223,185.3831,0
632914501,1072.4758820980414,319.06296854155687,1020.8157,250.6027,0
632914517,1066.9921736195681,321.13684941922327,1047.4819,272.8289,0
632914534,1063.0997151558013,313.7671813136608,1046.7206,217.5512,1
632914550,1064.5662624559052,311.74121397542496,1075.667,242.4627,1
632914567,1076.0089465646677,307.6426748895735,1154.5891,223.1886,1
632914584,1077.7052367333395,310.50948925574687,1091.1367,277.8249,1
632914600,1077.0340547605433,304.76407654080225,1072.3163,196.2179,1
632914617,1074.676367646154,303.72370587777056,1054.0906,237.0322,1
632914634,1066.6234913822889,305.31685685918137,988.8986,264.4419,1
632914650,1065.4982617596424,308.1710875720488,1057.1328,283.7468,1
632914667,1063.7697241284518,312.440203095811,1048.1003,305.9549,1
632914684,1062.69413854424,314.82193900992723,1054.2542,285.7776,1
632914700,1066.9199401340313,314.87494183636875,1123.5765,256.8498,1
632914717,1066.4934215625278,315.7254738731866,1063.4653,267.5512,1
632914733,1066.600649990262,318.97256295179864,1070.3705,305.5871,1
632914750,1059.2396247956212,323.2039126845989,960.0902,322.1527,1
632914767,672.0003581946536,320.1562185492564,674.2761,254.338,0
632914783,690.0689431161072,309.89383052566063,692.3658,243.7066,0
632914800,682.3164143842259,359.10057260690866,676.3794,348.8959,0
632914817,674.9204720558943,391.15197863175126,661.8341,398.4215,0
632914833,674.1778288958476,395.2588643033632,673.9345,347.2589,0
632914850,675.341020255475,401.1480825641496,681.7781,365.3799,0
632914867,671.6915151496823,407.22856568299414,655.7372,377.9991,1
632914883,664.9809658776472,410.96745132945415,628.3572,372.4345,1
632914900,662.7178091336008,400.1906628824282,650.96,260.7957,1
632914917,657.0127688711616,398.056406437562,617.5182,319.2354,1
632914933,659.4297113965631,398.49331355872266,683.517,342.6534,1
632914966,658.1923977296418,403.96532399352964,650.1072,397.2907,1
632914983,656.6831234556577,408.29881738120616,645.2426,392.7663,1
632915000,652.1970037772973,404.2762557707319,609.2417,295.2908,1
632915016,653.3432924460535,411.6717071163041,670.8417,440.2581,1
632915033,647.1572287830071,418.20665244112314,578.5176,436.4598,1
632915050,642.9567660383009,415.9656038028103,598.1626,319.5607,1
632915066,644.4457561295969,407.3806637764529,672.4778,224.5904,1
632915083,642.55008227642,407.9220366539164,624.3324,355.34,1
632915100,636.9285883357637,404.1735681337821,567.5032,286.7216,1
632915116,633.5141235854194,402.17470435587444,595.5723,312.611,1
632915134,345.9835996546073,521.6016835644165,347.7905,463.6394,0
632915150,654.1807678579926,542.9792497250339,655.2877,493.1755,0
632915167,589.7573739117288,506.4793995820034,527.2425,412.1545,0
632915184,582.1637088015556,516.6585810445545,568.7025,484.9797,0
632915200,574.8344231416918,487.75752329071986,555.5989,339.7857,0
632915217,579.0075582395086,503.0654962379347,597.1322,514.5362,0
632915234,612.6734824584835,553.5488715037128,613.8021,503.6359,0
632915250,627.2723687021958,541.9862918941983,628.4357,491.5345,0
632915267,617.4534464361845,494.4987218285863,609.3721,389.2819,0
632915283,629.3125724916652,479.94134195505296,654.5344,394.6721,0
632915300,598.7163530967599,498.1019716071402,509.2141,500.1599,0
632915317,600.9143465411737,499.1996387610913,611.7314,449.7571,0
632915333,609.6653836612085,500.4666217861549,654.187,453.9556,1
632915350,599.7928365635339,493.8666990706114,544.5682,396.8851,1
632915367,597.0290816435507,492.17828788532864,581.1908,425.4258,1
632915383,586.1498444682768,479.74555247636715,508.0107,322.5925,1
632915400,590.3684854420125,481.7538392182467,629.8834,447.6809,1
632915417,596.8163169044137,482.6619434851317,658.8677,439.6476,1
632915433,601.530720841156,481.78400420802865,649.7175,420.0152,1
632915450,605.513639772356,479.94305340207717,647.9489,406.6009,1
