timstamp,smoothx,smoothy,rawx,rawy,fixation
632877724,912.2283072050099,486.9076955579342,883.9104,482.1257,0
632877740,903.5493093256954,497.44371265366436,862.9226,502.4521,1
632877757,906.6891661342202,500.7790099713974,927.037,472.3003,1
632877774,908.8713182525992,489.7941440950918,925.8018,361.0002,1
632877790,907.9618189218772,487.81640004655264,902.9199,422.6295,1
632877807,1143.0349167282059,436.4763249243266,1143.7894,389.282,0
632877824,1142.151775971508,464.1824864579058,1142.7584,419.0079,0
632877840,1133.7320040356979,464.47870511160073,1125.969,419.2838,0
632877857,1119.9807562214078,464.5964771770233,1093.3922,418.6453,0
632877873,1111.2999897135862,461.4094674818648,1086.5935,404.6799,0
632877890,1107.8657562306605,454.6986313676813,1095.7808,379.6401,0
632877907,1114.7625397679321,449.64071971650344,1149.7615,377.5876,1
632877923,1109.9584307806283,448.39996832183095,1083.1862,393.9267,1
632877940,1108.4056427300204,452.19035324244703,1099.2813,433.2337,1
632877957,1114.1622196787841,446.93903630307545,1159.0315,358.8782,1
632877973,1112.3782300835765,441.0830389247445,1098.3879,342.2068,1
632877990,1114.524579911872,435.3723649177595,1135.2229,334.6102,1
632878007,1115.0069521069902,433.1595739246828,1120.2595,365.6658,1
632878023,1113.2186078502132,425.7015464036206,1095.1748,296.6657,1
632878040,1109.46377267384,421.69703083023006,1068.7522,330.3204,1
632878057,1109.5302179544046,423.3496145051046,1112.4578,403.0897,1
632878073,1110.3702444005555,424.52302558817064,1122.7805,397.9537,1
632878090,1110.3820736183168,426.9514874620008,1112.0344,417.2136,1
632878106,1113.3208722369072,423.4911978675164,1154.3145,329.5062,1
632878123,1114.4202939754848,420.90397246401153,1129.7374,338.9942,1
632878140,1114.8228368188277,418.8805533548191,1120.0905,345.0892,1
632878156,1112.0126092095868,416.9356106957833,1070.6536,343.027,1
632878173,1113.0694695402544,416.63094483085786,1129.9203,370.0478,1
632878190,1115.9766065000535,418.46944846884827,1160.2117,406.8391,1
632878206,1110.069651290257,419.47908037415124,1017.5623,389.4695,1
632878223,830.09305614407,410.8756765859104,831.5793,355.1107,0
632878240,798.5876304144953,423.53678689855263,800.0653,368.0302,0
632878256,792.4955149958132,415.1879668761761,788.0098,349.8668,0
632878273,796.4748317939244,398.71053974849445,806.1907,306.3922,0
632878289,809.7241934296609,402.2735605947983,850.4118,357.9308,0
632878306,804.247371092826,400.3588718585355,784.001,334.9219,0
632878323,798.9653326770319,389.05301943929067,775.1415,271.7261,1
632878339,800.2682510869801,379.57524951220563,810.0261,263.4308,1
632878356,798.7737835993878,372.6210694910133,790.9451,265.5923,1
632878373,794.653966127499,380.93971880899403,765.4543,391.6324,1
632878389,793.8391897186956,387.84503808287445,789.4077,392.5836,1
632878406,797.4413945547825,391.8790451026849,832.6924,373.9506,1
632878422,802.7784348300092,397.1998033338447,856.6547,395.8541,1
632878439,804.1928524264115,392.2035988936385,819.6466,275.5069,1
632878456,802.6051829146825,378.1669369165981,785.7305,149.6072,1
632878472,804.6610904557599,373.75866519175673,829.7454,263.9402,1
632878489,809.3607434467496,364.5387413621515,867.7692,190.0901,1
632878506,811.682267428997,356.5753764165747,839.9888,197.1691,1
632878522,812.0374984095537,349.67491900936693,814.3627,203.8182,1
632878539,810.1217187123553,342.4959793527967,781.5974,190.9508,1
632878556,812.6577119300006,334.7665208592379,847.8956,175.6709,1
632878572,812.6260375690199,328.33455912945647,810.2501,188.5563,1
632878589,815.2228338614979,323.3820727718929,852.1697,207.8507,1
632878605,815.9564510986073,318.73623581055705,824.1694,206.8619,1
632878622,818.912654101729,311.69468242999585,861.7717,159.9877,1
632878640,819.8955933739987,306.61326760092004,830.9115,187.6266,1
632878656,821.6316563492679,301.3827322062513,844.7872,179.4689,1
632878673,733.090648588891,146.64139545306205,736.187,69.3614,0
632878690,841.102637738882,172.36076514009352,843.8553,99.2812,0
632878706,875.4141572604752,203.82869497039084,911.9218,168.2263,0
632878723,871.9319862147458,246.69091537157715,866.6855,270.8642,0
632878740,864.6492444189863,244.7958702846937,845.3336,170.1918,0
632878756,867.0899116306684,247.13742701596846,879.0081,189.4059,0
632878773,864.5856658281176,235.76184890769494,855.082,107.3207,1
632878789,864.7547130032485,237.0637437377398,868.2133,177.3922,1
632878806,862.0754315176056,241.17713310254285,846.6118,202.5526,1
632878823,873.3377055896141,225.05969531197832,961.2758,27.8301,1
632878840,881.0442997233731,209.28771678678845,946.8354,2.4931,1
632878989,302.43077094937144,110.8077917177754,915.7191,64.7911,0
632879022,226.11502601144977,107.30802393021087,0.0,0.0,0
632879056,349.9115795477939,77.68787025654437,837.4152,-127.4315,0
632879072,997.600409722009,15.560701780077778,1000.9025,-65.7121,0
632879222,926.463591392984,102.85013338983023,1018.8243,154.6503,0
632879239,614.887594907989,100.99780616734856,0.0,0.0,0
632879255,711.9837816590024,85.06609705940832,1007.2587,-42.2598,0
632879272,772.7391457022813,95.16825846249208,1015.0726,62.563,0
632879289,1072.7586722936023,19.025850030621303,1075.8995,-60.386,0
632879305,1011.5043976594364,44.078472897793716,1014.6262,-34.7989,0
632879322,502.72137256198005,70.43265529721161,0.0,0.0,0
632879372,690.560961863622,82.08584719732376,1069.1188,31.8979,0
632879389,785.4833887323027,75.52265501879917,1069.5413,-21.0827,0
632879405,863.9884341129225,78.77187675949848,1171.5056,19.3906,0
632879422,1116.8172150737391,30.989986870912052,1119.8099,-46.6001,0
632879438,1034.8738040334306,131.80604985026244,1037.4778,59.883,0
632879472,1050.7831790157836,128.17413233121803,1069.2346,52.7738,0
632879488,1059.2182301859966,127.27579115049006,1078.4609,53.999,0
632879505,1075.945531789527,104.33279816006286,1128.2764,-40.6664,0
632879588,1061.9026002910182,83.76736575266827,1009.4377,-78.1861,0
632879605,1066.2742371729305,74.32622784852767,1090.595,-48.1519,1
632879621,1075.4707719565847,60.81739100247571,1131.4961,-95.5688,1
632879638,1067.9786118432319,70.44303275323398,1019.4944,66.2963,1
632879655,1066.5165325054033,65.05017884136132,1058.4946,-52.4532,1
632879671,1062.6816258609472,65.43323805322964,1033.7975,-4.8721,1
632879688,818.0145597372976,256.6673634802629,820.356,189.2977,0
632879705,762.9710959527963,360.859887570049,764.8546,299.9805,0
632879721,685.8610754298224,320.7724962155966,611.5554,210.7248,0
632879755,736.5628107374922,367.3274042159197,838.9191,408.0651,0
632879771,757.8940610841715,385.70544665469856,822.0997,385.841,0
632879788,754.3113499315976,374.6226691134108,741.3318,266.4331,0
632879804,744.4332860437689,365.649953533733,697.8087,256.3352,1
632879838,742.9519560926489,374.9844758780285,735.9033,372.6268,1
632879854,744.2379639472629,376.57208095094575,754.662,327.203,1
632879871,750.6196292261776,382.3085310942432,799.9382,369.033,1
632879888,992.6569497733315,378.3291602127817,994.0105,323.6431,0
632879904,823.1277507746141,421.34535644230385,824.5707,366.2019,0
632879921,802.414863274662,380.73150376672936,783.714,278.2245,0
632879937,797.5166495646416,405.8701747206805,789.2097,402.6897,0
632879954,785.3825158450493,414.9272420163347,751.0594,386.3762,0
632879971,788.2309794936435,425.3699081800773,801.1924,413.5477,0
632879988,797.5622288107992,432.40134661440135,844.4841,414.1921,1
632880004,767.1533086066837,188.63571493550864,769.9584,115.1735,0
632880021,770.4720772659149,266.7831396029543,772.8491,199.1419,0
632880072,791.9687694699968,259.63439849679907,815.7832,184.7296,0
632880088,819.2528501967092,243.55705539051536,875.8452,142.1429,0
632880105,821.2740617721375,235.53018057639002,829.3138,141.5428,0
632880138,825.6432547065793,241.34906769597825,844.475,198.4364,0
632880172,826.46803791734,236.40549032634988,832.2717,142.2128,1
632880188,1043.820972073123,209.34637651333836,1045.9895,143.3199,0
632880205,1225.8149917840012,159.37787891736562,1227.908,93.5636,0
632880238,1139.3776801651838,171.70719144005668,1055.4482,116.3137,0
632880255,1023.2398255948951,208.51111428758296,795.1313,215.5159,0
632880271,955.3792098995901,218.6280634864277,758.8865,178.6802,0
632880288,992.920185257346,207.37535536677544,1146.6475,94.9694,0
632880304,919.8513074587137,198.72629163812542,922.3123,129.2694,0
632880321,838.4420081086196,251.3500167139583,840.7734,184.0256,0
632880355,743.5599051733558,168.67123952534124,652.5017,2.6775,0
632880371,826.4242399380253,228.02794313902086,993.1088,289.3481,0
632880388,815.5835081805885,239.76209406598747,784.981,207.2201,0
632880421,834.2457840569087,212.94743053787172,910.0277,30.3945,0
632880454,905.5437326417425,131.70278284038105,908.3936,57.0086,0
632880471,862.3821530180178,156.89931113693095,865.1779,83.1368,0
632880488,845.6198624374098,125.0870256371532,832.1024,14.2023,0
632880504,953.9715521819322,75.55491375194309,1172.5664,-103.1379,0
632880521,931.3811013075477,61.56583930475224,866.3869,-62.7527,0
632880537,908.9651510961113,77.53138578954916,823.1067,65.6949,0
632880554,832.0908318366218,258.7373702827769,834.3944,191.8208,0
632880571,778.6470777083118,194.5031885980802,781.3987,121.7183,0
632880587,826.4915361451752,157.68873872293176,877.1813,44.8146,0
632880604,880.0030001412182,110.9720956899722,989.4131,-62.9971,0
632880637,866.8226748827359,133.53496592154286,829.3265,130.056,0
632880654,845.9379294955065,140.032636443702,766.2819,90.4976,0
632880670,861.3703150528509,175.53530256365394,864.0674,103.1224,0
632880687,842.4116481638944,161.21182886242548,845.222,87.3399,0
632880704,822.1352442679813,179.23179397181374,804.6034,125.1169,0
632880721,816.5151611535359,175.81834470766916,808.2875,94.8509,0
632880737,878.8424262382473,173.26928960976713,1066.17,96.8613,0
632880754,943.903989671775,136.77861973046333,1200.6044,-85.0087,0
632880771,1106.7070988545836,70.54060054245922,1109.5055,-4.3554,0
632880787,1071.914983882078,53.713009225413906,1074.8702,-23.1646,0
632880820,1073.911646759221,124.69035648645374,1078.0857,129.1262,0
632880837,1088.0780417897445,85.26663152014847,1119.3461,-72.8399,0
632880854,1095.1460745723557,51.1608895939474,1119.3068,-133.2552,0
632880870,1093.7468828664962,57.546161590782845,1090.5876,9.5455,0
632880887,1090.9754476864664,58.42101073688099,1080.0413,-12.4495,1
632880904,1088.4806423640277,55.40587270469364,1076.9724,-39.12,1
632880920,1082.76273942764,51.96754426284429,1047.9561,-49.0323,1
632880937,1081.454170648739,49.07959978322138,1075.5992,-49.8166,1
632880953,1087.0269028787923,50.147169802760786,1137.2585,-14.1095,1
632880970,1089.217451009836,45.81026957818606,1112.1772,-71.541,1
632880987,1089.6594152916093,47.81613480440225,1096.2046,-5.2108,1
632881003,1094.3315878207663,51.31989411205228,1145.3927,17.2349,1
632881020,1091.5402101209656,56.02922927766683,1060.8424,36.0163,1
632881037,1098.377330640632,55.390342254256474,1180.6379,-28.6128,1
632881053,1097.4649730836663,60.09152614480616,1085.0438,45.0414,1
632881070,1094.5715165496467,65.37797846423878,1056.8235,58.578,1
632881087,1095.6572058165877,74.09181815791497,1110.8569,118.2957,1
632881103,1171.3021436068348,407.81481256312634,1172.1577,359.1156,0
632881120,1146.5452956742013,467.718804388158,1147.1245,422.8983,0
632881137,1122.2184641694964,477.9115438120356,1098.5151,443.7175,0
632881153,1132.2645209063564,463.8673459872168,1153.092,388.8684,0
632881170,1119.4634998053225,466.0647918787423,1082.1588,426.8994,0
632881187,1126.1873078096714,457.4036041503376,1153.7328,375.5668,0
632881203,1120.9743913885723,466.06955645830055,1096.0916,465.8354,1
632881220,1123.174700470991,459.6468225588656,1137.1123,374.0516,1
632881237,1127.4122920282086,457.5074850745627,1156.4675,397.3923,1
632881253,1123.414414766311,450.1343264005467,1094.0612,344.2819,1
632881270,1125.6143368609726,454.3493764232908,1144.6287,448.2414,1
632881286,1128.8781084190687,452.1965407868019,1159.1014,386.5529,1
632881303,1133.331763629881,451.6606084586539,1176.7598,402.204,1
632881320,1135.8924496319646,454.4452021201234,1161.1116,442.0299,1
632881336,1135.6441655954661,458.38930200884863,1130.3992,460.3774,1
632881353,1141.8306614102573,453.935330163354,1212.8789,352.1093,1
632881370,852.8547158017373,505.47837120946537,853.7872,457.1606,0
632881386,644.6815137271495,569.1530701276456,645.6652,521.0722,0
632881403,627.8776197469377,561.8862285992003,612.2422,504.7717,0
632881419,620.8657898577521,586.6530257999158,607.7111,591.9349,0
632881437,629.001945396184,591.7154783654853,654.0778,561.2296,0
632881454,639.247243245859,603.0852708021782,679.8945,605.6306,0
632881470,693.7191554519491,642.4930039566033,694.214,600.8563,0
632881487,637.2575976560684,573.4082130248477,638.2324,525.4818,0
632881504,645.6560023815789,559.3034767490929,655.1279,495.5938,0
632881520,568.2647136185898,583.0766574403297,415.5126,581.8972,0
632881537,592.6652589001167,592.2596811537239,666.8019,575.2548,0
632881570,600.674339809992,583.4382223092828,633.5992,498.381,0
632881587,660.2898275603015,556.1291461884719,661.3142,507.4235,0
632881604,692.2459662625142,594.3389418862877,693.0035,549.1276,0
632881620,687.1527480620034,577.9307807949034,683.0262,513.7241,0
632881637,670.0013661468466,583.3134201245728,636.8079,547.6608,0
632881653,657.5089363467832,576.4331100597592,621.8578,506.4791,0
632881670,654.9512445291692,574.2578200713758,646.5643,517.6266,0
632881687,660.9417284976881,578.9308733669684,691.5506,557.2813,1
632881703,661.4028602717727,575.4396060711794,665.3837,506.5504,1
632881720,660.9330311173765,578.9714719816526,658.8109,557.4672,1
632881737,656.8133295418421,575.8796008483677,627.2661,502.7942,1
632881753,656.0688346908248,578.3841271202016,651.6088,553.8486,1
632881770,653.3891427066924,578.2156811717873,631.0129,528.6461,1
632881786,663.1071991657758,566.473044064688,761.6364,396.5953,1
632881803,661.8480064305131,557.7454256402011,648.8986,413.671,1
632881820,664.9629870960035,546.5491802434441,700.6213,369.8949,1
632881853,672.7835908852004,544.9315906611821,763.9374,487.365,1
632881886,684.4833383703015,536.5855856535326,825.2286,389.6496,1
632881920,690.3393267481712,538.9906878909575,756.4551,537.8358,1
632881936,701.3285591266743,535.5051348975414,836.8081,450.4024,1
632881953,702.3438088317406,530.3587128636649,700.7063,416.7324,1
632881969,703.8221441901285,529.2713327258595,709.5508,477.3101,1
632881986,708.212008858154,525.4244798330985,757.4587,430.042,1
632882003,716.1009160508252,519.2996703699288,817.5808,388.2609,1
632882019,490.28360005139524,556.8223465409274,491.6267,504.535,0
632882036,730.7474872709629,536.0102433410699,731.7468,487.3298,0
632882052,817.6481368277746,501.32823366319707,905.3713,416.6659,0
632882069,832.5062420389143,485.2868628991729,862.7899,401.6339,0
632882086,853.2125055423452,468.1273972724956,915.2323,364.1977,0
632882102,849.0165581384553,468.6297906639471,832.4472,420.2416,0
632882119,837.3656137799676,437.8460086183847,838.6925,384.2209,0
632882136,867.3053657035085,386.2747486733152,868.8538,329.4948,0
632882152,856.6015938608342,439.99402265062247,846.9351,444.2348,0
632882169,838.3907067622146,456.73533449385883,803.3678,439.1758,0
632882186,837.7063080031116,456.8649236535871,837.233,404.4643,0
632882202,836.6580375036573,466.24354738666534,833.8712,453.58,0
632882219,833.0714783921094,470.8652239377642,817.0854,442.3161,1
632882236,838.1401878002646,472.68007898858565,869.0715,432.1768,1
632882252,835.3939794440943,471.0311851916726,818.4563,406.1451,1
632882269,837.5161506980942,471.8734639098778,854.9707,426.7133,1
632882285,843.9536369686133,470.99811507663196,898.6552,412.0275,1
632882302,841.6383516423225,471.18456904983583,820.5063,420.4746,1
632882319,847.4765841434498,470.7322022488843,905.2594,415.2478,1
632882335,842.2351848780993,473.3525934131819,785.9139,450.1129,1
632882352,844.9082720773965,473.3001345876158,875.3788,420.924,1
632882369,844.7309287246113,471.14956240764093,842.5316,391.4972,1
632882385,847.6188652880197,472.2350807133342,883.0195,436.1797,1
632882402,844.7811116070121,468.99800120219334,807.3156,371.5565,1
632882418,843.5568448143366,465.395250535714,827.8261,363.0215,1
632882435,839.0049213094105,455.79956360008555,778.2313,263.3347,1
632882452,851.5935072101912,456.56066796697075,1033.3344,428.811,1
632882468,854.1821865202403,462.65074702851297,887.2386,514.6285,1
632882485,856.1791845116077,467.0067610666958,880.178,488.868,1
632882502,857.6354409266058,473.52763974333976,873.0161,528.8583,1
632882518,863.2230361471396,478.2146733309387,942.2883,501.8584,1
632882535,864.50006955771,478.4390742461797,874.5941,423.4992,1
632882552,861.9855283284153,475.1648233634557,812.7747,359.6225,1
632882568,862.9782758549159,478.5674464657322,871.8727,482.1834,1
632882585,863.1164545644308,484.42546307955985,858.2794,528.9443,1
632882618,865.7347236656573,491.4667223627616,902.0333,554.5659,1
632882635,866.7818148877436,498.71222643377786,876.3416,561.088,1
632882652,935.0200127974118,542.3765985861387,935.5975,498.5295,0
632882668,852.8663654078441,508.61474873972986,853.7819,460.528,0
632882685,770.9472423776863,523.1894047012422,690.3057,488.2858,0
632882701,752.1470595712728,564.392145444972,715.6345,605.2955,0
632882735,742.3310304788092,582.1589220061242,714.4226,592.3162,0
632882751,708.065968759447,601.286127453194,575.1012,633.3625,0
632882768,669.6632983599458,638.6154410092307,670.2247,596.1794,0
632882785,650.1598656229961,658.6373843675258,650.6502,617.2578,0
632882801,682.752519616167,665.2949786835003,715.5573,632.9257,0
632882818,694.0351956760421,659.602164830381,716.713,607.5247,0
632882835,688.4370659280396,658.6180936892144,671.9736,614.6178,0
632882852,693.1786605045261,651.9109818393998,712.1824,583.1777,0
632882869,701.9042330649811,646.1712598491475,744.4803,576.3535,1
632882885,699.7969067656066,643.256925068884,687.2142,584.3315,1
632882902,695.9970348048004,638.4091207313751,670.6744,562.4723,1
632882919,697.1152218517917,638.7178137077972,705.7634,601.3295,1
632882935,697.8089559476664,640.147867125311,703.6219,612.9697,1
632882952,698.8465873698037,642.4756197327995,708.1495,625.1167,1
632882969,698.5857553815213,647.1378481091031,695.5468,655.6358,1
632882985,698.7467246076601,649.2433839317509,700.2084,631.1056,1
632883002,697.0006839073845,654.2221571056097,677.1035,671.1626,1
632883019,695.9936009382141,655.5612467885508,684.6306,628.0883,1
632883035,694.3729438307515,654.1191836055505,675.5103,589.891,1
632883052,693.8213488902152,653.7395997706927,688.4857,604.5474,1
632883069,695.1137761817388,654.8468146143393,714.1593,627.8016,1
632883085,692.7759057732789,656.6003461771285,661.645,638.2341,1
632883102,692.3442418228183,656.5734490832857,688.6652,611.6381,1
632883118,695.6443983014387,658.481255385482,745.8939,645.4652,1
632883135,701.6390660457142,650.7729362495112,791.465,484.4395,1
632883152,701.5222886050192,643.2215591894624,696.6422,480.4304,1
632883168,703.8383293371876,643.6009541145633,736.0238,616.5172,1
632883202,710.9340267261206,641.6810952523076,817.0667,576.958,1
632883218,716.1896872272202,634.0088155124779,790.2651,470.975,1
632883235,721.144367410379,635.5804064360332,787.2824,635.9807,1
632883251,729.3218627832416,630.5192660106032,846.1272,514.3548,1
632883268,732.7733332170933,632.635875370378,767.9137,643.348,1
632883285,737.0006563966692,629.2831387753429,784.9976,540.5453,1
632883301,739.8490025464914,627.9571415077642,755.04,579.2149,1
632883318,744.0996827697629,626.6634053032822,789.9512,579.9882,1
632883335,746.7508667075034,628.0447181033886,765.0894,624.7308,1
632883351,748.3467229786393,632.2745855863969,745.2153,676.7223,1
632883368,747.523841687421,625.9897080248484,712.0875,474.5332,1
632883385,621.8181662638201,400.8087321915426,623.7538,339.8526,0
632883401,753.1340690309502,454.6745374204158,754.5299,400.4878,0
632883434,782.897922412981,475.44421565764526,813.6451,446.2971,0
632883451,768.3896384575539,472.0045212428032,740.7723,411.3481,0
632883468,774.7100100867488,460.3100426341794,794.9946,370.1252,0
632883484,785.0176040063653,451.70224767902954,826.8079,362.894,0
632883501,788.4203081006196,448.4505008177088,805.7582,378.6939,1
632883517,787.1168967743588,435.41788726549413,780.5905,300.5616,1
632883534,784.3138079702137,436.2939253098878,766.3917,389.636,1
632883551,783.5429378646824,439.2755131500786,778.77,410.6562,1
632883567,783.301942918421,443.7338219748571,782.3554,430.6788,1
632883584,794.3165482848979,443.31004259876204,895.6396,387.6161,1
632883601,998.2068169409295,393.0480589187183,999.4704,339.5636,0
632883617,1005.2160457181441,429.55501629072046,1006.2693,378.9065,0
632883634,994.5846450634608,437.8677414991358,984.9841,396.2787,0
632883651,988.457235604339,443.52128660993196,977.306,405.3,0
632883667,985.5234546465416,437.1260361116874,978.1403,365.9407,0
632883684,974.9218358124626,439.2179500169515,934.637,396.6356,0
632883700,960.8662638441781,441.23544403959056,894.4107,399.5479,1
632883717,955.1673758165565,441.3135698369766,925.144,390.0847,1
632883734,963.1149010916095,441.1932030664135,1019.2507,390.6235,1
632883750,959.0979123876084,442.477351218505,931.134,401.3532,1
