timstamp,smoothx,smoothy,rawx,rawy,fixation
619039109,956.7721310106002,590.5463543510219,939.7535,480.691,1
619039126,956.6187221441229,586.4525026721559,963.006,459.9602,1
619039143,955.1923748958976,584.0819536454685,935.0782,492.4206,1
619039160,956.7086164988398,581.0082963654542,987.9072,476.1813,1
619039176,955.5588116312875,578.2330680818313,929.4498,486.2698,1
619039192,955.2234118253481,576.0965144570212,936.9489,499.1169,1
619039209,954.7584595090492,574.1170304878606,937.4393,503.5201,1
619039226,955.3826992150398,571.854098126222,959.9163,494.4937,1
619039242,955.1888385098489,569.6139815508069,939.9323,491.2611,1
619039259,955.5594476160301,567.8691353208021,951.8024,500.9095,1
619039276,955.1066358202062,566.135309830783,936.446,498.4946,1
619039292,956.1375661789498,564.8416985867538,970.4977,506.7703,1
619039309,957.1473561290381,562.2515352621022,966.9125,476.8241,1
619039325,955.6738184834809,560.2986680782361,921.2927,491.418,1
619039342,955.3014311512912,557.5745750765815,936.9467,467.7914,1
619039359,956.1626868342479,556.5024298239522,962.2523,496.2019,1
619039375,956.1044807608617,553.2049658360562,947.3408,453.4718,1
619039392,954.1564440228134,553.9789532199761,916.5155,529.6642,1
619039409,954.7604287326494,552.9211161667938,962.2802,492.0912,1
619039425,954.4550356696419,553.1251665445717,944.7252,516.3453,1
619039442,952.0862070215744,551.952653365742,903.8699,486.4688,1
619039459,953.7996403520019,550.4880511259275,979.0898,477.34,1
619039475,952.6207245367152,548.8405825207138,923.4055,471.2462,1
619039492,951.3956351311457,548.5588401499991,924.9027,495.9883,1
619039509,951.526392546288,548.8213367032201,952.2092,507.6694,1
619039525,950.7520590992063,548.8143395550312,931.9214,498.3347,1
619039542,949.6614145912177,547.354477147847,923.144,468.8991,1
619039558,949.0814351399285,546.5924729508382,933.6067,479.9028,1
619039575,950.5803620845245,547.2237333771801,978.1864,507.9986,1
619039592,951.6298590560488,547.0112622869427,964.1547,490.1516,1
619039608,951.6123898983207,546.9128963484569,943.3816,487.6105,1
619039625,953.2307082181509,547.0454133216265,976.3188,490.0224,1
619039642,951.5623750574663,546.6913982178426,911.5513,484.5938,1
619039658,953.0116244453232,543.4850324942837,972.4731,425.6596,1
619039675,960.8757508926321,537.9880935893472,1083.3284,380.0679,1
619039691,969.7866250800372,532.3061990167246,1104.1425,376.8612,1
619039708,978.2722454578513,525.42198911777,1096.5436,352.0692,1
619039725,985.9786404890933,519.6762786405201,1087.4543,371.8567,1
619039741,994.5342327312756,513.055298890019,1102.9457,351.4954,1
619039758,1001.817871161818,509.1580227729417,1086.4346,403.8026,1
619039775,1009.7624531372009,505.61691998901927,1101.4504,406.9498,1
619039875,1084.453821065356,311.7821480433727,1073.7029,221.2767,0
619039892,1064.7563915075496,278.5508891298873,1050.9242,183.5673,0
619039908,1090.2363821826639,273.36318810528684,1104.7551,171.2801,0
619039924,1086.1838946910157,273.3162082544886,1064.7971,177.399,0
619039941,1083.7750059241394,275.7911598078916,1063.7827,188.7077,0
619039958,1089.705778094586,274.11861854331454,1101.8767,170.5264,0
619039974,1089.5698323764598,274.2092473816774,1076.2235,178.9383,1
619039991,1089.125899081927,273.8983375627689,1073.6035,176.0458,1
619040008,1086.7393731080226,274.3725972792266,1057.1631,182.4147,1
619040024,1083.6672461572118,275.948582044516,1047.0942,194.1191,1
619040041,1082.8968433966888,276.65961609104085,1064.322,187.7368,1
619040058,1082.568056107078,276.9267079087959,1067.5909,183.8846,1
619040074,1073.948386217353,286.3384797129827,976.3038,298.1185,1
619040091,868.5161945117284,481.83539155252674,851.8942,417.1821,0
619040107,886.4713380965422,507.9901861108237,872.442,446.8387,0
619040124,880.2235526635907,508.25677586399166,859.1376,447.5616,0
619040141,880.4409531241315,505.82408133847014,866.1293,438.9063,0
619040157,879.9140441154149,526.863042192319,868.0423,539.5939,0
619040174,882.6382234466901,530.0588752068954,881.5908,485.5622,0
619040191,886.9409396856901,543.6251657083551,900.4662,561.6566,1
619040207,891.5688439133019,546.0209549949917,908.6284,503.749,1
619040224,892.1697599175591,551.7714131067651,886.0771,538.1885,1
619040241,894.4968913727595,548.3475853188216,899.348,460.4132,1
619040257,893.0909238859136,546.8602524700761,866.974,474.9892,1
619040274,891.5721042978191,551.6275496267172,866.6429,544.4862,1
619040290,891.7902780373829,553.6556300698832,883.2085,518.7701,1
619040307,892.8262629751238,556.804148519961,894.4918,536.8714,1
619040324,892.5083349456521,557.2512011604944,876.9242,504.5366,1
619040340,892.3281823320652,559.6974412092679,879.8374,534.607,1
619040357,892.775994876493,562.6938417882894,889.1813,546.4796,1
619040374,893.4112774346072,566.873961459849,893.5783,569.256,1
619040390,893.1579607710429,568.7546437858937,879.234,537.0198,1
619040407,892.7992205004305,568.5373008245009,875.9178,504.3172,1
619040424,890.4740417759365,571.2050834867081,846.1132,555.0787,1
619040440,888.3063951317453,570.6217954317094,844.4065,500.5491,1
619040457,887.0697985566206,570.987097207015,859.3497,518.0083,1
619040473,890.4468621391783,568.4332819674021,935.5627,464.6596,1
619040490,1042.829286836015,386.05662748174785,1033.1138,306.3542,0
619040508,1086.3960401402398,396.9559634110977,1080.2262,318.3783,0
619040524,1082.688953640887,395.4385208277281,1072.1575,314.9908,0
619040541,1065.1872048884854,385.03279286049974,1018.7283,281.7308,0
619040558,1067.1720393625133,383.95031323761265,1065.4384,300.1983,0
619040574,1057.9188497440211,375.0344918638386,1008.2776,254.3024,0
619040591,1057.2690396477053,374.1212514631347,1045.0525,288.2847,1
619040608,1057.1106369838722,375.3567078631083,1047.9806,302.9266,1
619040624,1057.818321078805,376.79021621581825,1054.9265,307.0767,1
619040641,1058.3388363815945,373.2235705484326,1052.3917,261.3546,1
619040657,1054.2850754340018,373.9244852535954,1009.4932,300.3636,1
619040674,1055.7790264481155,369.2848523903999,1059.7096,239.629,1
619040691,1051.238949056515,363.2639994080612,991.0594,215.1954,1
619040840,1048.4296530533957,365.50846504773614,1009.9691,313.843,1
619040857,1044.7608809366077,364.3159113714215,992.6284,269.4484,1
619040874,1045.8670663601656,365.34108393205565,1054.1304,299.3445,1
619040890,1044.6417722294007,366.08981394550915,1021.8344,296.5288,1
619040907,1041.251041306213,366.6829863758064,987.9964,295.054,1
619040924,1037.9689332725193,364.99298524945965,984.0464,258.2035,1
619040940,1035.8272558563076,364.68458447800515,999.3917,279.4229,1
619040957,1034.8607891721065,364.18473028610384,1015.7816,275.4333,1
619040974,1035.2100883407643,365.98910192342703,1038.0007,315.3997,1
619040990,1036.277479026591,366.8945117822023,1049.0122,300.1966,1
619041007,1035.3032755597617,367.9276769727026,1013.9163,303.3418,1
619041023,1027.6564379495499,370.708912805867,897.2317,337.6547,1
619041040,844.9512047843721,373.187241084112,821.0449,293.5143,0
619041057,840.8720075310912,380.62935406112445,817.0757,302.038,0
619041073,833.6528587767874,379.82801743577414,801.5872,300.3466,0
619041090,822.1772632896925,376.53831866600893,772.2242,290.3075,0
619041107,834.9149934783401,381.13650084753647,852.0182,317.9243,0
619041123,828.6861058427315,370.44733185987616,775.0256,242.8378,0
619041140,837.8816737718773,374.0375456693961,862.3855,314.5462,1
619041157,842.5319543727136,377.1742303983997,847.7372,318.6871,1
619041173,850.3244606605729,389.34648888824717,886.2169,403.6474,1
619041190,853.1925062181931,395.1464251726398,854.0681,365.9498,1
619041206,853.8232867538379,395.82280877618916,834.9393,322.6199,1
619041223,855.2416606762479,399.4018855616922,846.2105,357.2945,1
619041240,858.1140480452236,400.5847195088852,864.3799,333.7989,1
619041256,862.9845440578471,403.6111141546347,894.6998,359.9016,1
619041273,868.8921475921895,398.9258046038122,910.6597,257.5495,1
619041290,948.356430069577,212.52601046831433,923.1237,109.3614,0
619041306,899.130476690132,196.87679079247636,869.7174,91.9737,0
619041323,899.9701329260395,183.39493138704776,870.1027,61.2519,0
619041340,917.7309893615969,204.58029672258309,929.8964,148.3424,0
619041356,922.8840079071566,213.27185982793372,913.3118,139.4019,0
619041373,933.1196655054879,238.90715161442714,955.9179,253.3554,0
619041389,936.5754373253832,254.9071572661921,933.7019,244.3639,1
619041406,935.935114382694,271.0552239473804,912.4698,279.325,1
619041423,936.6322076323654,289.2618696080959,924.571,330.1511,1
619041439,944.7617176096419,298.2647619613419,991.0096,276.1569,1
619041456,950.1803293857126,309.05986217435714,980.0623,312.5861,1
619041473,952.5620488667035,311.4679089187089,953.0388,236.0911,1
619041489,954.1041162378449,314.4966219757972,947.8972,248.5526,1
619041506,957.6138067775967,318.30370775912905,975.4214,264.1698,1
619041523,958.6872919436066,324.46861901209127,950.824,303.7378,1
619041539,961.9470194431456,326.5264270386609,980.1783,253.3332,1
619041556,967.3159993367584,330.365818551809,1016.1196,283.9998,1
619041573,974.4142848184979,336.6627649501542,1050.4647,328.5005,1
619041589,975.9039499669312,334.1576255710169,966.546,193.7339,1
619041606,979.8549644109773,335.6407435907429,1010.8297,259.5662,1
619041622,982.125636832147,336.7876396547386,987.9882,256.8437,1
619041639,982.7080403348118,353.71574043505746,967.1961,270.0348,0
619041656,987.3902222898148,336.60856142090796,971.3047,250.4849,0
619041672,1016.6334117305323,342.68713138826166,1034.3412,263.7878,0
619041689,1018.0871882284403,342.15108960610826,1007.2594,255.2451,0
619041706,1007.7860387023215,335.4209999975837,959.1848,226.4506,0
619041722,1012.3465852359853,340.70148128349035,1018.5475,278.5887,0
619041739,1012.0507939709962,352.27397483104096,999.7794,332.2042,1
619041755,1015.8385120309241,359.49265540877474,1028.3302,322.5932,1
619041772,1015.4972612853967,362.7029428778034,1000.8367,302.5251,1
619041789,1016.2326149198337,365.7742967797657,1010.2438,307.4583,1
619041805,1014.0921585063106,365.2819992051938,981.4554,275.6989,1
619041822,1010.2575458946408,359.972252298832,957.0422,219.6952,1
619041839,1009.162441838822,353.6483407248422,981.6454,198.0587,1
619041855,1005.5181289738817,349.60994813665894,949.4899,218.2913,1
619041872,1001.9125314615602,343.00085948880644,942.8475,176.5397,1
619041889,1000.1818569986012,336.81464371665055,963.3622,173.0595,1
619041905,997.5270844101152,333.960615383384,949.759,215.447,1
619041923,993.4452231372434,330.71761166590346,924.8173,205.5449,1
619041940,990.5795686995001,325.42977464922393,937.0092,167.7141,1
619041956,989.7795157547089,321.3669733385033,966.9462,181.843,1
619041973,990.1190852069601,315.37070887215526,982.2786,143.3588,1
619041989,988.5220137781832,313.75623601052587,952.9436,214.8455,1
619042006,987.6603116730154,310.5179266131287,962.0383,182.5674,1
619042023,987.3858000509223,310.07114386680837,972.973,229.9491,1
619042039,985.7583842821032,308.7269785473728,947.3946,211.2426,1
619042056,985.0192899807228,306.88479629790675,960.9407,199.0511,1
619042073,986.0978673987943,304.64336091329034,991.9283,188.2733,1
619042089,983.7946448691372,303.842527188015,931.1372,213.8024,1
619042106,982.6809428998007,304.215668724735,952.2654,234.2793,1
619042122,982.1150194288374,307.3306414275892,963.5386,286.4919,1
619042239,980.2002474357962,302.8422902218142,930.3959,134.7633,1
619042256,979.6076453663737,302.60462891518705,958.5678,220.7548,1
619042272,979.0755520824258,300.59504419835037,963.2318,184.6724,1
619042289,977.7387747268493,296.8078173086801,941.8555,146.3533,1
619042306,976.5155511673477,295.23760289738135,939.6256,185.3466,1
619042322,975.9254861276303,294.616801271263,957.4619,207.5884,1
619042339,975.0882494468167,291.41990974659655,946.9531,159.3734,1
619042355,972.1921493371992,287.92090354631665,909.9263,149.6168,1
619042372,969.976456395422,285.12859010046213,918.7366,158.6064,1
619042389,970.5605823812363,284.1763576926191,972.0976,192.6219,1
619042405,972.5005237589817,284.16152269021336,993.8102,205.2637,1
619042422,973.2719930193343,285.35104226000357,969.8877,221.8637,1
619042439,971.6224151965445,285.20502845050385,925.8184,192.7021,1
619042455,969.7117334280117,284.8243116071693,916.892,189.7128,1
619042472,967.0243427856501,284.3281812028326,901.4093,182.6416,1
619042489,967.3819597452076,287.565023243708,963.209,255.9169,1
619042505,967.1784552137457,286.4508075217404,946.6644,173.8798,1
619042522,966.7291654778143,285.08149153056166,938.8373,167.415,1
619042538,968.018704980241,288.28214810437345,976.4469,253.8105,1
619042555,966.2850518116373,288.9023865305984,920.4895,204.7643,1
619042572,965.2573048384313,288.26978263479964,933.2881,176.1573,1
619042588,964.3951543580424,283.755874269646,928.8727,107.015,1
619042605,965.7652464441841,283.0724301451318,974.2494,178.9978,1
619042622,967.7347046628114,285.354608302513,988.5571,242.349,1
619042638,968.4638626255785,283.03833040586534,958.1126,148.4088,1
619042655,968.0039518159724,284.04989316420466,940.3478,213.0316,1
619042672,969.109868026975,285.4328792057208,972.8055,218.7574,1
619042688,972.3822379359694,286.2957909218889,1006.0367,210.6255,1
619042705,974.468938222444,286.17401511054373,985.8553,193.0423,1
619042721,976.4216087688073,285.56564284792444,984.6429,188.1847,1
619042738,977.1156931190266,284.78821337197144,958.3383,168.603,1
619042755,978.6123567696579,284.52947661874623,977.8281,188.5721,1
619042771,979.1838720331837,283.4522569974786,961.1878,168.5251,1
619042788,980.3582910088719,284.63452867156815,973.207,209.6724,1
619042805,981.252965935522,283.2808752869409,966.7119,163.9446,1
619042821,980.8324049215681,285.938359250934,948.9773,246.1416,1
619042838,975.608182475662,292.2536904825762,862.7817,314.5167,1
619042854,937.0774880894874,466.89334437322725,924.3591,399.5088,0
619042871,866.5408382403224,411.1157443253852,846.0904,336.5622,0
619042888,884.3474384751042,408.0710463410004,883.7705,329.2978,0
619042904,904.2538918697484,431.6961277473248,932.0739,412.8659,0
619042921,915.015470384531,440.3661118855995,934.3969,398.0924,0
619042938,915.9190253207533,447.0621554663423,905.1,406.3543,0
619042954,917.5142324449574,447.54870451196325,910.0367,379.2318,1
619042971,916.6419767432948,446.89859702128723,894.9876,371.6342,1
619042988,915.8141957591946,449.7923663511228,895.0912,401.3133,1
619043004,916.468845073096,447.8953898905234,905.2207,360.4588,1
619043021,916.5170099775736,448.90529525274394,901.6332,387.9029,1
619043037,920.5062136118808,451.9987188749479,945.4541,413.3966,1
619043054,918.7987950170502,451.128798171588,883.9756,370.3238,1
619043071,912.343154321992,442.140742645531,818.1105,262.9211,1
619043087,770.9260579397308,256.2791663849039,735.8567,160.8959,0
619043104,700.3119534992902,201.5000140870653,657.5574,99.0885,0
619043121,721.810620488338,188.37432227913746,702.0645,68.7953,0
619043137,728.4229361753796,197.23832843267192,702.2116,114.0095,0
619043154,733.158487503622,195.057934146181,706.7476,83.8613,0
619043171,723.2124073682685,184.39642528397215,636.8759,32.0257,0
619043187,713.00498273062,184.01306382641863,617.2742,77.9604,1
619043204,708.1256777763286,181.76616214178162,635.0828,62.5829,1
619043221,705.0079966929073,181.85377201291453,640.9012,78.3336,1
619043237,707.3423664091804,187.47440802405913,687.1389,131.7597,1
619043254,712.8609458858609,190.38478278273118,722.0348,113.1669,1
619043270,713.7154061099747,190.09881205524295,679.4841,81.9462,1
619043287,713.8432997027286,188.2045689159144,671.4752,61.6889,1
619043304,715.9962526644435,188.76291843005296,697.9089,90.6744,1
619043320,720.0307481962108,190.65416899834412,726.3007,109.7919,1
619043338,722.922543069647,204.18241523657494,723.9785,282.1445,1
619043355,719.9238394207714,599.5101469334668,699.2961,552.7385,0
619043371,754.8502649932317,649.6729113530135,739.2285,609.6129,0
619043388,761.5217284506106,654.6043201256783,753.9794,620.7212,0
619043404,764.7449044889792,663.3281649240632,758.2233,644.7722,0
619043421,771.8212629502634,666.8760667873806,781.1227,640.6929,0
619043438,775.1348493523543,666.0591585563961,775.1556,624.0409,0
619043454,772.2914221851046,664.5539120616694,742.9962,617.9651,1
619043471,772.3973205334108,661.6831268962155,758.1443,604.131,1
619043488,774.3412326734386,663.9134421044779,775.1691,642.7144,1
619043504,774.0163926418492,664.8197230244665,757.7461,634.3851,1
619043521,772.7344576686917,664.4657799495205,747.1359,622.7908,1
619043538,779.1244633072556,668.5755200473825,830.0751,672.8521,1
619043554,1062.3658101215942,739.999920091709,1072.4705,709.7576,0
619043571,1231.8375202991404,725.5740719783187,1252.7668,691.7374,0
619043588,1236.9456152864884,726.9551307913945,1263.8113,694.7884,0
619043604,1243.00563637866,725.1413033883331,1277.3247,686.9104,0
619043621,1241.2826024541112,729.8792270505345,1258.2344,712.6471,0
619043638,1244.5256337802953,727.8287720252378,1279.5431,684.7584,0
619043654,1245.281554893245,738.5269412054839,1274.2148,765.6498,1
619043671,1244.9712106269537,741.0648215739009,1266.13,725.1038,1
619043687,1244.8444655690091,744.5247807056428,1267.6599,738.3328,1
619043704,1245.8605722700102,748.6887903023869,1278.4512,751.9001,1
619043721,1245.8633601341865,750.9811134522005,1269.616,739.9824,1
619043737,1245.4434320401156,752.8061549305459,1265.0325,738.8752,1
619043754,1246.5769945649654,754.460358494187,1282.4116,739.8844,1
619043770,1244.977497845883,757.7646035731682,1251.6301,764.7054,1
619043787,1244.4265467473583,760.4411984104572,1262.8667,761.1444,1
619043804,1245.4916026475,761.2775694504886,1283.1725,738.2665,1
619043820,1243.3438827191978,762.4751902612697,1239.0176,745.6552,1
619043837,1243.43285738364,764.7277844713495,1270.5509,763.9777,1
619043854,1243.5365890414594,765.5775630551624,1269.9121,744.0785,1
619043870,1241.28551843703,766.9477263357905,1233.2686,754.6307,1
619043887,1239.2680129486178,768.4840505148912,1235.2166,759.4122,1
619043904,1239.72611851858,768.426560498609,1273.3323,732.8405,1
619043920,1239.9570397825423,769.1944090463079,1270.2952,748.4955,1
619043937,1240.3709616497006,769.7381812486565,1273.2435,745.6031,1
619043954,1239.9789627271089,770.6511075413222,1259.5046,753.7222,1
619043970,1239.7030895589314,770.2972756394246,1260.1184,730.9326,1
619043987,1239.7962224783123,772.2446202391322,1268.46,775.6522,1
619044004,1241.2954292698082,772.1693723929757,1292.1188,737.7477,1
619044020,1239.9474654329397,771.3911264760171,1239.6199,725.1716,1
619044037,990.9481347064675,759.8038926727452,997.208,733.0012,0
619044053,727.7841805868231,703.3306001286619,713.1157,671.0471,0
619044070,707.9849393098938,699.8494831904395,670.5026,663.4852,0
619044087,694.9220513101299,700.8302310313595,650.3542,670.9828,0
619044103,695.6787462655687,705.8699200272132,682.4422,691.2554,0
619044120,691.2510464463483,704.724780705631,655.6373,667.8411,0
619044137,717.4253225904266,739.3416492739561,703.9299,712.2048,0
619044153,715.9264287100257,765.670747425986,703.7037,742.2405,0
619044170,705.3605818940197,738.2518488524215,678.2966,679.9869,0
619044186,706.3280637057296,728.066002362898,692.5468,676.5092,0
619044203,704.0585263638978,726.8518496895183,681.6777,694.3759,0
619044220,697.8679322232472,720.8994892659006,655.0259,665.3081,0
619044236,701.9316297961867,722.6299602036593,708.5209,703.3877,1
619044253,705.0155119979828,723.810040967491,709.3718,702.7324,1
619044270,704.6236823040473,720.8268997329775,685.2463,668.9495,1
619044286,701.7862917366402,722.6331635602859,664.1634,709.7355,1
619044303,700.4036846649615,720.4305646988159,671.8573,670.4015,1
619044320,701.0331375442607,719.0623892957213,691.4761,675.8503,1
619044336,700.8252863255237,718.9657203945068,683.3735,689.2378,1
619044353,701.5857169815963,718.8339509371007,694.9203,688.4412,1
619044370,700.9513515203687,720.5457823822131,678.9861,713.8878,1
619044386,702.3915348784965,720.0561110410956,705.0835,683.9077,1
619044403,697.6291362189997,720.9379774498586,619.3486,704.8181,1
619044419,687.9873603025488,724.7632858942933,543.8,753.03,1
619044436,679.7528544654018,728.2322223800793,554.9343,751.3977,1
619044453,674.927392149632,733.6150375077124,601.9285,786.9622,1
619044469,670.2821881472526,737.3421405161075,598.6961,763.7043,1
619044486,664.1412340550114,740.5300061419498,568.8002,758.1497,1
619044503,659.2818631730095,744.262822406461,585.3149,771.0969,1
619044519,653.8922102802555,747.2107980495969,570.8195,760.3403,1
619044536,648.4377275878886,751.7931484988367,566.0995,794.0273,1
619044552,643.7178139824717,755.2907473084578,573.2599,777.355,1
619044569,639.8733839727745,757.7813021823875,583.4937,761.3712,1
619044586,636.2435217755811,761.3148626916995,584.0206,784.6511,1
619044602,632.7662659321993,764.8458928370957,582.601,788.0927,1
619044619,628.6467489836521,767.075671815488,565.3799,766.0715,1
619044636,630.2829999683952,763.4082970945557,662.8212,651.148,1
619044652,791.9050981850161,620.6544283434822,777.2993,576.181,0
619044669,718.2406009395696,423.0683421135911,688.2828,351.566,0
619044686,724.2171308183728,456.6229501498545,704.5366,427.8792,0
619044702,720.0897529767907,470.49412786929673,685.3713,436.9411,0
619044719,742.3945710726757,509.79270570344147,795.3582,582.0323,0
619044736,751.9759406380801,527.1964255387719,772.7422,545.7672,0
619044753,756.9250983065987,542.190990677209,764.0622,567.2784,1
619044770,761.7990761623508,546.8789762973284,771.0789,519.1175,1
619044786,764.4693425944511,547.2984054477007,761.1249,491.6006,1
619044803,766.5818724687128,551.965430617231,762.9822,533.8268,1
619044820,767.1850976031689,552.652114177898,750.2673,500.6312,1
619044836,771.4608887948599,556.2114496096048,792.6239,534.874,1
619044853,774.2792430021893,562.612340234147,784.6599,576.4476,1
619044870,774.9946760723315,566.8015307441525,762.4227,558.2886,1
619044886,772.8923474972224,567.8786701109811,725.4277,522.272,1
619044903,771.386849971165,568.8810303557157,731.1556,523.2914,1
619044919,771.124431808984,570.9900092731781,748.1649,541.9902,1
619044936,769.5519004527082,569.2162974764417,726.0601,484.0992,1
619044953,772.7766327170444,570.9559964753239,800.7011,539.7103,1
619044969,1053.6631475921529,650.5717174931912,1058.5027,607.8676,0
619044986,1173.5346265994149,653.3788838597179,1186.7102,609.9572,0
619045003,1175.377584417409,654.987901353771,1190.8107,613.588,0
619045019,1181.4553695248683,640.3957262745635,1205.8727,561.8921,0
619045036,1185.6466688506882,640.8563751237706,1212.245,597.2508,0
619045053,1186.9062222914445,632.7092076788205,1203.2971,549.9836,0
619045070,1183.208125435139,634.3394759778039,1176.9846,598.0381,1
619045086,1181.6057291238733,635.125832806838,1184.7537,594.8485,1
619045102,1183.5149929177826,629.7148354686786,1208.0273,542.0869,1
619045119,1183.9114820048665,627.8331246767526,1198.865,565.785,1
619045136,1182.8914838476976,628.081704867537,1186.3381,584.9464,1
