timstamp,smoothx,smoothy,rawx,rawy,fixation
619021944,1019.2949151590831,720.0624908781275,1047.8412,671.6534,1
619021961,1021.8460564461195,720.2993249752282,1087.1512,691.4747,1
619021977,1025.406452532601,720.0018528987313,1103.9648,681.0992,1
619021994,1027.9420254405693,720.8500919559483,1085.666,703.6398,1
619022010,1031.9403438428362,721.9189493529773,1112.3171,708.0957,1
619022027,1035.7558836272945,724.0785355000472,1109.9805,730.2255,1
619022044,1039.4746051915922,724.925255999083,1115.668,706.1542,1
619022060,1042.132266392617,725.3421270676463,1090.4202,697.2394,1
619022077,1044.9553558346554,723.667559946471,1089.6802,653.796,1
619022094,1048.3607259390108,722.434121728055,1104.8043,665.4475,1
619022111,1051.3137399326847,721.0429169694161,1094.7661,660.8022,1
619022128,1052.0990074121382,723.3153796229153,1062.1012,731.2026,1
619022144,1053.8640613090863,724.3868648318445,1078.801,710.5378,1
619022161,1055.114123462509,724.9925983390981,1069.1132,703.588,1
619022178,1056.4494100058946,725.3332062900356,1075.3152,693.9307,1
619022194,1058.3875499851927,723.769839171382,1086.2893,658.312,1
619022211,1060.2769499995568,723.9884889375307,1087.3357,692.8341,1
619022228,1061.7599889487178,725.0270740138272,1075.9041,712.6304,1
619022244,1062.5902185363889,723.6341333062452,1062.2805,666.2792,1
619022261,1064.3380166059226,725.5200350684231,1086.9417,726.8628,1
619022278,1066.7687278159967,723.9945248612413,1100.7941,664.2526,1
619022294,1071.5087633574392,720.975668106788,1142.0854,631.147,1
619022410,926.6867852820835,417.5316837291404,910.6805,343.3204,0
619022427,932.9014742011857,443.8998165019378,918.6969,373.3291,0
619022444,920.4594808668754,450.55742925486186,892.8411,388.7229,0
619022460,901.5519965851059,427.7744959785606,841.9225,303.9153,0
619022477,894.1609181406048,413.1235935014056,850.4122,289.624,0
619022494,897.140494589586,409.8296041598993,891.1686,320.8037,0
619022510,903.7983436559322,421.3810183318837,924.4218,412.6776,1
619022527,910.1095188079815,416.02282355613875,930.1022,306.147,1
619022544,913.724717966103,420.35038917450254,923.4312,379.9019,1
619022560,916.5621634368131,422.9123710607046,922.6208,371.2233,1
619022577,915.1903921635333,418.0832477222766,882.3729,297.7955,1
619022594,919.011159824099,422.870102847932,940.8182,399.3605,1
619022610,924.5787817190181,423.03683356863183,964.9658,350.2045,1
619022627,925.063195909781,424.36547926932445,911.6397,366.2294,1
619022643,925.6824757513708,422.91627413130277,912.6403,329.6988,1
619022660,925.8432863918869,422.7420940290796,908.225,346.3322,1
619022677,928.4421955679315,421.180415753349,942.4916,324.7315,1
619022693,932.3284624834283,425.402928227886,968.9523,414.0921,1
619022710,935.6827979384542,431.31942488203435,966.8021,446.5958,1
619022727,937.7541320243608,436.1015282116601,949.7548,433.9155,1
619022743,1136.0817784802398,663.58355066226,1147.2316,621.9403,0
619022760,1258.2344524554876,743.2195715727294,1281.8887,711.613,0
619022777,1246.4788017779765,735.2807279655531,1255.975,693.7491,0
619022793,1251.9974108559031,740.7638677896534,1287.4487,721.239,0
619022810,1256.9823141438503,741.723842407375,1296.3804,712.9781,0
619022826,1261.2769198417523,737.7066717012653,1301.8442,687.0861,0
619022843,1261.9041863182404,736.7623322307888,1288.0913,699.1008,1
619022860,1262.352512553146,732.227243339514,1286.6779,669.3789,1
619022876,1264.8434610492216,731.3287510999934,1305.2926,691.7545,1
619022893,1267.046917233954,733.3795499420617,1308.5017,718.5594,1
619022910,1270.8770284870118,732.0741430583461,1327.1591,686.5322,1
619022926,1274.453775628122,730.856305570351,1330.8667,685.1388,1
619022943,1274.759973392889,733.1536388256935,1300.7301,726.7018,1
619022960,1278.0806942567367,732.0912288265976,1336.6074,685.8715,1
619022976,1277.2341319223488,732.1945848348054,1287.9788,700.8361,1
619022993,1277.0761413985138,731.853463141131,1296.2148,694.3798,1
619023009,1276.885142905434,732.6547153284627,1296.5753,711.261,1
619023026,1276.8215460468748,732.2553390363418,1297.6726,693.1914,1
619023043,1275.219489545988,735.1007173271942,1276.7007,745.9655,1
619023059,1274.7874599359654,734.8718160129679,1291.6272,696.9277,1
619023076,1273.7075218447944,733.9798976277061,1280.3931,685.3965,1
619023093,1273.250870469328,733.272393073271,1290.1382,687.8829,1
619023109,1270.984903304283,735.0257715867639,1261.251,732.1393,1
619023126,1269.6869185586913,735.2739333666535,1275.2751,705.5349,1
619023143,1269.7084575108331,736.185135243314,1298.124,718.0123,1
619023159,1269.0485589468765,737.387222567532,1286.1039,724.2908,1
619023176,1266.2276595592407,738.5938407265041,1246.7206,725.5209,1
619023192,1018.4208291646388,757.2806673457344,1026.4258,729.8694,0
619023209,773.3434176933417,731.7991866066488,763.2743,703.0861,0
619023226,791.2951736427985,734.7518876432208,801.8898,709.4788,0
619023242,791.1256262087592,732.5620453953104,781.6258,698.8156,0
619023259,786.2601175172958,728.1565223711673,760.6999,684.076,0
619023276,787.0052741692632,730.5429319068514,781.4904,712.3499,0
619023292,800.7427177997978,685.3258656381355,790.1183,649.8408,0
619023309,777.4839439396816,712.2519139278431,766.6768,680.7589,0
619023326,781.0818802813773,728.2963991771805,776.0284,717.2351,0
619023342,791.520245622271,723.0846294149353,803.8342,680.8858,0
619023359,790.5599056444966,722.3043606938127,777.8215,689.489,0
619023375,791.6498769902723,721.9839092716221,786.672,690.2782,0
619023392,790.3456478029558,722.8403946207773,774.2089,697.5667,1
619023409,791.5067919795572,724.973927088688,790.0333,709.0962,1
619023425,791.2355411056268,727.9720236727971,781.0762,721.063,1
619023442,789.5031975965802,725.2204739598483,765.0266,671.2954,1
619023459,790.9120300924892,725.4659115484927,794.4878,697.7558,1
619023475,792.3066996648997,726.0431781821246,796.8975,702.011,1
619023492,793.1538543603696,727.3771409630165,793.2766,712.3909,1
619023510,793.2000980674842,728.692489523355,784.8143,714.3944,1
619023526,792.5255534455613,728.4268873258964,774.6369,694.5732,1
619023543,792.1828137483773,728.34560932817,778.4291,696.9257,1
619023559,792.2631066009018,729.8126924778132,785.1489,720.4023,1
619023576,784.7496784454462,733.2502190624868,674.3268,754.3988,1
619023593,774.8383099002018,735.902015524372,629.2532,745.9525,1
619023609,765.8315394784394,739.5533158075958,634.5737,765.7643,1
619023626,758.695440060621,743.2702526259677,656.504,770.5459,1
619023643,753.1123458889019,747.4236695227232,676.0059,781.8752,1
619023659,747.5724931841736,750.2617637994364,670.3362,762.1245,1
619023676,742.1797092208784,752.6859700696203,667.2686,757.5109,1
619023693,736.8148402193433,755.3337749900774,662.7994,764.4316,1
619023709,732.0555536957906,758.1164747465099,668.5599,769.7524,1
619023726,726.2287934057962,760.9030367292361,644.5084,772.9266,1
619023742,721.0041719091507,765.1356670392798,651.4158,803.8511,1
619023759,715.5995465542633,767.0017424508087,640.8623,761.078,1
619023776,710.7634476977712,769.1365045989729,646.3402,769.0664,1
619023792,706.3029582073189,771.6337148251853,648.5057,779.0759,1
619023809,702.0322329453493,774.520978529296,655.0972,782.5895,1
619023826,696.0307627506402,776.1902263015501,617.359,765.8103,1
619023842,692.517569212941,779.2041486405145,662.1514,791.3888,1
619023859,688.4215334585913,783.034905149739,643.4641,812.0405,1
619023875,682.4721909907724,780.5494422712022,598.6805,690.2486,1
619024025,681.507991830248,781.3626497026734,687.7255,758.8799,1
619024042,680.6578296792638,782.225106942512,686.306,763.6547,1
619024059,681.4420107623066,784.5025596586872,712.1286,795.0133,1
619024075,680.818372973107,785.3075734600686,678.6027,762.9943,1
619024092,679.8430421207242,785.7127980643284,671.0409,760.4454,1
619024108,679.6690151207556,785.7322557565742,682.1908,755.1047,1
619024125,680.9279563475466,786.661849554264,706.0758,775.745,1
619024142,680.9316696757722,786.7180076928489,678.361,760.194,1
619024158,682.0082153435421,789.0119571023395,697.2679,803.7272,1
619024175,681.4742578777164,790.5157036855737,665.4375,789.9718,1
619024192,680.0761773513881,792.8879329968556,649.5951,811.1317,1
619024208,681.4995998294586,793.2312746158832,688.0288,774.8427,1
619024225,683.8059785583685,794.8770350219138,701.8687,800.3309,1
619024241,684.6736320059726,794.8994367744474,675.6897,771.0688,1
619024258,685.2020133493671,795.3057490923144,673.4453,779.7406,1
619024275,692.6802057016754,797.752951397458,807.8281,820.773,1
619024291,1027.8700073155933,786.8508868942677,1038.0649,763.4993,0
619024308,1075.766985843566,820.3254480638066,1090.9824,801.2247,0
619024325,1069.7747883777042,815.2011846979576,1077.6611,789.6644,0
619024341,1064.8052649581857,817.1318367543141,1068.7881,802.1808,0
619024358,1069.4271180915875,815.5462636194957,1098.4646,790.342,0
619024375,1073.8271338695024,815.1725660640503,1106.976,793.5844,0
619024391,1073.5419113357534,814.272813853116,1086.3127,789.4395,1
619024408,1073.1776797806858,812.9136610001402,1084.9381,784.0107,1
619024425,1076.078025089356,810.3289583317409,1110.3436,770.3169,1
619024441,1077.5761916592367,809.2199830826439,1103.3538,779.6194,1
619024458,1079.2195626092837,808.1698949327451,1107.3994,778.0966,1
619024474,1071.900705461263,808.5656408441704,1014.2192,793.6287,1
619024491,796.2551408478674,812.9501183151732,791.9896,795.4062,0
619024508,774.1347109446225,817.885458472495,768.6157,801.2388,0
619024524,773.5353750149841,825.4022569585354,768.1208,818.37,0
619024541,781.0797266993492,825.6594285800526,792.4862,810.4391,0
619024558,777.4348156022093,826.1558185414486,760.9855,812.3706,0
619024574,777.6642140368637,828.9020771815893,774.4844,825.9863,0
619024591,779.1094505756197,828.9140904611231,781.9971,813.5546,1
619024608,781.6357277133407,829.9869411336755,793.0389,821.6899,1
619024624,786.7257016912616,828.7689532172113,818.0114,803.6526,1
619024641,786.7455707231547,826.5320652233298,780.7293,791.7172,1
619024658,783.1130994763695,828.8131619766193,746.4504,835.8514,1
619024674,781.2440574130519,826.9411834528875,757.4125,792.0203,1
619024691,781.5022763439342,826.4594423921562,779.7106,805.8227,1
619024707,781.8957481723186,823.9195191767226,780.4923,777.9807,1
619024724,780.6632266332587,823.0028566667892,760.7661,796.8179,1
619024741,782.578362169803,821.2207543173108,801.4661,782.4784,1
619024757,782.0404675305264,820.469090072437,769.4623,795.9808,1
619024774,781.4830731011132,819.2240429441381,768.1674,787.1104,1
619024791,782.8671673786939,819.0066623312049,798.0248,802.0562,1
619024807,784.2199430876908,817.8713351367307,798.1319,786.1083,1
619024824,782.9154500819029,818.476645772856,757.6097,815.2483,1
619024841,782.3072088668965,818.880557623141,768.0485,811.7868,1
619024857,782.4965675145318,818.028601550203,780.1049,788.9832,1
619024874,781.3147682096203,817.1811081628291,756.5482,788.3889,1
619024890,780.2434394915314,816.8464173598122,758.1847,797.1244,1
619024907,780.7742581930313,815.5140985992507,785.1528,777.4089,1
619024925,781.0269505290477,814.4541947394803,780.4674,781.6387,1
619024941,779.6692276745243,814.5169994024105,752.1451,802.7662,1
619024958,779.7030876496095,814.2169024708476,776.7422,794.9741,1
619024975,780.0560491861679,813.8593254802429,782.4047,793.219,1
619024991,777.32126681796,809.8062272513604,721.4335,719.6819,1
619025141,1124.1063824817716,713.7687605006143,1137.0591,679.2751,0
619025158,1122.3684420807285,718.0591179820591,1133.7981,689.079,0
619025174,1137.101037526139,728.7833969387306,1184.1252,720.2802,0
619025191,1137.3435227604518,741.6473508374348,1155.1787,754.2125,0
619025207,1138.2388126262424,742.2762468221033,1157.2675,713.7911,0
619025224,1160.256715275027,748.1730301881038,1177.476,718.1695,0
619025241,1138.8338589450102,765.6338191563275,1155.5015,738.2778,0
619025257,1145.7659907073496,764.8828138837661,1170.2158,736.439,0
619025274,1152.9159471819394,759.747005037206,1184.8478,719.6696,0
619025291,1149.8834853899557,755.3074486453887,1156.3271,711.5706,0
619025307,1156.3153342164705,748.5530875704571,1198.8268,688.4218,0
619025324,1157.0845789485172,750.3146556260605,1178.2837,730.9921,1
619025341,1159.227871123287,750.329625596871,1189.3032,721.0747,1
619025357,1157.257897796291,749.2948868998441,1159.3318,712.1765,1
619025374,1157.6328892603276,749.6948655195212,1177.6008,723.8873,1
619025391,1165.4180932456604,752.2974248745151,1253.1719,747.3689,1
619025407,1176.7869732863305,754.5264901960703,1304.9517,747.2571,1
619025424,1185.3652771705854,759.0862069754941,1292.4148,779.9473,1
619025440,1194.5080352162988,761.3594402412715,1311.521,757.1015,1
619025457,1200.809514189213,764.6989815028302,1288.8073,775.6498,1
619025474,1208.3088455497218,768.034931253705,1314.3784,780.2773,1
619025490,1213.5250056276896,769.466769920309,1290.8165,756.1735,1
619025507,1218.0216536125615,769.3968612321605,1286.2146,734.5902,1
619025524,1222.8733487284835,768.5992988515565,1297.1515,722.9576,1
619025540,1226.5101361518362,768.7209518717535,1284.8458,738.1951,1
619025557,1232.2545416515077,767.9291565791714,1323.2306,722.611,1
619025573,1236.5435914007721,766.5109278021885,1305.0549,711.4307,1
619025590,1240.2797214752434,766.6358441038288,1302.1897,738.6711,1
619025607,1244.3653757860545,765.7765395471531,1312.1855,720.8633,1
619025623,1248.6447761051422,767.3856335226178,1322.5813,766.7321,1
619025640,1251.5064075736468,766.9331273310177,1300.5562,728.937,1
619025657,1255.8190053332123,765.7244297127179,1330.1792,714.2075,1
619025673,1258.3408001068751,763.4807838042245,1301.3763,694.0453,1
619025690,1260.434625056575,764.1802002603055,1300.1099,750.9324,1
619025707,1261.8489373809552,764.797968557794,1291.2122,749.5585,1
619025723,1264.7929534703737,765.9746319728763,1323.6511,760.5179,1
619025740,1266.5674239949026,766.3480146862134,1290.9558,744.9417,1
619025757,1270.0775757488773,766.7317378798807,1329.7017,744.689,1
619025773,1272.1589345537482,768.7124364996919,1310.4436,775.0402,1
619025790,1277.1927023074231,769.3391979072684,1365.3169,747.2365,1
619025806,1281.666698685746,768.6623093153923,1362.2943,719.6819,1
619025823,1285.9706498371554,769.6945374287938,1362.2649,758.8254,1
619025840,1290.7730876232904,769.6345693909024,1375.6421,736.1925,1
619025856,1295.241882513632,769.883574254619,1370.5231,741.8223,1
619025873,1298.934524104839,769.6898739764799,1361.8059,734.7737,1
619025890,1302.2978723174806,767.6253127752558,1365.5719,700.23,1
619025906,1306.2328594295873,767.1922326572225,1385.7645,732.3102,1
619025923,1308.3368402188482,767.2186348045564,1353.0513,744.6986,1
619025939,1309.6529431662175,768.3652244432141,1343.9121,763.9972,1
619025956,1310.55004393621,769.6368001577197,1336.2556,768.1165,1
619025973,1311.961244722985,769.9869707045611,1350.1841,749.7874,1
619025989,1312.7094851785853,770.6119524386523,1337.8956,752.6207,1
619026006,1313.6081718297041,770.5816357487678,1342.0897,737.557,1
619026023,1314.6327340810456,770.3430904561233,1347.7499,732.7463,1
619026039,1316.3281318571871,768.3819600404482,1359.52,700.5557,1
619026056,1317.7973745395623,766.4802931636211,1361.4249,700.4354,1
619026073,1319.7066219609198,766.5322990487726,1371.1101,738.2936,1
619026089,1314.9414087043017,767.2515469241813,1248.9602,755.603,1
619026106,925.962159638709,722.9725954229224,925.8587,691.6067,0
619026122,731.9735445402719,764.4639666282244,720.7841,740.7157,0
619026139,737.336538321933,741.179478513969,729.7993,687.5837,0
619026156,738.8586013520019,745.048194154474,730.7356,727.3861,0
619026172,742.8665361339962,740.0575038297684,743.0175,695.8704,0
619026189,738.2556624623386,742.4945570446763,707.3462,726.9151,0
619026206,737.7882049045886,745.4086204893382,724.3844,735.2023,1
619026222,742.7179404643673,744.7015850165142,761.529,713.0043,1
619026239,744.5234027115791,739.1659991568124,743.3571,669.548,1
619026256,745.1381034499411,735.3577166673153,736.1351,675.5219,1
619026272,748.7908921361455,736.4138547196635,769.5342,719.7605,1
619026289,748.7568802527662,735.0187109812547,734.7426,693.6649,1
619026306,751.2369486301379,736.3742813022209,765.2952,724.9358,1
619026322,752.6822878451821,735.6987280513205,755.2627,700.4232,1
619026340,753.7291714732737,736.200288454635,752.9644,715.6858,1
619026356,755.7902033113631,736.9386401572979,768.5541,719.6194,1
619026373,756.3295660344255,735.5732402926416,748.1958,688.671,1
619026390,758.3527705141782,735.6493254593721,772.0176,709.5165,1
619026406,757.6436173404752,733.7403839015586,731.1054,677.3816,1
619026423,756.8561645166284,733.2722416147863,730.5635,699.59,1
619026440,758.466437164283,731.1950937143323,767.7803,670.7922,1
619026456,759.0906777613895,730.4045553005892,753.9863,691.7228,1
619026473,762.1007678585478,729.963517009946,795.4956,696.7676,1
619026490,1107.7657857270515,678.0490337051036,1117.7366,638.6971,0
619026506,1344.0719687526514,723.5500255402078,1372.5632,688.389,0
619026523,1339.9758706124267,720.0602062007483,1363.4584,680.5164,0
619026539,1343.5295607820062,717.2671784071665,1378.9336,674.8552,0
619026556,1341.188519784474,718.3753521443792,1361.9368,686.3938,0
619026573,1344.3856689378233,724.3612569644006,1387.613,716.0105,0
619026589,1368.453375299872,696.8474431722937,1397.2157,657.7153,0
619026606,1363.2468332834715,685.2930072487337,1391.05,644.5886,0
619026623,1355.9650616941951,678.3301544701012,1374.785,628.865,0
619026639,1347.7429809497814,692.0834983806692,1358.8535,683.8317,0
619026656,1340.3852506258188,702.8824188374825,1346.0767,701.3651,0
619026672,1337.3749479328587,709.4625374319144,1353.777,701.3786,0
619026689,1341.6354032822571,713.0196433808508,1392.9543,695.0155,1
619026706,1342.0632537915594,717.9427365839903,1374.3939,713.2268,1
619026723,1342.4792582910418,718.9589651825584,1373.9958,689.1602,1
619026739,1342.97133507567,719.8800439586286,1375.4901,690.2921,1
619026756,1342.6026533974432,720.2509112276697,1367.589,686.3367,1
619026772,1339.22955241726,724.4315921824235,1336.606,731.2592,1
619026789,1339.6544767296916,724.187382365315,1372.9775,683.5364,1
619026806,1336.9916771141125,724.1838869383188,1335.7015,686.8226,1
619026822,1333.2120641233246,713.6190818463609,1310.6405,540.5995,1
619026839,1331.6065638834102,703.6795379419672,1334.938,534.7203,1
619026856,1331.2134034266583,696.0421511848785,1351.0472,556.4524,1
619026872,1328.709018562448,688.162736986818,1318.4624,543.2298,1
619026889,1326.7409212653051,681.4220814102948,1324.1697,552.2902,1
619026905,1324.9181832517916,678.7139975237786,1326.936,612.299,1
619026922,1323.3857919243396,672.1634220871891,1326.3464,541.9305,1
619026939,1322.1723405763157,666.0354346346384,1329.8843,542.2495,1
619026955,1321.6151591393505,659.6105689201627,1338.9493,530.1571,1
619026972,1318.2035198161166,655.8369923906139,1290.5817,572.6735,1
619026989,1317.222365256428,651.7296580125533,1329.946,561.0945,1
619027005,1313.7936046844056,648.2143939438251,1285.2988,567.564,1
619027022,1310.623827731344,646.3347341767164,1288.6292,594.1284,1
619027039,1308.2010579953978,643.3533224112759,1298.5875,568.5746,1
619027055,1306.736421556057,640.944575717667,1314.2563,575.2131,1
619027072,1301.274172066429,636.4741265783629,1236.3569,530.9707,1
619027088,942.1448377777001,595.2451376928213,936.4761,545.8152,0
619027105,721.9117230284517,621.9909063467697,702.5939,578.3538,0
619027122,729.225456118721,619.6148546035404,717.9529,572.8068,0
619027138,725.3502092161215,626.9270758757492,699.0175,600.6056,0
619027155,724.60132389901,622.7079708169287,702.498,564.7922,0
619027172,725.6848441532026,626.2608215695741,712.1679,599.0806,0
619027188,740.4518744791542,624.9533023998181,722.5554,581.5598,0
619027205,743.0629399406341,644.0133065197687,726.3403,603.2688,0
619027222,735.1214737602212,648.6222688501308,709.8748,613.9133,0
619027238,734.0120018565833,650.4406517442256,714.8815,614.7952,0
619027255,736.9897811712201,646.7870781234748,728.9198,593.9978,0
619027271,738.4805053396926,638.5199749740596,725.6805,560.0667,0
619027288,741.0883354937541,633.4882588320799,735.8605,563.8005,1
619027305,738.9820443020969,633.3387072142016,708.1112,591.2006,1
619027321,741.2405559953019,631.6076315649779,739.1702,576.7792,1
619027338,743.1637559996642,629.9496901673248,740.1488,574.0476,1
619027355,742.4418446314368,631.2388855291068,718.5047,602.3925,1
619027371,739.5271666303586,632.4624566252053,693.7441,604.0862,1
619027388,740.567716384215,628.5537997039105,732.0739,542.365,1
619027405,742.28869352688,628.7615208535402,744.2042,590.0006,1
619027421,743.6621625631168,631.6450352915043,743.854,627.3426,1
619027438,744.5069250384668,631.1093917490207,736.403,581.5295,1
619027455,745.0598014783296,632.1290133528775,734.4127,604.437,1
619027471,744.32220682034,630.4514560439596,714.1395,563.1345,1
619027488,746.4094812673294,629.2093184350502,756.9955,567.9454,1
619027504,1051.477894983951,658.3405634857279,1056.5739,616.7463,0
619027521,1251.5360528223077,633.1586305592782,1268.9845,586.1779,0
619027538,1264.7910005945098,658.5112572081961,1299.9143,643.6755,0
619027554,1272.2357576681713,649.6448104198962,1306.7662,584.41,0
619027571,1276.8178080575597,648.0424260927896,1310.8442,597.3826,0
619027588,1280.0036692671742,643.7168334583888,1312.0906,578.5469,0
619027604,1307.9462962708353,638.2346624505178,1329.5137,591.4429,0
619027621,1267.3359880029548,626.084557228244,1285.4944,577.9652,0
619027637,1269.5209902655927,625.5737544995258,1290.1038,576.7614,0
619027654,1269.286032530227,625.6983952101809,1287.0596,577.7964,0
619027671,1275.632569099725,630.2033085271185,1315.3628,597.6393,0
619027687,1275.414218742586,635.7381168657604,1294.6304,613.524,0
619027704,1267.697711105537,629.7850144252278,1244.2609,549.0619,1
619027721,1268.9654047381116,628.818080933425,1295.3242,574.6761,1
619027737,1265.0514311997745,628.4192350659384,1255.4725,578.0211,1
619027755,1267.981977521617,630.5339150019192,1311.5662,601.1418,1
619027772,1270.441051539811,629.2285867892848,1310.5173,568.7609,1
619027788,1270.2656660193593,627.2864493473581,1285.7758,559.3067,1
619027805,1269.708548413331,623.8567994865912,1280.0914,537.6671,1
619027822,1267.0342278388166,621.873647818536,1253.813,551.3524,1
619027838,1266.9044171773255,618.6661079816303,1282.1777,531.0079,1
619027855,1264.6046492877706,615.2442148634021,1251.9796,523.4568,1
619027871,1264.1883455541474,615.7754489033193,1278.4559,578.6417,1
619027888,1264.3670575400124,616.0584186221541,1286.5051,574.958,1
619027905,1264.8415292998295,616.1831266995147,1290.9725,572.3085,1
619027921,1262.996229329534,615.8053093264134,1254.2729,563.9373,1
619027938,1266.6401722451626,617.0768541612223,1342.772,591.0116,1
619027955,1271.6140570373186,609.9849219291028,1360.8489,443.3677,1
619027971,1274.440709140572,605.2045788407196,1329.7305,479.5891,1
619027988,1277.640398729828,601.4807200795057,1338.9668,494.9205,1
619028004,1279.6941110098526,594.6735743382308,1318.3762,434.0778,1
619028021,1282.2731961955565,589.8315825161951,1330.8833,466.22,1
619028038,1284.8976612993831,584.0881413782448,1332.7023,444.8168,1
619028054,1288.2663115236774,579.238361555288,1348.8518,457.4965,1
619028071,1289.80477632192,577.4774019443583,1320.2275,514.0021,1
619028088,1291.5090450958683,573.9983457538442,1323.4485,476.7718,1
619028104,1294.149574429324,572.2669557187004,1344.2405,507.5186,1
619028121,1297.4873533444486,569.1725895824404,1355.183,483.3133,1
619028138,1299.4387615718124,567.5101417299509,1333.2124,507.893,1
619028154,1296.390728676067,563.6092870432187,1239.8951,460.3896,1
619028287,1141.6689524238166,344.382590594676,1136.5295,257.919,0
619028304,1158.243583797209,395.8350423344261,1156.9237,316.4341,0
619028321,1152.967616624849,387.3837420994002,1144.7834,297.283,0
619028337,1152.166082835572,387.3472320318174,1148.3127,306.7927,0
619028354,1144.8048453633753,376.24850659093397,1116.5547,256.9576,0
619028370,1143.0853742399051,365.247393250394,1129.9631,232.9522,0
619028387,1147.7755506548967,361.61133759664983,1167.8007,258.164,1
619028404,1146.9088134279323,364.4307714696038,1138.7191,300.645,1
619028420,1145.1537478715986,364.062545419504,1128.7798,278.5686,1
619028437,1142.5055700015641,363.57997651381555,1117.3524,276.7863,1
619028454,1141.187449989256,362.825038314255,1125.7368,272.8506,1
619028470,1146.8256362641437,362.64548956344527,1198.7467,277.4207,1
619028487,1148.7601707021167,367.7329041905378,1167.8048,342.3658,1
619028504,1149.2044263518844,367.9204228442051,1149.811,286.2322,1
619028520,926.9365760387293,404.0587097387354,910.2437,327.9555,0
619028537,644.9868496562269,387.8610307550674,608.1857,312.0999,0
619028553,632.640880698658,391.28882229576664,582.1981,320.1356,0
619028570,627.26810483489,377.07467489850785,575.8767,267.8343,0
619028587,610.378065152814,370.90237189435965,516.0406,272.9065,0
619028603,613.3767077943347,371.6566781290239,587.0045,297.6075,0
619028620,620.8346577447961,360.1499571401884,580.9362,280.7262,0
619028637,621.7561441223515,393.5398093643659,583.6645,318.7905,0
619028653,625.1193372026148,362.1220840014158,587.5638,247.1711,0
619028670,635.7871181442734,379.2628546178873,622.3257,341.2076,0
619028687,635.1337076767205,386.08401620453964,596.3582,333.1263,0
619028703,636.7724051393745,384.30045563499715,605.5483,299.7283,0
619028720,638.0354127485479,381.63912160878135,606.0634,290.0187,1
619028736,634.0047947397475,380.2429686087863,570.4326,294.5298,1
619028753,628.8937220061714,377.6859173714778,553.3386,281.7033,1
619028770,628.1556836734491,380.3906337095362,585.8101,327.4675,1
619028786,631.9435962452632,381.98757565883176,629.2426,320.3811,1
619028803,635.0086186850353,381.46831715621994,626.7905,298.8979,1
619028820,637.4344491372167,383.20765985287585,625.5148,325.9384,1
619028836,637.4042885606325,382.58386821457344,597.6792,297.9345,1
619028853,636.105701339651,386.16637601781576,583.8408,355.5513,1
619028870,850.2354005939906,554.8663823922388,836.1787,500.6253,0
619028886,988.48867257466,611.7582727142809,986.8485,564.2147,0
619028903,985.5181027426116,597.4958638906729,979.0217,531.7856,0
619028919,988.6932540652926,592.1543560197146,992.2494,529.7792,0
619028936,988.070884261737,592.0775574442958,983.3635,541.7079,0
619028953,987.3585823341808,596.2203231991224,982.6857,565.2443,0
619028969,985.6497228553279,595.4736968671308,973.9187,541.5426,1
619028986,986.7922918477265,596.5262645113999,991.7627,553.7246,1
619029003,983.981494174076,597.3654144394806,961.6042,554.2603,1
619029019,980.6795355121391,598.7888621473802,952.3145,561.6578,1
619029036,980.3849038333816,601.5395425672114,977.1954,578.2369,1
619029053,977.7635051205639,602.1386190852072,950.6569,558.6492,1
619029069,976.8168324908543,602.5301324017561,965.7235,557.0284,1
619029086,976.0935947263911,603.8292270704144,967.5323,569.6412,1
619029103,975.4716958147678,603.2526304849087,966.608,545.6593,1
619029119,974.8626264894797,602.6357085448759,965.756,544.3739,1
619029136,975.6874440118969,600.5282325953158,984.2067,520.8258,1
619029153,974.9460412441756,600.6384071748888,963.2659,553.5892,1
619029170,974.6175505955323,600.7826338178528,968.676,554.2582,1
619029187,980.0897912032057,599.3294731566518,1058.5198,526.7331,1
619029203,1102.536585924324,462.8863350432257,1100.9128,393.4059,0
619029220,1137.9249230702344,443.3006366307761,1137.6959,370.7452,0
619029237,1137.164509251927,452.6245855386375,1137.0459,391.9954,0
619029253,1133.828627251268,462.4754565595928,1128.2627,414.9772,0
619029270,1127.3953432059845,469.7723176649324,1108.6316,425.6474,0
619029287,1130.6872716254393,466.72932170346917,1144.6068,383.3213,0
619029303,1134.3689267579757,466.38889783770554,1154.2122,394.7686,1
619029320,1136.219533126027,470.98924635501174,1149.9056,432.288,1
619029336,1139.905884404884,476.591757983614,1169.2805,450.2408,1
619029353,1140.212259301914,473.00539281106444,1141.7637,372.326,1
619029370,1136.960754863114,469.87946662646675,1106.8317,370.8527,1
619029386,1134.414336443256,470.3233976991422,1110.6421,406.3715,1
619029403,1133.3610138218141,472.54223643341373,1124.9149,428.9609,1
619029420,1132.3650310265893,472.87590539747316,1123.0491,407.8057,1
619029436,1129.3885323374727,477.72869812293186,1098.7544,471.3343,1
619029453,1129.2312044683738,477.0925592891988,1129.8862,398.0143,1
619029470,1128.38113980733,480.11664492599135,1122.2113,453.1315,1
619029486,1127.7557146674494,481.0731019558793,1123.0989,424.32,1
619029503,1127.2618306355591,482.209010087307,1124.4731,428.6085,1
619029519,1125.9554746703502,481.3398068383405,1109.4692,396.4476,1
619029536,1124.0488347868263,481.8012174792266,1099.3833,419.1243,1
619029553,1119.3829164111235,482.8693536286038,1052.26,431.0393,1
619029569,887.7075466767883,511.24013494332166,873.9324,450.533,0
619029586,838.8108782429066,451.86886841447193,818.5944,383.2881,0
619029603,834.7977665904846,485.85460078080723,813.5762,460.7683,0
619029619,842.0718485583008,486.88405301845313,839.4698,425.1861,0
619029636,846.2244039635883,495.79988686236265,843.2352,463.1273,0
619029653,850.0781087162763,497.9657468958589,849.3906,444.7913,0
619029669,854.1926711357261,501.0740463074715,859.3098,455.6898,1
619029686,856.0478494713382,495.86563455187763,848.4139,398.0556,1
619029702,857.4829038767542,498.4391042829275,851.165,455.4531,1
619029719,857.3666436294511,496.6833713744612,838.0493,418.6234,1
619029736,857.0421744701129,495.14081047057783,835.7801,417.6466,1
619029752,857.3182257769296,496.5134537802031,843.1844,448.4113,1
619029769,859.3240386370104,499.80395038041917,864.8944,474.2669,1
619029786,860.3122977442142,500.08780145043517,853.9022,440.1732,1
619029802,860.6007429445426,501.0250277279831,846.7506,449.8147,1
619029819,859.2048517757589,502.9197487802214,824.9681,465.3798,1
619029836,858.46620716036,501.24069203623094,830.379,413.5621,1
619029852,858.4469327994651,499.3296417944355,840.037,407.9248,1
619029869,860.811593018329,500.9033482123402,879.1407,462.5545,1
619029886,861.383006525725,500.00819279567986,851.3844,422.8765,1
619029902,861.6542629522158,499.453152901226,847.4172,428.064,1
619029919,866.8391349593109,506.75598366653327,935.7339,566.1539,1
619029935,873.9451139267052,512.9395966197718,971.6313,551.3727,1
619029952,881.4325631957798,520.8113772782224,985.0139,587.1617,1
619029969,888.9492205335354,529.1349622895935,991.4821,601.3612,1
619029985,896.095229149465,537.4235233521018,990.4274,606.738,1
619030002,901.7575142101257,545.2561720343302,968.762,604.236,1
619030019,907.6358593837591,550.8750142915416,975.6221,567.1744,1
619030035,912.5142744474523,557.7890353323144,963.488,597.9214,1
619030052,915.5974910706938,565.9714230201025,936.3143,629.0888,1
619030068,919.8065341014054,571.8745223061562,959.7019,590.0463,1
619030085,923.0042579643481,579.1851390757269,937.1451,609.8977,1
619030102,927.0935510758466,586.756545020118,958.8304,629.8439,1
619030118,930.8443557072017,593.0970492917656,959.4427,608.131,1
619030135,935.5157285201062,600.0720924628829,982.5929,631.5485,1
619030152,939.0511737641104,606.2512319494645,966.386,620.8572,1
619030168,942.2118798080467,613.1357646468423,966.0427,643.3103,1
619030185,943.9243836078424,620.4576343377937,943.1691,653.6985,1
619030202,945.7802249123614,625.7684824606957,949.106,627.7428,1
619030218,949.695110782273,629.9685133363564,989.6563,609.0155,1
619030235,951.8722980731519,632.7442892354118,960.3556,588.6854,1
619030251,953.9458381717168,636.9240874566202,964.8997,627.1727,1
619030268,956.6188013752505,637.4913128960743,979.0568,564.5446,1
619030368,961.9409076107725,640.393951277672,1032.9777,612.9977,1
619030385,1070.770292775428,662.535295781147,1077.4034,621.3505,0
619030401,1071.486374181264,593.0714685605413,1074.5405,542.1376,0
619030418,1069.846069049668,579.0896401142561,1069.5815,510.3229,0
619030434,1057.9196366582228,596.0582898072073,1036.6555,584.4208,0
619030451,1052.2058455497424,592.2297760692153,1035.4014,528.3575,0
619030468,1047.6589199028292,578.7227146200294,1026.8788,465.6363,0
619030484,1045.8675478651523,577.5711208109702,1037.4021,519.0744,1
619030501,1051.1562842732428,577.9358030293317,1085.5321,527.9407,1
619030518,1051.8037443568667,579.6898034475437,1058.1899,541.028,1
619030534,1052.4485439981463,578.6031818581209,1058.2328,516.8692,1
619030551,1051.203979236861,585.5936215332845,1044.3779,600.7908,1
619030568,1049.8760114036404,588.9480460742324,1040.0361,571.4668,1
619030585,1050.123781647802,596.2029315200202,1058.5928,625.2358,1
619030602,1049.8103734184594,599.0198481199193,1049.9019,578.7557,1
619030618,1046.876195458553,602.1970394720892,1015.7751,588.5328,1
619030635,1049.376163381574,616.3359994801792,1093.5553,752.4451,1
619030652,1097.0349615327902,866.8746060757063,1116.1345,854.1053,0
619030668,1078.4333437471464,882.8001680457799,1097.0938,872.4369,0
619030685,1073.8954861573689,890.967864511862,1088.2625,891.1237,0
619030702,1084.252327095138,880.0654611863944,1124.0461,844.3212,0
619030718,1088.3876186866626,878.4875962585445,1120.22,862.1222,0
619030735,1088.0435978708786,874.3388733001166,1104.363,844.3411,0
619030752,1087.1230038772378,874.1509898784243,1100.8672,861.9158,1
619030768,1088.8745273753157,871.407506303372,1117.4871,841.6139,1
619030785,1090.2425607179523,869.6843629005538,1117.8439,844.9285,1
619030801,1089.4903596229894,871.0627659157475,1102.3265,871.7495,1
619030818,1091.3767863940939,868.0240411158555,1125.2671,827.1349,1
619030835,1090.574253476908,867.5292908481325,1100.552,851.146,1
619030851,1090.6003194366233,867.6356196737506,1109.2012,857.5773,1
619030868,1090.9115278137265,865.1757992587377,1111.2466,823.9104,1
619030885,1092.7866611322336,857.9910566675163,1128.8885,754.3289,1
619030901,1091.030122006464,850.197091092492,1080.9692,735.5193,1
619030918,1090.9412760058322,844.7519577759148,1103.8086,760.4431,1
619030935,1090.0363040514073,841.1560948122434,1092.672,782.5549,1
619030951,1087.420931225305,837.2185035107998,1065.083,772.3743,1
619030968,1087.377034640278,832.726507565999,1102.4858,757.6862,1
619030984,1088.6157267575968,826.1338269773225,1121.2422,715.7684,1
619031001,1088.9693255638779,822.5541601426154,1109.5784,762.218,1
619031018,1089.3513288589315,817.0933855812925,1108.4995,723.7028,1
619031034,1089.3507379705634,811.707904149205,1101.9006,719.3883,1
619031051,1089.4952532593038,808.1429372915194,1105.7227,747.8154,1
619031068,1089.77689328195,805.7882040802224,1109.0576,766.2267,1
619031084,1089.5380453642188,800.9931108045872,1097.48,715.5492,1
619031101,1089.4925532250088,798.800769164374,1102.9893,761.0815,1
619031118,1088.6929528447167,794.1045150179525,1086.6919,708.2473,1
619031134,1083.1743402474135,788.985242129308,998.5253,695.9143,1
619031151,864.9385594728734,712.248804122805,860.106,679.9446,0
619031167,856.042800347876,717.1887925701977,850.8605,685.6599,0
619031184,854.2930561941279,695.1425052983443,844.8267,635.4797,0
619031201,845.7413067156656,701.734663018234,821.5917,683.3563,0
619031217,850.9350218260321,705.971138011459,862.0703,687.105,0
619031234,854.0103660528148,699.1538814424207,859.2165,634.3611,0
619031251,854.7765904196914,697.6475505585853,851.9128,655.2561,1
619031267,854.3338094479468,692.112716731246,843.1006,621.0306,1
619031284,850.7307491189395,696.4153603374539,819.8314,695.8977,1
619031301,852.1929205033741,694.5894086990293,856.9204,644.5006,1
619031317,849.711014363379,694.7897954000252,821.043,662.8994,1
619031334,847.0132193506435,697.3038801260484,815.776,689.9102,1
619031350,850.9217253448701,699.6067344829953,887.9491,690.9224,1
619031367,853.4952098001623,699.5990674622386,876.1313,664.3578,1
619031384,852.0963633816444,697.3763409887691,826.7144,634.048,1
619031400,854.6387582797086,694.6347270249751,878.196,622.9205,1
619031417,854.4857023444789,694.4166884372983,844.5306,657.9908,1
619031434,852.532824328009,694.8167717054232,818.2111,667.6467,1
619031450,851.8930711153394,695.4057372832165,836.4945,670.939,1
619031467,850.0672557790411,694.4302279776227,815.988,645.2715,1
619031484,848.8160035423714,694.6798221049896,824.603,665.4175,1
619031500,849.4525294674523,695.4148359660861,855.2391,673.8674,1
619031517,849.9872453570696,695.1535403019958,853.0387,656.3387,1
619031533,850.7150330127253,695.3888804086406,857.0165,665.2161,1
619031550,850.8750918769044,695.0290334656706,846.9002,654.2457,1
619031567,850.1861348535555,696.3832192957972,833.3087,686.6481,1
619031583,849.9512532780942,697.0462504285993,840.5272,673.933,1
619031600,853.1998872180087,698.9365491159726,904.8029,697.5447,1
619031617,1060.8439883770793,777.4055070074992,1072.7983,752.4235,0
619031633,1245.705831111415,816.1193860585157,1272.3115,794.8533,0
619031650,1277.7625048519935,819.6246497418506,1341.0835,802.2433,0
619031667,1283.1425722258957,816.3768378424933,1323.23,787.3222,0
619031683,1286.7232071918,811.9565817201866,1326.3142,774.7242,0
619031700,1284.2420186700142,808.7417640086245,1301.6775,771.9769,0
619031717,1310.5403856555783,796.753273498529,1340.564,772.17,0
619031733,1289.0599191905037,820.1984119548147,1318.8405,799.1025,0
619031750,1301.2040757972698,814.4231821886062,1344.1527,785.7239,0
619031766,1299.1315634112677,811.8709274204106,1324.436,783.802,0
619031783,1298.31122977301,803.9033854267427,1324.0132,753.6024,0
619031800,1300.1138193173738,800.3048920227667,1336.4429,760.4939,0
619031816,1301.9686196838977,802.2288485094015,1341.744,789.6177,1
619031833,1300.0509724973122,804.5773842154942,1318.4219,797.1203,1
619031850,1299.3506735819565,802.4988153019633,1323.1843,763.1652,1
619031866,1297.473597962132,803.1405142424088,1312.2297,785.5723,1
619031883,1295.0928579552917,804.9247946910077,1304.5215,798.9695,1
619031900,1294.8209024634114,804.9809917624016,1322.4813,782.0977,1
619031916,1294.464015255864,807.7509862089654,1322.563,815.7131,1
619031933,1296.851292064339,809.1569311611595,1355.137,801.9662,1
619031949,1296.1075884889742,810.9359287938042,1318.0872,809.6455,1
619031966,1295.344481555692,811.8251406930144,1316.334,799.2971,1
619031983,1293.75934659814,811.5078466807581,1302.8552,782.3617,1
619031999,1293.7063628873457,813.0818048547651,1325.0217,811.8604,1
619032017,1297.1793822636591,815.153712692901,1379.3412,821.4877,1
619032034,1299.2125983231617,818.0770571280095,1360.6453,838.3944,1
619032050,1301.5718823025657,818.8742247524533,1366.2117,804.6476,1
619032067,1302.4284303290917,820.1443306627948,1343.7285,814.3768,1
619032083,1303.4115839339315,821.9877955837286,1347.2722,826.2336,1
619032100,1304.6765153652511,823.072491540318,1352.515,814.1034,1
619032117,1306.6487878322232,826.1012819890608,1367.7546,851.7458,1
619032133,1307.1066652408158,828.1776168477626,1341.6042,836.3794,1
619032150,1308.5705678555205,829.563601119404,1359.9751,824.9487,1
619032167,1309.8904266745362,830.9378025842467,1358.6335,826.4219,1
619032183,1310.3440729778397,833.7095634008061,1345.2488,855.608,1
619032200,1310.977436715899,836.4967296578125,1349.6101,858.0729,1
619032217,1312.087915487709,838.3397388695618,1358.7064,841.4692,1
619032233,1311.2272239292608,840.2734527132654,1320.5679,843.3568,1
619032250,1311.4680951229998,841.2647538504712,1344.0173,825.1093,1
619032267,1107.2778125903105,819.8297008472022,1124.6201,800.3673,0
619032283,842.863691369332,892.997156295933,845.963,886.2479,0
619032300,752.9735837460654,868.4265046336908,651.5819,831.9502,0
619032316,719.2964099652022,866.1717339623407,641.3125,852.4545,0
619032333,700.7310144075182,863.6376344719952,634.4235,846.2014,0
619032350,690.9142813084298,859.3619944429754,641.4414,830.7734,0
619032366,659.7753046442613,843.4246599796031,647.7773,831.4201,0
619032383,654.9463800034295,848.9797772984596,642.9086,837.7991,0
619032400,651.0982173024399,858.5200598160533,635.6921,859.5993,0
619032416,660.1029036914233,853.9884985017189,667.3446,832.9723,0
619032433,656.9333877375776,859.0098597854212,636.1708,866.3042,0
619032450,660.5758636838369,863.3558010549888,665.8085,873.308,0
619032466,662.4437204940442,864.6067668156044,661.5264,862.0142,1
619032483,657.1443287953716,868.1554314537563,614.2617,882.8199,1
619032499,650.5057912241746,873.0373851181276,594.0931,901.8726,1
619032516,641.1558326888769,874.1772390014605,556.0413,875.4965,1
619032533,636.6545251935105,877.2145242668893,588.8368,897.5978,1
619032549,631.9722004381454,880.9522879629953,579.8247,911.2853,1
619032566,628.8437398479958,885.3100069513567,590.7952,925.3544,1
619032583,623.1619752699938,887.0357894704513,553.1276,898.3058,1
619032599,621.0555073596746,888.6188360162231,591.2563,898.8915,1
619032616,620.6687782090137,891.509087528143,612.451,920.3513,1
619032632,618.5125767112385,894.1381651597585,586.215,920.8229,1
619032649,615.4162914724312,894.4927321388287,567.7487,888.7301,1
619032666,615.0024021761218,894.890331132194,604.9719,890.1067,1
619032682,613.8176269766917,896.1658531899193,592.3345,906.0492,1
619032699,613.2604928038535,896.7363719014076,600.1769,895.6343,1
619032716,610.139418936167,895.6775408466458,555.0488,868.3312,1
619032732,608.0305156133178,896.7532235602207,570.8041,906.6868,1
619032749,603.4429146391575,892.5143973522152,521.2198,810.598,1
619032766,599.4005914439274,885.1865651619408,524.2278,750.6938,1
619032782,596.4399482618724,878.8356467407878,540.6707,765.2656,1
619032799,592.1026764348636,871.8064903571748,512.2374,749.0696,1
619032815,588.757245697996,865.859108029472,527.5668,766.075,1
619032832,583.9508122739054,859.6822638396471,497.2428,758.186,1
619032849,580.913356478916,854.7991683546285,527.3085,779.4951,1
619032865,576.8036519600008,848.8189991905298,502.9584,754.0474,1
619032882,573.5168707823426,843.0677522196122,523.6563,754.7221,1
619032899,571.6165698320538,836.5276036618643,543.8865,737.541,1
619032915,571.1852636384048,832.4449106871349,572.6743,779.1114,1
619032932,569.2414277649307,827.1629020163383,536.0211,754.5122,1
619032949,566.5134272523147,823.1261711107906,521.9846,774.9336,1
619032965,565.984932126121,820.8764055697566,560.2556,803.4979,1
