timstamp,smoothx,smoothy,rawx,rawy,fixation
633013843,988.7371146922314,604.1148863405374,849.7291,540.0905,1
633013860,979.6320247570707,604.5374523287012,879.0575,569.4365,1
633013876,968.1086742997148,601.8521665157139,836.2527,524.5065,1
633013894,959.209636863767,600.4518561506014,859.5634,541.0257,1
633013910,952.6304016049679,597.4214201424554,883.1695,514.8578,1
633013927,944.8427051852494,595.6196051282537,858.0045,530.7192,1
633013944,938.3733905540123,593.3881328608253,869.9624,522.1168,1
633013960,933.0512339314416,592.3576776300409,880.8179,540.2327,1
633013977,927.0725024204589,592.2111155945233,864.4386,553.7288,1
633013994,922.7392139805395,589.93787393651,884.8956,516.6811,1
633014011,916.6508554028593,590.565956357522,850.639,565.1848,1
633014027,911.2910127807138,591.3115270499866,856.6294,567.1057,1
633014043,907.0458739109131,591.4066391784355,869.7061,555.3717,1
633014060,903.9602766635677,592.5471537926928,884.0623,574.2935,1
633014077,844.3253149338258,360.50892801205976,846.0564,301.3421,0
633014093,844.2436794908577,154.9411743989599,847.0844,80.647,0
633014110,833.0439475230498,104.0832025402273,825.3042,-28.8921,0
633014127,829.93444644654,85.72112193397479,827.2601,-33.0023,0
633014143,619.3704989859092,88.36167701405206,0.0,0.0,0
633014160,649.5188209682863,88.07198113413452,777.5725,6.6113,0
633014177,810.7241977553725,21.8336270528153,814.3469,-62.9708,0
633014193,806.6896684887281,23.060839334034128,810.3134,-61.7395,0
633014210,809.0439829508687,48.65744318427271,814.7312,-6.749,0
633014226,536.6250253493665,64.78970572514395,0.0,0.0,0
633014243,399.0353168610173,72.93705393347184,0.0,0.0,0
633014259,483.8876963532728,74.48064505657126,828.307,-0.2904,0
633014276,781.5959560682107,72.65837469541717,784.9996,-9.0288,0
633014293,800.3607077430286,67.20338432388728,803.7582,-14.4842,0
633014309,786.4988779985399,70.5687616737066,776.0862,-7.859,0
633014326,794.7390428443799,56.27138135920245,814.7743,-56.5114,0
633014343,798.9105373077471,55.267509115135155,814.6781,-30.0478,0
633014359,801.8256474324643,63.10140365746924,816.3152,14.6325,0
633014376,801.5243398585485,64.83638286867266,803.1071,-8.1607,1
633014409,820.5312599933982,56.27032878196749,823.9495,-25.7907,0
633014426,407.356643090953,76.52084885959692,0.0,0.0,0
633014510,268.69831377255474,83.31676903074782,0.0,0.0,0
633014575,198.67601767551616,86.7486910907712,0.0,0.0,0
633014592,156.1183514391197,88.83449386250676,0.0,0.0,0
633016407,156.81795159033865,150.76958298574206,792.7883,302.7622,0
633016507,784.7125659584262,266.7048111545727,787.063,199.3621,0
633016540,761.6505673421302,183.11361226734894,764.4959,109.1275,0
633016557,792.9313058881221,157.80490850266233,827.1321,56.1901,0
633016590,794.2141050365525,184.7572536138307,799.085,169.28,0
633016607,824.9442088453881,215.1278526141028,917.7677,243.1531,0
633016640,802.6996245640485,244.08930333985515,716.3085,294.3328,0
633016656,796.2827058717047,254.49348459260452,767.3078,237.3806,1
633016673,791.5298852278654,259.68039239359445,766.8762,220.0536,1
633016690,777.8365520870993,258.90969984347913,690.2758,179.4917,1
633016707,778.9766035652469,246.95692038758824,793.2314,78.3227,1
633016723,499.23510290314414,341.6762436748903,501.7224,273.7498,0
633016740,1096.1403640706217,110.54470368045446,1098.7429,38.3664,0
633016756,941.9742757729246,158.15033110103374,790.8744,133.873,0
633016773,883.4105956967068,170.4353005288691,770.5792,121.5994,0
633016790,845.4784920000028,199.6259024777622,737.0176,218.7313,0
633016823,835.0607722410841,197.81765900286365,799.6638,116.6692,0
633016840,869.4613344799275,118.20365521939578,872.4525,41.7452,0
633016873,803.811566028959,173.33576351719285,806.6297,99.5311,0
633016890,797.5610522864271,174.5479338981233,794.1552,101.8636,0
633016906,782.0908123640562,216.08911765686403,753.6196,232.9325,0
633016923,826.1761036081882,228.7569083355088,959.1649,201.9453,0
633016939,884.3971202798845,225.9559321263895,1113.8477,149.7319,0
633016956,1104.8591616033154,174.18189772136316,1107.1017,106.8723,0
633016973,1118.412825736644,206.91312964124862,1120.453,142.3015,0
633016989,1112.7109386053248,212.16186771641816,1109.0288,153.3136,0
633017006,1101.7571749091778,210.44123229885716,1082.1304,141.5691,0
633017023,1102.6560906318061,219.3182559650988,1107.3696,183.597,0
633017039,1099.3148396442007,224.29990416809255,1088.2671,180.9876,0
633017056,1099.7090351454085,223.2711745290742,1103.9604,153.5998,1
633017073,1090.4934284532085,228.8062271076289,1039.4602,197.951,1
633017089,1089.711449557697,226.9542074379352,1087.7622,148.8611,1
633017106,1089.512011947511,220.19892062976587,1091.5632,100.7834,1
633017122,1093.0174654141044,216.58670162399585,1125.5414,121.0494,1
633017139,1091.5444411115031,215.71026519718856,1080.6963,143.6385,1
633017156,1092.375042970028,216.14130134827354,1103.2788,157.8765,1
633017172,1090.5782688556185,215.64734042083137,1074.228,146.4017,1
633017189,1088.5920075168535,216.0746422830794,1069.4265,157.5645,1
633017206,1086.352484714364,215.07877232983654,1063.7406,138.3982,1
633017222,1084.4878230466402,218.2239923895959,1065.7219,196.4366,1
633017239,1081.2787578806383,218.15391984683052,1045.1595,151.653,1
633017256,1071.7279200231635,216.797320929171,951.0713,129.7216,1
633017272,775.5775452305033,21.261816937545458,779.27,-64.3357,0
633017289,726.848824311977,84.40770403956502,730.2929,2.4152,0
633017322,360.5751418670257,90.57162814852187,0.0,0.0,0
633017339,473.1393958225664,82.90859033837586,702.2808,-16.1787,0
633017355,352.56537626814355,86.37077844217974,0.0,0.0,0
633017372,430.75062611322875,78.96828313893958,744.9126,-34.3267,0
633017405,714.8003097989924,23.90157685741381,718.5938,-62.8004,0
633017422,733.9397993936083,109.90723701192235,737.2328,29.9425,0
633017438,734.4700191917027,113.05965355098452,738.2559,36.7252,0
633017455,487.0115461934694,107.59523470365897,0.0,0.0,0
633017472,550.2768504239345,128.532612182603,744.4066,116.811,0
633017505,589.4917822749952,118.27697100536088,748.6025,-4.6449,0
633017538,709.5255991117136,155.4143260860444,712.6193,78.2763,0
633017555,351.92460551630353,126.02958931958466,0.0,0.0,0
633017572,471.0325832632088,86.27771022695245,713.4387,-80.5989,0
633017588,351.0257532203751,88.72337407503308,0.0,0.0,0
633017605,412.0049874785901,88.36549765504257,658.4451,4.3229,0
633017621,740.3142770701845,84.40981771427867,743.7328,2.7052,0
633017639,714.583630158797,52.79298721430179,718.2216,-31.7878,0
633017656,354.45031829425585,74.78442091454096,0.0,0.0,0
633017672,233.59230551840167,82.16450035920921,0.0,0.0,0
633017689,356.53250206423195,99.93365684569835,727.6971,75.3535,0
633017706,438.75230519498115,96.08868928363933,764.6848,-1.3107,0
633017722,683.9856419219917,48.76312326782752,687.7034,-36.768,0
633017739,704.606837260667,96.6737417991086,708.0269,15.1085,0
633017756,720.8703626141106,133.8371511659255,740.0502,95.4968,0
633017772,779.4853595380437,285.9017058288784,896.2946,546.5784,0
633017789,792.2856709539129,416.6431769976289,828.6464,774.7393,0
633017806,826.3568532752282,548.5564125967744,956.4849,1054.6721,0
633017822,968.6208086878372,1041.8736028397166,966.4387,1035.4973,0
633017839,983.742554720337,1070.6597088273347,981.3764,1066.7246,0
633017856,982.9332642854482,1050.3609753738097,979.9818,1023.161,0
633017872,973.2426800221242,1045.3207057449454,951.8691,1028.2418,0
633017889,965.0673412512675,1046.1856543830704,938.8127,1042.479,0
633017905,962.0888183959081,1052.1196764546178,948.4609,1071.2761,0
633017922,963.093985823451,1052.5200393991627,966.2605,1048.8525,1
633017939,966.1000966667567,1054.7080141928125,981.5494,1062.9766,1
633017955,950.30152953652,1049.0938847958407,843.4523,1000.0629,1
633017972,955.5514244208163,1051.76878634709,994.7341,1068.6702,1
633017989,953.6659696205913,1050.8834198382594,937.0597,1036.5267,1
633018005,954.212425292367,1049.53440328914,958.5612,1030.4739,1
633018022,954.4042759161961,1049.4393013755425,955.3849,1042.8149,1
633018039,952.0367138877182,1047.5362196897786,926.2339,1019.6615,1
633018055,954.149780900832,1049.69642069616,977.1722,1071.113,1
633018072,955.4290248094127,1052.349195493178,968.969,1080.5198,1
633018088,957.995214836283,1053.020375748877,987.6035,1055.8098,1
633018105,957.1892951800324,1044.1469967615571,944.33,913.6495,1
633018122,860.5867529677763,627.4447125636194,860.8463,588.2664,0
633018138,884.5474547926412,488.4923814595584,885.5115,439.602,0
633018155,866.0786502027145,461.2978855664764,848.9841,380.4972,0
633018172,868.0871091969569,481.42874705577424,872.9811,474.8517,0
633018188,853.2408974148168,483.27205227884866,810.3955,438.0753,0
633018205,851.723816546468,479.3805078290227,847.443,412.3679,0
633018222,851.8350689742751,474.34848502226197,854.1731,397.4463,1
633018238,853.1936947615454,470.4480466678235,862.802,395.9271,1
633018255,858.5053193442648,467.45562853532687,895.4071,396.6173,1
633018272,857.4644564999074,471.29310930412737,850.2687,452.4865,1
633018288,856.823176446637,468.9282199402305,852.5507,397.209,1
633018305,763.8327248389472,300.97545165617663,766.0378,235.7082,0
633018321,737.331912792674,132.48936887084437,740.4966,54.2587,0
633018338,741.3325360107045,147.50373178623664,748.3107,86.6267,0
633018355,742.7045336327787,130.23448021025544,748.7579,15.0845,0
633018371,734.8741782070396,133.828456348323,714.7675,66.785,0
633018388,733.8988766694977,135.8014262433269,733.3833,66.0573,0
633018405,735.2165648584181,138.2821397671986,744.9229,73.4987,1
633018421,734.1064233202909,133.10611165694277,731.1719,22.4051,1
633018438,728.4633137561266,134.17969981079423,694.3363,63.1017,1
633018454,730.7676208793148,132.33359680458634,752.25,39.6423,1
633018471,731.2505990888938,133.6050252393049,738.9196,67.2787,1
633018488,728.9991603809324,133.22182955204235,712.1702,50.8965,1
633018504,728.587290464222,135.53996298779822,728.5093,82.0274,1
633018521,730.3291285943594,132.9523396617777,752.9253,25.3548,1
633018538,731.7128812729641,134.56948272145297,750.5579,76.5759,1
633018554,732.1771358372326,134.43496058594684,740.6125,54.4609,1
633018571,739.533537975252,138.7054475285867,832.5938,119.3646,1
633018588,733.7491114691907,134.82292426398558,659.2544,-0.7618,1
633018604,731.6061594624603,134.04709990258658,705.6317,44.0544,1
633018621,723.6634466614756,128.3687326231139,618.5759,-36.3454,1
633018637,725.8377049668264,131.58045548619683,764.4911,106.5383,1
633018654,725.7967312282517,129.41338340681742,731.902,18.4778,1
633018671,726.4986742375866,126.98831956840893,743.4073,12.6032,1
633018687,721.8711087250462,119.7645258964575,658.0858,-74.3035,1
633018704,719.8984095844386,114.78832571392451,698.5692,-38.5467,1
633018721,717.8773557045026,113.39493680349514,695.9936,21.9395,1
633018737,694.4903571699859,88.96762483992774,697.9712,6.6192,0
633018754,675.2168123840956,92.9907437333924,678.7125,10.5265,0
633018771,694.9280991880185,88.71039780893952,718.0564,2.1889,0
633018787,691.5238281451211,99.97303937748248,687.9778,42.2766,0
633018804,692.2681445909479,91.43235525934577,698.0331,-18.0784,0
633018820,696.7154900039797,92.21233352710448,717.5115,13.9261,0
633018837,698.3660319303448,87.78614220278148,709.6896,-17.434,1
633018854,696.0481209748951,82.53998208768841,685.9677,-32.6501,1
633018870,699.274536720286,81.0384239098704,724.131,-11.0981,1
633018887,698.7223964914963,72.90581644065543,697.9116,-75.0324,1
633018904,708.877921085855,75.65940441065423,796.1621,21.5653,1
633018920,707.7926196037164,74.94738532434103,699.0442,-13.5458,1
633018937,709.8830371416983,78.03279386593768,731.6544,30.0523,1
633018954,709.7666702850173,78.98771746387574,709.4583,7.7693,1
633018970,710.5255938205661,81.4860726457562,719.994,29.432,1
633018987,710.0253311624949,81.20559941588014,705.2296,-5.7523,1
633019003,711.7620819973887,75.62053541162544,735.0275,-81.4719,1
633019020,711.2547854885084,69.98158716241039,706.0769,-89.3566,1
633019038,711.1722177358295,66.71854495795851,711.7463,-58.8283,1
633019071,773.0436897538,15.657149949021589,776.7712,-70.4069,0
633019121,717.7479866266887,21.768166268684165,685.8921,13.2941,0
633019138,721.9537063943062,10.733150647792161,742.9966,-123.7013,0
633019154,748.7731237462027,17.912143591153733,752.5345,-68.5046,0
633019171,680.9789782385892,107.35686338230241,684.3862,26.0728,0
633019187,671.4769351773216,86.58303465777759,665.6663,-18.8806,0
633019204,673.4204571005732,64.7262218286192,681.209,-66.2917,0
633019221,687.2084011828628,55.33071784054169,731.8488,-58.2131,0
633019237,692.6929361956928,49.25935276313264,717.6064,-60.4225,0
633019254,702.0716088483808,48.922718046670354,750.6226,-35.953,1
633019271,709.748726522859,45.449715137312054,756.4752,-59.3452,1
633019287,708.5546647064539,49.41534063011844,702.1019,-6.0434,1
633019304,708.5846490744755,68.3934010078725,709.8072,138.4908,1
633019321,610.3340942227962,485.42946161146676,611.8348,430.4543,0
633019337,638.2305110836716,651.9066376506214,638.7798,609.7769,0
633019354,645.9280086901547,653.6106745207779,654.1077,613.7595,0
633019371,636.4435962095951,657.5345227992848,618.0723,623.7395,0
633019387,655.4237583997464,654.6923773241492,712.2378,605.2213,0
633019404,656.6168443220461,648.841675899099,661.4818,582.3381,0
633019420,655.3664647117603,650.1927803225467,649.2749,615.5454,1
633019437,651.6402908623462,655.8798489991855,630.0825,649.3352,1
633019454,652.5491515707763,658.6103212231668,658.9658,636.5204,1
633019470,652.0099885839722,661.8267764684132,648.1917,645.7755,1
633019487,647.7055078660067,659.285445183942,612.5504,593.1138,1
633019504,645.8941268445953,658.8509229035316,630.8249,612.1069,1
633019520,644.940700861006,663.1277112221171,637.1001,666.3702,1
633019537,646.6772110192865,662.371078135788,666.9119,611.2692,1
633019554,642.3456738486861,664.2385284201857,595.2479,643.0599,1
633019570,649.6983899192584,651.9486033375052,739.7953,454.5137,1
633019587,658.1993699794019,239.77857727588497,660.9351,167.7513,0
633019603,683.3162095181434,124.8657254249552,686.6245,44.9199,0
633019620,338.8366477488963,110.77479602983945,0.0,0.0,0
633019637,223.23184579788895,106.04599181372245,0.0,0.0,0
633019653,350.017759802327,91.04284696574229,732.9878,-38.0074,0
633019670,427.016015148198,91.74777419159723,732.1691,13.9364,0
633019687,743.8533897524137,84.53945502280645,747.2645,2.92,0
633019703,753.3467548020433,89.81223110469298,756.7114,8.7836,0
633019720,373.8072062582304,93.27040906913969,0.0,0.0,0
633019736,483.73197279672723,95.33827555595336,707.5133,18.0572,0
633019753,543.8292501830967,101.46826965732905,725.4858,40.0901,0
633019770,578.0686982998938,93.39040497121597,714.4584,-22.5653,0
633019786,729.5602081986796,132.4035497744929,732.7401,54.0005,0
633019803,614.0140132022768,384.21663268225467,616.054,321.8729,0
633019820,597.5979761023658,508.30074692029393,581.9882,587.2612,0
633019836,601.6142681834158,557.525580771997,610.2672,612.1891,0
633019853,608.8489680660543,589.5382112318367,630.714,643.0781,0
633019870,609.7950454078356,601.430187973102,613.9413,602.7076,0
633019886,633.9171115716143,666.6333224768607,634.3951,625.495,0
633019903,627.670161873089,623.2770470482606,628.394,578.8151,0
633019919,593.1409111360832,634.8284244329187,559.4297,602.1125,0
633019936,594.3181578700602,631.2735363350246,597.6104,579.0936,0
633019953,586.2805659498757,629.6530211311855,563.4447,579.108,0
633019969,591.4278543602846,622.0795842705016,612.9391,545.3336,0
633019986,583.8199814854132,625.0177599487216,547.7366,594.7466,1
633020019,584.1100904301804,619.2292755003244,587.4602,537.9063,1
633020036,589.2348165629688,618.1371296696552,624.7618,566.2313,1
633020053,591.7660823013354,616.6112174694699,611.5303,559.9399,1
633020069,593.2166281806473,615.7208360443151,605.6126,563.4279,1
633020086,597.700370497701,615.4498650520362,638.4355,569.276,1
633020103,601.0438714445344,613.4226803975613,632.9316,548.2255,1
633020119,603.6631252322314,617.1627211239335,629.0581,616.3241,1
633020136,606.3332734360479,614.4359966142939,633.6932,537.1184,1
633020152,607.6200003571025,614.7854864031689,619.3763,575.3101,1
633020169,610.8639230698909,616.4844601384714,647.1102,595.5439,1
633020186,612.0315036369013,615.9593487017999,622.3506,563.7562,1
633020202,611.4763024880988,615.2463727944584,599.3009,559.7393,1
633020219,613.9710621427639,615.8999729194422,644.1721,581.6102,1
633020236,614.6642717674372,615.82488528564,619.4976,569.6947,1
633020252,615.6347438401513,613.7555119199893,625.0771,536.4171,1
633020269,615.8052147258852,613.319640545622,613.5562,562.3982,1
633020286,616.7155568186962,612.6739946801898,626.2606,558.5834,1
633020302,614.8130328679058,612.7082290048916,581.2718,569.0409,1
633020319,614.9172918015189,611.830205824652,614.3977,553.2566,1
633020336,615.2181491254944,613.7546753048596,618.0264,603.3984,1
633020352,616.7410050983607,613.6559956204918,639.5845,567.4557,1
633020369,616.5383445410787,615.0129796830859,610.8622,593.5371,1
633020385,619.7346813075978,614.6005281561958,670.2213,562.27,1
633020402,620.2127487316442,612.3513094834661,624.4377,526.793,1
633020419,623.850216661593,611.9748812516706,680.6807,563.8707,1
633020435,624.2023862825246,609.436806686184,617.4612,524.191,1
633020453,625.3608462358801,607.910553772301,637.0436,540.3309,1
633020470,626.6942355168659,607.1435012606348,637.7059,554.0533,1
633020486,627.5095716407025,607.475081538743,635.1989,570.3798,1
633020503,629.4865766894943,604.3910580922357,650.0139,511.7427,1
633020519,630.3288975645085,603.5245189572645,635.8988,546.0881,1
633020536,631.065285833696,603.3932429960477,638.9302,562.3639,1
633020553,630.8632435816153,601.7147622636595,622.0339,531.6412,1
633020569,630.530646794525,601.2208137706356,619.8595,553.3633,1
633020586,632.5591238626182,601.448608095704,664.9801,567.4703,1
633020603,633.5434457453672,600.2173691542657,646.7279,536.7347,1
633020619,639.1304674772523,599.3510301694671,726.9237,551.5334,1
633020636,640.6061830706207,598.4832480659534,656.7289,540.3593,1
633020653,641.9946543802911,598.3975823592841,654.77,558.3988,1
633020669,642.7196951685495,598.9099870770958,647.3181,570.3879,1
633020686,643.8421524589633,597.8035160679719,652.8621,535.8727,1
633020703,644.4882354822553,595.4981393167363,643.7468,512.2511,1
633020719,648.125910186329,594.8449692333177,701.8401,545.8499,1
633020736,649.3409517156364,596.3711130195378,658.0887,583.4908,1
633020752,649.3443867325202,592.503981758785,639.6703,478.052,1
633020769,650.638780269707,594.2342132451745,661.8862,585.6185,1
633020786,652.7768515706065,592.9772161738689,679.6777,528.9103,1
633020802,654.3176674501497,590.5117034516596,666.2513,506.5295,1
633020819,655.1833918186618,593.3061874524699,659.4102,602.2636,1
633020836,656.1920717818397,592.0400927036243,664.1303,530.8409,1
633020852,656.6373646063292,592.2713610134825,657.7247,553.907,1
633020869,657.1443675535088,592.1493079569486,656.9402,549.431,1
633020886,657.2451004959486,591.6753305746439,657.244,538.7338,1
633020902,657.0319305718311,593.645706078681,647.3429,580.5162,1
633020919,657.4481927175221,595.2711143938852,665.0079,578.3694,1
633020935,659.0992514318323,594.2755851355377,680.4979,525.7257,1
633020952,665.2292997522596,592.5748381603145,761.5669,516.4113,1
633020969,670.3460359697708,589.3936724001138,745.186,489.8842,1
633020985,674.6967505861803,588.589944050069,732.8226,535.4833,1
633021002,678.8428986338976,586.9008330345212,732.6348,512.2895,1
633021019,683.6367797958809,583.3041403855742,744.515,480.4237,1
633021035,690.2097373737716,579.8930739854962,778.1218,485.526,1
633021052,693.2084522140567,574.432205945234,717.1185,441.5349,1
633021069,694.5640305126726,569.7273234246029,691.4554,456.1377,1
633021085,696.9382488490556,569.0630667209293,716.5845,531.64,1
633021102,700.7211660744489,566.958580414522,741.9332,499.8292,1
633021118,702.4382556516885,566.6866947651001,716.84,532.9926,1
633021135,707.1161291766347,566.5941472284204,763.1196,534.2239,1
633021152,708.3062326924176,563.5269968391993,705.6202,477.2361,1
633021168,709.8856242942232,560.6913911375069,714.783,480.7861,1
633021185,713.1746741397363,556.5060652597422,748.3752,450.2722,1
633021202,716.3432990207797,553.8962845780237,748.2281,475.2744,1
633021218,718.6818802061048,551.9036322480665,742.7546,487.9866,1
633021235,721.5809493066035,551.2496076214237,750.2713,514.5276,1
633021251,723.3671206554482,549.3751616448532,732.1532,477.6865,1
633021268,719.7420149716049,553.4644358376349,642.8529,596.7973,1
633021285,714.1484573002961,554.9378463745823,613.0964,538.7162,1
633021301,710.2501007237054,557.8723285943935,642.6266,563.1152,1
633021318,705.5027132889134,558.1534838228082,628.4878,522.1488,1
633021335,699.5559053006476,555.8322511341279,608.9069,464.0653,1
633021351,694.042011094397,557.882328478196,615.1782,547.832,1
633021368,690.9013334922879,560.1760663011947,655.5703,552.0818,1
633021385,687.1362720995052,562.3957918038737,643.4342,549.0726,1
633021401,677.7662386163834,564.7562310988237,543.1599,554.0142,1
633021418,672.6390074588163,568.0346642180986,616.4163,572.4475,1
633021434,667.286499720877,567.5241969997197,611.2247,496.4928,1
633021451,659.8095474568743,568.437653287184,578.4697,522.7433,1
633021468,655.0269368038754,573.3960140526781,617.9113,598.2195,1
633021484,654.5068593876966,571.1743000311384,686.1437,472.0547,1
633021501,1174.0798038299768,491.709330595999,1174.4773,449.2424,0
633021518,1131.5096422678005,479.8671187191738,1132.0518,435.6192,0
633021534,1129.1867869647547,484.1750757250096,1127.3745,444.7581,0
633021551,1152.3558105358952,442.05591138627295,1199.4824,306.5698,0
633021567,1154.8081906878888,458.0696253794387,1162.0835,464.4905,0
633021601,1156.744913111722,466.0087811031705,1164.3278,455.0162,0
633021617,1156.2754832291705,474.8579902621877,1153.8022,476.6143,1
633021634,1163.1021349053228,482.21424710371286,1202.2631,484.2724,1
633021651,1173.73163651802,488.3729592731756,1243.4724,489.4128,1
633021667,1182.520112325683,486.26180448131043,1246.4382,425.3657,1
633021684,1182.6420223116122,482.6819070740583,1180.478,405.6303,1
633021701,1183.6719038002543,491.45097555783786,1189.3611,533.7393,1
633021717,1188.331975796857,489.01130861439185,1230.931,418.4671,1
633021734,838.9839806747585,396.6756290766805,840.53,340.0558,0
633021751,1159.890105452072,573.5148185079829,1159.873,536.7639,0
633021767,1166.114770687348,556.1090217157401,1172.4705,499.7041,0
633021784,1174.550885908231,533.3217383570142,1191.6683,445.7616,0
633021800,1173.9298119070816,538.0286748074484,1172.0046,514.3671,0
633021817,1170.6802104130654,536.4282697673309,1158.0103,490.461,0
633021834,1242.9978803834629,381.66100083541096,1243.8586,332.5694,0
633021851,1187.0379816600619,277.1329899018918,1188.569,219.1545,0
633021868,1226.1134049203044,212.37750855671962,1267.1704,81.9591,0
633021885,1228.74894243015,186.9452860552497,1235.9888,69.4213,0
633021901,1237.463830944847,177.413976055916,1265.1393,84.1448,0
633021918,1235.6734804865655,169.2514296516738,1230.3616,70.8668,0
633021935,1321.669457747227,159.83157101527306,1323.5782,96.0989,0
633021951,1225.3310011923381,147.08018108503555,1227.4913,80.3507,0
633021968,1231.307850201289,130.8145841496432,1239.5823,45.7254,0
633021985,1205.8271319377152,162.88959051491582,1157.0225,164.3452,0
633022001,1213.5211804996354,170.03306891661276,1238.5885,127.5382,0
633022018,1210.0799928702054,168.6137345852016,1198.8241,96.2232,0
633022035,1213.4380631953084,168.1691886207983,1232.1013,100.2114,1
633022051,1219.650916645865,159.4921828904629,1257.8665,40.0209,1
633022068,1219.2420472292067,163.4213154689533,1217.8643,126.2328,1
633022084,1223.521431394941,166.45384111266264,1256.9918,126.1266,1
633022101,1224.8450159487525,165.57818884076553,1236.7251,91.9636,1
633022118,1225.4856657333203,164.63965627938043,1231.9839,89.7363,1
633022134,1225.867220078566,164.7379693564415,1230.1611,100.2772,1
633022151,1228.4402976149083,148.13605088330124,1257.0295,-105.579,1
633022168,1246.9751384949604,180.85402048264834,1248.9121,117.0721,0
633022201,1094.3990817161348,267.835137508954,1096.156,207.193,0
633022218,938.8153881839797,370.67056726613737,784.8658,421.0753,0
633022234,851.6191130791491,440.8037120178311,679.9831,533.0868,0
633022251,798.1573933078109,499.8323778649228,642.1811,632.7758,0
633022267,753.2045626925823,524.6114015845261,581.2597,572.7432,0
633022284,613.1333971912853,629.2633031355499,613.8525,584.9312,0
633022300,587.4884245865437,627.3495035216362,588.2665,582.3286,0
633022317,597.8339424108312,626.5702750741001,608.9005,581.0992,0
633022334,605.4249471621561,624.4035935690957,621.2126,575.2518,0
633022350,591.1723344268752,628.520894900692,549.5321,595.9021,0
633022367,589.5736907345597,624.9428277439662,584.4382,564.4918,0
633022384,585.2655379458349,627.6144105639685,565.4033,596.1693,1
633022400,589.6513034807971,625.3811199265241,616.4258,566.8569,1
633022417,598.6355452856637,628.8274632620654,659.1392,610.1976,1
633022434,601.1360253891606,631.0948027828701,619.5042,604.9341,1
633022450,601.9431273462092,631.7193990009146,607.9567,592.2744,1
633022467,603.823970740056,629.8991428005946,620.2268,567.124,1
633022484,599.1804457832436,632.4899363256792,552.3411,614.0844,1
633022500,600.1354900878522,632.7739325282375,610.4077,590.7453,1
633022517,604.0900676864185,632.8436975340344,648.1813,589.2296,1
633022534,606.9764314650482,631.4520205900822,639.6378,569.1661,1
633022550,608.8495989927807,629.4907073359544,629.6843,559.1483,1
633022567,616.1955043222723,628.6331390499736,707.5696,575.035,1
633022583,618.9587983414766,628.2167318685524,649.5145,579.6674,1
633022600,620.9281329846914,629.3653370211028,640.7191,603.866,1
633022617,621.7619216264258,628.55140908992,625.9615,572.5329,1
633022633,621.966489496109,627.3618641600624,617.6134,565.3999,1
633022650,624.1810121895197,622.58567441173,650.6766,504.0771,1
633022666,650.4041172873511,228.70484787816594,653.2144,155.6962,0
633022683,697.2656971978713,23.68797455260209,701.0936,-63.4044,0
633022700,345.80247276114824,60.25041564869178,0.0,0.0,0
633022717,227.85407114498804,72.52051628890757,0.0,0.0,0
633022733,356.68163087345084,70.90834252585697,745.6472,-17.2759,0
633022750,283.36879860494315,76.21261046680704,0.0,0.0,0
633022800,577.824138942154,76.58608649411403,1161.7046,-18.3093,0
633022817,383.78958444819466,83.2917323400297,0.0,0.0,0
633022833,458.6169614473065,75.07332298023982,684.1945,-34.7547,0
633022849,364.9659800607235,79.41938263680937,0.0,0.0,0
633022883,737.0533579173728,78.43744251572569,740.5103,-3.7763,0
633022899,365.6709164074894,87.5902127394126,0.0,0.0,0
633022916,507.55967722579305,80.4059393570826,794.8361,-15.8789,0
633022933,378.4089262474294,84.50493931076383,0.0,0.0,0
633022949,451.7508752984742,85.30788276399338,746.5415,7.0475,0
633022983,751.1144373534497,41.21565049975939,754.7456,-43.4364,0
633022999,372.69241739254926,69.00310922831659,0.0,0.0,0
633023016,493.07917486980193,77.28658108389139,737.62,12.45,0
633023033,533.6072539402791,158.6823056731958,655.7031,339.3732,0
633023049,550.4444944786969,240.63358067154715,616.4554,510.158,0
633023066,656.7085891091286,581.2821232763408,657.604,534.3507,0
633023083,641.0538110305329,640.0568148980229,641.6617,597.1155,0
633023099,648.3881185635564,628.7723050741878,656.4055,573.2297,0
633023116,641.9011335243155,620.5493607652979,629.7965,558.4319,0
633023133,648.2823521670255,626.0179309631939,667.8069,600.2022,0
633023149,648.5934341225195,630.5002745017675,650.2322,605.9395,0
633023166,647.7850777534396,631.4594702407576,644.3362,592.7242,1
633023182,656.6249284390746,635.5325815710229,707.9779,618.6378,1
633023199,656.7169637291339,634.0986249693847,657.0345,580.0723,1
633023216,656.2964623927966,631.6151439230466,652.9366,567.7788,1
633023232,657.6350983879532,628.7056214731385,668.6962,559.4822,1
633023250,662.9567636462782,623.7717409043684,711.114,533.5453,1
633023267,658.4527947698042,621.8770898007263,612.7743,558.845,1
633023283,657.4869508493266,622.5233746194115,647.1006,588.0584,1
633023300,657.0122132203101,622.6647187945838,651.8958,582.3599,1
633023316,655.3326291642741,622.5909371028985,636.0229,579.1299,1
633023333,652.6834580400283,623.0455914825574,621.1901,586.1525,1
633023350,651.8264331491879,622.2304800621399,643.2469,568.104,1
633023366,651.8423632352781,619.6179674156396,654.9739,539.6724,1
633023383,645.2309918081683,621.3168374440871,556.7976,603.2577,1
633023400,644.8794580770091,620.8041708670469,646.1682,570.3909,1
633023416,648.0064106998525,620.5302117254154,699.4412,574.8974,1
633023433,645.74383299685,622.1447607161269,615.6826,604.8442,1
633023466,645.9344968945995,621.0890643572653,653.7554,560.2097,1
633023499,647.0283192753426,617.4478134238293,668.4724,514.1947,1
633023533,851.4138094509029,526.716748386211,852.2344,479.9309,0
633023549,814.3372424518868,466.3256581261677,815.5541,414.304,0
633023566,779.6477182441009,365.8236112400741,747.4783,197.3045,0
633023582,845.9874812861457,342.6872252501701,979.8193,236.2495,0
633023599,850.1293017997892,387.85257238568704,862.4031,475.7272,0
633023616,819.207662870163,375.3669927743025,699.1146,260.9758,0
633023632,811.8807668440222,364.0650475364341,779.0013,244.8183,1
633023649,809.2070634703847,358.38948527698346,796.9151,263.8,1
633023666,817.2404315291109,380.406708253247,872.8751,482.2172,1
633023682,821.2228308675074,389.994263174582,852.5745,408.8051,1
633023699,813.9300089287497,380.91746435892276,755.0697,236.9467,1
633023716,819.1290892671017,394.39099261742604,868.334,468.5853,1
633023732,824.1880713848146,400.46571593401404,874.8438,404.3781,1
633023749,844.0479259398264,463.57014750738523,845.2233,411.9806,0
633023766,875.6147871616823,515.4465753933532,876.4503,468.3486,0
633023782,885.8011689764899,488.8881700199742,897.0449,411.8309,0
633023799,891.9385762516487,480.82202920644625,905.1379,414.7199,0
633023816,900.8848992102539,442.2931078036083,929.0116,268.5612,0
633023832,902.5419204571593,387.35269633116707,911.2579,101.5525,0
633023849,949.6664180951824,359.08068132150305,951.2054,302.0597,0
633023865,976.3817742708793,197.19576034132885,978.7438,128.8342,0
633023882,959.3817196869823,218.77958840817254,944.6187,174.3935,0
633023899,946.9488110706858,237.50690635423015,924.3737,210.7942,0
633023915,938.7072890262352,253.12820242061034,916.4757,236.8606,0
633023932,923.1424004515262,253.94993158518767,864.8275,189.8843,0
633023948,922.7243897021933,261.6914458142071,923.8743,236.4003,1
633023965,924.6969773728832,270.76031150984204,939.1063,261.7067,1
633023982,923.3320964218485,273.44838863215597,917.2301,226.1919,1
633023998,925.8418124018688,273.403093623902,947.8317,206.9473,1
633024015,928.1172955230282,276.1576887997402,949.572,235.063,1
633024032,925.0105821024421,283.25020823409983,898.594,285.8029,1
633024048,925.1482266691656,286.6748808453804,929.1413,255.3892,1
633024065,794.7512863460921,82.04798633808055,798.0793,1.3328,0
633024082,841.2383226163234,277.198912335599,843.4249,211.8362,0
633024098,905.8791493412474,268.73437961332957,972.3881,196.4436,0
633024115,922.7736944449888,278.85071906115763,957.8719,237.6918,0
633024132,957.0625733757936,242.1905722579531,1060.6907,62.0885,0
633024148,945.6745110866206,260.3739842552546,901.1708,272.6898,0
633024165,1117.5585336332845,421.51300213803665,1118.4421,372.6733,0
633024181,1225.287331505239,490.8194047409457,1225.5925,449.3812,0
633024198,1197.10409369246,522.8215219073699,1169.0596,516.8043,0
633024215,1200.929096970878,536.2263653514311,1208.6219,526.2,0
633024231,1182.9700927704869,507.7966621208427,1130.663,374.6953,0
633024248,1182.5476467649014,519.4241430769121,1181.4906,528.6798,0
633024265,1189.7894921122681,503.8435157831909,1226.2701,381.9399,1
633024281,1191.1863152552014,506.93285582343844,1199.4897,486.4095,1
633024298,1194.8927968680375,510.4071203055716,1219.5687,495.8817,1
633024314,1196.704518045989,519.1496361165752,1209.5588,550.1644,1
633024331,1195.6665022425784,523.5321525218483,1186.1836,521.4824,1
633024348,1197.743799521257,522.0789880050701,1216.2527,466.3184,1
633024364,1194.7501954944373,527.1694976739639,1164.1992,539.0522,1
633024381,1191.0408066009045,530.7171268815099,1151.8608,527.5168,1
633024398,1191.7910922146993,530.6360596223998,1201.3541,486.3951,1
633024414,1192.756242049995,533.7894135697253,1204.7627,531.0038,1
633024431,1196.4932859129158,534.1887752471143,1242.938,496.5834,1
633024448,1197.1485302723968,533.5220326212402,1204.3706,480.7366,1
633024464,1195.7309788528805,535.4003193019449,1175.2362,519.0064,1
633024481,1195.5508335502795,537.6786312776406,1192.2715,527.9635,1
633024498,1191.8700387268498,537.3427004474535,1139.363,486.7521,1
633024514,1190.1830128619933,539.0980881418457,1167.3821,522.5394,1
633024531,1187.8630248918093,542.9172493022733,1155.9189,559.2925,1
633024548,1186.1923469758742,543.174984415268,1165.0681,500.9058,1
633024564,1183.5580136157885,545.0210427348222,1147.8967,529.4969,1
633024581,1182.4136248157413,545.3326669236391,1171.0515,504.3874,1
633024597,1187.512835692762,551.8432595227355,1274.374,619.7656,1
633024614,1273.2328362573955,728.8822242545483,1272.1622,705.9851,0
633024631,1304.8231876682287,686.4025393287684,1303.9219,661.0548,0
633024647,1294.4645572760608,676.9749611573759,1283.3718,640.396,0
633024665,1282.6590411555367,685.9939111827432,1258.3405,678.9357,0
633024682,1281.386998712418,692.4362661034415,1276.8604,687.3649,0
633024698,1279.4030755736549,703.1530235320425,1270.7251,723.1862,0
633024715,1279.819817089418,707.0348920659131,1281.1307,702.1281,1
633024731,1284.122478159273,708.9988454898185,1308.1921,696.4485,1
633024748,1284.5641638727695,707.840442402471,1286.4299,674.1127,1
633024765,1281.2791089943955,710.4299990465582,1255.3823,705.6036,1
633024781,1281.7408584483615,708.2572988548883,1285.0474,663.2284,1
633024798,1281.446700847669,708.8873271772469,1278.0042,689.8774,1
633024815,1281.6474672138374,708.6993672136044,1282.9409,681.5596,1
633024831,1282.68029927702,709.5651906045099,1292.7062,694.6105,1
633024848,1282.3127804744947,707.2080791909182,1277.25,653.482,1
633024865,1022.931608614184,692.3898737465466,1022.5327,661.4592,0
