timstamp,smoothx,smoothy,rawx,rawy,fixation
619007726,1096.1429743478952,535.097946366345,1097.9159,431.154,1
619007743,1097.2241847678108,532.3297189751414,1112.1328,435.1645,1
619007759,1090.34863886091,529.861106379485,995.5205,437.4222,1
619007776,1082.7995070921888,525.0413076068279,975.9764,396.1419,1
619007793,1076.6835391426205,526.6879626001119,995.7318,499.6779,1
619007809,1069.4316520587058,523.2974581930646,967.3695,413.7903,1
619007826,1062.53393160226,523.3981852398376,969.2139,472.2603,1
619007842,1056.4620359837002,522.8451583847053,976.366,459.8267,1
619007859,1050.2021869902087,525.7116895573124,970.3616,521.8616,1
619007876,1045.0372500510823,525.8035272429323,981.5712,470.9916,1
619007892,1040.243535421524,527.0866292733805,984.1194,493.1571,1
619007909,1035.9044515642906,526.3116024834756,985.5963,453.809,1
619007926,1031.262335327563,521.7844142168573,971.9803,380.3879,1
619007943,1028.0999063271342,520.0914396183745,996.6843,433.5359,1
619007960,1027.4654698363508,518.8388378228319,1039.3579,440.6075,1
619007977,1024.6759826297803,516.2302386942118,994.2717,412.8887,1
619007993,1021.2974955388656,514.0704348120169,989.7434,424.035,1
619008010,1018.2357613957965,515.4568091488887,994.727,493.7791,1
619008026,1012.9741081875924,514.3390048200678,940.6448,441.0232,1
619008043,1010.4444425991867,513.6628810321647,990.9286,447.9324,1
619008060,1008.2820100477672,514.646394422738,993.3683,481.1112,1
619008076,1005.4252933825895,517.4587699944213,979.1064,512.4408,1
619008093,1003.0932839536655,517.9092677680785,985.1605,463.6473,1
619008110,999.0247773438986,519.6738626047324,946.8904,493.8073,1
619008126,995.554693595384,518.765405759973,948.5944,443.9316,1
619008143,992.1026974847224,518.3849617854611,950.2732,452.6375,1
619008159,989.2062197204021,520.6684466762049,959.6326,500.3761,1
619008176,988.0033061440093,522.2154279130671,986.8313,492.2039,1
619008193,986.1408029512918,524.7513881827277,967.046,510.2855,1
619008209,985.379191374994,526.9828595004161,989.5259,498.1406,1
619008226,983.4873777166069,528.8163682160423,963.8542,490.8016,1
619008243,981.7501527244624,530.1204615709586,964.9858,482.3586,1
619008259,981.7880849623542,528.0999884363615,980.5439,417.9113,1
619008276,1101.521952118955,344.48547528774844,1093.6451,258.4085,0
619008293,1151.8782992308154,197.1733183410809,1139.748,89.9687,0
619008309,1142.4587558642584,182.79901700267095,1118.1478,57.4043,0
619008326,1153.434263003417,187.37068152613801,1164.7292,89.0166,0
619008342,1156.7310145890308,186.01928081668785,1154.4553,72.5505,0
619008359,1158.5537505005784,184.38867429169738,1153.2917,68.0159,0
619008376,1159.5268140830183,177.82233654196529,1149.983,31.5205,1
619008392,1159.541493934985,174.0660052613383,1145.3325,39.4953,1
619008409,1159.034498104158,169.7930019836891,1140.5513,27.3636,1
619008426,1158.8223784925358,167.72533039888398,1142.9137,40.3254,1
619008442,1157.8616164177545,166.53628892337966,1135.3522,45.7686,1
619008459,1155.6366517941558,167.60795852875128,1121.2097,69.6859,1
619008476,1158.4333615749267,168.25941728586537,1175.6084,65.7195,1
619008492,1159.2167634113948,170.13923223364984,1155.8123,82.9563,1
619008509,1159.0138687946787,171.02107162765935,1143.6074,71.9268,1
619008526,1177.3243915464288,147.0591287902352,1164.3152,32.59,0
619008542,1172.0717443615256,165.9879328754761,1159.6923,54.2223,0
619008559,1147.4071229375115,156.54391879601874,1106.0748,33.1693,0
619008575,1141.9367921051808,182.01634880907943,1119.5017,130.6535,0
619008592,1102.072591914684,235.40905595034755,970.7493,315.226,0
619008609,1044.76175015584,304.6912867853084,806.2267,523.4756,0
619008625,820.72014872207,640.9456742963656,809.1427,599.051,0
619008659,816.9743485484089,608.508696605295,803.4469,562.0994,0
619008675,815.4161780723352,620.4703120858802,801.3699,589.3719,0
619008692,817.5907959469168,617.4855856130727,808.8864,565.4572,0
619008709,813.0854856440183,612.3389449901163,784.3993,549.2128,0
619008725,815.0505719792676,611.4306522483416,809.7218,561.4711,0
619008742,816.035024371846,611.1662601748192,807.6499,563.8359,1
619008758,813.7894623573646,609.6646466931684,785.7428,553.9026,1
619008775,812.4271854311964,606.9581139868991,788.0709,540.2957,1
619008792,811.8988922265069,607.5724540433345,794.3757,567.1446,1
619008808,813.8425680810388,609.7290993985412,818.8465,584.4511,1
619008825,814.3404965688089,610.377303602573,805.8789,571.028,1
619008842,814.4748416604891,611.0565793398601,802.5295,572.527,1
619008858,819.8246185938427,612.9987777789274,867.7417,589.6448,1
619008875,833.4770045271255,610.2761911346349,980.47,526.8459,1
619008891,844.885937705242,606.8072798602786,967.4164,512.261,1
619008908,857.6500779141273,602.9957807269207,1000.8164,502.1607,1
619008925,869.4706939246407,596.8403723331759,1000.321,460.3266,1
619008941,881.1768045687706,593.666707224902,1014.1637,501.7917,1
619008958,890.1601423733089,590.7646999359645,984.2504,502.8682,1
619008975,898.0656326616512,590.1428096302448,978.5797,539.0163,1
619008991,906.9459921578118,589.636365386266,1003.8085,539.5306,1
619009008,913.4118356614277,585.4895115905676,969.3818,472.7382,1
619009025,919.8272100239373,582.7081737054933,977.2797,494.0191,1
619009041,926.2389564654931,580.429940759895,985.2023,500.4943,1
619009058,933.1340967720822,577.7186292459122,1000.9136,489.5635,1
619009075,940.7722204170863,574.1582841849853,1021.1965,470.2897,1
619009091,1094.3003922304697,556.247148615912,1096.9899,499.9371,0
619009108,1118.966821807038,411.2825780498806,1115.7704,334.4123,0
619009124,1122.7129975504433,463.80292795299084,1129.2434,453.9633,0
619009141,1127.4918663131941,468.01428054874395,1138.3896,408.1735,0
619009158,1137.9553327181516,470.32701711859715,1172.5228,408.7228,0
619009174,1147.5063739856346,475.6565794232546,1190.3105,430.6169,0
619009191,1150.7546265599935,477.5202142346324,1169.5846,419.1176,1
619009208,1148.4697698743785,481.7585040767358,1136.9695,441.6898,1
619009224,1151.4975154919402,480.66336793445333,1174.3867,403.4318,1
619009241,1150.7024458935075,479.75938282348346,1145.2397,403.4557,1
619009258,1149.0297819045882,483.0897815072756,1137.1541,446.9081,1
619009274,1150.213110088619,480.2048664707273,1162.2131,381.1611,1
619009291,1150.104093903334,482.3448228619843,1151.8376,438.5075,1
619009308,1152.8004868104883,483.3709970679856,1185.7679,427.0973,1
619009324,1151.3375804646976,485.5834362741476,1136.4177,445.6588,1
619009342,1149.7872282308927,490.4998300236189,1135.3618,488.3499,1
619009359,1149.2596159233308,493.3538561482128,1146.9812,463.5475,1
619009375,1142.341064670896,498.6425656449261,1053.7299,506.6779,1
619009392,1136.6276331592496,504.44534763871695,1065.5759,521.3945,1
619009408,1131.228729923535,509.7365899105319,1064.688,519.4421,1
619009425,1124.7180911697883,515.7398621940141,1042.2582,537.8785,1
619009442,1118.9283710386892,521.5905219950852,1048.4141,541.4645,1
619009458,1114.2875490460835,526.8688967983145,1062.3975,537.0413,1
619009475,1109.0794807981315,531.718367521571,1048.0658,534.7986,1
619009492,1103.9828003007983,535.8728450010572,1044.9077,527.0094,1
619009508,1098.1441208051183,542.0031325901895,1028.9636,569.4253,1
619009525,1090.5996882048428,546.9594573975778,992.4342,552.9554,1
619009542,1085.1234328652315,553.8425259048269,1026.1489,595.3412,1
619009558,1082.1503828561006,559.3485356659846,1065.9543,574.0817,1
619009575,1078.0930156089778,564.3700452620134,1041.3027,570.4043,1
619009591,1074.0968744565018,568.2980838534002,1036.9531,554.2932,1
619009608,1072.8959870985484,575.019289087036,1091.4421,596.218,1
619009708,1322.5144621234338,578.7879346306485,1341.9724,523.5236,0
619009758,1310.9804681265066,402.85433145311856,1320.4619,323.0219,0
619009774,1311.853346346582,433.4990441133103,1325.5215,392.802,0
619009791,1313.8381635548562,439.939814204403,1330.3208,379.6638,0
619009807,1317.406838203237,433.5890979235065,1339.2024,336.1573,0
619009824,1318.211701508399,434.9992788928095,1333.3777,365.83,0
619009841,1315.686877468194,438.0803466993627,1314.8005,380.209,1
619009857,1314.0173944059402,437.69624117432704,1315.1072,359.8983,1
619009874,1313.5120120336087,439.72983989215527,1322.3855,380.1888,1
619009891,1309.6415865811505,439.86666838864164,1290.2131,366.0646,1
619009907,1309.543616034244,438.6788534564084,1320.3165,352.009,1
619009924,1308.1174182340496,438.5703496564023,1306.2648,362.4645,1
619009941,1309.7104376177251,439.03846393208005,1339.1884,369.1459,1
619009957,1312.410498290127,443.57012142172624,1357.6309,423.1765,1
619009974,1315.6364114382113,445.9768756056931,1367.2114,400.4924,1
619009990,1318.2679833748668,448.8880710581791,1363.8732,411.4135,1
619010007,1315.6140790964716,450.86815702155417,1291.3987,401.9081,1
619010024,1317.1713761028495,450.6405205063172,1349.3821,369.2013,1
619010040,1317.4962151299342,451.4632434819039,1333.0264,386.6273,1
619010057,1316.977520113711,451.3030081894912,1319.4565,371.3984,1
619010074,1316.5384691069603,453.16499125892614,1322.0675,406.6411,1
619010090,1317.756153743323,455.4363214898925,1349.7792,415.6774,1
619010107,1317.7717274321287,455.4394299056124,1328.6584,377.1019,1
619010124,1084.1278305784638,459.7157552706734,1081.0808,389.9613,0
619010140,814.0638784569175,438.92679950461877,791.4808,368.7603,0
619010157,803.3568160689146,465.7777429044337,771.434,430.1144,0
619010174,802.9287557895905,472.89672387827153,781.2399,423.5818,0
619010190,799.2850542068506,468.1412140220489,764.9928,385.9584,0
619010207,804.4884188289589,472.83705194449755,805.9745,428.2329,0
619010224,780.6381906783245,483.064173456787,758.0767,419.3979,0
619010240,792.0945809395832,462.15801002071754,769.2239,395.4534,0
619010257,790.1545656163256,440.7985324552029,762.8558,346.8411,0
619010273,787.9774583402397,424.67176003265115,756.5878,316.3674,0
619010290,780.6684187387215,413.65414290065655,729.6931,303.6079,0
619010307,788.3741874557095,409.82063636589834,794.3509,319.137,0
619010323,787.876187850561,413.3192345552343,760.3776,360.1846,1
619010340,792.730329301963,419.58478044321373,799.452,388.5357,1
619010357,798.5810240149923,425.6409327904563,817.3466,399.2557,1
619010373,799.1331382876921,427.4745788461468,778.6201,370.4721,1
619010390,798.38634324882,421.48947751230224,763.067,290.951,1
619010406,796.8266022780122,423.55353046197865,756.87,372.998,1
619010423,795.3456631890616,420.5860027389982,752.6825,314.397,1
619010440,803.1755969138338,418.8673368491561,865.6571,325.0723,1
619010456,812.3004226038854,408.6826508211509,888.1511,204.7087,1
619010473,946.263477912825,284.0430994362825,924.6229,190.9283,0
619010490,928.3805932942934,253.81005682939522,903.9393,156.6208,0
619010506,953.0265127617425,272.1743161211579,958.4474,197.9908,0
619010523,961.4079071387617,267.62119968258196,957.1278,161.4861,0
619010540,967.4123398587355,269.6039760248781,965.5189,180.782,0
619010556,966.1751495955094,273.5772476423635,940.5201,196.5471,0
619010573,966.7385728596316,269.8432685835868,947.3475,153.5088,1
619010590,966.0616018634197,269.2060621020782,940.2294,169.6788,1
619010606,966.2161683057288,270.291202070085,946.3933,183.3771,1
619010623,966.8755149809732,270.138176690333,950.833,173.451,1
619010639,969.6925799388375,269.8754415849237,973.4349,171.8071,1
619010656,977.1716158484721,265.6421971159807,1026.3627,125.1573,1
619010673,987.0118041356228,258.3384813327951,1063.6123,79.6891,1
619010689,997.6819987203414,251.4538787536827,1088.5458,73.159,1
619010706,1007.3054005248031,247.91633975673312,1092.0369,108.9883,1
619010723,1010.2511577013222,235.11829832913926,1007.7889,-30.6172,1
619010739,1017.9035239997554,228.23371593411534,1082.6411,41.3599,1
619010756,1026.624936403158,224.34409512777847,1109.9429,79.2122,1
619010773,1034.4651900300173,222.07160045303,1107.8533,100.1824,1
619010790,1037.0669916321456,215.1929627023036,1030.6108,19.5437,1
619010807,1044.5331645966535,210.88392862387104,1115.3481,55.3083,1
619010823,1047.5196226490423,209.70470337938778,1051.3754,105.8315,1
619010840,1051.1040852150925,204.95341118219673,1062.9994,38.1717,1
619010857,1056.287829561507,205.5012342156819,1099.7302,130.0502,1
619010873,1062.6955652856657,207.6246275981053,1128.2297,157.3392,1
619010890,1066.9587790397302,206.89954432708825,1093.9358,102.5487,1
619010907,1068.4539387431282,201.77757173619347,1045.4135,16.0996,1
619010923,1073.4418732634108,200.82018766886122,1116.4437,92.0671,1
619010957,1078.0864327077536,198.82567902045028,1114.3203,69.1884,1
619010973,1082.4264389548705,199.05337811495744,1115.6343,110.2318,1
619010990,1084.2507377363636,197.38314393313635,1071.8986,70.8275,1
619011007,1084.5659840204119,194.02697547500335,1029.7296,41.9443,1
619011023,1087.777042895696,193.20493637034014,1097.3386,92.9801,1
619011056,1089.8841688120892,192.31112883802587,1081.2382,84.5603,1
619011073,1087.282959924687,191.80026392986028,999.1741,92.2247,1
619011090,718.8479888990053,213.36576015564367,677.9795,112.4466,0
619011106,656.438074230163,186.15679413758482,609.8848,82.0001,0
619011123,655.0507918967749,190.47368154594017,607.3749,91.8581,0
619011139,676.3154525184311,208.09236331469214,679.247,146.3355,0
619011156,658.146186988469,204.34447269652495,554.1843,90.228,0
619011173,651.5802551276406,195.55030199242526,576.0972,53.4456,0
619011189,652.0689068761939,196.95501797545714,609.2834,102.4232,1
619011206,643.5168060823237,189.366359031121,541.7442,36.4476,1
619011223,641.9131106466301,195.97703232074932,587.2565,144.6522,1
619011239,645.2400258242135,198.69392529407057,627.9283,119.4354,1
619011256,647.9849083932586,203.99560168778675,629.4058,152.0033,1
619011273,650.6968930561798,209.61790461601097,634.2062,165.1827,1
619011289,649.9227719841666,211.44085570504058,596.4523,128.2301,1
619011306,652.0655691130595,213.0609055691368,631.1976,128.3555,1
619011322,653.6070823390039,214.8468185682474,626.6338,133.3612,1
619011339,655.6929654611454,216.71582427518285,636.3232,137.2808,1
619011356,656.2512415415562,217.82029560134194,616.8004,128.6109,1
619011372,656.7312274431863,218.69383041893371,616.3278,126.7103,1
619011389,658.503286896649,218.52871602671982,636.0869,110.9798,1
619011406,654.1927804219135,212.7097730358558,537.6311,16.8435,1
619011439,657.9218899686832,206.60039581422677,663.9497,5.6729,1
619011489,387.86302671958003,94.50586791766929,635.5385,-39.9793,0
619011522,489.8567884835196,91.95743122211358,641.6674,-31.4193,0
619011539,527.035447843999,70.30894065095612,576.7653,-122.9405,0
619011572,555.866533705117,82.23997139400853,616.0422,17.6857,0
619011622,370.1214206005091,138.66639496387384,602.2861,60.9292,0
619011655,465.586985659932,139.79212875087032,604.8438,31.5396,0
619011672,371.3899513088666,132.2254147315102,0.0,0.0,0
619011688,314.097613343004,127.62342061934268,0.0,0.0,0
619011705,656.2729121950913,145.98704670819453,607.6104,36.198,0
619011722,689.512142226748,1.6949369659254931,635.5845,-128.6395,0
619011756,882.3719711547421,84.05473806055095,1055.7228,55.3719,0
619011772,937.3866737741646,81.80665376344328,1020.079,-46.1642,0
619011805,973.4326110367947,101.41457214545261,1059.3774,47.3142,0
619011821,986.8958130611379,99.29145492787599,1011.33,-31.1613,0
619011838,1039.2084387165614,116.80659141847458,1015.1834,-0.6251,0
619011855,1093.429137396754,158.3948197691984,1075.2804,46.2933,0
619011871,1064.3405863093908,91.52988677576454,1006.2325,-105.4596,0
619011888,1046.5396442261904,78.59930121132147,982.0599,-72.8475,0
619011905,1045.9543816888065,94.55356022844114,1022.3137,28.484,0
619011921,1034.0082907014335,95.07296557766458,958.9644,-22.561,0
619011938,1034.5373063596035,104.47501454761412,1015.7488,37.4625,1
619011971,1039.1640111678157,92.84327973317113,1039.8719,-105.5816,1
619011988,1039.3418961315544,90.3304570092199,1014.8058,-49.3405,1
619012005,1044.9043203213896,105.04042304441204,1071.4603,112.3511,1
619012054,1049.7635916259255,117.55787476767019,1074.4125,116.6342,1
619012071,1048.2850873093407,113.48745265831113,1006.5184,-51.2609,1
619012088,1047.6514917771476,116.39937605521543,1017.629,28.164,1
619012104,1048.217612303697,119.2140595800792,1031.6589,31.6484,1
619012121,1054.0637636779456,120.52850346632374,1100.4259,14.7489,1
619012138,1250.2916794002833,212.88331005208215,1245.7053,106.9697,0
619012171,1355.8972337395544,155.5675748361838,1355.5322,40.6363,0
619012205,1337.0234586648253,158.80723560079232,1315.5952,48.3646,0
619012222,1335.839062830071,161.60102174116412,1332.295,54.0347,0
619012238,1331.2132314125574,165.46605882692745,1315.7427,65.277,0
619012272,1318.2012465832286,162.07397636243198,1260.605,33.4995,0
619012305,1317.1313247825117,164.188141837217,1310.4875,62.5872,1
619012372,1322.1482255603757,162.7205797449365,1351.3467,38.9895,1
619012388,1321.6502536406358,167.88249482374877,1318.2607,94.2095,1
619012421,1329.3721022799014,157.47811488979252,1385.5637,-47.3084,1
619012438,1334.0100403128013,146.58736032062106,1367.2897,-71.8527,1
619012471,1337.2492871206418,141.9969094710818,1362.4458,-18.8465,1
619012488,1346.6758408949765,141.48262795162918,1441.2098,22.8362,1
619012521,1349.3129641316075,142.77913762850443,1373.0288,46.1518,1
619012554,1353.421475562106,140.6710843596905,1394.1072,0.3747,1
619012589,1356.406006712139,135.86843359416767,1382.6389,-42.0862,1
619012621,1361.6851438045637,134.0954399408729,1421.3385,-3.0226,1
619012654,1358.8412558385633,140.49396950276363,1313.5046,124.4491,1
619012688,522.0016042257621,229.86073104589826,468.5464,133.0799,0
619012704,343.04367087432064,223.34932615385395,277.0223,127.3143,0
619012721,357.3105894986361,214.57210992767253,306.551,107.0593,0
619012738,354.8386459152978,227.28621597416657,285.8254,160.6012,0
619012754,352.4349888097264,230.30898375673047,280.2301,145.2787,0
619012771,338.4770510392542,222.7558299631151,212.0723,93.1178,0
619012787,334.33917825849625,211.69962356922846,243.5938,53.1487,1
619012804,336.6476215857695,212.3457970838828,285.1783,120.0281,1
619012821,337.49366666986924,217.80568123416393,279.5559,163.4057,1
619012837,342.7387587136857,217.16181034235427,318.8251,114.4973,1
619012854,340.75711923430697,217.39581922479954,256.4343,123.1447,1
619012871,344.452093436975,217.2884346317769,314.1578,119.1114,1
619012887,346.49316013951216,218.9100252966919,301.8685,140.3725,1
619012904,293.73468957807034,17.586616454397,213.5982,-106.8499,0
619012921,181.22527426221112,113.87093130913189,98.431,3.9815,0
619012971,184.50136854689487,99.30359875112198,103.9022,-29.2576,0
619013004,210.01016765257643,119.4900864213259,185.7142,55.4793,0
619013037,179.66341274875526,117.06208637761608,0.0,0.0,0
619013054,191.1592803244129,110.14911678466657,156.1732,-31.8903,0
619013070,204.9038070790947,111.33185506638421,195.2428,7.0231,1
619013087,218.03418998156454,113.70556398160934,218.3432,18.5042,1
619013170,515.8873765398392,89.67409223192683,454.6929,-26.7115,0
619013203,535.8323694925564,117.05444670903529,477.4305,4.3241,0
619013220,521.5369051148252,133.51148815979502,448.6422,42.0714,0
619013237,537.497545915874,142.756782245455,515.4696,54.1762,0
619013253,542.3010717493454,131.97515715219367,498.4717,-15.5517,0
619013270,543.699354639821,126.33803690041643,490.7012,-10.3161,0
619013287,541.3136801240686,122.85440619349428,469.9347,-7.882,1
619013303,534.598638230665,120.32702409609864,433.9277,-7.499,1
619013320,539.7496250031386,124.93394695358492,520.8442,48.9029,1
619013336,542.9050335655605,121.91290612597051,509.1734,-16.0266,1
619013353,552.331587229288,119.8898351985692,577.4057,-11.7114,1
619013370,555.431727874473,116.87729041897559,524.3682,-26.3225,1
619013386,556.2367553218539,113.261828862596,502.3121,-38.7873,1
619013403,561.9831999842258,111.71030575039472,565.5073,-18.1525,1
619013420,567.5090853267203,120.27089489145324,577.3275,119.6089,1
619013436,947.0240855002671,500.2297592070176,936.7263,437.4285,0
619013453,1049.4962499956034,594.1102206384193,1051.1023,543.5259,0
619013470,1060.3005553190853,595.7944643073967,1074.3335,547.1618,0
619013486,1074.725176292912,599.702657235407,1109.3181,558.2501,0
619013503,1065.8461313607897,587.4723652260315,1037.9146,494.6318,0
619013520,1064.844780585923,583.6690099662654,1061.9915,514.8359,0
619013536,1060.555705124477,581.5551242951337,1039.5233,518.1273,1
619013553,1063.6753849135798,587.6302916844318,1087.4128,576.5466,1
619013569,1064.0457297756009,586.6529052975083,1068.5964,527.4291,1
619013586,1067.2837191308413,588.9294355847544,1096.6899,556.8373,1
619013604,1066.8582668731246,591.5874059810735,1066.2971,565.4212,1
619013620,1070.366296279221,593.6975725255453,1107.9543,563.5266,1
619013637,1070.2647920888767,594.9773414856373,1071.517,557.2141,1
619013654,1069.972262003996,598.3781584918122,1070.4532,587.2327,1
619013670,1070.5457489920873,601.0210977666951,1081.1331,581.8716,1
619013687,1070.4198692174557,601.560656629624,1071.202,555.2256,1
619013704,1068.0845073025953,603.0543176835284,1040.3585,570.9807,1
619013720,1067.0841488455346,602.6656545390672,1056.2803,543.1989,1
619013737,1067.6553551465593,603.3792647525082,1080.1483,560.9371,1
619013753,1069.0421826359652,600.9480973051981,1091.1985,508.9231,1
619013770,1068.1649897829568,597.2665142727861,1054.6525,485.6669,1
