timstamp,smoothx,smoothy,rawx,rawy,fixation
632892108,877.1466475662373,470.1180026980187,794.1232,444.1587,1
632892125,876.5906031355466,469.1564360295324,890.5691,399.7641,1
632892141,877.0425218476553,467.16677774373767,904.2659,382.2067,1
632892158,873.7528187810259,470.34194471187493,840.49,471.187,1
632892174,871.7875800030606,474.0826018620977,858.5946,483.7571,1
632892191,868.2892349402779,475.5816549681957,829.8545,444.903,1
632892208,866.6050324846187,481.86128983817247,856.5706,534.1896,1
632892224,866.2140939625365,482.8438472200315,876.2726,440.0471,1
632892241,863.5607441458,485.56436916311446,834.5765,472.9424,1
632892258,861.4120188995182,487.6118317201997,840.5136,462.4544,1
632892274,861.5749887025856,490.3837896904318,886.3319,472.5805,1
632892291,833.4260907837245,463.3501062340108,834.6228,411.5174,0
632892308,832.8705815227555,474.0862171828949,834.0104,423.0316,0
632892324,841.9900594912574,467.04177876204915,852.2676,408.3145,0
632892341,877.8221387320411,468.3596478731487,949.9211,422.215,0
632892357,882.8444787613,448.3701502420885,898.6238,333.1917,0
632892374,883.9958746839607,451.6333425981462,888.8757,414.5067,0
632892391,882.215082318251,452.6311745811994,873.9489,406.5283,1
632892407,867.7381207511506,464.84102308100535,784.4345,488.1258,1
632892424,862.2609910211601,470.50314210074185,827.6544,458.5617,1
632892441,869.3842236221385,454.924782478593,926.1563,277.132,1
632892474,873.1865626500543,464.9905949240584,905.7837,505.8102,1
632892491,878.0795547178659,463.54742875549505,923.2693,398.4091,1
632892507,885.2070565908655,458.6897537562274,954.9474,357.1191,1
632892524,874.6270417518803,453.7340660395105,761.4709,344.4389,1
632892540,879.5989379975697,455.4508088638617,936.1519,428.2806,1
632892557,883.6012058165194,452.5930602308976,930.2908,367.567,1
632892574,888.5971901423394,449.35207611912597,948.3232,358.8025,1
632892590,892.1047225821646,446.3466640516033,933.3137,358.0633,1
632892607,894.9677659862845,444.40355928190826,927.8701,370.8106,1
632892624,897.6497163372495,446.1384020537613,928.0231,426.8599,1
632892640,898.6753689304826,442.2487826415328,906.2448,335.7962,1
632892657,889.7104340178442,434.38719859191025,753.1852,262.6359,1
632892691,877.9241647626741,430.1232856673141,702.8888,316.3855,1
632892708,708.0961289578057,331.19983598701447,710.2438,266.9655,0
632892725,718.0838331073131,352.66660105971323,720.0967,290.2252,0
632892741,745.9412938702003,353.00392088196816,775.6314,292.1375,0
632892758,755.668423420038,345.6998982316955,776.8795,268.3739,0
632892774,777.4534663423328,339.4597422559744,843.7007,258.9451,0
632892791,799.7537808468916,327.17829218353256,888.4336,215.0248,0
632892808,803.7055714990643,328.54843537769165,822.8278,274.6381,1
632892824,814.4711096401949,314.9334801064052,876.7582,169.4619,1
632892841,940.6714120133246,157.61440410829874,943.3148,85.5774,0
632892858,701.7042387653852,205.32494775719434,704.5434,131.6922,0
632892874,740.34668267673,193.6607785361805,781.709,108.3286,0
632892891,733.1315747329029,183.9478270115079,721.6239,88.4435,0
632892907,759.045757914712,166.7774788971162,838.8538,38.7444,0
632892924,767.7447099150448,163.65579167264568,803.9677,76.6924,0
632892941,756.1565292023256,175.21740909829595,701.2448,160.5708,1
632892957,759.2276900647145,174.29756602827084,779.483,94.2529,1
632892974,761.5790939256436,183.8662599673282,779.0475,178.7072,1
632892991,765.805958234122,187.4508846117139,799.2298,142.1205,1
632893007,765.5700338887519,189.14124942098127,764.7869,128.8078,1
632893024,769.5661963694691,191.15759698735158,807.1165,136.1767,1
632893041,766.9232276624444,195.2976486179748,741.272,162.802,1
632893057,765.597987125516,194.95917148372527,753.0945,114.077,1
632893074,769.076870061188,198.2357453187272,809.588,162.2728,1
632893090,768.7459068816024,188.27949473196205,766.313,-15.5901,1
632893107,764.6682844221734,179.36961169019528,716.1954,-13.7376,1
632893124,763.9049410265617,180.445089588771,757.1542,125.5719,1
632893140,765.4303073937225,184.25692216469108,788.9982,169.3598,1
632893157,760.8581105981835,190.16295725249321,700.2892,204.2446,1
632893174,761.9133492283222,190.42921750042416,782.2225,119.3194,1
632893190,755.9511042823171,192.60893626700772,673.916,149.2971,1
632893207,652.9477305152931,465.9574350155339,654.4727,410.4601,0
632893224,713.8361857791286,479.7168528887566,715.1714,426.533,0
632893240,645.9233131825928,483.18996954585947,579.7386,431.0822,0
632893257,666.4126124047194,523.4769509444608,708.1536,559.3115,0
632893290,679.3436574003704,547.6225172504317,718.2863,575.6957,0
632893307,682.2647680630731,554.5094599515643,694.2,533.9774,0
632893324,686.1628842944725,564.4818032491459,705.2628,567.6435,1
632893340,696.6696328332263,562.8178288995678,757.4484,503.872,1
632893357,694.54965924435,556.5826135736801,679.8634,461.5439,1
632893374,694.1178988220564,553.1101426358251,690.5621,475.6208,1
632893390,695.6355285763808,547.5981819137796,708.1936,449.5424,1
632893423,693.0998496017725,546.121610117914,669.6446,483.2236,1
632893440,699.9873560020233,549.3348111779164,767.5574,537.5075,1
632893457,701.9212120390608,552.6676586678111,720.3518,542.845,1
632893473,701.3384530953823,555.0664117111093,692.5602,534.8248,1
632893490,701.1844910325276,548.1794423344661,698.1526,410.8296,1
632893507,704.0979505106213,540.6075262028153,739.1422,393.4532,1
632893523,707.8561151892815,538.4093616245136,753.824,464.9731,1
632893557,710.5555459064797,541.6166861894243,742.2971,545.3473,1
632893573,711.2976639996812,543.8975997483219,716.3754,532.855,1
632893590,713.1409658139588,542.0643051033873,734.5343,467.9563,1
632893606,716.2168697787124,543.7632697449789,755.3234,525.6182,1
632893623,718.6061801681152,544.5189146958566,747.2921,510.3417,1
632893640,713.2361051861818,542.4087295315779,624.7136,458.3041,1
632893657,712.2065904642465,544.1203852610621,693.3748,525.6829,1
632893690,709.8731858286842,544.3281577967944,671.928,498.9967,1
632893706,712.1203870739353,548.3559741423055,748.053,569.6563,1
632893723,712.6508826519396,551.6890890658017,720.1494,557.9585,1
632893739,712.503713878641,552.3950867233148,709.3569,510.6981,1
632893756,905.8918098700251,451.28183259758384,907.0162,400.1096,0
632893773,967.2568474666581,316.2365626799875,968.9937,256.439,0
632893789,961.6235480559886,262.0572313213924,958.3469,140.0152,0
632893806,950.5153368028565,216.11798571761727,931.3103,50.4068,0
632893823,954.1899624973871,190.31839101744194,968.1075,40.1334,0
632893839,955.8595931306585,173.67325723253788,965.3521,34.9897,0
632893873,1032.8291470059498,72.40830510835129,1035.7576,-3.9289,0
632893889,962.5399267050384,115.80242645391002,965.3675,41.1562,0
632893906,983.782905064754,109.2961354730714,1007.7889,28.1107,0
632893922,994.7563705967291,119.94082144343795,1019.045,69.4972,0
632893939,1021.8761487859323,160.28380188206796,1103.6823,220.1541,0
632893956,1053.035481623831,177.0573921383187,1175.9963,180.6856,0
632893972,1052.955525795051,188.43298832981142,1051.9679,178.1067,1
632893989,1054.2627943822922,199.52938556577845,1061.1807,198.8129,1
632894006,1054.4313978269379,188.61319243224116,1055.708,39.0653,1
632894022,1056.226584644105,193.27892947823955,1069.3229,161.7277,1
632894039,1057.727002956568,204.40929975239555,1069.3115,234.8402,1
632894056,1068.6219864252205,201.20720399444573,1167.1884,100.5993,1
632894072,1076.469106860847,199.08311579044312,1150.6604,107.973,1
632894090,1084.458160402035,198.823693310299,1163.588,128.4203,1
632894106,1089.564937671912,198.3217072656981,1139.6545,124.677,1
632894123,1095.4719158637988,198.55772072746527,1156.7886,134.8093,1
632894140,1098.2328694412813,199.43162304410254,1122.4626,143.804,1
632894156,1102.8552664487327,197.41745321660613,1152.345,102.7619,1
632894173,1099.9821771256866,191.07343611958083,1051.0481,32.0867,1
632894190,1098.715510546909,179.40729299606437,1073.8137,-57.8557,1
632894206,1101.6723236591877,181.1683347668728,1136.8396,151.8112,1
632894223,1105.1759946811549,175.85539246227387,1149.2429,34.9551,1
632894240,1108.971442713373,176.10530273598468,1156.9941,125.3881,1
632894256,1111.7883162975988,177.13001370302428,1144.8062,137.8782,1
632894273,1114.0221272804201,179.8488317971447,1138.1165,167.3148,1
632894290,1116.160054288346,180.43650744810452,1139.3591,129.8654,1
632894306,1122.0670938686071,178.0158001631394,1205.5422,76.4504,1
632894323,1124.7607255442872,178.26081438120883,1154.6981,122.3931,1
632894340,1125.6210893025982,179.39693473372157,1126.0479,137.5156,1
632894356,1128.4505960837962,184.1845989925213,1162.0055,205.8084,1
632894373,1245.7758150642512,562.1201238118865,1245.6573,526.366,0
632894390,1200.9383224991036,715.1555245046493,1200.0789,689.7036,0
632894406,1213.0850219672886,730.3597513342485,1224.1316,722.8263,0
632894423,1209.3004591962244,728.546908484951,1200.8042,700.1467,0
632894439,1210.4718398425514,714.7171658652228,1213.281,645.4425,0
632894456,1212.06364724421,715.6784230451226,1217.3562,695.0793,0
632894473,1209.9211663541457,709.5794630390911,1198.7197,652.1776,1
632894489,1210.865121971476,705.0150410657333,1215.6655,651.6465,1
632894506,1217.3471821453222,706.6390387487198,1259.4602,694.7028,1
632894522,1214.8743877289025,701.9321116239015,1194.8256,638.4362,1
632894539,1213.7380728893497,703.4404122614276,1202.9506,692.422,1
632894556,1209.520399658847,707.0213515805777,1170.0194,716.6373,1
632894572,1209.0041361286228,710.0999602131221,1203.7563,717.1718,1
632894589,1212.0784358945634,710.3349759701588,1244.446,687.4785,1
632894606,1211.1185401277821,707.5974157959705,1199.665,647.9969,1
632894622,1212.632455786986,704.5484110171068,1230.0649,640.721,1
632894639,1213.5179979742013,702.9109709421256,1223.3527,656.9604,1
632894656,1216.6199335997396,702.2535605703213,1254.9211,670.2137,1
632894672,1215.645023015786,700.8340403259181,1199.7449,656.4277,1
632894689,1213.7768225248383,700.7493888026546,1185.7225,675.7155,1
632894706,1212.663180129004,701.9111064281248,1195.6194,695.9076,1
632894722,1210.838236232928,700.413588780253,1184.0127,651.978,1
632894739,1208.5701440803603,703.3243786617022,1175.3849,725.5449,1
632894755,1208.1870433397803,702.3842398643895,1204.6045,661.0428,1
632894772,1210.1295805465656,701.0043624705413,1242.3228,653.4138,1
632894789,1211.6938345536141,700.6128450835967,1236.6938,670.0466,1
632894805,1209.367335260502,699.9483511231481,1171.8658,663.3033,1
632894822,1207.6430289431457,697.4404282966461,1181.3003,629.2826,1
632894838,1211.1512707741572,696.2337508210485,1270.1088,653.9546,1
632894855,1214.9029374592312,694.9461277714263,1275.1311,651.71,1
632894872,1215.0147320860156,694.3314655616525,1212.7249,662.07,1
632894888,1221.2224456631652,691.374119166559,1317.8298,622.0356,1
632894905,1224.555716835024,685.639355447907,1271.2246,571.2541,1
632894922,1224.6894251193035,685.0565788532708,1213.5078,662.3258,1
632894938,1227.0230758631762,685.0425457782557,1254.2758,666.5961,1
632894955,1229.2232996335645,685.3483316190316,1253.5042,676.7045,1
632894972,1232.685407043549,688.0609589009633,1274.6421,716.376,1
632894988,1234.2636930435965,686.280816230451,1245.7679,630.9034,1
632895005,1234.0454538817598,687.8695789843882,1220.2466,697.0577,1
632895022,1235.381867957551,690.5337906446761,1241.7029,710.9514,1
632895038,1234.6564361590201,688.5409259957249,1209.0898,628.459,1
632895055,1237.5094619101365,691.7859915611064,1269.2959,729.5087,1
632895072,1239.6103270673136,683.3149000122019,1262.8772,509.1354,1
632895088,1405.0898525998891,522.9605379046346,1404.8805,487.7293,0
632895155,1095.2474844782023,65.61620565895123,1098.0942,-9.887,0
632895188,1073.5378304303363,143.12465510408276,1053.9769,155.3973,0
632895254,1065.7288009468718,128.79908906981558,1053.0664,25.9997,0
632895271,1063.3142683506142,151.31972278614506,1058.4806,152.7874,0
632895288,1048.6386930088252,129.3380176052756,994.5042,-37.212,0
632895321,867.1188857520089,68.26889098226809,870.384,-11.9138,0
632895404,217.8157309996031,313.44395555664676,762.6492,90.5737,0
632895421,340.5475439906361,267.25563327565527,703.2656,53.9152,0
632895437,420.51209040010923,267.3796218322531,728.8339,203.5523,0
632895471,799.8811441068079,196.57641054721114,802.5813,124.3978,0
632895488,732.2465410994266,221.77241852319162,667.4691,175.5419,0
632895505,485.41695124698487,179.9536981911623,0.0,0.0,0
632895522,582.2676915319015,158.8561354682473,876.5508,18.8689,0
632895538,610.0656167664598,177.55080053427702,722.7909,182.2477,0
632895555,801.3457889294091,223.825346889411,803.8961,153.683,0
632895571,788.2449097334886,186.61510386661405,791.0209,113.4549,0
632895605,796.2028023684591,163.82495038639445,807.132,64.9227,0
632895621,795.1996484625865,162.92612137238035,796.0692,86.3342,0
632895638,797.5408589508368,184.06127699846124,806.8774,178.4635,0
632895655,796.010032753308,205.2349374246428,792.1353,222.1472,0
632895671,800.5601560668313,215.49823991265782,824.9647,197.1263,1
632895688,811.4676778930365,218.61699060656258,876.4693,166.5752,1
632895705,811.9973780309675,219.5054960227538,816.6279,153.0115,1
632895721,811.505821314693,229.54332012593957,808.4878,238.166,1
632895738,825.568435946826,230.79223445368328,943.4895,171.0127,1
632895755,826.7377474165509,229.67933524554192,835.8526,145.4537,1
632895771,833.8949728307343,233.85738006944368,902.2241,206.8866,1
632895788,827.49318163545,238.4990421799733,756.5698,216.1271,1
632895804,828.9214527158126,241.6788534011177,843.6339,205.8755,1
632895821,827.4500398286609,235.949554436232,809.3137,87.6228,1
632895854,835.9939260201847,235.74205571858406,940.9509,162.9684,1
632895871,834.7376364272643,241.540176546016,814.3823,249.8376,1
632895888,832.9477211693328,247.15051675733804,806.0161,253.3647,1
632895904,832.6453621807326,252.28554410593458,826.8507,252.36,1
632895921,831.4763769382196,253.62552756503317,814.2069,195.6482,1
632895937,831.6393796797038,256.0515394229932,834.2985,216.298,1
632895954,834.9624318778012,257.7281665677002,884.8464,207.4857,1
632895971,831.605931195022,258.8335544772368,779.5981,197.6279,1
632895987,833.3282947696009,258.66616718108145,861.4895,178.8705,1
632896021,823.9506623798014,252.04326026063595,678.8133,60.8013,1
632896071,836.7293160002166,81.12258719878203,839.9827,1.2363,0
632896087,837.5551685348431,113.67420396778648,841.2782,71.0761,0
632896104,555.5894006078152,108.05390889684529,0.0,0.0,0
632896121,413.1779489510631,105.214490818795,0.0,0.0,0
632896137,498.3489240126202,111.31442040858552,843.9819,59.4542,0
632896154,672.039115251767,221.7679631289901,674.8458,148.7112,0
632896170,784.822896376183,106.19817467319736,788.0394,27.0478,0
632896187,789.8300664802996,154.27398044546024,797.5036,130.3564,0
632896204,810.4972023113914,146.86901803418868,854.4949,56.0769,0
632896220,839.1585564544861,140.19681816173375,926.6681,45.1452,0
632896237,815.6046963809729,143.0348010379331,725.0551,77.2915,0
632896254,1047.4252179054545,13.133531849387207,1050.6459,-67.2532,0
632896287,450.1774389317636,26.15597998015697,907.7636,-131.9009,0
632896353,577.9315246714182,28.149815418645254,833.0433,-51.151,0
632896370,432.01355664618717,45.36445447317974,0.0,0.0,0
632896387,508.20457199794646,61.92796216866004,810.5629,49.5755,0
632896403,842.1201455084373,261.6444604968389,844.389,195.1561,0
632896420,826.2751315934038,216.86918662200915,828.8157,146.7477,0
632896437,841.32587138706,189.5569089391115,859.1163,88.8209,0
632896453,835.6633648859532,204.3302859873726,826.7869,164.9127,0
632896470,851.9413064609442,205.12060623233094,902.661,138.1364,0
632896486,856.3062944531501,208.10522747575988,875.3977,150.7939,0
632896503,855.117273076752,214.17027084544827,851.0115,175.7185,1
632896520,857.2412485836687,209.7321415487121,871.5784,111.7418,1
632896536,863.219047628751,199.237778948796,905.1298,54.1986,1
632896553,862.1041884298043,200.1559431491615,854.7692,138.0152,1
632896570,866.5593754162926,205.962034266681,904.5702,189.5818,1
632896586,866.1210106596113,203.78806142400646,862.7192,111.9564,1
632896603,1102.0703832430927,426.0204944197255,1102.959,377.1815,0
632896620,1235.5971156189194,682.0180745682964,1234.8508,654.8685,0
632896636,1222.5435306309062,710.4914441687193,1208.5193,715.3702,0
632896653,1215.1048113054685,703.5601010354073,1199.6671,662.3003,0
632896670,1219.433022603531,717.1972024353062,1231.293,735.932,0
632896686,1221.650302012103,720.80533810715,1229.3762,711.1256,0
632896703,1222.6147577812183,722.4777724236,1221.6747,698.0278,0
632896720,1256.5658549037498,737.1704228614386,1255.4821,714.527,0
632896736,1235.1493051358568,735.7387921743593,1212.8,710.543,0
632896753,1232.303739301437,739.9135213538767,1225.6704,725.7495,0
632896770,1228.7684157879653,736.9086609667743,1217.4751,703.8074,0
632896786,1232.5788212941632,741.3698846866666,1246.6001,737.6823,0
632896803,1234.8802778285153,737.8663926833499,1245.1528,696.5624,1
632896819,1231.5682055397863,745.4277996630127,1211.0447,769.4081,1
632896836,1229.6112734507738,748.8888525008671,1215.606,750.2611,1
632896853,1241.7645982085844,746.8456010605314,1332.2683,708.8951,1
632896869,1249.610384738439,752.2752407548248,1311.8104,779.6729,1
632896887,1254.5024817535627,751.5003241474357,1294.7209,721.2734,1
632896904,1262.597267278993,749.9497452099781,1336.8252,712.0129,1
632896920,1266.6083518808314,751.2794004926707,1301.3235,744.6394,1
632896937,1268.519840831968,754.6447355038972,1281.3486,772.8038,1
632896953,1271.1346971850471,754.3661586437483,1293.3823,727.679,1
632896970,1275.622182754359,753.1569433466934,1321.9513,714.8075,1
632896987,1281.6576750466775,752.1645932612537,1348.8032,717.4122,1
632897003,1285.2212473922787,751.1108785345704,1320.1893,714.9672,1
632897020,1286.9472544479595,751.5061156785915,1297.1997,736.5684,1
632897037,1289.0829011790647,750.4121729362994,1306.1003,712.9371,1
632897053,1292.5261907674817,749.7189067458297,1329.1809,719.3137,1
632897070,1296.4165748411622,752.7584297121074,1339.6167,782.6273,1
632897087,1299.6793191874694,753.3616280297571,1333.5505,742.257,1
632897103,1300.6908329972907,753.916580706938,1300.1252,741.1852,1
632897120,1306.2153524052267,755.4619263795163,1377.2332,760.9891,1
632897137,1308.6191974650387,757.8123197337229,1328.9032,775.4413,1
632897153,1309.6930997134536,760.9742209465987,1309.1848,791.1367,1
632897170,1311.0830680720985,762.1659341651383,1317.2222,756.6019,1
632897186,1311.1856417924405,761.1615449615883,1297.6458,716.4181,1
632897203,1311.7426644228108,759.7285795446602,1307.6237,709.04,1
632897220,1313.7160669255902,760.9994980052976,1328.4357,758.0748,1
632897236,1307.7026583696945,752.7354580795187,1188.7174,577.2361,1
632897253,1171.4285045577074,291.09054262495147,1172.9138,233.8055,0
632897270,1134.528649195352,145.61319299562206,1136.8691,76.8355,0
632897286,1122.2090280672644,163.3904922431672,1112.1162,114.4318,0
632897303,1122.6789248187422,136.3402021516188,1126.3767,8.839,0
632897319,1137.238318354014,130.75896162853144,1182.8762,44.4494,0
632897336,1108.7038400093231,127.30269906326343,999.107,40.1779,0
632897353,1094.4215972569468,117.0469010545437,1028.9667,-9.0089,1
632897369,1080.5422003974877,106.528329768663,1005.5549,-31.7015,1
632897386,979.0448623897568,106.00634028035894,981.894,30.992,0
632897419,1003.7465086395748,53.64392173669155,1006.8314,-24.6954,0
632897453,1036.0301143137735,26.88350514429375,1071.4825,-80.7032,0
632897486,1072.3790700808158,16.89839852232154,1147.5743,-82.2961,0
632897519,995.9977064603813,25.406032537495225,772.3937,-32.6481,0
632897536,792.4579633422893,39.88260402760921,0.0,0.0,0
632897552,686.9492945831004,87.62272041717554,690.4517,5.0142,0
632897569,695.6894691854643,23.9402902142871,699.519,-63.1672,0
632897586,682.9993562075039,29.7132790389473,674.1569,-51.3291,0
632897602,699.0126222464986,34.510619753517396,734.5546,-40.8629,0
632897619,725.6032705744531,86.70684886848827,806.7053,172.5561,0
632897652,724.5059236350611,88.9551666402038,722.6251,14.826,0
632897669,728.9843695606805,108.08584256136353,752.6505,126.3461,1
632897685,727.5354544568476,123.3963606288195,720.7714,135.7219,1
632897702,730.0424790360782,132.09895644380032,748.605,111.4121,1
632897719,735.9686165314022,141.10310430612066,781.8938,131.1445,1
632897735,740.629714656697,146.6721380928733,780.0396,112.9579,1
632897752,740.4767355277195,153.5667070383041,738.8531,136.2525,1
632897769,740.8659347196445,155.65316944137925,744.8837,92.0381,1
632897785,744.8223158666168,148.81190685427126,787.1836,-13.7107,1
632897802,745.4595947713674,154.25368531280495,751.5599,136.9969,1
632897819,748.8437820114457,156.3785266769518,787.864,100.1559,1
632897835,752.8970761225527,155.8608090625884,801.1746,65.9742,1
632897852,751.064178823517,160.5446399434722,724.0967,141.9498,1
632897868,752.270860166968,156.78200856139844,766.9354,18.594,1
632897885,754.2222714294873,158.87752342338575,779.0471,109.0481,1
632897902,752.6533689089356,160.3733830332207,727.9052,100.8323,1
632897918,752.8859481361029,158.49055134686202,755.5161,47.1,1
632897935,757.198054551283,160.36694552034007,820.4565,111.9611,1
632897952,760.3452130893759,162.4771301675289,804.8293,117.6388,1
632897968,758.9824367046484,163.31248496704637,733.5023,95.6549,1
632897985,760.1162191108953,170.0626811892195,774.5905,203.4708,1
632898001,763.231812618898,174.1544370194185,809.3631,160.1752,1
632898018,766.515891274254,174.1635891691257,814.5974,88.5791,1
632898035,771.035119539321,167.4296991848699,838.4687,-33.8965,1
632898051,767.4796208586429,173.73773064182745,700.2206,204.6447,1
632898085,771.0880995241707,180.54392690608242,825.1633,219.2845,1
632898101,835.6314857686572,393.2041925035792,837.2026,336.2573,0
632898118,815.0666561553845,370.8735071827752,816.7973,311.8441,0
632898135,798.7375473246203,403.4396254355517,783.8915,380.9826,0
632898168,826.122665655405,370.84356470177846,882.5845,243.4913,0
632898184,809.4961265240229,363.48749855709644,761.8647,279.6771,0
632898201,810.9197093857587,351.0517940354898,818.7729,238.786,0
632898218,799.6230397616747,355.3425684648922,746.6173,317.2947,1
632898234,812.0909240153494,356.44224031866764,886.6506,305.5148,1
632898251,822.3749750377267,357.41389587761284,892.1034,306.6446,1
632898268,813.9155840501547,352.45847488624446,750.8646,251.2338,1
632898284,826.5972826126814,349.3909022995462,933.6227,265.2264,1
632898302,825.401163334091,341.45144360489627,814.0154,204.5979,1
632898319,486.69719421396246,406.18679154149856,488.8601,342.7391,0
632898335,789.4705932099405,330.6278098282024,791.467,268.0902,0
632898352,729.4800778646539,328.3071453150507,671.8913,260.5531,0
632898368,749.4649567764629,333.95298784750787,791.4022,283.7185,0
632898385,772.8076691532145,339.70338672473684,843.7623,297.1792,0
632898402,797.6974935625382,341.4289712042434,896.3811,288.9427,0
632898418,904.0962367104592,263.17018824052883,906.2393,198.1184,0
632898435,832.1961944937219,302.920444074068,834.2611,239.2571,0
632898452,880.0602556832772,296.00427079703246,929.7603,226.4689,0
632898468,918.4354882362899,276.3906306070153,996.567,172.4335,0
632898485,892.9944504958669,302.7228418898833,818.4266,322.8783,0
632898502,878.0935596841509,304.6633624301829,821.6169,248.5364,0
632898518,884.5990127716814,313.9114802137955,918.543,300.5576,1
632898535,686.1233882480294,571.4259959792053,687.0162,524.3979,0
632898552,724.879387094776,611.7595279958665,725.481,568.5273,0
632898568,701.5878819472057,660.6694481398772,678.5183,672.4167,0
632898585,696.7063569879645,676.8139502249358,687.2734,671.7402,0
632898602,683.6321480644843,683.6490934952051,645.3198,665.2328,0
632898618,679.0800676225924,687.7723732377385,662.0181,665.4288,0
632898635,681.6847338411296,689.0185251237988,695.3475,656.4174,1
632898651,679.4879763214491,685.2960630356359,667.803,622.1801,1
632898668,678.6602009713959,686.9996981380121,674.1407,659.8518,1
632898685,679.3212705636238,691.5049756416147,685.1792,688.8617,1
632898701,679.8938802773375,687.8222162006205,685.766,614.9602,1
632898718,682.6633413392345,689.2688922422878,708.4999,664.9115,1
632898734,683.9634241022643,690.6245622601405,696.6954,665.9839,1
632898751,684.9939777400883,687.9748091981734,695.6476,618.5482,1
632898768,687.4872904731714,692.3258815531173,714.3481,706.7628,1
632898784,684.1374675811808,694.7588442888889,643.052,684.7893,1
632898801,685.1253860032749,695.1376611636061,697.1589,659.6988,1
632898818,683.0617701559548,695.341181693409,656.0302,656.8594,1
632898834,682.298739780584,701.4401278970865,672.1973,748.4293,1
632898851,682.7645152606395,703.9955482533666,689.8765,698.7993,1
632898868,680.7010451621602,705.8565116162683,651.9626,689.4292,1
632898884,679.5050687276876,705.3547842507976,664.0189,652.3857,1
632898901,677.2819175715567,704.1996808101991,646.8826,641.2025,1
632898917,676.4943682527934,704.2635125093027,668.3726,662.7055,1
632898934,673.2438037660743,705.764526723855,627.1683,687.7881,1
632898951,664.5107672445776,705.3992144484764,534.3007,653.8463,1
632898967,655.9612623870539,710.6449235062615,532.4368,755.7693,1
632898984,648.491805876554,714.6121260625681,546.4293,735.5472,1
632899001,642.0658039470803,719.0009120451804,560.0125,746.0409,1
632899017,636.925030160755,724.1290350241771,578.0153,762.8146,1
632899034,629.5543570990642,731.4676587976277,535.0269,806.2493,1
632899051,621.7063705606689,735.914367891845,532.6697,742.0718,1
632899067,616.4897024266874,738.0686283319193,568.85,714.8701,1
632899084,613.0014191791415,741.1505029910419,595.0206,735.5331,1
632899101,609.2719560113338,745.7290095586908,581.4875,765.6454,1
632899117,603.1872464231344,745.3643589500814,538.2598,675.4456,1
632899134,621.7954188295189,449.2038246197705,623.4699,391.8081,0
632899151,783.7817138428708,43.03383250824894,787.3411,-40.7864,0
632899167,745.4612814219827,132.09078739655823,709.9829,148.5538,0
632899184,755.648840104576,119.1459736585667,779.3934,12.6597,0
632899201,764.0264858321492,120.36049541991109,792.0134,45.9388,0
632899217,758.4770288264795,143.05194766883164,739.1123,160.8922,0
632899250,761.9491232346368,160.43305967348945,764.9163,84.7845,0
632899267,724.6694480299415,187.95444113005308,727.5588,113.5343,0
632899284,700.7006451410274,185.14949522270308,679.8033,106.4962,0
632899300,710.8729382930034,200.84263711800563,733.8485,161.0077,0
632899317,715.939756050682,204.9386833558099,733.6481,144.6991,0
632899334,717.3101604191975,204.4393418245274,725.3193,128.7166,0
632899367,715.4265921538374,205.64451391922606,708.8173,138.0903,1
632899400,710.1648057128377,208.0706350388205,682.4659,148.8007,1
632899417,711.3066953540788,213.61498384759912,721.903,179.9444,1
632899433,712.6065358424191,207.19955381269688,725.6877,81.0456,1
632899550,241.1490774472534,81.44897480631793,733.4731,-33.2775,0
632899583,180.0573733851408,85.24264966570611,0.0,0.0,0
632899649,142.89353641203547,87.55046135338914,0.0,0.0,0
632899750,88.93026070450296,114.56139760936438,370.3796,83.877,0
632899783,70.47298148958053,111.04670403225292,0.0,0.0,0
632899867,585.5084334113839,39.01421296894096,589.4656,-49.3385,0
632899983,347.86208808614487,118.93110168444139,1394.9004,124.4114,0
632900000,555.761102420023,94.43119443146797,1363.8512,-77.2101,0
632900016,1274.960646301694,39.6359959385352,1277.6067,-33.9387,0
632900050,1308.6475411695758,12.750962985072603,1264.8807,-27.1547,0
632900067,1297.123914516718,26.671530321623433,1277.0267,-18.3503,0
632900100,1300.114823676718,37.406076287295896,1311.8098,-1.8362,0
632900133,1035.0811665105368,49.59032278814502,0.0,0.0,0
632900150,1292.0140980507092,185.13950053200207,1293.8425,122.6353,0
632900166,950.9806520791141,414.7658069853033,952.2166,361.8702,0
632900183,956.736978375977,477.1890271016007,963.0197,495.9776,0
632900200,953.9378651013038,525.9177003639934,948.4662,584.7687,0
632900233,944.978255368172,537.9212342339531,918.8769,530.4735,0
632900250,938.5025174527403,553.4378045745248,913.6062,573.8372,0
632900266,939.3095943710487,598.4144903930671,939.5765,558.7823,0
632900283,992.909498624183,548.4317740699179,993.3445,506.2672,0
632900299,940.3747763213936,576.599564008502,888.3043,564.4286,0
632900316,920.3012498097323,583.7235185875059,881.057,556.8033,0
632900333,927.9857227403588,588.1326908709901,951.5612,561.7682,0
632900349,931.9526233058562,587.9429843789758,948.1556,546.5224,0
632900366,926.6333886483314,585.8779878883511,901.3428,533.3441,1
632900383,925.5410348504327,590.2355048426424,919.9346,576.3994,1
632900399,922.7363340903651,589.9981969298809,905.0285,546.6531,1
632900416,922.7767878660347,591.5317911917477,924.2678,562.835,1
632900433,922.2639907135499,591.2493319313068,919.2169,547.3013,1
632900449,921.8629377188772,593.3815162965523,919.3525,573.0482,1
632900466,921.3109130492037,592.422198278607,917.225,540.5321,1
632900482,921.2340773901029,585.5130153261822,922.2153,465.6552,1
632900499,920.8689486639012,585.3025065824066,918.1341,543.326,1
632900516,920.0453608553881,584.426929702832,911.7926,533.7372,1
632900532,925.5768966567538,581.0443224660927,995.5563,498.4568,1
632900549,927.6815709563665,581.9674278623819,953.6602,557.6386,1
632900566,928.8278039146622,580.1810743268215,942.2595,516.4437,1
632900582,927.5784234094606,581.4575486569652,907.8439,562.3495,1
632900599,933.357088634293,579.7351995399068,1013.6672,516.613,1
632900616,939.4366423989193,579.4984137912069,1022.735,539.936,1
632900632,944.3173283780277,578.6513496085461,1008.3832,528.7352,1
632900649,948.2182275404746,577.6322778406536,996.3258,524.5883,1
632900666,950.0810490662923,579.4829044826489,965.8298,573.5063,1
632900682,953.4295695927408,579.4586385259822,992.7946,541.1442,1
632900699,956.5918774802007,577.2184950523183,992.6774,500.7391,1
632900715,956.3639477954588,574.9214790864086,937.8578,497.2701,1
632900732,958.7970165940912,574.0050216980839,984.9719,522.4414,1
632900749,960.8999280859963,573.0086958300399,981.6858,520.0109,1
632900765,963.3244645666614,572.1077774092357,989.6068,521.0608,1
632900782,965.5694439268849,575.1132638983682,991.2856,590.8396,1
632900799,966.2599857033273,573.8222040716239,955.6649,515.5573,1
632900815,968.2602418982897,572.2773334751246,980.9202,509.6014,1
632900832,970.0958264490846,571.573777932993,988.1616,524.9498,1
632900849,972.967448079506,571.420867967873,1007.7404,533.1924,1
632900865,973.3426027626272,570.2986258121105,961.7225,512.1641,1
632900882,973.9316856686364,569.6993339276285,969.9462,525.9271,1
632900899,977.7716898837357,561.6062655175047,1027.8735,382.8169,1
632900915,991.2689564598851,375.00137612411794,992.6431,320.0408,0
632900932,959.7332306178132,525.5421010254697,960.3547,480.9844,0
632900965,919.0482496613613,530.5244605083127,879.1888,489.9322,0
632900982,902.0589851444334,539.7257600451774,869.1214,513.8663,0
632900998,885.0648708825931,542.1567222201834,835.8727,503.7206,0
632901015,886.2997335956131,539.6221299748017,892.8305,483.7261,0
632901048,866.0121914815094,544.1132785797809,768.9916,520.1685,1
632901081,803.7759486734775,575.5756567101395,804.4232,531.3669,0
632901099,799.9239162489365,574.1256576414751,800.5863,529.7279,0
632901116,825.8733305536086,565.434649867726,852.4143,512.1982,0
632901132,851.3390847968994,533.3345123928403,902.8492,419.6733,0
632901249,999.3041701443982,401.69553256651255,1439.9352,-60.1728,0
632901299,1089.1001386950286,312.7306685573794,1439.3148,-107.3602,0
632901631,1282.7234876513257,31.28284111649162,1285.3999,-42.7406,0
632901648,1265.8602848260962,88.49511647962392,1268.2599,18.321,0
632901665,1297.2725141690958,44.554623420933396,1331.3589,-74.5654,0
632901681,1290.656061392901,46.74047043510054,1279.9266,-21.358,0
632901714,1292.3176787598982,54.145411917607305,1299.5933,5.8802,0
632901731,1293.1575733495304,66.1334867188818,1298.5593,45.432,0
632901748,1289.4810506550043,76.66699513815922,1273.6404,60.0539,1
632901831,1229.2896121615795,27.49903152542005,1191.6937,3.6226,0
632901848,816.1207198910151,50.753686131514144,0.0,0.0,0
632901864,607.4440849731002,62.497684840539236,0.0,0.0,0
632901881,735.034962433127,69.49439778328046,1250.7062,26.0275,0
632901914,1324.0221693698238,83.18912215011639,1326.3401,13.8674,0
632901931,1402.7417627532416,92.50469915619485,1404.8601,25.5505,0
632901947,698.0905656301982,94.61496597001253,0.0,0.0,0
632901964,461.6149391244685,95.3230912423616,0.0,0.0,0
632901981,681.3578959464038,80.67593950356184,1342.4164,-35.1327,0
632901997,541.9653213719203,83.84910973106358,0.0,0.0,0
632902097,463.589251539477,75.32505254219667,1396.8066,-38.7187,0
632902114,742.5462868142763,233.00224607978714,1561.0094,681.9907,0
632902197,901.4761395409289,372.407902609462,1507.4329,910.9873,0
632902213,1385.7355424175216,650.7132996095252,1384.8734,624.4685,0
632902230,1398.840759935942,722.039695565502,1397.5688,701.3231,0
632902247,1380.7767270895004,727.3260230777223,1361.498,711.8883,0
632902263,1363.0209277155614,712.9999385193844,1326.8916,659.5068,0
632902280,1365.5802804291866,712.3696280953403,1372.3628,688.5984,0
632902297,1368.6875487565967,705.1203323488238,1380.161,652.457,0
632902313,1374.1650144699174,711.0078853981461,1399.5375,720.8571,1
632902330,1378.3129185096388,716.6286768443845,1400.5466,730.5469,1
632902347,1371.70707682826,717.9976056689212,1325.8597,704.7356,1
632902363,1373.532343833432,717.0350292561569,1386.2343,687.2681,1
632902380,1371.1746851293253,715.8702145354339,1350.3364,682.7928,1
632902397,1376.2722752645516,714.3362569035507,1421.7913,678.3766,1
632902413,1378.9444345817706,714.464240980618,1403.0781,694.8518,1
632902430,1379.9806620950978,718.1628560182465,1387.85,738.8912,1
632902447,1379.4338946237267,722.9560573425414,1369.9775,758.088,1
632902463,1378.3783828623466,728.9574325494953,1362.8088,780.9748,1
632902480,1376.9383650290504,731.461271389438,1356.7898,738.3871,1
632902498,1378.629941939001,733.9752481351497,1398.6521,742.6608,1
632902514,1375.0419662162938,738.5943447847349,1324.6371,776.611,1
632902531,1374.3628200129945,741.1219747222916,1364.5281,749.3502,1
632902547,1374.6172447999365,744.2796011295405,1378.0168,762.9135,1
632902564,1378.1561185524897,748.4598043484903,1428.9839,784.5176,1
632902581,1379.6846810528664,748.5085548650151,1399.874,717.6581,1
632902597,1383.0390944421658,750.4263656734818,1430.1824,752.0121,1
632902614,1382.161374905162,749.0266140736962,1363.1826,694.5288,1
632902631,1379.5942947935089,741.5021174141402,1335.5896,585.1008,1
632902647,1378.219774086783,501.1691987178225,1378.179,463.7604,0
632902664,1333.9085718308825,503.827543724921,1333.9375,465.6675,0
632902681,1342.9345765154656,482.68382282450443,1352.1602,420.7117,0
632902697,1347.9288523578416,463.84104931891835,1358.209,383.1626,0
632902714,1362.3178499243074,454.6888962976793,1405.1595,385.7185,0
632902730,1359.2947471431,440.50205677627554,1347.5254,338.8877,0
632902747,1354.8804637947928,434.16347229830257,1333.5962,359.1987,1
632902764,1359.935334102428,433.43757100937177,1389.3988,388.6555,1
632902780,1362.1284027327933,428.3995082181609,1376.7091,351.4657,1
632902797,1360.4001815473619,428.61386470396076,1347.0105,389.4161,1
632902814,1360.4008909547206,433.28448683469946,1360.0627,434.5364,1
632902830,1367.2872462251387,431.7268491084894,1429.7805,376.2601,1
632902847,1367.3582503044013,430.90593449266345,1366.394,380.8515,1
632902864,1365.4969941431718,434.01392138638323,1344.1482,427.5945,1
632902880,1362.460643883303,425.0479176994194,1328.3049,273.7425,1
632902897,1360.4244341988776,420.11061271978076,1337.1805,317.1296,1
632902913,1363.9970908258674,420.68128226416803,1409.2075,391.1432,1
632902947,1366.9251838282999,417.64986514436225,1404.3828,337.6667,1
632902963,1373.376857084308,417.5638353492367,1457.5945,380.5058,1
632902980,1375.1475705943476,416.99961382873886,1394.6246,370.9561,1
632903013,831.4153503189041,500.73528385112274,832.4141,451.6104,0
632903030,588.1422453558815,528.645721694444,589.4518,476.3762,0
632903063,592.2022032944702,563.2300645935635,597.1731,550.713,0
632903080,605.1036522628709,570.6927814240862,631.6449,538.1608,0
632903096,602.1651829354342,584.7565628360794,594.0123,581.1806,0
632903113,601.4756821830753,585.5916506744261,599.6158,540.5054,0
632903129,566.8309795228613,557.4308061677285,568.0256,506.8239,0
