timstamp,smoothx,smoothy,rawx,rawy,fixation
632790835,978.2302898812644,451.6279326284094,970.2213,414.822,1
632790851,982.6207689893608,450.7665935635783,1035.4888,394.3571,1
632790868,980.8719612346697,450.7683341469974,955.3567,404.2111,1
632790884,980.7458020657582,453.3030280520285,976.9387,443.3575,1
632790901,977.9434693198187,451.7249247834475,937.9148,379.4179,1
632790918,975.5297089026228,451.3021125685823,941.6377,396.6733,1
632790934,974.1581371890503,452.49346139389286,955.9863,423.2722,1
632790951,972.203202932776,451.6733761547365,946.0152,389.3839,1
632790968,968.8897354042349,451.3986898938662,922.8174,397.5714,1
632790984,968.9323872261239,447.7061726112552,976.0829,338.0693,1
632791001,964.8116580982164,449.2045729006371,906.1461,427.0867,1
632791018,964.2600433442153,446.54234558254166,964.3055,353.3543,1
632791034,962.739843751539,445.2609164217842,946.871,376.7373,1
632791051,963.2427292098901,445.9893712790947,980.1377,413.5368,1
632791067,963.9277099824394,445.44862264997647,982.7747,389.6785,1
632791084,963.6693696814273,446.2730796340133,965.6622,414.2156,1
632791101,954.18586711461,447.66006959932406,805.5381,420.7089,1
632791117,945.345795690189,448.5487743297211,815.1324,414.5388,1
632791134,938.6407435192066,450.22855101657643,850.3195,429.4775,1
632791151,930.0589407961972,450.24250117170607,814.5953,398.5113,1
632791167,921.5731744170807,451.4337723537864,815.5942,418.2344,1
632791184,911.6832724432808,455.9838103462943,784.8623,479.1444,1
632791201,902.6187975828602,460.67492982505416,792.7615,482.4272,1
632791217,894.7196595862922,466.167665653425,805.7493,502.4184,1
632791234,888.1590333964414,468.5982146745225,831.6458,444.0511,1
632791250,882.5366237867707,471.2579522047853,837.134,440.1339,1
632791267,875.1061809857368,472.87941947869655,805.0696,430.2767,1
632791284,869.2180880473052,473.39369637822904,824.9258,414.9374,1
632791300,865.9995793639387,476.6354431418527,863.1034,462.4615,1
632791317,863.2868067044169,476.9639392448758,866.8156,414.5197,1
632791334,857.1997220693286,478.8281412090649,797.4718,447.0026,1
632791350,682.8006368986969,442.07099184783607,684.3979,385.454,0
632791367,729.6866949255091,421.78701484596036,731.3045,364.6794,0
632791384,717.8025984331858,389.1300434192248,707.9637,294.1417,0
632791401,710.3548680447102,396.3183723968707,697.3557,352.1227,0
632791417,701.9017176742611,395.46303534180004,678.8864,332.6285,0
632791434,702.2719344785718,402.09886271033645,705.7769,371.0389,0
632791450,698.6136976521992,407.7318583764166,682.8535,377.6909,1
632791467,696.4444997400186,405.4374329632641,686.4256,331.2308,1
632791484,694.3668188999378,412.63754716765874,682.8679,404.8492,1
632791501,693.658399683638,412.0677129229601,691.1838,347.3601,1
632791517,688.4672823339919,409.8311990033679,648.3496,328.8171,1
632791534,692.1717128974216,409.2760873699725,729.6879,345.073,1
632791550,687.8000044692466,406.79030531942226,647.9164,320.0378,1
632791567,689.5193316232746,403.1709755982203,711.7964,303.6649,1
632791601,691.4607304015809,404.56362127191403,716.316,364.1153,1
632791618,696.9398228553567,405.91612674420713,763.7028,366.3856,1
632791634,699.3431841196558,407.1579952958103,728.9806,365.7028,1
632791651,694.5046899715545,405.69121013008464,631.5876,324.7233,1
632791668,693.4226051721164,406.68575401470315,680.4884,362.1266,1
632791684,691.7872361051739,407.1365307144656,671.3729,354.2475,1
632791701,689.479813515473,410.8151634111459,659.5196,406.9982,1
632791718,686.8437018027881,414.07400746054304,652.593,402.8693,1
632791734,689.3212530700129,416.399647215966,731.6076,391.2659,1
632791751,685.943376590791,414.9230718239828,638.7446,325.2524,1
632791768,691.4541930863172,411.84062185426495,782.3956,299.6391,1
632791784,698.478230375669,408.28579462007,809.96,290.5531,1
632791801,704.3291832732715,404.8126255614763,793.3045,290.2039,1
632791818,708.2015176571139,401.3273281697283,762.3878,287.8315,1
632791835,713.9962209647539,397.5497587281926,797.5195,281.6075,1
632791851,720.6760596098698,391.8742270341761,815.8619,244.9149,1
632791868,726.4687397350848,386.129074859887,803.7599,240.8236,1
632791884,731.8419905061361,380.85939965740835,799.5137,251.303,1
632791900,735.1735694391331,378.31353410863113,763.959,291.9184,1
632791917,742.5451245510902,372.7685184426141,836.7173,241.3706,1
632791934,748.9017276668792,367.38528636783445,820.9502,239.0574,1
632791950,757.2414134412553,365.0446095069523,862.3317,297.4934,1
632791967,760.3950730163608,363.1691197412934,774.2253,301.046,1
632791984,763.0920792827897,359.980506904911,771.8409,267.6815,1
632792000,766.7557665476969,356.76361846542954,793.2747,271.6804,1
632792017,771.4923639860269,353.69033742024607,817.7202,264.5748,1
632792034,772.1147073331194,353.2758378701158,746.4205,307.4285,1
632792050,774.5993410201451,351.148942252597,792.483,274.5759,1
632792067,774.7668676660819,343.9801404132632,748.2057,173.586,1
632792084,774.224625392984,334.67639346869737,747.2594,128.6721,1
632792100,754.4918670558507,164.00694190166107,757.4539,88.462,0
632792117,685.869157802783,121.80963954417697,689.1891,41.6935,0
632792133,740.1664697403205,147.16013044190262,797.1664,98.3732,0
632792150,739.2525659033812,148.4255497090921,740.2277,73.9256,0
632792167,724.7372888987101,156.60683703072866,684.4587,104.8398,0
632792184,727.3789124536402,151.7918738915098,741.0952,54.2929,0
632792200,729.3782017917644,153.19948165049146,742.1677,83.7323,1
632792233,724.9886038410466,159.4302231691431,702.4452,120.7559,1
632792250,725.6184848759775,160.37262242307344,733.1643,89.8702,1
632792267,731.2536500746088,159.96062445509975,776.7864,80.209,1
632792283,736.7777905251216,156.2664968037716,785.1827,46.8657,1
632792300,739.6051763150604,155.93720983073732,766.5587,76.7519,1
632792317,742.4853891940418,154.01947171320035,771.522,57.8844,1
632792333,746.2755920888144,151.37244933661194,786.2311,46.2874,1
632792350,749.4625815297262,150.102213041397,784.0392,60.4428,1
632792366,753.5205931222785,149.14139760337048,799.3533,63.2525,1
632792383,758.2859886361477,148.18839208191937,813.8226,62.3703,1
632792400,761.9798880317805,147.2976975493409,804.5765,61.8534,1
632792416,764.0191555612828,146.33412188214848,785.1801,59.1799,1
632792433,767.9816568920464,144.42297254397488,816.2471,43.6382,1
632792450,769.2776626383826,143.19037358782074,779.9618,51.9308,1
632792466,767.0547515597161,138.70751970771818,727.671,-4.776,1
632792500,766.6664531657527,137.80669896576143,755.9857,53.0916,1
632792533,768.0588141450227,138.2921291149498,785.3113,76.5074,1
632792549,769.055189923143,140.438788081629,780.3859,105.2602,1
632792566,771.3646669119238,142.476225114355,803.662,104.2841,1
632792582,772.3706446252578,144.7680943838711,783.7191,108.9058,1
632792599,774.7376984571116,146.78100570352765,808.3126,104.9396,1
632792616,775.0358402270759,150.18581065396222,774.5822,130.4728,1
632792633,774.1577424885063,145.6404219889749,756.2198,-16.5603,1
632792649,971.0483333444764,346.770099198911,972.6132,289.3002,0
632792666,982.4048760824776,369.20814810798186,983.8271,313.6319,0
632792699,992.455563136135,379.810562412035,1003.7505,336.7969,0
632792716,982.8232159444266,381.9086132919314,964.9971,331.2843,0
632792732,964.6060459395835,382.8691995491646,912.1638,329.7324,0
632792749,963.924238611739,386.6834195144544,963.1732,347.9064,0
632792766,985.362773452852,393.6259876135562,1091.1765,378.0786,1
632792782,989.9390210528633,405.71890915821325,1016.2292,427.6626,1
632792799,986.910475685594,397.6218984986897,966.9847,283.7794,1
632792832,987.5831644908098,396.5866943835608,993.0104,333.9819,1
632792849,989.0403998515059,398.17480356238616,1001.335,358.636,1
632792865,989.1726738797057,396.6968261704324,990.4785,327.9092,1
632792882,986.7370701658064,397.29272435677024,962.8845,349.1329,1
632792899,1178.31444577864,134.7266060066457,1180.6306,66.0835,0
632792915,1012.6667758216159,387.27300392257183,1013.9341,333.6726,0
632792932,1016.9940891914258,385.9955333927422,1022.5752,331.1178,0
632792948,1018.3096883454267,386.3297314013238,1022.1553,333.5557,0
632792965,1024.3596977787538,373.08825728969794,1043.7537,276.9339,0
632792983,1025.855062409384,368.60963933798394,1032.9277,295.5946,0
632792999,964.4203875500718,358.3921772802795,965.9351,301.6358,0
632793016,993.188608292303,399.7571368175349,994.4255,346.6591,0
632793033,989.500853073469,402.85872341152486,987.0399,353.1528,0
632793050,971.5561607520352,401.9036415240926,937.2576,345.685,0
632793066,971.1522712979023,407.90247950502464,971.3842,374.0052,0
632793083,975.3257054194314,396.1032819969455,993.5095,292.803,0
632793099,963.2655588972996,405.6137101951147,905.8215,401.1412,1
632793116,766.2090087481935,520.0495788948976,767.2272,470.9525,0
632793133,793.0195924939454,463.2287450265396,794.2936,410.5237,0
632793166,798.8184939946415,477.1809364002724,805.7042,440.6906,0
632793199,793.4961159157876,503.71667517798267,783.6799,510.3129,0
632793216,790.2962592212871,513.7984374806567,781.7267,496.1381,0
632793232,806.1508941046036,514.1619102590248,869.3729,467.5324,0
632793249,809.2531195962472,515.0033116578144,824.619,470.3438,1
632793266,810.9529211229303,522.2992571075575,820.603,518.9044,1
632793282,814.3322603910451,524.3798573122649,836.6387,490.3694,1
632793299,803.2961025075313,526.8395923338868,720.0389,495.2483,1
632793316,802.754432294063,531.2784567247784,799.4534,521.2037,1
632793332,807.4589454295684,526.3294746706434,851.9409,428.1971,1
632793349,807.4931471037423,528.6523290499342,808.0833,504.0543,1
632793366,808.7022070923219,530.4063346585402,821.6986,500.9702,1
632793382,808.5605042204306,532.3640170071112,806.9065,505.9978,1
632793399,806.2604260901661,533.0281952504013,779.3389,490.4924,1
632793415,805.5375055012995,533.7601832552896,797.7327,492.9488,1
632793432,801.5558678553638,536.7459700582876,751.7068,526.6415,1
632793449,601.0693892582669,593.276764441937,602.0056,546.039,0
632793465,609.2046956990303,611.4113893708164,610.0276,565.6818,0
632793482,636.8528862999191,602.8415653600301,665.2412,548.4846,0
632793499,644.1446146654291,610.0856388211832,659.154,580.8137,0
632793515,643.9622969665279,609.646170520257,643.9495,563.0421,0
632793532,638.9625843323599,613.9763888346492,619.8037,586.8358,0
632793549,641.2114158876255,611.5058192617839,652.9731,553.5197,1
632793565,311.5058400906309,437.7497055465341,313.8307,372.8809,0
632793582,620.7129953523518,593.7114354590183,621.6096,546.9254,0
632793599,597.6400334163941,574.0349490854045,575.822,503.746,0
632793632,604.3013238074803,589.9609785649616,618.4073,576.919,0
632793665,595.9012463864956,596.1968396156096,571.8914,568.2261,0
632793682,594.4747865663167,604.2466203223292,589.8712,591.1273,0
632793698,592.928093769548,554.8948554291375,594.0869,504.659,0
632793715,643.0089844143808,656.9666192347208,643.5219,615.3113,0
632793732,625.9010862652987,617.1404755317507,609.8439,529.177,0
632793748,631.3767209986619,609.997545968846,643.188,549.8489,0
632793765,632.25121103175,604.5189713657503,635.7441,541.7216,0
632793782,629.1691309960393,596.5640497759526,618.1029,516.8885,0
632793798,716.5101645143357,388.2068858486809,718.3342,328.3469,0
632793815,736.7367416427611,204.94567720684245,739.5115,132.0336,0
632793831,734.2323908417472,198.07158370994364,734.5928,117.1857,0
632793848,755.1970042465963,181.6458126581037,799.8351,73.2969,0
632793865,757.2431132255475,183.1332464038609,765.8223,114.2145,0
632793881,755.1071037395762,177.0452420065969,749.4003,76.8832,0
632793898,793.6691422765521,192.40404987705298,796.4036,119.7857,0
632793915,925.6739421019336,155.47945962121594,928.3573,82.9649,0
632793931,880.8997730574846,154.54542346225347,839.1028,79.0508,0
632793948,842.0459954747781,149.36129985433726,768.1349,61.9091,0
632793965,825.4745953863602,141.6410518647241,780.3191,40.4523,0
632793981,807.008013726078,146.33720582926364,738.8109,89.2147,0
632793998,803.9113386170065,152.8774471880605,793.7904,111.5158,1
632794014,798.8369236399154,152.6569982231127,774.8387,74.8425,1
632794031,794.3690309061267,158.26773265114676,770.1083,122.2725,1
632794048,789.2331336470847,164.26062221150804,756.5687,135.8385,1
632794064,783.6240893257552,168.09504148739921,743.5955,124.6133,1
632794081,791.5724619252095,168.8910314123124,871.2888,100.9898,1
632794098,799.6583731191726,166.8295352121997,884.4875,69.4769,1
632794114,804.2350192418236,159.67115235319534,855.623,2.8589,1
632794131,811.0997109767301,159.5916191326735,888.9368,86.0395,1
632794148,815.6066806948363,155.09311238842116,867.6508,24.8998,1
632794164,816.8929910008715,153.77212424969048,829.8961,64.048,1
632794181,817.8812647758061,154.3463550446453,827.2836,90.5888,1
632794197,817.6876339047353,153.48227152107063,811.8054,68.5748,1
632794214,819.9312913013368,152.7414390695415,847.994,70.3062,1
632794231,824.167275876712,150.56431616135956,880.6194,46.7346,1
632794247,827.8189878604451,152.5997216934,874.9888,114.8599,1
632794264,831.7035307970618,150.55692475918843,882.2908,46.7079,1
632794281,840.015145077893,151.23297782034052,956.7936,93.8133,1
632794297,842.3547992211351,150.6430878120112,864.8755,69.5605,1
632794314,847.426754980084,147.75920495407692,913.2376,28.9397,1
632794331,850.1702507319792,147.33154853817376,877.8706,70.8434,1
632794347,1089.7586373100398,198.2165087468388,1091.9001,132.3527,0
632794364,1219.3833429297756,157.7567900145246,1221.4973,91.6858,0
632794380,1241.583500867102,155.19035290609338,1265.7848,87.1297,0
632794398,1262.39166540122,142.47911112637905,1305.804,49.9785,0
632794415,1246.3383849574464,144.47451753213846,1200.5149,83.5467,0
632794431,1247.5058978546776,149.36568003657905,1254.1464,104.1368,0
632794448,1250.2484013765452,150.69999928197558,1265.6282,91.9072,1
632794465,1245.6467168935671,151.20841907332976,1221.0203,87.5806,1
632794481,1247.2498538078194,149.1695801636379,1260.3662,68.4572,1
632794498,1243.5471988814784,153.07317374742115,1217.8076,118.0716,1
632794515,1243.5282431717092,152.77306098450498,1246.1576,83.5203,1
632794531,1246.368463064941,154.24282615621706,1274.8174,102.8393,1
632794548,1245.3887215447965,160.89760508609322,1237.4176,164.716,1
632794581,1240.5871076331152,161.48936485836376,1192.4063,98.8933,1
632794614,1236.4926461567673,158.5998640559794,1194.8293,54.4486,1
632794631,1245.2531109520314,155.57009883339083,1353.6342,52.2517,1
632794648,1441.3383498300777,70.52585957388487,1443.5021,2.7792,0
632794664,1238.113842445593,129.42173829914537,1240.3452,61.6661,0
632794681,1259.8335765074726,127.35322953410467,1283.6692,58.1574,0
632794697,1248.763244040235,124.36383948038863,1228.9657,49.6243,0
632794714,1227.7742918379467,131.41566236814634,1167.8545,84.7612,0
632794731,1234.3754240690896,174.7739234912041,1261.9935,293.3603,0
632794747,1253.9105991424071,436.2118826186973,1254.4562,391.3673,0
632794764,1169.3596156508286,356.1684421602546,1170.4976,303.6276,0
632794781,1225.0848953119119,384.3461914711479,1281.2913,366.431,0
632794797,1224.7635474645615,372.9071394257277,1224.9108,298.2036,0
632794814,1228.8913050195872,378.35964386175,1241.6509,346.368,0
632794831,1226.3483806620266,381.39811186746795,1216.8303,344.3724,0
632794847,1229.2218049973205,390.7130243807733,1243.5137,390.6199,1
632794864,1231.842287708499,394.27270935903795,1247.2102,367.2398,1
632794881,1234.1816384354117,396.6097624078852,1249.761,364.0895,1
632794897,1239.8635812685138,394.41699339061046,1282.374,327.7805,1
632794914,1238.438133173909,395.576068163712,1225.5034,356.3052,1
632794931,1238.0283840575714,395.65538743014736,1233.6431,346.8098,1
632794947,1237.2098176881427,401.5633712734684,1228.366,414.6912,1
632794964,1241.123472218828,402.25467791458834,1282.0125,360.3668,1
632794980,1240.1851688852498,399.74899491207947,1228.5515,318.6216,1
632794997,1013.7707486149667,403.9445292608823,1014.946,351.5944,0
632795014,959.2562910194891,380.66294866564425,960.6606,325.4349,0
632795030,984.6432309637455,342.43646934838455,1011.6859,244.5446,0
632795047,977.877774569841,352.8635157698546,965.7358,318.1519,0
632795064,982.9014945135877,361.10692167948326,999.0752,331.5346,0
632795080,975.9255470957274,369.20093000026486,949.6919,346.7689,0
632795097,971.3020512235479,385.79745855413,949.9582,416.717,1
632795113,966.7586668448039,389.08317973852644,942.3303,352.5225,1
632795130,963.9143919412261,387.82698665639816,947.3767,321.6385,1
632795147,962.122481241815,387.3060096412393,951.3754,326.2158,1
632795163,964.4538556476913,391.52161026792237,986.4941,373.5494,1
632795180,963.9268698554749,397.87936929784075,961.1224,403.461,1
632795197,966.7981683768003,400.1865533933566,997.1821,367.5017,1
632795213,964.9260102870726,400.4261298567392,946.7134,344.5978,1
632795230,967.9838351632948,400.8012861591078,1004.0641,348.2503,1
632795247,963.1347009649614,404.4446270947694,906.7104,391.8452,1
632795263,957.6933680536816,401.996714443311,893.614,309.2036,1
632795280,959.1862995672126,402.53398145588005,983.3906,353.1918,1
632795297,959.2933719078476,401.36100100902877,964.891,327.4369,1
632795313,751.1828826501123,482.2658700989869,752.4335,430.0676,0
632795330,753.0459232466512,506.63182242609406,754.1615,456.2662,0
632795346,764.3869893464476,495.26551455650156,776.8942,432.376,0
632795363,770.7412583560945,480.7238095304416,784.6654,398.1352,0
632795380,763.9043096197892,481.6353324324605,744.7353,432.4235,0
632795396,759.8156356403967,475.33227615668795,745.2598,396.17,0
632795413,760.5589740359227,480.7107465154881,765.5201,457.3446,1
632795430,756.206576785718,476.12655224498315,732.7319,394.7732,1
632795446,756.6735364522118,472.36048043639516,761.8278,393.3378,1
632795463,756.6197671029887,472.9038485517382,758.0206,425.6407,1
632795479,751.90647243476,477.6369990585934,714.3445,467.54,1
632795496,751.7902304466907,481.2460315989411,753.2538,464.1271,1
632795513,748.9886655612477,479.73581671921977,724.2489,409.7532,1
632795529,745.2946331487998,483.8814191330772,709.6074,477.1432,1
632795546,744.9052031897419,484.7909197691481,744.9056,441.5383,1
632795563,743.6383587415863,483.18979964386125,733.19,408.1478,1
632795579,741.8170751813379,487.6497550398394,723.6826,492.9067,1
632795596,741.9791021755863,487.1531340315728,749.241,424.9348,1
632795613,741.6967442030755,488.05687084540943,742.6017,446.0636,1
632795629,742.7631254211573,489.6611425890391,761.843,458.7173,1
632795646,741.3516008668894,493.3024761281867,724.668,492.8356,1
632795662,735.9241658866985,492.9244639650046,661.3387,427.7572,1
632795679,737.3329650089833,494.1523157439892,765.3356,457.5803,1
632795696,737.8691319985346,496.1441038306094,751.4825,471.8684,1
632795712,738.9509236145393,497.7078296391466,760.2299,466.2942,1
632795729,740.2459269357943,498.4020755451431,763.9108,452.3687,1
632795745,740.7579261822584,500.89006940600933,750.7692,485.6354,1
632795762,740.2685761712027,502.22006525353765,733.7734,465.9728,1
632795779,742.26361303702,501.8036731397689,776.1385,436.1137,1
632795797,741.0674436298821,505.4165954426538,721.0316,510.7034,1
632795813,741.5982188312564,505.98512182965544,750.983,456.3734,1
632795830,742.3971441105829,506.5057431997876,756.7917,456.915,1
632795846,744.0536435404917,506.53490153606674,773.9007,446.7844,1
632795863,745.5402665265608,508.94416268855787,771.191,489.2725,1
632795880,745.4799453579358,509.3134775779566,740.2581,455.9046,1
632795896,748.50041283222,508.5423735615253,794.5654,433.442,1
632795913,747.090134121169,508.1711248502886,720.1357,447.1794,1
632795930,747.8124846565848,507.79692323165017,754.3607,442.2364,1
632795946,746.9074305491171,509.16108775632983,729.6945,475.4296,1
632795963,745.1777974590384,509.6701873211782,715.4393,463.654,1
632795980,746.868529869961,509.8601800288714,770.9064,463.8855,1
632795996,746.0629223870718,505.6395469839763,732.7384,380.1234,1
632796013,745.0767491359314,502.5448279318936,726.8677,395.5493,1
632796030,747.3974997943162,498.29233488029126,783.6406,382.2063,1
632796046,747.7635331060925,496.05764140221186,753.7758,414.5294,1
632796063,747.9457467004144,491.25288044602473,749.9156,362.1278,1
632796079,746.9066180707617,486.0357585898005,728.1796,361.7256,1
632796096,747.1972672576817,483.367292741626,754.1287,400.5511,1
632796113,745.6378602325134,480.50483303211803,721.2955,396.5698,1
632796129,746.3317379213523,478.6819344307065,762.3651,415.7948,1
632796146,745.605537874895,478.2145424619865,733.483,441.4039,1
632796163,746.9590151235844,474.9183536556624,763.8016,379.5739,1
632796179,748.2878090655512,473.1903088106886,774.8108,409.7734,1
632796196,751.2845186809117,469.6561192992278,802.1692,375.3402,1
632796212,754.0758669144999,466.812691932861,799.4269,384.6771,1
632796229,755.6314694442323,463.8577735428906,778.4716,377.7914,1
632796246,755.630737011443,464.0928894490487,750.119,437.4871,1
632796262,755.5423361075385,462.54888565469275,747.6845,399.0246,1
632796296,755.1583211251303,461.8102405583159,747.593,408.3405,1
632796329,1021.9574283100914,611.3411279161433,1021.9978,574.4261,0
632796346,1004.183899768087,576.3197728210725,1004.447,536.4481,0
632796362,971.4280094397704,588.1669891815296,939.015,560.4554,0
632796395,957.0865605727496,606.7052963071916,928.7953,606.9453,0
632796412,963.7488728631116,597.9368170930579,984.2061,530.9506,0
632796429,953.7350907729112,602.2005671307691,914.8093,580.2094,0
632796445,954.6935689357806,599.4324624526487,960.3075,545.5717,1
632796462,959.7959849824483,602.8301341715733,989.8682,585.6011,1
632796479,960.1807351364989,603.8714901965812,962.9261,572.1595,1
632796495,968.585159117695,605.3875525117908,1031.6354,579.9077,1
632796512,975.5717538272804,609.8978000296147,1032.0953,612.5929,1
632796528,976.4781342382867,606.9075536847643,982.2239,537.8895,1
632796545,979.4305519312883,608.8377435227637,1005.5464,590.8926,1
632796562,978.8242786431805,609.0742931765761,969.0278,572.1543,1
632796578,980.0039833141461,609.6054992085401,990.1115,576.8918,1
632796595,969.6171100153326,604.6266859947698,844.6561,499.0011,1
632796612,960.746632027312,593.2220780193486,853.5912,401.0708,1
632796628,952.4548588690169,582.4487545472307,852.1317,397.2792,1
632796645,944.4577373379908,573.7677806049356,847.8209,417.5907,1
632796662,934.0387644690276,565.2984819696101,804.338,410.7921,1
632796678,926.9447976000406,558.0889417801878,845.13,423.4944,1
632796695,917.8328814837524,551.505363245905,807.1499,425.7173,1
632796711,912.7057353319694,543.2934501269227,862.4723,392.3766,1
632796728,906.3915087222701,536.6325776171262,837.9109,410.9604,1
632796745,901.3865589133111,529.2108144461814,853.4865,391.1077,1
632796761,897.5275057592486,523.7388035898664,867.067,419.0641,1
632796778,892.4383905854528,519.7622421556819,841.4841,439.3209,1
632796795,886.6329442331061,513.9750154449762,824.2116,400.2433,1
632796811,884.4769592214277,508.7323389599459,881.1995,405.2172,1
632796828,881.0218829045577,505.7636056288473,854.1273,440.7843,1
632796845,874.48168656354,501.7261328412553,795.8519,414.0833,1
632796861,873.3456809686052,493.8236676631617,898.4948,346.8118,1
632796878,761.5700327720584,433.2303339587107,763.0656,377.646,0
632796894,769.360983514228,421.9230427917259,770.9028,365.6732,0
632796911,764.0893567291331,424.95658067192073,760.3604,371.9533,0
632796928,746.976128677222,403.5253590524029,714.9716,298.9768,0
632796944,745.011322174528,403.01033823294694,741.1777,343.4219,0
632796961,743.276101829815,405.33953507793916,738.4452,357.328,0
632796978,746.4811871908001,395.13154857999814,764.4453,283.6787,1
632796994,748.9998365112344,395.6451400180658,765.3821,341.5201,1
632797011,749.5442960305265,398.65168542740014,754.6536,362.7335,1
632797028,749.912738877166,397.82606161848986,754.2368,333.2265,1
632797044,743.3221157203143,395.3762470307665,690.1942,314.1068,1
632797061,739.3101412775994,403.38704364311644,705.2842,423.6319,1
632797077,744.7998803205811,403.3733463318499,802.3549,345.1927,1
632797094,747.708076978307,402.5729934478683,780.3555,334.9915,1
632797111,749.4924264734905,403.1223442949699,770.4338,351.3098,1
632797127,751.116115979824,400.0854991582002,770.8522,302.8785,1
632797144,755.0330259689175,396.09828046214415,803.4032,286.2302,1
632797161,757.7757936279401,390.5333391915666,791.6018,257.8734,1
632797177,950.8776139186689,265.7904615007811,952.9178,201.9311,0
632797195,1078.2326321633839,149.83126617851568,1080.6571,80.161,0
632797212,1080.774410754334,205.85290132928898,1085.1204,200.4037,0
632797228,1081.1647049210396,231.32074652779625,1083.6335,221.757,0
632797245,1088.3865407138558,235.62623359731418,1111.6144,185.9344,0
632797261,1090.141229314718,232.74699279162212,1098.801,156.6103,0
632797278,1085.8081286489967,228.7112326058984,1066.5571,142.8272,1
632797295,1081.6197429024505,232.9095217294703,1059.3281,194.6291,1
632797312,1080.2944554624441,237.60206491653202,1073.7048,207.0606,1
632797328,1074.8697083728366,237.51731703691163,1036.7869,171.3347,1
632797345,1071.3536543434002,243.91240039013104,1045.2737,236.2815,1
632797361,1071.917725380224,245.39486785097583,1081.0083,194.6834,1
632797378,1073.6862436514125,247.75976940719914,1094.7031,207.7642,1
632797395,1075.8636895400066,249.85637415125362,1101.7836,208.3649,1
632797411,1079.2913448159184,252.7752610964999,1119.6863,222.7172,1
632797428,1077.7609821484775,252.52330112528065,1060.8345,182.1371,1
632797445,1074.3290745686386,254.02447830192025,1033.6168,206.7184,1
632797461,781.8823861121342,250.89804301168138,784.3235,182.3318,0
632797478,670.1010983857695,300.802073187919,672.4849,233.5192,0
632797495,672.3747260173516,317.4803113285468,676.838,269.3814,0
632797511,697.7248860139914,301.2635506782594,750.4993,200.9918,0
632797528,694.471739412679,296.9879605545963,686.8785,216.2963,0
632797544,703.217772470982,291.5857661998544,739.6737,202.606,0
632797561,707.6244147017062,289.41493381189224,730.7323,211.7909,1
632797578,702.3275451380841,288.4287786612437,673.2092,214.8706,1
632797594,701.1793097802374,290.7341833830631,695.4073,240.4932,1
632797611,701.5561480117116,288.34837779947975,706.6132,202.0978,1
632797628,702.0555811064988,290.1985694350768,708.2078,240.2672,1
632797644,695.8528521426987,284.4800746205267,641.8893,159.8829,1
632797661,694.9471836573414,281.784096147026,689.7968,186.8373,1
632797678,696.9889863291669,279.9182547028016,722.3533,193.6045,1
632797694,689.2517711457461,275.89035548363023,606.3569,160.0452,1
632797711,687.6894537839461,276.2879819819578,675.1942,216.6485,1
632797728,689.0404933937364,276.46899406220183,712.0011,214.522,1
632797744,688.4419619314319,278.17430719514493,686.112,236.5459,1
632797761,688.5305088535774,280.17146496171506,695.0856,242.7249,1
632797777,687.2650414598407,279.54760868592393,675.1285,202.3904,1
632797794,682.3656403925651,278.7679653341999,618.7742,197.8928,1
632797811,685.0997616320437,277.9221753522414,733.1211,198.3963,1
632797827,686.0005773687369,274.73661877128296,705.6506,157.1132,1
632797844,688.455330405568,275.01395884131864,730.5625,215.3222,1
632797860,688.4459267116749,273.941938643938,691.3312,190.471,1
632797877,687.0570714424978,272.5484483277037,668.2399,183.2769,1
632797894,688.6216077252491,271.8756234163851,717.0242,196.2589,1
632797910,689.5345399493236,270.8196164297743,706.3741,188.2421,1
632797927,688.9706306900208,268.75563323254005,681.3579,168.1889,1
632797944,689.4996589996757,269.96457538373136,699.7439,228.1542,1
632797960,690.6756705999508,268.7196476206811,711.3432,182.1356,1
632797977,693.3510912505528,268.28347263216926,735.4673,200.4828,1
632797994,694.3905426272067,265.59311696766673,708.2062,160.1606,1
632798010,696.4604974934587,262.5412418965138,734.2162,145.2111,1
632798027,696.5256649384568,263.45724985479967,692.255,219.4722,1
632798044,700.5586876700854,262.97048770849034,767.5641,192.2534,1
632798060,703.5776018226322,259.20699572307046,749.5613,130.7106,1
632798077,702.7681932660014,254.41312269343342,678.009,109.2621,1
632798094,700.9004360012361,252.0017602583452,663.3094,154.6117,1
632798110,696.6028644808525,248.2924228142746,623.4416,123.5076,1
632798143,958.5503392174564,249.05416114384306,960.6663,184.1273,0
632798177,983.6060215818719,414.8928200715577,984.7794,362.7037,0
632798210,976.9073169904697,419.8957450563071,971.3705,373.1463,0
632798227,969.9290941933073,367.6299544734357,958.1362,199.8377,0
632798243,954.7796471368944,348.67338650187475,911.9755,230.5251,0
632798260,960.1049186970165,354.91196343506584,982.9548,325.9631,0
632798293,972.088529690239,361.8934979213757,1031.8556,344.3004,1
632798310,983.8838737335867,367.3724172009543,1052.5551,347.5572,1
632798326,987.9176792381127,365.54815137222397,1014.476,297.1461,1
632798343,997.9175207420456,366.7661538248439,1071.9845,322.7821,1
632798360,1000.2962556543897,371.8100935530228,1017.4282,362.0327,1
632798376,1014.4936012201198,376.53776335314683,1140.401,369.7441,1
632798393,1003.6123446173694,373.4774515120361,891.1444,281.4789,1
632798410,1002.1145108969595,376.480401356478,983.7697,353.9347,1
632798426,997.4388921512816,379.2133229327292,943.4807,353.9092,1
632798509,585.5481929532084,337.5946232825779,587.8938,271.2122,0
632798526,771.1331672686445,350.74148804769237,773.0558,289.292,0
632798543,736.4419727963964,341.7196925792617,703.9904,268.4648,0
632798559,732.075958581808,330.2446178067592,725.8214,241.8374,0
632798576,734.3361700707982,327.67368943150524,743.419,255.9402,0
632798593,738.973247516501,323.6311524435509,759.5157,243.1705,0
632798610,741.4450013864513,321.2901834831466,755.5689,245.589,1
632798627,744.7581892015963,319.8826526544385,765.7838,247.9561,1
632798643,742.1261757994349,320.28638707876144,726.1807,259.2786,1
632798660,740.3863970182781,320.17915304394245,729.2827,255.3842,1
632798677,739.0441274605028,321.1382637375018,730.0755,265.839,1
632798693,736.5628098290692,326.60206050108275,716.2376,315.9413,1
632798710,737.3105238700828,327.3424087326853,747.6608,270.4177,1
632798727,737.7106004011779,328.364737296342,744.6512,274.9866,1
632798743,741.7469276996837,325.52456743791026,789.5656,226.9712,1
632798760,739.8403835527649,322.72164467322244,718.7603,222.2451,1
632798777,736.8310843351848,321.96362259796894,701.7797,247.711,1
632798793,734.2818534513221,315.8501238143057,705.327,167.1585,1
632798810,721.6493372626283,129.35276547698848,724.8607,50.5562,0
632798826,753.7366481884958,66.55067670973907,757.2261,-16.1812,0
632798843,762.8634059872534,66.9853708281471,775.4171,-14.8595,0
632798860,766.3421480193,71.60698042252349,776.585,-0.4786,0
632798876,766.0801327474658,73.28966765781428,768.6097,-3.4231,0
632798893,766.0613466813534,71.22368346029577,769.3861,-19.7387,0
632798910,762.0465309304572,73.706395292454,745.8472,4.2041,1
632798926,763.0260027148829,81.41674135287882,772.036,47.6983,1
632798943,760.5598166968746,83.36070299583082,747.6028,14.5262,1
632798960,760.2739436615955,85.48575125893797,761.8556,20.1099,1
632798976,763.8683311964722,85.20220905168885,797.5678,0.5894,1
632798993,763.624541824274,86.36449758544995,764.4407,15.1541,1
632799009,763.4366048413825,87.38716586936592,764.6858,15.4919,1
632799026,762.2636028072668,94.43216233709846,752.7162,91.4026,1
632799043,767.4216346921555,94.84869667769901,828.4622,16.5862,1
632799059,771.8030236383917,94.1961863109975,825.0209,2.6741,1
632799076,774.2249587034682,96.03810639825267,803.9061,37.4441,1
632799093,775.4003039108293,96.17073292164727,789.5751,14.1226,1
632799109,780.0687942166771,94.71349902215269,841.1425,-8.7474,1
632799126,781.0861551945677,93.51494886944171,791.8643,-6.7484,1
632799143,787.1978309106123,91.14018817078522,870.4961,-24.9841,1
632799192,917.8104409814474,57.50454665452272,921.0375,-22.387,0
632799209,934.9141939252144,35.14283886586635,955.3777,-69.6099,0
632799226,947.5598952131568,43.66860196653714,975.7098,-17.7586,0
632799242,944.9886370305093,48.378306429104484,940.2543,-16.8019,0
632799259,932.6406543315297,36.508905345613044,887.644,-95.8305,0
632799292,930.7778374382121,43.737996227522885,934.0546,-36.8894,0
632799326,937.9961764631579,24.217933474727822,948.656,-78.4407,0
632799343,954.8464793054723,30.024900388608124,991.4753,-37.8868,0
632799359,974.377949418094,15.410288411110294,1035.4623,-111.6429,0
632799375,975.82002433714,14.509736346120096,983.9684,-70.5198,0
632799409,957.1170045491665,70.56822059446809,960.199,-7.5222,0
632799425,922.3328826557444,75.28493607068825,925.4554,-3.2017,0
632799442,932.3868011787858,59.24836813668476,945.6724,-37.1618,0
632799459,949.2588082027829,50.077625780262245,985.9794,-48.4518,0
632799475,937.6578680884744,49.34846679457336,906.2708,-33.547,0
632799492,934.8346288706488,48.77703940490999,927.0771,-33.7843,0
632799509,947.4557504853267,59.50154503476682,1011.78,37.9684,1
632799525,978.5586897045107,61.84407274904796,1160.1263,1.3403,1
632799542,1246.7345723557103,98.88305530085432,1249.1144,29.0646,0
632799558,1293.1255329050423,89.18644305609345,1295.4697,19.6458,0
632799575,1288.6901255697,84.27751625507598,1286.6799,8.9296,0
632799592,1289.1787174443507,67.7438194979566,1292.8147,-38.6859,0
632799608,1280.6324788472855,83.617366254604,1257.5016,63.6741,0
632799625,1278.5925856357312,83.9464415988814,1273.2649,14.7092,0
632799642,1276.9783580313679,83.78603704495696,1271.9159,12.2697,1
632799658,1270.5171671574317,83.83509089044142,1236.1582,12.7171,1
632799675,1267.8920314811378,85.38103497180978,1253.9006,25.5053,1
632799692,1263.3044226624327,87.75135596680424,1232.6406,35.4425,1
632799708,1263.5924858137814,84.6417074412817,1270.636,-14.3684,1
632799725,1264.923912205112,83.17814576845502,1281.4326,-1.5092,1
632799741,1262.1498670803542,82.18071255249394,1238.9059,0.6694,1
632799758,1265.2611549343958,84.08659608993383,1302.3885,36.4315,1
632799775,1265.9130870545782,86.16093633984967,1276.452,40.7777,1
632799791,1264.8812478502496,85.57136519194785,1255.8378,6.5679,1
632799825,1266.4725984278198,88.85681860350344,1289.1947,62.112,1
632799841,1264.5597820865426,91.49004029338026,1242.3303,55.2369,1
632799858,1263.0230676022975,94.21376614658186,1245.7168,59.6481,1
632799875,1263.3651293806338,94.84612798628172,1272.0613,29.9329,1
632799891,1264.2206790684738,97.55623763515317,1279.7742,64.8705,1
632799908,1265.9635583550646,98.977984064942,1294.1226,46.2885,1
632799925,1266.1453256446036,101.98373776282052,1270.3447,74.3357,1
632799941,1267.7760073926584,105.48348321133149,1293.7405,86.0207,1
632799958,1269.7378567304918,109.69460912509258,1300.0044,101.5662,1
632799974,1266.420314921282,115.52192666070455,1213.23,131.8297,1
632799991,1262.202056672745,116.21543464814233,1197.2762,42.6717,1
632800009,1262.6688627034284,119.23936051515341,1275.0146,88.8206,1
632800025,1260.8992677975689,116.2862613358635,1237.163,-19.4563,1
632800059,1260.826804194399,118.1527725165755,1265.2952,71.5435,1
632800075,1260.7493242477601,120.31447110286675,1264.8352,79.1442,1
632800092,1266.0374367094462,123.40534865246386,1361.0337,97.1532,1
632800108,1493.883277692835,365.3591474552077,1494.3561,320.429,0
632800125,1433.129358026636,543.048893607081,1432.7584,509.8949,0
632800142,1467.6191408103996,535.0932842477364,1501.6053,494.3067,0
632800158,1452.6145522954837,545.3713472104755,1422.1465,534.1354,0
632800175,1447.101790342825,534.0125225850635,1430.6782,463.868,0
632800192,1437.2752070149495,545.9736055351927,1398.353,562.9435,0
632800208,1442.0479145868057,541.9260403644525,1465.6377,487.8656,1
632800225,1443.244284987462,548.948468476327,1449.8293,560.0697,1
632800242,1443.5553027672104,546.9340433104022,1445.4817,499.1182,1
632800258,1447.3154401161428,545.5268380736788,1475.28,501.6172,1
632800275,1447.6056080355197,546.3823867755226,1449.0687,521.2339,1
632800291,1446.4574234592255,548.6601260276323,1434.9564,537.8137,1
632800308,1444.3687926542805,551.7971359738935,1423.0316,551.2336,1
632800325,1438.953721099691,603.0278108426529,1438.248,574.4115,0
632800358,1454.4757055332627,537.3158020860866,1454.0952,504.1961,0
632800375,1432.240558294328,556.1643546037723,1409.5625,543.6664,0
632800391,1439.3351324634307,566.0986921953172,1452.9067,556.1697,0
632800408,1437.3632048142244,553.9650197815444,1431.2893,482.6997,0
632800424,1440.426904416582,547.6817734438471,1452.2113,488.9435,0
632800441,1443.3385281593685,538.8810143641716,1457.241,460.4587,1
632800458,1441.03292069064,537.1886074538975,1427.1355,494.1307,1
632800474,1442.4225121063662,533.1412198937408,1451.3971,472.0118,1
632800491,1444.3020913345729,534.1443471578596,1457.7515,510.7575,1
632800508,1444.6350626014623,536.3750946016098,1446.3976,524.4907,1
632800524,1433.9992113981857,533.2851213924474,1336.6948,468.1482,1
632800541,1429.0989700031002,539.2796545084416,1382.3527,569.7164,1
632800557,1423.5731840032513,543.0215058312633,1368.261,550.5187,1
632800574,1425.4922119567211,546.3358328951009,1451.2114,552.0059,1
632800591,1424.2636519348675,546.8676536742955,1413.342,517.4795,1
632800607,1425.154138423511,549.9799258180522,1439.6719,555.7909,1
632800624,1426.2214436748727,549.9393081901718,1442.9753,512.6848,1
632800641,1425.6466727896711,551.8513058328165,1420.0571,542.4865,1
632800657,1140.1632734622947,572.3819956327892,1140.1897,535.1262,0
632800674,815.178046160286,556.7453435635323,815.9053,511.3947,0
632800691,742.5145523352778,520.0101825789308,671.4349,429.5176,0
632800707,710.1121283520097,509.4559375812825,647.5016,434.6944,0
632800724,687.9474393637704,503.4070307229489,624.5628,431.1422,0
632800740,682.2606494334282,511.4477157397849,662.5253,493.9094,0
632800757,635.4000679370657,593.1211350843598,636.272,546.6055,0
632800774,696.8044370985425,591.7865408950695,697.5671,546.4848,0
632800790,710.6985886254811,556.0819785864127,725.6523,470.5121,0
632800807,701.4847306704478,540.1882182122474,684.3402,457.0815,0
632800824,681.8862775003792,530.8353780678134,625.232,450.1705,0
632800840,684.2066176772837,529.3603303503091,695.1002,473.9275,0
632800857,680.139750854211,523.8476523462467,662.2262,444.7926,1
632800874,679.2650318902758,521.4464248679533,676.2675,456.8088,1
632800890,683.295352565775,523.7209462054603,711.9995,491.3719,1
632800907,682.0387419999574,527.6254086033346,673.8829,509.5701,1
632800924,682.9452520636056,525.1964594415169,692.1925,453.4256,1
632800940,692.1846136434829,518.6997571124159,777.7833,407.0184,1
632800957,697.1528807953341,511.1667693603883,745.4816,383.7854,1
632800974,702.5850657657732,501.97324990798967,758.0535,351.9386,1
632800990,709.5569196039615,496.16084918576354,783.9678,383.2922,1
632801007,715.2229963196601,492.8497085795189,776.1113,409.2167,1
632801023,717.5427149877228,487.4984820006347,738.7173,374.4451,1
632801040,718.1405361831219,484.27219663886666,717.876,398.6966,1
632801057,722.9861685399985,481.9081970507434,779.9471,408.9216,1
632801073,725.5073243259015,474.69580969465545,751.2514,327.9733,1
632801090,728.3517687516016,468.18294374698263,759.198,331.8812,1
632801107,732.1493734038309,465.1260233586036,776.9579,383.0876,1
632801123,738.3335791170084,460.8599732349046,818.6869,359.3143,1
632801140,739.7879581210883,457.82510078781,747.5697,374.3242,1
632801157,742.9682134812798,456.8103126058673,778.1629,406.5731,1
632801173,752.5061849872156,453.4900111166032,887.3043,364.8597,1
632801190,752.4512215962484,454.4981100206352,731.7701,435.908,1
632801207,756.3062061538901,452.4734129132726,800.8407,379.9585,1
632801240,760.2526967381935,453.34514245822646,805.8164,430.4656,1
632801256,762.9894387030986,452.03906431514383,788.8165,387.6613,1
632801273,766.1693145363945,450.8243916704408,799.8975,387.1852,1
632801290,766.5175586752588,451.21044471807227,746.5713,429.0937,1
632801306,767.4710777134882,445.3574324100659,764.2849,300.9857,1
632801323,775.7056963091359,439.15029352898256,889.9292,293.1262,1
632801340,940.6951902829489,285.44720417537627,942.6486,222.8166,0
632801356,962.047064803504,347.6048204840053,963.6245,290.004,0
632801373,963.5049451240632,325.6515799938481,966.7677,242.9892,0
632801389,977.7571148567126,316.24590479165323,1007.8365,237.3304,0
632801407,981.2821071663062,318.0813323846058,993.1599,265.049,0
632801424,980.0046192858996,314.15986966920093,976.484,238.0495,0
632801440,978.0384870571462,316.84594189347786,969.8871,271.5409,1
632801457,967.2437612160419,314.46499372019696,906.7446,238.6195,1
632801474,969.258745329653,317.79305949609306,985.2429,282.6713,1
632801490,967.594625601882,317.70723357182266,957.5573,257.0146,1
632801507,971.6879518310441,318.8118870609904,1008.2928,269.8544,1
632801524,964.3287392500796,316.1338856543317,899.4776,228.3843,1
632801540,968.0394570346335,312.31321811408344,1008.2279,213.1339,1
632801557,967.1095562311832,312.917803152514,959.7498,261.0225,1
632801574,959.2403624210542,311.6453773139145,874.2697,235.4434,1
632801590,956.6644127267904,303.9258224903995,932.3882,146.4528,1
632801607,955.5167673530514,303.5796189924994,947.7094,242.6801,1
632801640,957.130422142605,302.44828169136605,984.4261,231.067,1
632801657,954.1982634546491,300.7998288497217,920.6439,220.1833,1
632801673,953.55190199545,304.40627903160055,950.9445,302.1947,1
632801690,955.9406095957027,305.51365650906206,996.1353,265.1876,1
632801706,958.2971015440618,301.2377243742823,997.4205,175.9714,1
632801723,954.7693736589378,294.54225535045157,905.7423,129.3511,1
632801740,954.0549688828995,288.4742988782249,948.6265,136.1979,1
632801757,953.0016431168808,280.6687368892661,942.4546,100.9696,1
632801773,952.6085761978488,273.512862647171,952.4447,107.4107,1
632801790,951.6092112481779,265.45873685541113,941.7283,85.8375,1
632801806,952.4326605289873,258.58239976055677,971.767,102.4453,1
632801823,951.8722051631282,250.11640079705737,948.0086,67.3495,1
632801840,949.6645297709573,245.80155908431368,918.611,137.9308,1
632801856,950.031918201989,241.11233978449587,962.4444,126.9,1
