timstamp,smoothx,smoothy,rawx,rawy,fixation
632921227,1058.9969441806222,300.89209396589615,1034.0447,225.5904,1
632921243,1059.5553287089454,296.00532880144783,1066.6138,186.5593,1
632921260,1059.022890246632,295.44419407908254,1054.683,232.3242,1
632921277,803.8509408528307,343.8330897006862,805.7488,282.5744,0
632921294,878.2201574652677,316.5136195843434,880.1244,254.8339,0
632921310,879.4633938455345,338.3914882432363,882.3671,301.8024,0
632921327,852.0317987689575,344.4942123553069,799.3521,296.0499,0
632921344,839.5612051093108,343.8199005552724,804.9095,280.1801,0
632921360,840.8166339186275,339.80806396410674,848.4408,262.0731,0
632921377,837.1511638803408,335.45070120019506,822.0417,251.2027,1
632921393,833.2899033112104,332.6461656317685,813.9481,253.722,1
632921410,827.6945249008468,327.33502027717645,793.9151,227.3088,1
632921427,834.4323879152998,326.47949440480454,888.8226,260.2169,1
632921443,831.904999386576,324.66472958048735,813.6733,247.4392,1
632921460,827.6547819207242,340.9963721124606,791.3073,440.5106,1
632921543,832.7147687049195,354.2791107636919,885.5533,433.1821,1
632921560,825.3897605693277,360.20556564874073,750.4727,359.514,1
632921577,822.63558665832,363.60554758466975,796.3223,336.2347,1
632921593,819.5353798164662,364.7308906919107,788.4183,309.8513,1
632921610,820.6779004742602,369.0578975999677,840.816,358.8167,1
632921627,817.93215788926,375.8328688636531,787.6791,399.7647,1
632921643,819.3360031573924,375.18112637296497,844.5469,294.6695,1
632921660,816.3490009910063,377.0086819697005,780.4304,333.079,1
632921677,817.3683643584494,381.01631959022376,838.0489,372.568,1
632921694,816.6842615603122,383.1090548369175,812.0504,344.5189,1
632921710,816.5065468151715,384.5398731571853,819.1874,336.3125,1
632921726,816.9586011639229,386.39212555520777,828.7109,346.236,1
632921743,814.5252775151242,388.5769615441281,781.2045,353.7014,1
632921760,822.7353337139996,381.7739887602394,957.1508,199.6169,1
632921776,817.8914763042005,380.35295204259705,740.3555,290.6769,1
632921793,814.9278359367,382.79518099628655,770.0131,362.4368,1
632921810,810.8608974445157,386.23694022564047,749.6855,382.2923,1
632921826,809.9881560762552,387.4438826363629,803.3922,344.04,1
632921843,808.8939655799733,388.6083800745593,798.6216,344.6227,1
632921860,614.5803924372764,427.3699262950798,616.3864,368.2135,0
632921876,612.6984107624967,445.4698543680631,614.4103,387.605,0
632921893,654.1757183314444,400.9339966818516,697.5824,293.8715,0
632921910,667.1850627823017,376.61900076406147,695.0194,263.7658,0
632921926,664.8997133265436,384.24995163845165,659.5533,347.7614,0
632921943,652.6104761893831,387.6912401924651,606.0214,340.2618,0
632921960,657.2509867309963,390.62026482802554,681.9122,345.6266,1
632921976,664.1707201126372,388.7503882958222,705.9888,317.0047,1
632921993,679.7455607609203,377.3922143255485,784.8649,237.0963,1
632922010,674.5125357712869,382.6544412171014,634.2728,364.7143,1
632922027,673.5782712508358,386.2873933304638,665.7981,358.3259,1
632922043,663.3855835920498,383.49812482470173,571.4603,292.784,1
632922059,657.2388339960361,389.1510302638048,599.6201,387.0551,1
632922076,654.843824624353,398.1619842245678,633.8444,437.8588,1
632922092,654.4403373684582,400.62218525598064,655.1254,365.5944,1
632922109,655.124139990913,403.9768394511546,668.2488,381.6407,1
632922126,657.4647287939346,408.37715213651086,690.8055,401.5681,1
632922142,658.3223116070217,410.79623219488246,672.7154,377.1779,1
632922160,658.1437719420916,410.98132796318214,658.7319,345.6239,1
632922177,655.1904531492233,413.68332287792447,617.3011,385.5322,1
632922194,650.2675210231696,416.42656936195647,584.8474,388.6473,1
632922210,643.3996993581238,412.8886409963884,551.2123,286.2272,1
632922227,636.0950739080491,408.66975118694864,539.1828,272.731,1
632922243,632.8893878437618,408.2425815184377,599.6224,337.7663,1
632922260,629.4213651076388,411.38413230151957,592.0573,400.7927,1
632922277,626.3198624960608,413.177732945637,595.1648,378.9507,1
632922293,623.1166761157166,414.17630434445255,590.5818,365.9641,1
632922310,621.6696241757154,413.1929778698524,617.5878,331.4353,1
632922326,620.0560144007712,415.51845018096685,612.002,392.6782,1
632922342,619.3755891159251,415.8825958508386,625.8496,357.8859,1
632922359,618.4314105364126,417.1633348132792,618.9852,375.6949,1
632922376,616.3667538452195,416.35912595302335,596.9992,340.1285,1
632922392,544.1142990890185,429.43900870347375,546.0428,368.9291,0
632922409,630.9926155567853,405.2642560186096,632.8868,344.832,0
632922425,672.726609657026,372.6605499732876,716.4418,276.6972,0
632922442,676.7262745821733,357.57451025589734,686.6746,262.7666,0
632922459,683.2319599660389,344.001680273281,704.5557,237.8038,0
632922475,699.6021016935442,335.5325383056754,765.5878,237.959,0
632922492,698.0722621854786,340.3984928321249,691.3847,303.1118,1
632922509,700.3209668521308,341.2210210124369,714.269,283.7542,1
632922525,698.8016668141049,341.9031916566044,689.515,283.5999,1
632922542,697.7461657370643,342.88537684659696,690.8925,287.5822,1
632922559,698.7746174952513,337.97556315297277,708.8967,230.6957,1
632922575,697.0703309650228,335.9274778604163,682.9276,252.8211,1
632922592,694.1071460260923,333.4512922704336,666.8956,244.1259,1
632922609,699.8551269476036,336.4673486326611,762.6382,310.2437,1
632922625,1051.1365312197381,336.55843891703984,1052.6046,280.0485,0
632922642,1082.3421299062466,344.36027875701114,1083.7089,289.0912,0
632922659,1101.2815171009374,340.4068708578542,1121.51,281.4217,0
632922675,1106.7490472371396,342.45596839865453,1118.8071,292.1918,0
632922692,1110.523894989661,336.9322410572242,1122.9592,264.3614,0
632922708,1118.4665406823322,336.37269333195485,1150.6462,279.7557,0
632922725,1116.0278697986835,338.34684561306904,1104.8092,293.5845,1
632922742,1121.5837881644445,335.73062678229303,1154.5627,265.1501,1
632922758,1128.1548697196056,333.28813322488884,1172.2446,261.9475,1
632922775,1127.8050409828363,329.44070107676924,1124.8821,243.5816,1
632922792,1129.0853424154611,323.654863374576,1139.6877,217.6636,1
632922808,1125.9386446296048,316.3122678110703,1097.3225,190.0475,1
632922825,1131.0225557452454,319.06703931339115,1181.1792,297.3435,1
632922841,1134.2387896765017,305.10289159492913,1167.9852,94.1763,1
632922858,1134.210845106744,302.4178529057135,1132.3607,220.6768,1
632922875,1133.4391973924448,310.9808772542541,1122.3185,370.7142,1
632922891,1138.8404307646165,312.9241760622911,1204.2905,287.7126,1
632922908,1143.6576354083907,314.1039354016719,1202.2899,278.1369,1
632922925,1161.9233186881231,99.08998285789836,1164.4629,27.4745,0
632922941,1144.0229124889213,318.2142915912299,1145.4138,262.3394,0
632922958,1106.0530846595827,337.55663125848884,1069.5065,302.197,0
632922975,1100.361140259678,351.7589552203998,1090.4033,327.3775,0
632922991,1106.4198357463292,361.50544902404204,1125.6958,339.0892,0
632923008,1114.9232222170026,351.99250691350056,1149.7876,257.9763,0
632923025,1131.3865215244646,282.22824724699996,1132.9956,223.4355,0
632923041,1101.5548648967256,250.21659804845615,1103.3933,188.431,0
632923058,1154.7414789129307,253.594181141998,1209.3932,197.944,0
632923091,1176.6611680920714,191.50807325875815,1222.5491,-4.5479,0
632923108,878.8175255083937,167.3673819510268,0.0,0.0,0
632923124,943.9316736622658,141.75003333679555,1210.5579,-31.9402,0
632923141,1258.1389519974514,45.9751131753905,1260.7827,-27.4926,0
632923158,1223.7492617929136,73.94177746428623,1226.3073,1.797,0
632923174,1199.9295297965305,21.386181301095842,1179.3854,-111.9212,0
632923191,1228.6667372246814,43.78660715764871,1288.2579,18.8284,0
632923207,1262.362668563327,42.99298445174771,1364.4183,-31.0841,0
632923224,1005.3245571803127,53.91356185377584,0.0,0.0,0
632923374,292.2107569004714,65.00055395950501,1175.8375,-109.8485,0
632923391,233.7089139130751,71.24896952783259,0.0,0.0,0
632923440,1129.3484333103338,21.753440639663093,1132.3672,-56.2485,0
632923457,1002.135968357481,82.27283095239372,878.0959,68.1011,0
632923474,921.4891381628613,140.51486999256252,764.3155,187.3308,0
632923524,852.4593980745292,161.13609990068366,652.516,147.5054,0
632923540,834.3993013374909,174.32078497348326,770.0022,153.4631,0
632923591,792.2167601502213,73.50298261014238,795.5957,-7.8951,0
632923608,774.1216924130448,177.753335580745,776.9723,103.6393,0
632923624,781.7723248519412,146.66669986342703,792.5603,37.303,0
632923641,780.8532866724405,97.23416614106412,782.7933,-87.9972,0
632923674,582.7012043327428,96.8772559819809,0.0,0.0,0
632923691,462.21100880716017,96.66436400899073,0.0,0.0,0
632923774,407.04612244319065,31.491246192372373,821.7167,-122.3008,0
632923791,472.07930685916193,19.86087109450122,603.3922,-94.0668,0
632923807,352.5678674542573,39.12113697760077,0.0,0.0,0
632923841,422.9929894750363,23.37936189795163,704.1636,-130.0982,0
632923940,178.85240216957666,148.5194157035205,725.4823,236.0309,0
632923957,270.5337758540821,188.10916185045323,627.1058,276.7119,0
632923974,610.8596887019554,383.2640269166304,612.9108,320.7828,0
632923990,681.9474166274565,399.30735655548335,683.7771,339.5256,0
632924007,696.3966735602538,417.60394714255375,712.3868,379.3779,0
632924024,705.0551943209019,423.2545610660323,723.7532,378.051,0
632924041,697.0864742107293,416.26847126911895,675.1271,335.1248,0
632924057,694.1449248629705,402.2852099000093,684.7494,283.8603,0
632924074,693.1039846972411,399.160283739704,690.1248,323.9675,1
632924090,687.5412973178354,390.9270463318269,657.8513,279.9255,1
632924107,694.0736318926688,385.5064113096165,740.354,289.0262,1
632924124,693.0644143558435,389.00765600917396,687.1343,359.3045,1
632924140,691.7161341262148,396.1738780966359,682.1012,401.9518,1
632924157,689.6809077325826,395.6984488787543,673.4091,330.9328,1
632924174,688.0304335228418,394.94924266140254,674.5304,326.9526,1
632924190,686.9375410918601,396.8911135045576,678.4073,359.1345,1
632924207,686.5357874190163,396.41092994234236,685.424,330.3367,1
632924223,685.0184503958459,399.8277445156709,670.3353,382.8123,1
632924240,687.6360696049554,404.45131068300583,723.4163,405.4556,1
632924257,686.65757599838,407.77943686975266,676.3831,390.5695,1
632924273,687.8630728851562,407.35519340493,706.8524,337.2021,1
632924290,682.4564042614289,415.1531524585368,609.6389,465.5174,1
632924307,679.6735303539526,422.5653316174308,644.7978,467.3308,1
632924323,681.2690347021082,428.1012107490435,710.4322,444.1812,1
632924340,676.953697796275,432.79784455079886,617.5918,433.0645,1
632924357,674.1948106877313,440.94027921811625,639.3478,497.81,1
632924373,669.3494182606134,436.82669219221634,604.1329,287.646,1
632924390,669.6507460444255,436.22567595776735,686.1805,352.0921,1
632924407,669.2853569821856,439.9506046909032,673.7361,431.6739,1
632924423,667.6680680523748,447.9138316427284,650.9663,512.079,1
632924440,666.8978170240748,452.82567848545517,664.2186,461.1247,1
632924456,665.8782987838439,454.6258105520418,658.9111,407.3198,1
632924473,662.9005338029788,458.6804041090663,623.2831,452.0538,1
632924490,663.8838950957945,463.1449890069189,692.5935,458.2149,1
632924506,663.088514687706,466.0776971367438,663.1944,436.9486,1
632924523,658.1857065822236,472.5980923526371,590.7678,505.9526,1
632924540,658.9379320224011,478.32307645475396,682.3369,492.6109,1
632924556,656.9538304604423,482.11431491183714,634.5854,454.9258,1
632924573,656.4224578772764,487.790516437143,658.8267,500.2624,1
632924589,655.6654721581069,491.32018035258307,650.3911,460.4256,1
632924606,652.0353509173242,495.1674670702724,607.7586,471.7062,1
632924623,653.4299360060139,498.75080662531786,687.6139,480.8999,1
632924639,953.1536840004655,435.7972848372282,954.272,384.4956,0
632924656,1206.5689827361286,395.46474190102316,1207.4243,346.6104,0
632924673,1175.413024424646,399.02930543537536,1145.2715,352.9246,0
632924689,1167.3040456116478,399.4558907089754,1152.2805,350.6061,0
632924706,1167.4270206858528,392.0708515181596,1169.1337,318.6135,0
632924723,1169.5049880260333,392.16828056226973,1178.8516,343.0815,0
632924739,1190.3240468563815,349.4548559079832,1191.4585,296.868,0
632924756,1183.6495121392468,324.48346397728216,1184.9314,269.9166,0
632924772,1159.6426728328397,351.42303955269557,1136.7793,326.6619,0
632924789,1178.3439875227741,359.91676329756035,1216.5701,326.6155,0
632924806,1162.7952857744629,359.0072321007531,1117.7759,302.3702,0
632924822,1162.4136805503092,362.41988452172484,1162.2695,324.2986,0
632924839,1160.2824472780005,365.07114599974545,1151.2937,326.2012,1
632924856,1159.9800786484832,366.6469592577349,1159.7506,323.8112,1
632924872,1167.0214540742763,364.6680090699117,1215.4546,298.8181,1
632924889,1163.7750139712798,365.912695650231,1140.0261,323.0333,1
632924906,1167.6790028396204,363.4639525667754,1201.3846,289.6199,1
632924922,1169.8303037903856,361.52225297088034,1189.8416,290.776,1
632924939,1170.379297836965,365.53412957531475,1175.4222,356.5997,1
632924955,1165.940171020655,364.4767842603745,1119.1731,298.7649,1
632924973,1165.9828694940675,368.2042092731547,1167.498,360.8767,1
632924990,1164.85280318195,370.6642478533007,1152.6642,348.184,1
632925006,1164.4365929259245,371.9203201160733,1160.9385,334.2913,1
632925023,1166.1448295402163,371.4564498006766,1189.9818,310.9479,1
632925040,1166.3525422947835,372.49751050376216,1170.0403,333.432,1
632925056,1168.1535325393945,370.80664042670486,1193.9503,291.8443,1
632925073,1168.184715752351,371.58928722890465,1168.4587,330.3616,1
632925090,1167.137401071467,373.8445266174777,1151.7102,355.4143,1
632925106,1165.6210280617565,374.8271290526526,1143.7545,335.4782,1
632925123,1166.5474041821944,374.9788691930026,1182.3038,322.8918,1
632925139,1164.0788568730673,366.2214826733448,1127.9628,165.2211,1
632925156,1159.97808222409,359.64463075156823,1099.4541,199.2465,1
632925173,1161.4439317947633,357.6193293249292,1190.6815,280.1979,1
632925206,1162.2496231193159,357.1122257524386,1179.5325,306.2313,1
632925223,1163.285888054181,358.01998981017766,1183.3439,331.4258,1
632925239,1163.0571974686866,357.37950325967154,1161.7028,301.6307,1
632925256,1163.5362334063234,357.3104482284865,1173.7295,311.5832,1
632925273,1165.84159582534,359.2725186313898,1207.2385,345.9015,1
632925289,1164.8044901555575,357.46814476824136,1144.2751,279.6183,1
632925306,1163.14181709881,359.9658897086124,1141.4919,358.7776,1
632925322,1153.9349679518223,362.4884157811726,999.4551,352.9945,1
632925339,681.8627414659678,458.5766522611721,683.3727,403.1541,0
632925356,622.5180798315934,298.69674032885166,625.0035,230.2422,0
632925372,632.7111869826364,327.11409447012556,645.0188,291.6161,0
632925389,622.2503047664635,380.709027338195,602.9186,432.0293,0
632925422,622.912757386794,415.9120464127759,626.2734,467.157,0
632925439,630.8514960151851,428.3223641024487,663.552,420.4139,0
632925456,625.419682768683,431.65557502346905,600.4373,387.1534,1
632925472,624.7264732907195,441.0504183538912,622.2603,438.3953,1
632925489,629.1393773322128,449.17203726716895,660.014,446.8411,1
632925506,627.9362664270636,446.42450767823306,620.3138,361.8842,1
632925522,422.4358441105377,421.9619987570826,424.6355,358.3019,0
632925539,631.0125085065262,475.811676878591,632.5259,420.5707,0
632925555,609.1155922688791,447.55936672748004,589.1754,359.0513,0
632925572,607.4904221438612,460.69823988347696,605.8754,431.9615,0
632925589,613.5829804031288,466.3311836495202,633.2515,428.2753,0
632925622,611.8069042602173,468.97938152240476,606.3297,423.5907,0
632925638,605.6188024114825,466.31793745117614,577.3037,394.9217,1
632925655,611.7900394440002,471.41903319136463,649.259,447.6855,1
632925672,615.7321375839384,472.2195932218874,643.3125,421.9692,1
632925688,621.0671764230085,459.3089539461715,662.5232,298.6499,1
632925705,628.8689973032074,441.5815221621109,694.6256,228.3237,1
632925722,682.6123006583812,320.3255056819883,684.867,254.7465,0
632925738,583.7195479404937,193.9491785015234,586.8439,116.9583,0
632925755,629.6581947354474,203.27077808729985,678.3297,138.9085,0
632925772,679.8294747508629,235.92036915642475,781.4792,235.8051,0
632925805,721.0553567551127,207.5692189466822,845.3049,46.2925,0
632925822,719.2768478553645,222.66321165753965,712.51,214.4263,0
632925838,712.5512054408789,237.50711646608084,680.1229,242.7681,1
632925855,714.8844336057281,221.0915140436892,730.1077,45.7758,1
632925871,714.848167310413,211.88341744802125,716.0887,73.3769,1
632925888,718.5048245526356,201.67827263796022,747.6135,47.9646,1
632925905,715.9698876840796,209.26957410417094,695.3365,206.8326,1
632925921,701.9461814870568,223.49819672918946,575.3121,288.8993,1
632925938,701.3028569450236,217.7721628656085,700.2,82.2947,1
632925955,699.1471125017684,212.72220134196726,681.8806,81.6562,1
632925971,701.0203304524646,211.67809896144337,727.6837,127.7891,1
632925988,767.2844496974548,202.03024775518904,770.017,129.5564,0
632926005,802.7384835913747,153.31650325329684,805.6667,78.0159,0
632926021,772.6532558455958,231.36470760988152,744.8453,244.1003,0
632926038,866.0831927485061,219.88058721192095,1054.1302,129.876,0
632926054,906.8748615199203,178.0612962929614,1029.5867,-23.9667,0
632926071,916.8537714713613,193.5475902150554,955.655,190.7988,0
632926088,974.281976971543,255.74248206359786,976.332,191.6439,0
632926104,951.0531480786349,275.90712982644953,953.0384,212.7959,0
632926121,954.2620897231843,256.9443364917779,959.6404,172.2686,0
632926138,1017.7958844190218,270.596612047626,1145.5413,240.449,0
632926154,1043.062088554322,288.7133954464656,1118.3035,287.6311,0
632926171,1069.4507964236639,298.72860408310225,1172.543,283.5016,0
632926188,1089.8613716898706,311.3946092417361,1187.176,320.8311,1
632926204,1098.9866761099315,319.9723704442441,1148.4586,315.3164,1
632926221,1111.7058993574674,324.06663090585863,1192.4324,295.8893,1
632926237,1121.8546562751828,315.6745572922729,1193.1935,189.5393,1
632926254,1129.8095690189386,303.82086646509504,1190.0667,140.1547,1
632926271,1131.3505942257516,309.02771934530546,1137.5598,304.0647,1
632926287,1141.2425495823773,309.74888424699134,1230.9138,262.2987,1
632926304,1145.474970381951,311.4891941786436,1180.347,275.0024,1
632926321,1146.5843944592018,312.21545025862355,1148.8931,263.6491,1
632926337,1148.4493099886815,312.8784195593798,1160.8378,264.125,1
632926354,1202.9369723828374,400.5005201988235,1203.772,351.9391,0
632926372,1184.8199025562672,388.4376302428729,1185.7544,338.6015,0
632926388,1175.12951760071,399.9058663881221,1166.3116,362.7806,0
632926405,1175.743633185109,386.5007850260434,1178.1166,307.6928,0
632926422,1178.341165780845,379.70193752921494,1187.1685,307.767,0
632926438,1180.187163278826,379.5900264908716,1188.3694,329.0574,0
632926455,1171.0774807264897,372.5301463332019,1127.963,283.7915,1
632926472,1171.013634116486,358.9997708171712,1172.7168,223.7234,1
632926488,1175.4634474941759,351.28699049720007,1206.9766,246.364,1
632926505,1166.3536233408736,346.3687334971477,1099.3981,255.2652,1
632926521,1168.8847420069021,344.14860465270533,1192.6078,275.4069,1
632926538,1158.7017687666737,346.0091937075906,1068.2087,313.0138,1
632926555,1150.51183810841,346.67696256425296,1074.5676,302.0047,1
632926571,1143.4258002906265,347.3074840075141,1075.5417,302.3135,1
632926588,1135.4818032888188,347.80241507806664,1055.4208,300.7388,1
632926605,1133.0860913416525,349.62416324945116,1115.7675,320.626,1
632926621,1127.774777221528,349.46860195170325,1073.6504,293.4054,1
632926638,1125.3499036392618,351.9932538458589,1106.9271,333.618,1
632926654,1124.6573638238585,351.5251919181472,1128.5974,290.4902,1
632926671,1121.0161430772566,353.0604351462738,1083.2622,320.7435,1
632926688,1122.7709343313318,352.1456483236342,1161.0603,283.7665,1
632926704,1121.299587877659,354.56255316825167,1110.8379,337.512,1
632926721,1119.9356508482172,353.2933829674519,1110.6661,276.4996,1
632926738,1119.3487647612892,352.31640899007635,1121.1194,281.0583,1
632926754,1118.0981949650318,352.39094679400574,1108.5952,298.8084,1
632926771,1116.220968852056,352.1194370892591,1096.3845,292.4398,1
632926788,1112.5664528256484,352.7152847991159,1064.3855,307.368,1
632926804,1114.8409655845837,346.97122845733026,1162.9966,193.9004,1
632926821,1114.075081418568,342.5186155939375,1110.1755,214.4939,1
632926838,1110.1006529151766,344.0768846016853,1052.7898,323.1913,1
632926871,1107.1565070635688,345.3439640747644,1068.5466,317.8952,1
632926887,1104.8187367668486,343.76238942407326,1085.4449,269.2608,1
632926904,1103.6366173048725,345.4712143151398,1100.7019,332.4745,1
632926920,1102.9237176483352,347.51906731497445,1107.833,331.9985,1
632926937,1104.0109438382333,349.402270002329,1137.8696,329.2739,1
632926954,1101.9423963098145,348.3973151036822,1081.2778,276.0945,1
632926971,884.1903418792868,372.350491142283,885.7819,314.9068,0
632926987,758.5795692761055,308.4068982847322,760.7545,243.5742,0
632927004,766.3543552134016,310.6745156036373,776.2303,248.7687,0
632927020,776.8887718933406,310.56981894292164,799.8745,246.4984,0
632927037,771.6435634548818,306.4270243014018,758.153,228.1954,0
632927054,763.4571523523474,308.06065051228563,733.4856,249.6251,0
632927070,762.7694240244342,304.8878960820504,762.0688,223.2922,1
632927087,758.1606711124874,302.3104256166276,734.2935,220.7604,1
632927104,760.3944039160633,309.59127290055966,777.9957,297.8074,1
632927120,768.5206139760618,308.9050252904927,832.1245,239.6078,1
632927137,768.3487151795076,312.9862997199156,768.0367,284.7421,1
632927154,768.1652800395505,315.47146202000664,767.7238,274.3415,1
632927170,768.0540863189447,316.01196779369155,768.3522,255.7845,1
632927187,766.8179394619456,319.23549582904246,755.1205,289.6071,1
632927203,766.2289099096355,322.4756713009715,761.3499,294.6715,1
632927220,762.9870268475645,323.56257044908585,726.9321,268.902,1
632927237,767.4183073982458,324.15089388611585,825.3962,265.4897,1
632927253,769.3806698257602,325.32562563579467,795.8748,274.5806,1
632927270,770.9392388270201,322.3078675783588,792.3981,211.5551,1
632927287,774.8942631493073,314.53013883012517,829.6627,134.2695,1
632927303,772.6503633814978,315.17056436572415,738.5657,262.8238,1
632927336,773.1913027008991,316.48853008622206,780.3203,275.5117,1
632927353,772.0719802048412,318.9343828770234,754.5551,295.1097,1
632927370,768.5522107172712,320.5846663084332,715.5007,282.1109,1
632927386,766.9647752446712,317.98618227666606,745.7784,208.9903,1
632927403,767.2175155058445,315.58878159125277,775.566,212.0056,1
632927420,768.0862687865238,317.8872942635073,785.5419,296.0128,1
632927436,731.6528596393231,547.6932647295833,732.5874,499.8918,0
632927453,746.4112653331797,498.37316161008346,747.584,447.2581,0
632927470,711.8968331628288,468.9752559893811,679.0908,382.7433,0
632927486,711.6510261139151,464.4097376256886,712.8079,400.4654,0
632927503,720.4025550915043,498.0810138073082,747.1571,554.3447,0
632927520,724.6569052868603,516.4389370865823,741.9628,543.0365,0
632927536,721.6311601834959,520.1435102613449,707.6593,487.3123,1
632927553,696.3098716352638,524.5423149678087,551.2816,496.3848,1
632927569,693.6627233710236,519.3308380433615,679.8942,428.6187,1
632927586,701.5387643650399,526.4460103681952,764.1046,533.5099,1
632927619,706.9268069854248,532.8795040964143,753.7681,539.1608,1
632927636,712.4941553672904,532.9143748053818,764.2466,481.0643,1
632927652,717.9042032717873,539.8228494002769,770.3994,561.4147,1
632927669,721.600225931749,544.3830356348494,758.4244,542.854,1
632927686,722.1482788362598,544.533736298317,725.4451,491.4142,1
632927702,720.3080691441503,548.1987850562209,695.6099,539.6873,1
632927719,713.595345626185,549.0713220720805,628.9976,503.3482,1
632927736,712.768487299157,551.129826426444,703.3478,524.2355,1
632927752,714.7797791556152,553.4786252144762,743.1563,532.428,1
632927769,717.1665226525779,558.2063600573085,750.3347,573.3843,1
632927787,718.1440934060071,562.9897137906166,731.0119,578.9507,1
632927803,720.7565275722245,566.561761132487,757.3389,564.2373,1
632927820,723.2769393706175,569.2911754524241,757.927,553.7817,1
632927837,724.5451593398068,570.7575786117806,739.7101,534.7139,1
632927853,724.7130389158168,572.6402640270502,722.7925,544.0999,1
632927870,726.893850221699,576.3227111425217,756.6439,579.5729,1
632927886,728.5122581014523,577.7749720427886,748.8727,542.4935,1
632927903,733.7516527410273,575.5805789288706,812.0027,479.6273,1
632927920,944.9843916913837,369.87424094444185,946.474,313.5474,0
632927936,981.0641711400466,294.583268423536,982.8917,233.4875,0
632927953,972.5342447569531,310.06425132782283,965.7189,266.3212,0
632927970,983.9162121353404,299.7769747397914,1008.4407,217.5761,0
632927986,977.9037542660715,296.24670535180843,961.8644,223.6704,0
632928003,979.1409131260515,291.5427826066626,985.9858,210.6636,0
632928020,978.0709592147629,286.64679079333763,974.8719,199.6713,1
632928036,981.3706773909304,285.32373233779265,1002.3746,216.5683,1
632928053,980.2642306631012,289.0760786694434,974.369,255.1366,1
632928069,976.1627027622908,288.8262991149857,947.1982,224.882,1
632928086,975.5998383163576,291.0502862633838,973.2516,249.7244,1
632928103,972.530711468439,292.0683582237201,947.1443,239.8199,1
632928119,975.0093710582701,292.98700065753775,1002.4961,241.4692,1
632928136,975.6590084740154,289.7084534880686,985.142,190.5697,1
632928153,971.3529101088691,286.8679683997935,925.7474,190.3676,1
632928169,973.1957975531932,288.534003196849,998.4972,249.9286,1
632928186,973.9981168961491,289.73787846429536,986.6708,245.0367,1
632928203,971.5256101474545,291.958144770515,942.0486,260.5373,1
632928219,970.4642792680256,292.15866887597946,959.8729,232.16,1
632928236,970.8275960897222,290.7741759878786,979.903,207.6848,1
632928253,970.8444204157992,290.88394008155524,974.6517,230.7451,1
632928269,971.8080152382685,292.5083280294408,989.049,256.4267,1
632928286,972.3683577613579,293.2271629699417,983.2208,242.1052,1
632928302,972.9330193796058,292.5398681462443,983.6348,218.3152,1
632928319,974.5609739290624,292.42251657817326,1001.2291,228.4719,1
632928336,974.5121469686196,294.4542646200248,973.9493,266.3405,1
632928352,972.3651069572788,293.5524014984368,938.9662,213.6206,1
632928369,815.2377891448261,182.07181180928467,817.9871,109.1541,0
632928386,763.1551028108047,145.86835591938225,766.1986,69.1739,0
632928402,751.721813579749,181.99805306847554,743.015,146.1634,0
632928419,760.7026401148322,171.7318347757492,781.5938,75.1709,0
632928436,760.1823885845428,170.20052479183818,761.5068,90.2978,0
632928452,761.4542311384321,170.3543309618678,769.2856,96.2033,0
632928469,772.4842547059502,165.59288601421622,828.9411,66.8517,1
632928486,766.2814731216428,168.57295509500827,732.4283,111.6975,1
632928502,762.0170241243047,174.97259494265265,736.0693,145.5823,1
632928519,762.8982944160058,159.48270450689265,773.4089,-41.7519,1
632928536,760.5924943730356,148.4164277142892,745.1227,-25.4732,1
632928552,760.370372185099,152.12192487807968,761.7881,116.2263,1
632928585,764.8313762329474,153.35264580314185,812.1684,94.2813,1
632928602,767.46224532799,155.57212100196185,797.3142,107.8808,1
632928618,770.6125688176586,158.11937836563283,807.1022,115.358,1
632928635,771.6972462799948,157.3819598852595,784.9563,73.0649,1
632928652,778.3371070579841,159.72879924067766,860.1154,117.833,1
632928668,779.3252186401244,156.95647204478902,789.5964,42.7218,1
632928685,780.7764626037912,159.08560119192208,797.222,115.3585,1
632928702,780.5977821866065,159.80051606691697,775.0382,94.4082,1
632928718,779.9749171971912,163.69450702659347,768.4018,146.6724,1
632928735,780.8657890958707,167.37831735881312,791.9214,146.8525,1
632928752,781.2132782948003,157.04510617700956,785.6129,-89.0736,1
632928768,779.2794845705339,149.03612556312092,749.4048,-56.0397,1
632928785,782.0041624376846,152.44712436716787,824.1807,141.8583,1
632928801,781.7478650073624,155.48367279919526,776.4758,135.4037,1
632928818,781.0547543366424,157.22607770809304,769.6627,112.9187,1
632928835,781.7161558978504,157.4200708815411,793.0359,85.6566,1
632928852,662.1424209277448,358.4099665552299,664.2304,295.1958,0
632928868,665.6495773992774,655.3635841033713,666.1282,614.0741,0
632928885,690.7194941323049,710.0709404767501,715.5193,732.4598,0
632928902,681.9295710929889,725.44010645833,664.274,721.7716,0
632928918,686.7702235575283,726.5463723822226,701.1407,694.2328,0
632928935,694.495490859459,718.9523628086123,724.8651,651.0436,0
632928951,745.5343922091649,709.9273192339022,745.567,674.3596,0
632928968,677.1538503782439,723.2237342895287,677.2444,687.1732,0
632928985,702.6203093045748,740.2241784705175,727.8328,724.7163,0
632929001,708.622386754462,728.7538111659085,720.5233,669.4698,0
632929018,751.8143592021895,731.6526838493985,879.2582,709.8706,0
632929035,740.7052826735286,735.1165904178118,695.5215,714.931,0
632929051,736.0062186360514,736.3856252400724,712.1597,708.4954,1
632929068,727.1884272297208,733.9462340036422,675.8406,683.2535,1
632929084,723.1195630405301,737.1059844845644,696.2781,725.0682,1
632929101,720.8156866457243,732.9174078617567,704.6018,663.9606,1
632929118,720.2226732547279,736.0137515518579,716.3798,729.7191,1
632929134,719.20281783004,737.4180184419289,711.1735,716.4919,1
632929151,717.8435325709213,740.4368399417438,705.8191,737.4236,1
632929168,716.5604843091135,741.0641024605637,704.8229,712.4332,1
632929185,715.1523589700968,742.7956823569424,701.4121,727.7745,1
632929202,714.7818765942746,746.8386208776344,712.5812,762.1464,1
632929219,712.5564737553218,748.8060134110411,687.391,737.0634,1
632929235,711.2692899561634,748.1126364781782,697.9658,700.2252,1
632929252,704.0009381540748,747.2853207587818,610.823,695.9003,1
632929268,704.1429536956244,757.9105831433347,712.2797,879.3198,1
632929285,703.9433383547636,763.9254749453065,706.972,813.9105,1
632929302,703.1914645328336,770.8647515441456,697.5597,834.7853,1
632929318,701.6496311554349,777.0330372898579,683.9631,827.5428,1
632929335,701.0849110065312,784.713200595373,697.9626,859.5879,1
632929352,700.2985076101313,791.4553216587273,693.3555,849.344,1
632929368,694.714183246705,794.3398084128639,612.8676,784.5323,1
632929385,687.0106101492972,795.8107850059987,574.1043,762.1511,1
632929401,681.0765868962947,798.7998493690052,599.9025,793.8788,1
632929418,678.2480887177343,804.9265858448961,649.2394,856.7773,1
632929435,631.1127927031301,802.0566455588855,630.8652,770.8228,0
632929451,635.6678824024646,842.3833849589977,635.194,814.2141,0
632929468,613.7361293850906,847.3762509958581,591.4156,823.9847,0
632929485,643.9995969065657,836.4192883607867,703.7988,785.8726,0
632929501,646.9061916742393,856.982263639202,654.2565,895.9011,0
632929535,657.5223927814965,873.5769823738207,697.6481,918.4586,0
632929551,658.1292102155668,874.4230616426506,659.4326,852.1747,1
632929568,658.297824782172,873.884766256506,657.6572,843.7769,1
632929585,664.4582698749069,875.5634150270722,703.7051,862.0145,1
632929601,664.8739310622364,872.6123699891224,665.7369,822.0769,1
632929618,650.1572753460172,877.8112079466459,525.3525,895.4894,1
632929634,637.9673229017158,885.2168772558533,527.6351,928.3127,1
632929651,630.791375455634,890.9169072627196,563.6675,921.2585,1
632929668,619.6017486366208,894.5480312385629,507.3073,903.3276,1
632929684,605.7541860073572,897.1982265657506,459.9095,895.0031,1
632929701,597.6026567571975,900.7431731473994,514.7445,912.4164,1
632929718,591.7597374606461,904.0529899445424,535.1795,914.4045,1
632929734,585.8645400618881,902.456712489398,527.3934,845.6608,1
632929751,581.5632985789406,904.4424144938857,542.7247,900.185,1
632929767,577.6240167577588,910.3511283074804,542.2047,965.0809,1
632929801,571.9311353918229,909.2981518542597,511.0817,857.054,1
632929817,565.6854862345835,912.3178230249094,495.8467,924.8327,1
632929834,558.4158057261861,910.5221845410626,473.4869,845.5573,1
632929867,777.994150325466,842.5135678111126,777.2496,817.3951,0
632930000,784.2949000213168,307.49044358371333,786.426,243.1398,0
632930017,766.8008056019735,274.85999543874,751.9004,172.4196,0
632930033,772.22890495424,275.6202669025625,785.4007,210.6985,0
632930050,770.3512404924841,296.7790344103444,766.6767,298.728,0
632930067,772.4852669969326,300.64749446148795,783.0166,251.4988,0
632930083,768.7943260399843,304.79042724718124,770.9694,239.9099,0
632930100,854.7956997038751,385.8601613403116,856.3701,328.7824,0
632930117,857.6862738907756,385.7288566845872,862.1342,328.6242,0
632930133,851.9919988596013,394.49753607709664,842.1217,356.4621,0
632930150,845.3247355721281,391.1778630175383,827.285,323.1613,0
632930167,830.3143725403311,390.938609747937,773.3844,331.4182,0
632930183,822.9916579298791,399.9387546123277,789.7722,389.4474,1
632930200,818.4000153658179,397.7277538236019,795.0873,325.7835,1
632930217,822.382267507672,398.41303781057866,852.2963,346.6132,1
632930233,823.5840871100452,396.51203252996015,835.5459,323.9188,1
632930250,821.8351051737243,393.869072931453,810.0485,312.6113,1
632930267,808.3756871083812,380.10474884103496,689.8563,185.0474,1
632930416,635.7643406349764,58.83605678535982,1910.4358,-80.6103,0
632930466,476.63970634830605,68.24736329789133,0.0,0.0,0
632930516,379.83959497316647,73.97253893747002,0.0,0.0,0
632930750,553.5137710304136,194.08213491655872,556.6947,116.4556,0
632930767,541.0363573097949,123.85131211975276,544.62,40.7906,0
632930783,547.0549435528849,101.51919568140835,556.8599,-6.842,0
632930800,551.616520167504,103.69148714027602,564.2823,24.3227,0
632930816,545.788505960643,108.77572423192849,532.0189,40.6018,0
632930833,545.1048620999672,123.79343461145959,545.7636,103.9535,0
632930850,548.8691377936183,121.40988035866226,570.8983,25.4117,1
632930866,538.5649161763449,127.56562429373125,482.3842,80.9504,1
632930883,541.9742693503558,115.05649057749359,569.584,-58.8373,1
632930900,547.4840376991709,98.51395155647641,593.5378,-118.19,1
632930916,548.2390979710561,84.23384268950147,558.3843,-125.5789,1
632930933,389.90645201912906,258.8222535117297,393.0483,182.4633,0
632930950,465.74440092846277,236.82899841244588,468.8611,160.4723,0
632930966,458.9717451634294,202.71668861606418,455.7265,87.032,0
632930983,437.7368440253304,170.41768661950826,399.5247,18.9496,0
632931000,440.3474108138356,201.88150714076974,451.2717,223.4302,0
632931016,440.34900049201894,213.73713993942087,443.663,184.7763,0
632931033,423.39541552308145,195.6669998726498,345.2665,18.3375,1
632931049,423.84240627219367,197.842757100079,431.2342,131.7885,1
632931066,416.3666968023241,214.12365589272693,370.8207,250.6173,1
632931083,421.1402165097612,201.75885277033387,463.1076,20.9744,1
632931099,422.61528793378005,199.21556736672778,439.7821,96.9525,1
632931116,424.0152611258865,198.42213323524473,441.1732,111.6555,1
632931133,426.7961081982041,209.7007362962832,457.3974,251.0762,1
632931149,429.0162641507823,217.9541151642829,454.8956,230.6647,1
632931166,772.0936248043608,200.9654335883684,774.8228,128.516,0
632931183,1162.4702944514688,50.83088243618191,1165.2693,-24.3238,0
632931199,578.1080652885022,73.80458166779593,0.0,0.0,0
632931216,382.0004985518257,81.514434595468,0.0,0.0,0
632931266,282.9664634419572,85.40782685250264,0.0,0.0,0
632931299,502.17787324853816,80.07321955168405,1373.5388,-11.3135,0
632931316,1372.260537707535,57.6144372784692,1374.625,-12.5583,0
632931365,686.2893579848263,83.47519540308808,1377.8734,1.0934,0
632931382,912.0713574345205,71.69765590447331,1359.7119,-22.8149,0
632931399,1033.9854685906932,65.65071761954447,1390.9548,-22.5663,0
632931415,1098.40550968929,62.21349497829485,1343.3787,-22.3239,0
632931432,1377.2973278788743,53.5634788459774,1379.6741,-16.7997,0
632931449,1343.0972525923187,46.596030944740924,1345.5765,-25.0106,0
632931465,1359.8058468571435,50.3204584081306,1378.8475,-16.3107,0
632931482,1367.4374341782293,47.22839872783914,1384.9531,-30.1067,0
632931499,1380.4828156066433,50.73707676312549,1421.2156,-7.7461,0
632931515,1385.2513773512499,61.57922069538208,1405.4385,37.9623,0
632931532,1386.4175265514084,66.05143816560388,1393.4541,19.5998,1
632931549,1385.2897064127385,73.11425776364327,1379.9727,47.0073,1
632931565,1391.6530169927473,67.0630330252165,1435.7324,-46.0708,1
632931582,1392.737468958598,60.169578313599594,1401.9583,-65.5802,1
632931599,1394.7744460620759,64.1000493755447,1412.1951,30.8064,1
632931615,1395.305958776677,62.47040092394858,1400.5901,-23.0611,1
632931632,1402.1615134791505,63.017179169892124,1469.7471,1.1492,1
632931649,1404.3966021940091,61.35874651061724,1426.5503,-26.2084,1
632931665,1404.9431597054604,61.177317137400046,1409.157,-9.6211,1
632931682,1405.9124297911032,54.77237878158634,1415.9543,-95.114,1
632931914,1222.1062084371933,234.5196255589512,1223.8007,174.155,0
632931931,990.1453657983251,473.2088166457512,990.9916,425.4503,0
632931948,946.3156568971311,543.3434889685242,902.8539,573.978,0
632931964,925.2067338206273,574.2331926368937,883.6525,597.1516,0
632931981,920.0791989123212,590.8699327801805,905.5247,602.0337,0
632931999,922.0967857421929,610.0948577138619,930.5118,650.7524,0
632932015,933.9963821783867,668.9083131704871,933.8929,634.3495,0
632932032,945.4725709642474,674.2853487498105,945.3183,640.3674,0
632932049,963.8536869206456,657.378387842651,982.1464,604.8962,0
632932065,957.1857034159561,673.0837731625202,943.5276,672.6423,0
632932082,966.5657635073294,672.5405122788534,994.1547,637.646,0
632932098,946.2446333225608,650.8837337490958,866.8034,522.1586,0
632932115,943.5430651893104,625.232471767118,931.9484,454.4882,1
632932132,930.1927202774302,620.540757591624,854.4501,554.6095,1
632932148,927.6571478853393,601.5931929414463,913.9625,429.5972,1
632932165,918.3383081814778,585.0726912292658,851.9995,415.3429,1
632932182,788.4074502681823,398.1400039788826,790.0415,340.5472,0
632932198,860.6557952790012,395.2503180015683,862.1684,338.9887,0
632932215,870.4568615148631,457.7416948632547,881.0347,473.415,0
632932232,869.1735111046944,438.9324920271587,868.0425,345.5417,0
632932248,862.888849435968,462.01116278456624,845.0422,483.7351,0
632932265,867.2803204756927,471.5979342757003,885.5303,461.0931,0
