timstamp,smoothx,smoothy,rawx,rawy,fixation
632991850,947.2261526405714,509.69032148809805,926.8199,481.591,1
632991866,948.1148734871313,511.84610914745673,956.1505,503.6093,1
632991883,950.1641656905672,512.5140713013013,980.6696,478.1249,1
632991900,958.0569796597949,514.448949420065,1082.7357,504.0026,1
632991916,957.7204087614559,515.4249290584889,941.3682,481.7253,1
632991933,957.6073483482895,515.5090549861048,946.6434,473.4267,1
632991950,958.5811057554009,516.7709014520608,966.5028,488.1861,1
632991966,961.0435171476281,518.7794930107082,991.6053,505.5604,1
632991983,962.2391743498071,518.3698830714129,973.5523,455.319,1
632992000,966.8165799280187,514.872322021251,1033.2977,404.2067,1
632992017,969.2961735651355,511.25751415266217,999.4513,399.8201,1
632992033,974.1188463753801,507.4082876337097,1040.9634,392.8485,1
632992050,978.2596861206636,502.71792133937396,1028.5219,377.8168,1
632992066,983.6232216009435,499.4684107427525,1052.5026,410.732,1
632992083,988.9711684618262,495.1518466598688,1058.9951,382.2638,1
632992100,992.3325419717919,490.42669551523784,1027.686,370.8453,1
632992116,994.4912393518462,488.16675399889334,1008.8663,416.4185,1
632992133,998.7153391997248,486.3672034080125,1046.4882,426.2565,1
632992149,1002.3178566084339,485.7528299280647,1037.4796,446.3687,1
632992166,1004.6191424892075,481.8101563918426,1022.0248,387.6885,1
632992183,1006.734935597308,484.90064864842327,1020.1504,507.4099,1
632992200,1006.7499791481781,484.9219591757059,983.567,449.9249,1
632992216,1009.1106299573992,485.5654674996527,1026.4916,466.541,1
632992233,1008.8936107537979,485.69376471861614,987.6882,450.6473,1
632992249,1009.3706761113522,484.42651456472356,1003.4016,432.3138,1
632992266,1009.1532132861325,481.8602836798944,987.2139,397.2291,1
632992282,1011.3946929357595,477.38162563656624,1040.3744,368.4692,1
632992299,1011.2548998133773,475.5050877359208,998.2833,408.7155,1
632992316,1011.6758834065049,473.575379379631,1011.514,404.4562,1
632992332,1013.4674758935421,469.6648330980378,1037.7319,363.1053,1
632992349,1016.8235718456118,467.24320250409517,1061.7683,393.6941,1
632992367,1016.0003023198205,465.98180720512744,993.8048,413.8493,1
632992383,974.6641115683212,58.529199572108084,977.7778,-20.0721,0
632992417,1000.5431514062811,71.30488400854685,959.2023,80.7125,0
632992433,983.6891799244219,101.30166824619046,953.0274,88.8843,0
632992450,973.1777255514789,110.71103960114363,945.2368,64.2876,0
632992466,969.3601521980892,120.02480989751254,957.7814,83.5725,0
632992483,965.0997193185153,116.45780601918325,948.2814,21.2141,1
632992500,974.4686882439954,119.23664333192141,1032.3917,62.1952,1
632992517,977.0529952953963,116.90302823226506,997.3345,24.7953,1
632992533,978.5265655430803,122.73483836345379,991.9496,95.0448,1
632992550,975.5071509383517,129.77792931995737,952.4479,116.7278,1
632992566,974.1137609418386,129.93597447546392,964.3983,54.3865,1
632992583,966.5921609118369,122.24061816065482,896.5131,-37.9184,1
632992616,760.4995665258335,37.459485629066386,764.1332,-47.2684,0
632992633,750.0196503910894,25.446157649189114,753.738,-60.3896,0
632992649,743.5308041016607,30.60847065248437,740.7457,-49.5963,0
632992666,765.7298020689477,34.38653236957752,813.3947,-41.4798,0
632992683,571.4624838304425,50.12986235306693,0.0,0.0,0
632992700,453.33348052736466,59.70240729018383,0.0,0.0,0
632992733,778.7633708810988,44.93777353440619,782.322,-38.8496,0
632992749,386.4993381808749,70.86181872984069,0.0,0.0,0
632992766,254.85849562158674,79.56169621858422,0.0,0.0,0
632992783,188.3800109540311,83.95514505369815,0.0,0.0,0
632992799,147.97608393245977,86.62532807447171,0.0,0.0,0
632992832,790.666393902193,46.16903320092471,794.1958,-37.2734,0
632992849,750.7751331740008,55.30445180184383,714.5674,-19.3858,0
632992866,739.4824592280601,47.51257781263438,720.9879,-54.0737,0
632992882,732.7640998869468,28.94428460911074,717.2815,-116.441,0
632992899,725.6665507403607,30.11407296053504,702.1349,-50.8811,0
632992915,738.6434878376551,19.63120638197939,742.4148,-66.8755,0
632992932,700.1601028506365,38.97668855271644,703.9,-46.9289,0
632992949,719.3855043785126,53.10166779939872,742.0767,-15.8183,0
632992965,724.6612366674243,35.59711435647636,738.9281,-87.235,0
632992982,727.1347520369213,34.8232972795593,738.0017,-52.9131,0
632992999,712.0364653587546,24.234722178277117,656.6703,-108.158,0
632993015,719.4102275216928,22.91468680848236,759.525,-69.0936,1
632993032,723.975228663567,19.272436966912366,754.1585,-88.7319,1
632993049,715.4615247157853,25.69154290427529,661.9373,-14.987,1
632993065,720.6159139079342,23.025751510428968,763.7653,-84.0,1
632993082,719.5186470434267,16.914091737247055,714.265,-124.2903,1
632993099,721.1037741730125,22.513423768329943,738.9909,-7.2005,1
632993115,723.7477293106167,22.446734509073096,753.0893,-63.906,1
632993132,726.2459911896667,20.00529193612429,755.3071,-93.3961,1
632993149,722.1015752366282,19.865440355654915,677.846,-68.5138,1
632993165,727.1103988713783,18.498584224190626,789.6332,-83.2422,1
632993215,375.21418441336897,39.132493196189685,758.1721,-107.2734,0
632993249,507.4687290474857,21.564606993945674,772.2655,-101.3329,0
632993265,556.8882147090184,26.964952249520124,703.2288,-42.0583,0
632993282,443.90744817573193,41.05313058339092,0.0,0.0,0
632993365,498.2033838676882,20.384240526555466,0.0,0.0,0
632993398,555.5346905017221,13.891979153905382,733.3228,-94.6289,0
632993448,441.3326646562308,30.807051588412133,0.0,0.0,0
632993481,962.5507409065439,563.7596617659445,962.9606,522.0742,0
632993515,1005.7753446662743,568.0054328753166,1006.0803,527.556,0
632993531,977.1618326694429,561.3467891692438,949.1063,512.0557,0
632993548,987.4725519162156,561.1729592896062,1008.4468,519.9359,0
632993565,990.2241614212454,570.5464635886215,998.5235,559.9977,0
632993581,990.0870825222066,565.7256094303851,989.9048,504.1836,0
632993598,990.160374329989,565.661276890867,990.777,524.3737,1
632993614,990.38226489041,563.9139995596347,991.9816,512.0303,1
632993631,996.1175348853144,565.0611415805723,1034.4153,533.3935,1
632993648,995.4220740346002,568.0179419252446,989.5596,551.075,1
632993664,992.7808949951715,565.7817192997678,970.5848,503.9323,1
632993681,990.2281885457687,563.1943438825464,967.4021,496.2992,1
632993698,987.4125571676807,556.7852847869149,961.0156,447.5776,1
632993714,986.0005953785615,558.103837084275,972.7461,533.6791,1
632993731,982.8021045021554,555.2089848700597,949.381,479.8663,1
632993748,984.3809999051756,552.2260315559498,1006.2794,475.8846,1
632993765,982.3043949449037,551.7505876026056,959.1063,506.8871,1
632993782,978.5743020958716,548.875444509041,934.0422,469.798,1
632993799,976.7667967552195,544.2106046700056,957.8163,439.369,1
632993815,972.7284026318544,541.1841805826989,922.8276,459.6215,1
632993832,971.9173768028044,538.018164944758,967.9713,454.9864,1
632993848,969.224753787602,537.0332693792222,937.438,487.3801,1
632993865,968.9343430942513,538.9861804002273,972.7441,536.5193,1
632993882,967.506096596047,537.3117064726321,953.7793,473.5361,1
632993898,966.3248595600952,536.5712311445312,956.1844,488.168,1
632993915,965.8161654498215,537.047553340999,965.8193,508.7779,1
632993932,965.362172862924,537.3567068813213,965.644,505.0253,1
632993948,966.1763999443071,538.7801704727594,986.0264,525.0809,1
632993965,963.0917407732563,535.3879798750307,919.0248,434.5555,1
632993981,962.952836157259,537.0293747497795,967.7283,527.3917,1
632993998,962.6361358043281,532.1935595819565,964.2727,405.7592,1
632994015,963.847119984533,528.2817152892895,994.1573,426.1821,1
632994031,966.1701624769688,528.5663341865776,1005.9846,501.8688,1
632994048,965.7372413756239,529.58540221498,963.6863,513.8906,1
632994065,966.2300818744599,527.9559646008386,978.0531,467.2966,1
632994081,966.6981682354974,526.4178373509311,976.0697,461.5125,1
632994098,965.2483651534045,526.982378141612,942.2098,501.1869,1
632994115,963.154689661549,519.3294180315943,931.558,344.6911,1
632994131,967.465697623092,518.779279116165,1046.1647,480.8911,1
632994165,969.3109313247589,516.1915539213098,998.0944,441.7755,1
632994181,967.1119926749301,517.828029702546,925.6616,512.4937,1
632994198,966.3134002456404,517.1280950289647,950.4503,467.2633,1
632994214,1113.4512848684888,349.39014056840773,1114.7319,295.1559,0
632994231,1104.5189770119873,389.71417846417796,1105.5989,338.2561,0
632994248,1074.9480799117498,403.7388232445252,1046.4932,367.0686,0
632994264,1080.5906186344198,384.82809750998877,1093.2871,292.3193,0
632994281,1086.0490902886909,378.4762287195384,1103.5386,306.1586,0
632994298,1091.1058691035196,368.524145803097,1112.2388,274.1412,0
632994314,1087.2608997987802,364.9711346856645,1069.5833,293.3134,1
632994331,1095.957163512934,366.8922567926174,1147.1755,327.7474,1
632994348,1098.454484935425,367.5008162535517,1115.3037,319.9034,1
632994364,1096.6708186375304,364.3356235208368,1083.4414,285.8247,1
632994381,1098.0497948969266,365.7179466128653,1109.7804,326.2415,1
632994397,1102.569760538031,372.81282502570633,1143.3243,391.1324,1
632994414,1100.154999966155,372.4459205134062,1075.5582,314.2294,1
632994431,1102.3670454395874,372.9924406067049,1125.4313,326.0452,1
632994447,1104.1806939597843,374.1427472750532,1123.5917,334.6889,1
632994464,1103.1115647168906,372.58612799979585,1089.3992,298.3859,1
632994481,1102.411859783469,371.44150062142313,1093.2551,302.498,1
632994497,1103.8532268483784,365.8891419527359,1122.6365,236.2448,1
632994514,1103.9653472402563,361.3326138672488,1105.1484,245.2998,1
632994531,892.2921311045616,263.35259763403434,894.4566,198.062,0
632994547,738.2377617456463,247.24074713622474,740.7814,177.4728,0
632994564,791.4057876979341,154.96552659738865,847.7755,-18.1351,0
632994580,524.9772478166619,135.31133963538872,0.0,0.0,0
632994597,571.7221799172585,115.01657218054271,717.6809,-28.7791,0
632994614,621.9757441266249,98.20084543755368,825.0203,-50.1636,0
632994630,760.1107132071204,147.7739925970816,763.1497,71.1547,0
632994647,756.9955902840338,209.52615471234395,759.7072,137.384,0
632994663,787.3743980164876,122.60718487680491,821.2093,-47.7105,0
632994680,865.8516607433749,79.6783641728984,1025.0243,-87.4799,0
632994697,834.9578816577981,88.98334740771227,745.2708,38.4268,0
632994713,809.9496189092587,69.94980695507917,715.3704,-92.7986,0
632994747,702.2028010571851,151.4662949086337,705.3317,73.8813,0
632994763,714.2277666122086,168.87483069102146,729.1177,111.7258,0
632994780,728.9875421498621,145.80324197256047,761.56,19.6809,0
632994797,724.3078507687553,146.76394945420708,713.2741,72.3411,0
632994813,762.2965699167327,125.09732608189505,914.5837,-41.0058,0
632994863,841.7090948684986,117.07361510041297,844.759,39.939,0
632994880,793.1142294672425,103.27182463926106,748.026,8.2679,0
632994897,786.8957363927404,74.7571979280705,778.4943,-67.6827,0
632994913,774.716414670653,55.780542149828975,742.8218,-87.9221,0
632994930,616.2931273765307,63.87942955704922,0.0,0.0,0
632994946,735.0819014780052,36.56036888648821,738.7686,-48.7768,0
632994996,736.5883589182545,2.153335999676168,723.1177,-82.9491,0
632995013,729.2038958221683,9.257784940293966,718.4137,-63.3839,0
632995029,703.3228215159842,34.08885257189144,630.3024,25.1564,0
632995046,711.395015919237,40.49649339179296,747.5598,-18.2864,0
632995063,716.7814807997642,38.096672940204186,747.2501,-60.7159,1
632995079,719.4528114122501,42.81464504317943,738.5199,-13.8231,1
632995096,719.1667973923222,42.28260400219523,720.8245,-48.2923,1
632995113,724.499245505322,41.862659237985625,768.0311,-47.1676,1
632995129,728.2555698825388,49.21827056001254,761.7485,29.845,1
632995146,726.7469661331708,53.10138811314698,714.7563,3.7122,1
632995163,728.0403024132036,49.50376391235725,743.2719,-76.2687,1
632995180,725.717697789942,47.632574920362615,703.5024,-60.9963,1
632995197,724.0073687937261,46.468102801494005,707.9202,-54.1479,1
632995213,724.1802163507555,43.19224577372642,730.0377,-84.0344,1
632995230,723.8770725172322,40.60406108048535,723.9076,-78.2578,1
632995247,726.1618186773857,41.47719553207626,759.1829,-28.9236,1
632995263,718.0606225902665,40.34146885959784,612.9645,-62.1019,1
632995280,637.4853332852891,223.66893788255297,640.3473,150.0137,0
632995330,275.908576087995,78.14475458455009,837.1662,-41.6559,0
632995347,379.34795838504397,71.30371535240991,685.4784,-34.0884,0
632995363,302.81882751773855,76.36750379792875,0.0,0.0,0
632995380,637.8069714302321,65.1275815494662,641.524,-20.1862,0
632995396,735.9272186123422,37.21140321316182,739.6088,-48.0598,0
632995413,722.9154624197174,34.029092667811895,713.702,-55.4394,0
632995430,479.3019088272412,55.00942028194001,0.0,0.0,0
632995446,356.26121572569974,65.60597248470968,0.0,0.0,0
632995463,423.20035844701897,58.81946097215697,697.0419,-55.0242,0
632995480,714.832391554846,26.425296910629623,718.6122,-60.0903,0
632995513,726.5350277986898,37.32708446390307,714.9497,2.2167,0
632995530,723.5686423259588,63.7931097120048,721.0399,36.2979,0
632995546,743.2978967808409,70.6730127175042,805.1761,10.4895,0
632995563,739.9247026696104,79.82676178959426,729.494,35.1658,0
632995579,752.5447368915848,83.05002909548364,816.8262,18.2968,1
632995596,750.1623094777037,91.90499197234972,738.3187,63.9987,1
632995613,745.2131205889791,91.68242314564955,714.7919,5.8734,1
632995629,752.1519397239662,95.47285529370913,807.1041,44.2062,1
632995646,748.5851798446355,100.08743123376111,720.74,57.4425,1
632995663,747.5015998818632,101.73188679757868,740.3558,33.638,1
632995679,750.5467629652819,95.52250185452942,783.8608,-53.8805,1
632995696,747.0901164716303,104.88115721197381,712.5013,128.0414,1
632995713,747.7938174541327,110.19251282503548,758.741,89.6913,1
632995729,749.9203995867763,103.30896113710446,778.5883,-69.7371,1
632995746,744.9520054726179,102.20281592444726,686.2343,2.9764,1
632995762,740.9185726035986,110.02504573973103,693.2559,135.0835,1
632995779,737.4055115658307,114.08321448208235,696.9101,85.8498,1
632995796,737.5060427487371,116.96260201640978,746.8964,72.7399,1
632995812,741.52937834414,109.88555749245968,806.8751,-84.9304,1
632995829,741.1188652296081,112.02845568282302,740.0713,62.499,1
632995846,742.4066140819662,114.14183711683984,766.4683,64.6551,1
632995863,738.5375055659565,116.9637753111609,683.8392,77.1709,1
632995879,737.7643919249703,112.97144919316614,732.834,-39.4949,1
632995896,737.6185260118373,110.82416264526948,742.3571,-7.6821,1
632995912,736.5741295057176,113.47083796207328,726.3643,78.1645,1
632995946,733.3040494454941,110.4549232093028,688.2538,-24.6864,1
632995962,728.324429518883,112.1271837651258,656.912,60.4214,1
632995979,732.1122222039584,109.9793805241293,806.5718,-6.636,1
632995996,729.1433851849889,108.05138041597448,689.0812,-5.4212,1
632996012,729.9887423175115,108.80245310121911,755.3992,33.1228,1
632996045,729.9229086291377,110.43130919029792,735.3778,61.0271,1
632996062,728.2471676622026,113.23604508203857,707.3969,85.8833,1
632996079,726.1207717541996,114.37320988801955,707.5486,51.5947,1
632996095,722.2845164476024,112.76520006748623,668.4673,2.3253,1
632996129,677.1127659630171,111.32584094212194,680.5059,30.2512,0
632996145,696.6641022404598,104.62808501807946,719.5569,16.7228,0
632996179,686.4290840261021,126.06450361772558,669.0947,91.6082,0
632996195,701.9634308870259,112.40567618310294,751.5466,-10.8571,0
632996212,700.8549203159016,87.57629959389249,700.1074,-99.3222,0
632996229,681.4419582534684,136.13163309764204,684.693,56.9747,0
632996262,744.4579996530682,109.15670704893589,747.7351,29.3615,0
632996278,742.9279616171133,119.45179231410111,744.5737,51.3733,0
632996295,808.0707101922435,179.77719553553723,939.4194,237.9536,0
632996311,871.768226386931,198.007987102957,1061.5441,188.4769,0
632996328,894.3780465238361,211.96603089112133,982.2415,201.9894,0
632996345,1042.455541612385,356.4720020772614,1043.8326,301.2418,0
632996361,1017.0821296187532,217.1793841881198,1019.2591,151.1579,0
632996378,1008.4694658758908,313.8178932042084,1001.0466,358.0244,0
632996395,1032.4447618406764,340.2243123813547,1081.2471,340.4169,0
632996411,1038.2097266703927,329.68724019501104,1056.6522,238.2737,0
632996428,1043.763765995332,324.0739825618953,1066.7081,242.7104,0
632996445,1033.6471975105144,322.1879292817615,985.4316,253.0716,1
632996478,1027.4943275026574,330.30346597305004,993.3405,322.2924,1
632996495,1030.5098273905219,335.5247503067716,1052.5195,315.3099,1
632996511,1027.4247182847803,340.9985154611073,1005.8213,326.2957,1
632996528,1020.355813324855,344.7974407809589,963.7141,318.4028,1
632996545,1024.7167638444407,347.7394813669897,1067.7681,317.8925,1
632996596,1106.842238345302,9.357074869486665,1085.1565,-53.3783,0
632996629,1114.5704976686948,51.008723402246474,1132.4675,63.9521,0
632996645,1108.7754198524158,53.69797861883278,1094.4812,-14.9611,0
632996662,1114.5758040043058,58.437875643763334,1140.2278,2.4504,0
632996679,1103.1102059362995,17.981350120112594,1106.1991,-60.8588,0
632996695,1108.7927514050693,94.92317316525242,1111.4556,21.8658,0
632996712,1096.7131813194567,67.4721284054349,1087.6689,-37.5165,0
632996729,1104.3356413817153,52.316310765217644,1122.5793,-55.8323,0
632996745,1099.9533974051558,63.223596675186336,1089.6053,22.473,0
632996762,1084.496608419877,55.725114167102205,1027.1058,-53.5915,0
632996778,827.3098030638678,60.36239182713191,830.6931,-21.2527,0
632996795,765.1396348993458,18.27660576009082,768.868,-67.7636,0
632996828,760.817960572975,17.706499812672025,760.2581,-69.1706,0
632996845,754.8888253558083,26.15747432684292,746.7648,-41.7397,0
632996862,774.8844218484318,21.186098952182444,837.936,-79.119,0
632996878,757.9826894748091,37.71832140229429,694.5742,21.2128,0
632996912,789.2787622450596,128.4347053979598,792.3668,51.0157,0
632996928,767.4592048530561,103.18622175416141,749.1379,-4.0592,0
632996945,508.9195912757584,100.97874119037384,0.0,0.0,0
632996961,378.34059427313997,99.86445197003775,0.0,0.0,0
632996978,457.24555666821425,77.49988191888323,778.6068,-98.006,0
632997028,759.9928351893373,16.32423752009596,763.7415,-69.9696,0
632997045,377.12604129517314,56.573255430411244,0.0,0.0,0
632997061,248.6388267599258,70.08052012367858,0.0,0.0,0
632997078,183.75286567741614,76.90170764874617,0.0,0.0,0
632997094,144.31693850883153,81.04743625809662,0.0,0.0,0
632997227,243.64535960160026,82.18032181075333,1221.3914,-50.7293,0
632997261,1220.3012072384713,47.239872403056516,1223.0099,-26.9433,0
632997277,1225.538462709918,64.58631712068227,1233.2642,10.4783,0
632997294,813.7026042604642,75.37241902148381,0.0,0.0,0
632997327,605.698059651686,80.81966898169397,0.0,0.0,0
632997344,479.24367102080055,84.13082233490162,0.0,0.0,0
632997361,1227.0078358282838,11.94485914884187,1229.8943,-64.692,0
632997377,1216.4877994141002,42.57546315557677,1219.2289,-32.0324,0
632997394,605.0823807823718,69.68212161671462,0.0,0.0,0
632997411,808.1029773729437,43.76214495932834,1217.6783,-86.2457,0
632997427,931.8554268480058,51.15772893039007,1301.1288,2.7517,0
632997461,742.4232111905927,60.40343493518467,0.0,0.0,0
632997494,956.4565840187469,162.21508864469362,959.0452,90.8539,0
632997511,925.0789088621311,323.3448954381726,894.7515,435.0453,0
632997527,1006.1772574533528,399.03679675546846,1167.6058,510.2252,0
632997543,1000.3391825720721,446.45046441971994,982.2222,545.3676,0
632997560,992.7100283470919,462.1470365768164,962.5419,475.5482,0
632997577,761.8825317192898,412.9800640922952,763.4868,355.9124,0
632997594,967.0633918841737,571.7066952153913,967.4218,530.7024,0
632997627,958.0899118498799,590.6501859183622,949.3275,570.9423,0
632997643,953.1235240706309,644.5179380725062,942.7324,723.1884,0
632997660,951.8040742960414,733.6488141043033,946.1111,986.8597,0
632997677,955.7056521273639,806.9239840280983,968.7224,1088.2375,0
