timstamp,smoothx,smoothy,rawx,rawy,fixation
632854582,754.1719179110338,426.8043397896127,755.7162,370.5891,0
632854598,758.1238050338843,448.14728898048725,759.5454,393.5869,0
632854615,779.8930812061701,448.36667883172385,802.9436,394.9865,0
632854632,801.916930018252,432.9462977248847,847.0778,346.235,0
632854648,808.8194621935967,449.55494551976494,829.8549,449.7188,0
632854665,817.186462634628,458.4355286863119,850.3934,443.71,0
632854682,813.6851513983985,468.50196050381584,796.6099,468.0403,1
632854698,815.8867921952195,472.73839997333823,828.8949,446.2241,1
632854715,813.1975474698665,478.9743266919102,795.3441,470.1048,1
632854732,814.3211715755401,480.02910667313574,823.3364,434.9651,1
632854748,816.5006780654282,479.0975764751516,835.1396,417.3377,1
632854766,814.3357133102194,482.2921798286115,794.624,459.775,1
632854782,824.2186724541851,486.4449413096224,921.6118,478.9307,1
632854799,990.1563309674557,654.0531227933847,990.0265,619.6013,0
632854816,942.9323441044484,590.3691523123463,943.2358,550.2224,0
632854832,920.2268798870339,524.5944066941585,898.6779,408.2043,0
632854849,910.1887545830754,454.7455556543402,892.2373,254.8294,0
632854866,918.6316844347068,459.250755499834,944.8557,425.299,0
632854882,917.1205172454246,459.3617772896805,912.2571,410.6696,0
632854899,985.3515583961611,492.3458546498591,986.1036,445.893,0
632854916,958.7540040800798,655.8202085255102,958.6742,620.8274,0
632855015,924.5485686366789,518.2561287558042,891.963,324.3718,0
632855032,906.3344054256015,479.28845769649143,871.7654,347.0258,0
632855049,913.7126275821453,460.45021078271606,937.3434,352.0051,0
632855065,907.6439128604279,456.521556512886,885.2516,390.6517,0
632855082,896.2319454507399,416.29273092523505,897.5635,362.3396,0
632855099,883.7169542396131,425.5285815953314,885.0224,371.9876,0
632855115,903.4415348464815,436.3059130748716,924.2305,395.9407,0
632855132,896.2002966428408,430.302195772384,883.0581,364.202,0
632855149,894.7190419735722,432.9248717685512,891.5493,388.4565,0
632855165,899.6239286116781,430.12395429285397,920.2032,365.827,0
632855182,902.5680719019748,424.65047991162646,918.09,343.2793,1
632855198,900.1472655316063,420.18246297584926,887.2377,339.1203,1
632855215,903.932372162224,417.22294296135834,930.3588,343.8789,1
632855232,904.4739100758959,424.5065463957212,908.8773,431.4811,1
632855249,905.592924683338,425.8946956787219,915.3981,385.4521,1
632855265,903.9452582307086,431.85317998834455,889.0542,436.7523,1
632855282,903.3505608895897,432.95203422294435,898.2662,390.0001,1
632855298,905.0458155343904,438.4621756536123,923.5161,446.8487,1
632855315,902.0306542741823,440.65924431636176,868.7496,410.3424,1
632855332,903.2217837304398,440.4498959510873,918.8616,381.5477,1
632855348,896.9934130637034,446.70195962603316,820.9752,472.0414,1
632855365,775.9446110843837,696.241694769169,775.9934,660.3168,0
632855381,813.8222739605441,714.5691913718168,813.7003,680.8022,0
632855398,813.6373423513231,572.3496091418242,814.8648,375.8152,0
632855415,830.9768676267062,531.5569091827897,866.6379,399.1674,0
632855432,826.4214935676927,556.489795848003,812.9836,591.8414,0
632855448,816.5196558837995,570.1718578164636,777.973,583.2373,0
632855465,815.12858063559,593.4921813295812,808.6672,672.2874,1
632855481,588.7289740050065,479.2151670164644,590.3042,423.3211,0
632855498,814.1389065347901,425.07062668278513,815.5788,370.0092,0
632855515,818.185681123777,460.77438509080264,823.2619,446.7459,0
632855531,793.4445985564303,454.1128106643537,745.7443,385.2882,0
632855548,793.5764258177287,456.2763977997951,795.5948,409.8912,0
632855564,799.498231241803,455.93786904363867,824.3454,401.7632,0
632855581,785.1465869042248,459.1206482915402,716.7573,420.9449,1
632855598,770.2843614512227,460.26297355160386,686.9937,411.7572,1
632855614,771.7096938303612,483.59542359041603,784.0757,598.4808,1
632855631,779.9871302666652,498.1096957411289,844.7911,562.3047,1
632855648,792.8592750907758,513.3082393681152,900.8749,596.1874,1
632855664,955.2117924497423,563.383927368533,955.6376,521.514,0
632855681,886.8983804113685,619.9258210928838,887.1486,580.7565,0
632855697,899.7009627552875,616.0345713256771,912.7148,572.9584,0
632855714,926.5191488069443,628.3034766424479,979.647,617.932,0
632855731,945.0121714370455,639.3361371277826,999.1248,638.9341,0
632855747,939.585146678933,631.6597295318937,917.5705,561.1309,0
632855764,933.4896184821082,633.1667902446472,903.2412,603.0779,1
632855780,930.4736593303791,632.0664948296319,912.9855,587.3031,1
632855797,916.0734483777178,613.0756399438753,821.3828,436.1549,1
632855814,907.499681312927,592.2305212396932,846.4319,384.7276,1
632855831,908.0684091619916,581.6970198927781,916.9816,452.4468,1
632855847,905.4883483755052,579.8317935162216,885.6332,527.6749,1
632855864,907.87787647644,581.5726428294189,935.1508,567.2632,1
632855880,913.2927671492553,576.1104437039909,973.5401,481.1238,1
632855897,907.7029336195778,567.6187998138846,847.0721,430.5142,1
632855914,900.7275379339,557.6385908097673,822.5015,397.5697,1
632855930,909.4833407249491,556.8594267726859,1023.0885,520.3787,1
632855947,909.2554939294706,556.689964400931,907.7561,524.92,1
632855964,909.348174870918,557.58027523407,911.8589,539.9079,1
632855980,918.3996581659433,557.5273562238043,1043.9869,527.3712,1
632855997,927.2256531620676,556.4256265769568,1048.0309,509.0753,1
632856014,936.7178820411104,555.7630482007876,1065.2233,514.6403,1
632856030,946.875790801644,558.9575434270779,1082.5784,578.9722,1
632856047,956.7490930457944,561.6023649423176,1085.4321,570.4135,1
632856064,966.933691446088,564.2111837261427,1097.7102,570.6549,1
632856080,976.1801330968517,563.6929374457251,1089.7494,515.2687,1
632856097,986.8641605774228,562.648304096537,1120.9835,505.6835,1
632856114,1103.5084971007536,561.2188201097497,1103.6647,522.3584,0
632856130,995.4701951545743,557.1473667164045,995.8533,515.6788,0
632856147,1025.8681136905461,566.8487010023754,1056.3521,537.78,0
632856164,1031.9952315306107,541.5197699995795,1044.665,445.846,0
632856181,1043.0300711297662,547.0613306642399,1075.6956,524.5564,0
632856198,1036.4729345494668,536.908020956319,1010.8502,451.6581,0
632856214,984.5945401833669,279.7926217414691,986.4952,217.684,0
632856231,947.7992845138589,202.61077804899108,950.1863,134.0369,0
632856264,935.9681904670439,229.04086907993343,926.3141,190.2092,0
632856298,925.5441862346971,241.83800153988716,907.0086,202.3929,0
632856314,918.854883990348,243.57707839583938,901.4716,182.1666,0
632856331,922.8003664126219,230.42173640415413,941.2309,107.8751,0
632856364,918.5480445736599,222.90740235467152,900.6426,115.8473,1
632856380,923.1220241182396,225.44644347734334,952.2167,175.2402,1
632856401,925.7069867088393,226.68031963566793,945.1609,169.192,1
632856414,925.989080990141,233.97290592566193,929.7407,226.4548,1
632856431,933.6110649361596,240.46272055658523,998.465,232.7771,1
632856447,777.1219548293533,494.72999611716403,778.2561,444.0031,0
632856464,546.5003143917282,635.4716182235055,547.3123,590.1725,0
632856480,566.6656411734377,658.2386350352178,587.2697,639.8552,0
632856497,598.7439846168783,649.7891897624713,662.9972,589.8691,0
632856513,615.3309761770741,658.5029055836268,664.246,645.1563,0
632856530,627.070822417263,663.7608686255753,672.3893,645.1165,0
632856547,619.6203700401683,677.9868293341065,620.0642,637.3784,0
632856564,614.2408520331434,655.8243840938042,614.8145,613.4703,0
632856580,624.4164676874692,640.8747402402129,635.2625,581.8464,0
632856597,622.651579569713,642.0530526916137,619.7184,601.3843,0
632856614,631.1023189540927,627.8622321728518,657.0033,539.2408,0
632856630,634.9354200094671,637.243179429358,650.1086,634.3195,0
632856647,634.8034102913032,638.2883005812774,634.3076,600.5209,1
632856664,636.7210067915607,638.1880980987371,647.9724,594.5422,1
632856680,645.6551007147889,637.5113859500011,705.0544,590.8301,1
632856697,645.2950415920652,639.1648205892182,641.3891,609.5016,1
632856714,644.6232566642483,640.0892557317264,637.9963,605.0549,1
632856730,644.8009261577251,644.4123663399898,645.393,643.6228,1
632856747,645.3563661685255,648.0969847479574,649.8389,643.2509,1
632856763,644.9837858788984,657.125156419764,639.6901,714.8033,1
632856780,637.6638954048203,663.0345568136187,555.0514,685.2565,1
632856796,634.6525548002612,669.0879936420627,600.9771,696.4283,1
632856813,633.5319647330421,671.9849793213801,622.827,659.6963,1
632856830,631.099313626033,675.9246787158712,603.2554,678.8159,1
632856846,630.1524373473168,681.6535810486113,621.7787,711.7593,1
632856863,629.0408948076126,684.6303061979211,618.4071,674.5983,1
632856880,628.2747060611473,689.8672460125763,622.1846,715.3896,1
632856896,627.7206557340984,691.1458088070004,624.8111,655.0498,1
632856913,627.6937356524536,694.2087163897713,632.1773,688.1558,1
632856930,625.46488950254,700.8198944195012,595.8586,752.65,1
632856946,624.6663543135905,704.021485639074,617.8461,698.8351,1
632856963,624.0366958245725,708.6046151909283,619.5199,727.4512,1
632856980,621.9198628941915,709.3609937693068,593.9424,662.2074,1
632856996,621.0321538045552,712.2281947760584,613.1278,704.0526,1
632857013,620.1896088942603,714.8505466249562,612.8401,703.1154,1
632857030,616.6628638773265,716.6189852900455,565.4718,689.6847,1
632857046,614.0970126683216,716.1772176928677,580.5988,651.7983,1
632857063,614.1369193744634,717.3317172944554,624.4316,678.6161,1
632857080,608.7513495286194,718.1739270596552,530.964,670.9037,1
632857096,606.4808969623246,718.480392632398,581.9994,667.5396,1
632857113,604.2641573436257,718.4553991052153,585.0786,657.9993,1
632857129,599.8132077765076,715.1560707334143,543.5355,608.9039,1
632857146,597.8393726958748,709.4139509172112,582.9838,562.1606,1
632857179,594.273846075441,708.2534300670196,554.0626,647.9575,1
632857196,589.0762969414604,708.144040528929,528.856,667.3695,1
632857212,589.3037166286258,708.6606677605914,613.2975,683.4276,1
632857229,736.6327685109886,566.2888007556228,737.4575,519.962,0
632857246,785.8766414808555,519.7025534554464,786.8594,471.0002,0
632857262,768.7572313819925,495.3493614716467,752.9915,418.0459,0
632857279,776.4656855961624,489.2596271265431,793.0718,425.585,0
632857296,774.4409738110132,490.0246045532087,769.5703,441.4288,0
632857312,769.3260902567106,486.85967421326256,750.5768,421.8221,0
632857329,773.452392206816,500.36219259750544,794.5148,521.2564,1
632857345,771.4930610050501,501.0264815863206,761.2638,453.8082,1
632857362,767.813298308973,496.1196536783236,744.8528,408.9394,1
632857379,763.9027218881129,497.51690585127267,736.3297,457.3095,1
632857395,765.0528109289284,495.7025316679233,777.0946,428.523,1
632857412,766.5238593746261,495.9356457441054,781.9822,447.7713,1
632857429,765.3806185341122,493.6803206182985,756.0038,418.6567,1
632857445,764.0842717301821,493.9234329361412,752.4457,446.0712,1
632857462,763.507288198264,490.9238688211905,759.6122,404.1602,1
632857479,763.7985573516385,490.57492045636303,769.7186,436.7048,1
632857495,764.8060161421107,490.8987646605205,779.438,446.0155,1
632857512,765.4148537135065,488.41277332926836,775.111,404.3547,1
632857529,772.2935869147859,488.4471580296516,865.1973,442.3192,1
632857545,774.0890343400603,490.17803543275613,796.2877,467.5914,1
632857562,779.2489625070891,493.2057030017775,848.8187,491.1782,1
632857579,784.5976765941459,492.8663786442474,856.2065,437.4874,1
632857596,789.1544826952036,496.2872052676891,847.5435,501.0747,1
632857613,792.7588472289063,497.70049740527,835.9719,468.2816,1
632857629,791.9829954607577,499.6311212499604,767.2369,476.9572,1
632857646,786.6934100204629,500.5108214782957,693.2261,457.9109,1
632857663,787.4935380167062,499.95688288737307,794.6093,434.9923,1
632857679,795.2366936345563,500.7477358779009,913.6754,462.3731,1
632857696,1208.7282324552405,691.1862218654489,1207.9834,664.1371,0
632857713,1326.3618615920668,738.3408937394987,1325.1394,717.275,0
632857729,1325.3219120786443,744.6633140285356,1322.9978,730.7885,0
632857746,1321.2861883994776,719.7485678145399,1312.4414,643.8442,0
632857763,1319.5132226434775,726.7146880378936,1313.0726,727.0774,0
632857779,1319.6030565628191,732.1367174682763,1318.781,733.4637,0
632857796,1324.3386075281992,727.7952700161345,1346.3857,683.5862,1
632857812,1320.0314563140118,732.1343384385073,1293.6525,737.0291,1
632857829,1326.8312485402002,733.6155527488645,1370.9636,723.4825,1
632857846,1325.8816737515713,734.8433057090535,1316.8185,722.748,1
632857862,1328.52875183073,737.3181449574004,1348.665,738.0994,1
632857879,1326.001684983079,735.0626053134064,1300.9473,690.0157,1
632857896,1321.9149461775717,736.9363607939425,1280.1465,734.0244,1
632857912,1322.9867189541058,738.9818525213067,1333.7153,740.1791,1
632857929,1323.933695007483,738.144341247019,1333.7701,705.4908,1
632857945,1326.7529994527472,740.8785183617741,1358.5696,754.0227,1
632857962,1325.8934954671229,741.9209803275882,1312.9504,732.3192,1
632857979,1326.594756411621,744.1500794153986,1333.5918,751.8038,1
632857995,1325.9889755158445,743.0880663308858,1315.8665,703.3409,1
632858012,1324.7945763807804,744.1750113165687,1306.5375,736.4996,1
632858029,1326.2839783957604,746.0050332981693,1346.1816,750.6967,1
632858045,1325.4085479251146,749.253051538262,1310.5208,775.3967,1
632858062,1326.0323751872268,752.299839946243,1333.722,775.2614,1
632858079,1326.412880548562,753.5567279110393,1330.3522,746.7423,1
632858095,1325.599006647811,754.9037084796032,1311.0442,749.389,1
632858112,1034.082300073866,705.3486991834288,1033.5923,675.6098,0
632858128,784.000104000171,716.866126092884,783.9223,682.6309,0
632858145,640.6313350201337,701.5754250060224,498.2582,643.7217,0
632858162,624.7600180772192,717.322220870197,594.0555,712.7388,0
632858178,616.4641038998839,728.832282365221,592.8595,727.8525,0
632858195,611.4462887031392,733.2425010945275,593.0345,714.1718,0
632858212,609.9571721518475,760.0729460758088,609.9763,725.2979,0
632858228,636.0871082882402,713.1727959639184,636.3098,675.5052,0
632858245,608.8574553756657,708.8735762756725,582.0695,665.1236,0
632858262,608.9189283919792,725.9300532249634,609.2007,725.0397,0
632858295,620.4547318221594,723.5625549900533,654.9586,679.271,0
632858311,623.4346240485215,730.8886304132636,634.8901,725.1945,0
632858328,615.3017249007422,736.1001528485672,575.476,725.4767,1
632858345,611.9657531504503,734.665311273814,593.1829,687.8181,1
632858362,605.5187370110975,729.4797251728248,563.6328,653.6368,1
632858378,608.4473757245454,719.8419871296103,632.4178,604.9163,1
632858395,642.6543866789925,507.3830984180472,643.9753,454.7139,0
632858428,746.1455651428431,233.43788246160565,748.7487,162.8233,0
632858445,725.7704368217268,232.2741842287243,708.1401,159.4581,0
632858461,732.3138815909015,245.08336822162443,747.825,202.6453,0
632858478,732.6507085457114,246.45224911047006,736.1874,180.6839,0
632858495,736.1774572647338,236.8285012176378,752.7929,125.7563,0
632858511,705.7236308187261,241.96797985423754,708.3574,171.1173,0
632858528,731.2362648961068,237.39919364084793,733.8463,166.7575,0
632858544,755.9196790502489,202.8985049684623,783.4285,93.8269,0
632858561,779.2491603389142,171.46152093982099,828.6102,31.0981,0
632858578,769.109899045964,198.47037554457336,740.9469,211.7766,0
632858611,758.8822694137599,215.49234952509667,720.9751,214.4988,0
632858628,758.959118591576,216.4193956806255,762.3339,148.5918,1
632858644,756.7867835661207,206.04086302894035,747.6648,67.8929,1
632858661,754.25707829594,198.70238086102364,741.0353,72.924,1
632858678,751.2616917064648,202.4812394392943,732.2819,160.7527,1
632858711,751.5870134651752,204.6499173895051,758.2561,151.8537,1
632858727,751.9271989387144,210.97551319735456,758.6099,200.5695,1
632858744,752.4002593998111,214.2296654443036,760.6111,175.0559,1
632858761,752.6184679439822,217.7490478458947,758.2327,183.3045,1
632858777,755.7554339294267,220.10506222435944,793.9587,174.0284,1
632858794,755.4933796288168,221.89170153685407,754.4508,168.742,1
632858811,755.0473291073752,219.87129366815972,751.9503,116.6707,1
632858827,747.709815537311,220.44646155876995,655.9311,151.2779,1
632858844,445.8576432697393,196.56029683772167,449.2294,116.8157,0
632858861,425.5001935285327,1.7843416612802443,429.9618,-92.7268,0
632858877,210.09302504353417,49.312568194297825,0.0,0.0,0
632858894,137.80399228328443,65.26273785883116,0.0,0.0,0
632858911,101.29812067154154,73.31752936786982,0.0,0.0,0
632859028,79.110857451024,78.21302001249657,0.0,0.0,0
632859377,755.5728797734873,486.81829827080145,756.7906,435.0488,0
632859394,859.8095939146995,413.6681240922246,861.2244,358.7436,0
632859410,922.8160115544629,401.0145441462407,986.9744,334.2982,0
632859427,926.2841177039896,413.4521805443364,934.0011,386.6774,0
632859444,972.6960555730936,365.6683630341775,1111.8873,160.3394,0
632859461,982.1652473922502,355.37230491901977,1019.2264,257.5507,0
632859477,994.0878567581327,442.565404537851,995.092,392.6364,0
632859510,958.8252548856453,424.51596944903406,959.9937,372.5054,0
632859527,915.5850841626409,464.8237933453217,873.3528,457.0969,0
632859544,935.2790368564621,456.763448770015,975.6877,390.0472,0
632859577,932.0044847700993,442.8596557737998,923.5764,347.0797,0
632859610,926.0429644340877,439.83723092847106,903.9168,375.3842,0
632859643,723.7162701931439,859.0545984771626,722.9854,833.9934,0
632859660,714.7914541168245,913.4745071440025,713.7838,892.2268,0
632859677,687.0688040424694,857.2104742763609,659.1208,770.3895,0
632859693,666.6303248526767,828.3598256638968,626.0809,737.7075,0
632859710,664.8538762608026,821.7861720394762,659.7262,772.4674,0
632859727,660.4206852621163,842.3558884026087,642.582,901.9808,0
632859743,663.9182274981364,830.1101870001992,681.4445,737.9316,1
632859760,670.7428895282744,850.179466670981,709.2793,949.4054,1
632859776,669.4843283210384,857.2065121973857,659.9611,879.4849,1
632859793,670.9684788154707,851.802801839484,681.5925,779.403,1
632859810,675.843137914154,840.1508837374656,715.9296,708.131,1
632859827,661.6761987193047,842.3432876556043,531.0744,834.611,1
632859860,666.2406163862089,851.9149735994596,712.0117,927.7716,1
632859876,668.9674560176629,857.35623985573,697.4067,890.8584,1
632859893,669.2349394423038,860.3348585487978,671.2208,865.9943,1
632859910,671.8000507893266,863.0484797755961,700.8513,867.2,1
632859926,672.1064020835712,863.7470342491968,673.8732,841.4528,1
632859943,670.1342175523663,866.536712504699,642.5812,873.1256,1
632859960,660.7338357514046,862.4880776731891,534.9064,768.9603,1
632859976,655.3448853426411,855.7755356189643,585.7814,724.383,1
632859993,637.7061867467451,650.5114955131694,638.264,608.2679,0
632860010,630.4574508728103,673.2296903686156,630.9064,632.5028,0
632860026,644.4572547782757,717.5213751425372,658.3398,728.0804,0
632860059,640.6311910709305,728.6927453243693,632.9829,715.6938,0
632860076,634.3634271599851,720.1187471036397,616.1331,654.8217,0
632860093,627.7513983055265,703.7606559441933,602.6638,595.617,0
632860109,622.5846422426191,710.6057965684591,598.0828,708.4113,1
632860126,605.672709470209,717.1177265290728,509.1031,717.5856,1
632860142,597.4009679480189,719.9244593227746,545.117,700.3485,1
632860159,588.4153200532901,709.6220154639274,525.3492,585.3824,1
632860176,584.2813994223991,703.3818020654877,555.4309,608.4794,1
632860192,569.9761204575329,708.7652650501635,445.6274,721.5447,1
632860209,571.2237651994682,706.3896054687041,592.498,643.0104,1
632860226,577.2570707362257,706.5307034085658,648.6445,671.6937,1
632860242,582.2578337704963,706.7303563385714,643.556,672.4587,1
632860259,586.604967678861,706.8393469646257,640.9553,671.3255,1
632860276,591.1203993216391,705.8882427894879,647.9086,656.3282,1
632860292,591.9749392967365,707.114644700184,601.6644,686.5471,1
632860309,596.8461643829597,707.4824900672232,659.9244,675.7524,1
632860325,601.0556821168785,703.1530028990909,654.9056,601.3826,1
632860342,605.5707446151952,702.8006506580919,662.8737,662.4121,1
632860359,610.2202757840826,701.7467451217418,668.7977,650.302,1
632860377,614.2072728590902,700.1226509405973,662.1608,639.4078,1
632860393,613.3545867426707,697.7012379086115,587.5609,622.5784,1
632860410,613.9504349208798,697.2784168060892,611.7651,656.4612,1
632860427,619.5160263331652,693.5421071633897,696.0261,598.2881,1
632860443,670.796944958223,475.51023970410586,672.2365,421.0972,0
632860460,730.8441179123112,440.7836195463237,732.3572,385.0985,0
632860476,715.7904034972507,465.6929675033717,702.0764,437.8721,0
632860493,724.2032625502408,491.8366575149372,741.937,495.7677,0
632860510,731.8761797806216,502.4836035533196,755.5385,485.1755,0
632860526,732.5443322999414,498.57138599308473,736.1671,429.8555,0
632860543,736.2755468757714,500.8387269797583,755.2014,461.254,1
632860560,748.6262707436666,495.33525899939286,820.6107,410.6334,1
632860576,751.9591527863919,489.82498567270545,773.731,399.0809,1
632860593,759.3380617401374,484.49117265379846,813.913,391.4129,1
632860609,765.2460084682805,477.661738533026,812.5895,366.9736,1
