timstamp,smoothx,smoothy,rawx,rawy,fixation
632726288,951.0508695947572,738.0074050699544,916.0057,702.0063,1
632726304,946.5623186886032,736.9629662009727,913.119,695.7148,1
632726321,944.3169106118332,737.7876651911631,945.7959,729.2286,1
632726338,944.192723000739,727.6245194781795,992.2626,517.9547,1
632726354,933.8962282824895,441.57291107306975,935.0199,390.2847,0
632726371,978.4105425694042,413.4987151953386,979.6013,361.096,0
632726388,969.084074738391,404.07201695231066,961.109,340.483,0
632726404,978.3517698432827,399.7393781666214,998.093,337.525,0
632726421,975.3865913213456,402.08243689734627,967.7395,356.163,0
632726438,980.912046096241,412.45347153647646,1003.5248,404.2303,0
632726454,982.5932244712858,419.36257837422096,991.4506,403.2112,1
632726471,982.7814379602677,417.0755363507192,984.7179,349.8298,1
632726488,980.2532375735293,418.63100807127546,964.1689,376.6393,1
632726504,978.75461110605,413.3163793216632,968.8915,316.895,1
632726521,978.6543858927776,405.10184355359934,979.6392,278.7486,1
632726537,980.9667730559845,406.23225688216087,1003.3478,366.6855,1
632726554,980.8089246100262,407.70543395588936,980.0643,371.9259,1
632726571,980.0584150554777,414.2114598363028,972.7218,436.2007,1
632726587,978.160350644858,413.71783831416604,958.2142,353.6414,1
632726604,975.2968409567799,417.1496169549553,943.2851,406.576,1
632726621,977.7292264707669,416.60706252107343,1010.7277,355.4125,1
632726637,974.9628446799868,418.63878160830376,941.1111,391.7567,1
632726654,976.173146358411,418.5287182166063,995.3976,362.2507,1
632726671,975.2208334571195,420.17652246129063,964.3232,389.5928,1
632726687,973.9414267439283,419.1982424164415,958.6784,348.3861,1
632726704,974.2298595216942,418.5656267950663,981.8536,354.1541,1
632726721,974.5848866713691,420.5025243193363,982.6887,397.7318,1
632726737,973.8317968446871,418.9533072393065,965.1508,338.4272,1
632726754,972.820316590437,417.4410890966465,960.3226,338.3753,1
632726770,972.7227616281656,413.03693010614603,975.0555,286.4373,1
632726787,971.2801481968943,402.98031791609435,952.666,181.7395,1
632726804,969.4700811542624,393.32083674365987,945.5799,184.3601,1
632726820,965.6167567107628,382.94213596996747,909.6492,165.7602,1
632726837,961.4518875098541,375.7218008868808,902.3478,219.2055,1
632726854,956.6997840379721,366.9413096062107,890.4366,185.1799,1
632726870,905.3119241383273,188.01602767140255,907.8583,117.4604,0
632726887,876.3234516045209,207.30637839478217,878.8207,137.5507,0
632726904,891.7410574530569,208.87417586123442,909.5414,141.5709,0
632726920,906.3520536645361,225.67599513166354,937.4163,194.3709,0
632726937,898.3281262216377,233.2341264097003,876.485,189.1168,0
632726953,890.5517262538843,208.23026808387615,863.0374,32.3255,0
632726970,886.8112535071015,191.24394255923656,871.9982,32.2887,1
632726987,886.0914452072777,180.37840579661005,885.4944,43.5374,1
632727004,884.3005376077822,176.0222951145395,875.8463,75.9921,1
632727021,881.3956050836372,171.5342934889791,863.3369,66.3588,1
632727038,881.3831704082206,164.10239559079852,885.6135,29.2574,1
632727054,882.0617112430537,156.83074214646248,892.5461,18.3536,1
632727071,884.6528061416378,148.24845692270847,914.2922,-8.4247,1
632727088,882.4475496883522,145.49265027765077,862.4176,49.0699,1
632727104,875.3578306426806,148.87013015946508,799.726,123.3239,1
632727121,875.5412094810348,145.31844354137127,884.0648,33.8456,1
632727137,873.602232895924,138.31498753336282,856.0687,-21.3129,1
632727154,874.6338942166939,133.7578550964789,894.7157,7.0421,1
632727171,877.6494226700358,123.71711326202916,924.2888,-82.6274,1
632727187,877.6749190510762,116.66673292417683,882.4734,-47.0825,1
632727204,874.7274134464308,114.19973618466581,836.9468,18.757,1
632727237,873.324050133343,105.89880305598389,859.0013,-81.9686,1
632727254,873.7494389543676,99.05851897864197,886.6312,-64.6254,1
632727271,875.7670653899767,94.85248468897431,912.0317,-25.3447,1
632727304,874.4807546173213,91.78218241973086,858.6625,-11.7163,1
632727320,871.0199982110628,88.55973840297165,821.7517,-19.7905,1
632727337,870.8450831958475,83.70843329939404,875.3796,-52.6796,1
632727354,870.247287244933,79.69482678393823,867.6498,-42.7418,1
632727370,866.5901373646411,76.98729244702454,814.4613,-24.6403,1
632727387,867.7116639576019,71.74365272358243,895.7157,-74.4104,1
632727404,865.6853010130409,67.01535840795597,840.5577,-70.9696,1
632727420,869.0876976817941,65.5966442250069,934.8517,3.7679,1
632727454,780.6657950232095,25.893586856621095,784.3236,-59.2544,0
632727470,775.2664893809123,60.381361467750374,778.7484,-22.3444,0
632727487,863.0542847749539,33.65967728071458,954.0558,-75.9002,0
632727503,847.5781585001847,56.93656705672154,819.55,24.6431,0
632727520,841.8546874569547,49.596636115019535,828.2488,-56.4623,0
632727537,669.943544842339,59.16454308800174,0.0,0.0,0
632727554,1089.313189673312,16.064413321689077,1092.4386,-63.2116,0
632727587,1203.8333562552182,56.7051098772344,1206.5222,-17.1335,0
632727620,1168.377364428235,129.81056299573473,1135.0466,138.1223,0
632727637,1213.0558281071699,97.05575717199275,1304.6631,-41.9964,0
632727653,1227.8303298452158,89.34379773825658,1273.6404,-5.0602,0
632727687,1222.5486713057448,87.20558550645372,1203.4634,6.9268,0
632727720,1222.4735613238836,80.72670423538268,1224.1575,-24.2988,1
632727737,1222.2843288443323,77.24828836809209,1223.2268,-15.3028,1
632727753,1224.8623622203318,73.53213406621472,1244.1169,-23.5017,1
632727770,1222.415584718007,71.9134212990148,1205.8464,-12.0744,1
632727786,1222.285890866577,72.59010263553314,1223.3269,8.3186,1
632727803,1206.9792130392668,76.91756382172112,1070.037,45.6405,1
632727820,1204.305753495373,77.0493907284679,1184.0061,6.1219,1
632727836,1207.6200799912292,74.9630799546201,1249.1069,-19.8023,1
632727853,1206.6520644816555,75.44863743612926,1201.1255,9.7341,1
632727870,1207.3274873011728,72.64005914012898,1220.9446,-34.4968,1
632727886,1217.9723707051267,77.47448327183326,1353.7412,74.2409,1
632727903,1215.9932891102123,81.67527935763384,1190.3162,66.7267,1
632727936,1217.0306929383444,86.18433716940429,1231.5605,76.8033,1
632727953,1220.200450509764,81.37534917405759,1264.7107,-65.7995,1
632727969,1221.656282701494,73.19895687231119,1241.7697,-125.1554,1
632727986,1224.9431187461691,65.13943989832912,1271.5121,-129.0872,1
632728019,1223.4111320492816,64.43891954260441,1197.184,-11.5224,1
632728053,1222.2724154778243,70.59834350509995,1202.4607,106.4751,1
632728069,1223.2149741117519,75.72526573271982,1236.4125,92.0264,1
632728086,1221.6220926637413,79.71624752572389,1195.2303,73.2576,1
632728102,1221.72829891778,83.73777550790102,1223.4907,76.2986,1
632728119,1221.006005751568,86.08658496049588,1209.918,47.4002,1
632728136,1221.787353735052,88.09985347879444,1235.7782,43.1992,1
632728152,1225.8142808388766,87.0416667977798,1292.6343,-11.2682,1
632728169,1224.6913641017184,91.52796140916352,1203.9006,91.1892,1
632728186,1220.8985974741292,96.66539499893157,1155.6763,100.108,1
632728202,1221.028388157814,96.5068847495125,1217.7705,20.0649,1
632728219,1223.5792547923904,101.58884855604967,1277.8093,100.7941,1
632728236,1222.1115497709782,111.16406926220762,1203.1466,190.022,1
632728252,1220.737432662349,114.71952251695525,1197.74,81.485,1
632728286,1221.7807912651697,117.42086419504487,1242.3748,66.437,1
632728319,1221.1236078395057,124.95504463030294,1212.2671,160.9185,1
632728335,1163.6020765014673,469.98433675585704,1164.1367,425.695,0
632728352,1151.0544939367674,602.464883089044,1150.8979,567.6553,0
632728369,1146.927902032523,570.6769082639325,1143.0134,499.3123,0
632728385,1148.1770662677193,567.0629311744211,1150.7539,522.1028,0
632728403,1153.2100118012368,560.3369799127655,1168.2767,501.6137,0
632728420,1151.6725388486866,570.8505481487167,1145.2896,578.3314,0
632728436,1143.2159324305903,579.8616182248903,1101.8457,589.2539,1
632728453,1143.4412057063018,584.1872277617025,1145.1135,573.8917,1
632728470,1144.0739036564694,588.1333536864264,1148.5862,579.1444,1
632728486,1142.752317120785,598.0312125232646,1132.7495,640.4928,1
632728503,1140.777078791677,597.2545650106302,1124.9193,551.0992,1
632728519,1141.9759793957496,599.8904959541242,1153.5884,587.55,1
632728536,1144.3554749936209,596.7929658728254,1168.3979,525.6125,1
632728553,1145.3289126963211,598.699763866838,1155.2479,582.7761,1
632728569,1147.3790915024963,600.0690070664548,1169.6176,578.9847,1
632728586,1148.8536876538083,602.7925038626593,1164.7271,599.5423,1
632728603,1148.1013900633993,607.1335652641744,1136.687,625.7909,1
632728619,1148.165579373568,611.5743428325269,1147.2343,632.8732,1
632728636,1153.192596825419,610.8484370370893,1218.7898,560.083,1
632728653,1147.163678159957,600.8463159262014,1061.1235,409.4629,1
632728669,1086.9003297704155,359.378167876107,1088.1774,305.3115,0
632728686,986.895170336843,435.05342702555896,987.9535,384.418,0
632728703,969.4808269806839,428.34401421853147,953.3074,369.2869,0
632728719,1009.8775969007474,429.16761291830545,1091.1311,382.1011,0
632728736,1022.8905980215534,466.0607651534498,1061.1062,536.733,0
632728752,1016.5778747332309,457.4730378118747,992.0188,371.227,0
632728769,1013.2546762348252,460.0679178204293,997.3691,424.3456,1
632728785,1008.8627955433308,456.92734600935745,984.2505,387.4937,1
632728802,1014.7683258018819,460.63830514717586,1054.9089,439.3676,1
632728819,1027.093087297681,457.41138439928955,1119.8342,384.2682,1
632728835,1035.1378791854352,443.89175238614104,1100.8751,275.2056,1
632728869,1039.9163750217763,441.1740152582273,1080.2466,369.0458,1
632728885,1036.6014709685876,439.89253894602604,1000.0417,379.5817,1
632728902,1045.029668827548,437.3006545156674,1130.7949,364.0815,1
632728918,1043.2714016961881,442.9273174474998,1017.9805,465.1877,1
632728935,858.2794423469189,581.1917889712844,858.793,538.5609,0
632728952,840.683953311242,557.5471358416347,841.3585,512.8005,0
632728968,855.6453366485168,573.834333675509,871.0107,548.3658,0
632728985,841.3941607504643,581.960065424187,813.5057,555.6659,0
632729002,849.9298463632759,576.474779628021,875.9711,516.1854,0
632729019,851.0227357878368,573.2168443973624,855.8263,516.1689,0
632729035,853.6787650280395,575.4571493280747,866.8958,544.412,1
632729052,854.6596948815011,572.449863746148,860.6196,510.5281,1
632729068,865.6090216187946,566.513027972195,938.7163,482.3606,1
632729085,873.5763992330296,560.9851218148326,932.23,474.9967,1
632729102,883.5109192662153,557.108295728351,963.678,482.366,1
632729118,881.631193728698,559.9319950548866,860.0529,546.1354,1
632729135,880.9562268448824,564.2145117469217,870.4177,567.7073,1
632729152,881.2554282307536,567.1482546340194,880.9875,557.6141,1
632729168,881.6968944659435,566.8756774802406,883.5876,519.8765,1
632729185,879.992308302497,563.9013510805837,857.2561,481.8569,1
632729201,879.2179480677744,566.237504344074,867.6324,554.432,1
632729218,875.2632361685706,568.1995428316294,823.1081,550.5205,1
632729235,870.3266316512533,568.8775416546617,805.4908,532.4495,1
632729251,859.8590767218617,571.3603304382416,719.4069,559.9628,1
632729268,861.6155685160459,568.9071981863626,896.1897,485.6373,1
632729285,861.9193348216463,566.9784256784516,874.4622,492.1326,1
632729301,860.1797486734074,568.7781725523067,841.5245,553.6124,1
632729318,860.4541851444466,570.1707434996237,872.4337,548.4462,1
632729335,853.890212619253,570.3334323667565,760.0454,525.3306,1
632729351,852.4113647856698,571.6410206205346,840.4779,547.8,1
632729368,838.4376477315321,363.38091625468877,840.1644,304.2996,0
632729384,803.6415181754045,249.871430064515,806.0469,181.6946,0
632729401,778.6016728255481,243.8590706169502,756.1908,167.7329,0
632729418,797.6322809646663,249.5677784707421,837.8633,194.2633,0
632729434,813.3241060378158,237.2021340825597,862.2472,129.8734,0
632729451,818.3620453119755,231.08470152505836,840.0754,136.8119,0
632729468,817.659503893082,226.30276655244933,816.0182,132.288,1
632729484,812.1297031469669,222.76167965913643,782.1158,131.1239,1
632729501,811.976215807025,224.9116642860471,813.2032,171.7674,1
632729517,811.6623242427972,225.91290091072264,811.6334,165.149,1
632729534,810.1399298608807,224.89260458734515,799.9888,146.3831,1
632729551,805.8396125742548,227.06774782515373,769.4611,178.5842,1
632729567,806.0622670778591,226.75872771645012,812.0693,154.0317,1
632729584,804.0275705746177,225.97366956251577,786.406,147.0746,1
632729601,805.1174954699756,229.57881467427697,821.3323,204.0265,1
632729617,805.6579748381699,230.08911775223038,815.7688,166.1976,1
632729634,805.5687600590774,229.71011126263488,807.9822,153.9401,1
632729651,801.7171390475831,225.89046145881696,756.0066,101.219,1
632729667,803.9391281976599,226.1080702511103,838.7432,161.1232,1
632729684,804.7293126307867,225.27163047168358,819.5203,144.1216,1
632729701,802.9396184387213,223.41889630990414,781.0435,125.9179,1
632729717,799.4430460949598,223.0223863879564,752.9976,147.9888,1
632729734,798.646176477025,222.15931820653785,793.1896,140.4162,1
632729751,797.5737416194901,220.954857839065,787.9436,133.5886,1
632729784,797.6140555826385,219.68335326067742,805.2051,131.7832,1
632729801,794.3324936453254,220.8436962950121,749.3916,173.0174,1
632729818,796.5358810519577,218.80706849521818,839.9982,117.2803,1
632729835,799.3591381417596,219.0482918016667,850.5903,157.9253,1
632729851,805.1313544111276,225.37894355448634,901.1229,270.9514,1
632729868,811.6999790075525,229.85633949620873,916.6003,238.5287,1
632729885,820.0000950340236,232.16724629777474,948.915,200.057,1
632729901,825.3685191366206,236.39933763848722,897.9525,237.6182,1
632729935,832.5519183720289,236.76503438972318,926.674,165.1412,1
632729968,957.1817166038335,401.6852638717432,958.4765,347.9597,0
632729984,994.9109192996733,340.43773479174615,996.4647,283.0118,0
632730001,995.2159552802882,327.9603018274981,997.2073,256.2679,0
632730018,1019.150545400754,333.943243035091,1068.1025,290.4063,0
632730034,1025.024412167057,345.6763145902193,1043.3232,326.9568,0
632730051,1011.9475854265386,343.22640469833493,961.7544,274.5325,0
632730068,1133.1053444105733,590.939644782914,1133.045,554.8985,0
632730084,1278.02003182583,763.5144074161402,1276.7534,743.2678,0
632730101,1281.5569770818558,786.6815030697255,1283.5552,793.099,0
632730118,1286.4610369425354,775.8716946033735,1294.9375,733.7335,0
632730151,1295.4836710012053,771.5768140622813,1320.8154,739.2478,0
632730184,1306.9218343409593,766.1049223714273,1350.1477,724.752,0
632730201,1321.0207965925777,730.4044804735299,1319.8513,708.6405,0
632730217,1293.7610863349078,761.3460018910129,1292.4763,741.2762,0
632730234,1262.1295827594365,746.9115854400807,1229.5692,708.9725,0
632730251,1308.3959309469592,738.1273067444312,1399.233,699.9669,0
632730267,1315.7500849943817,734.3113400956443,1335.8506,701.2509,0
632730301,1314.990670598891,740.3934479896161,1309.9244,745.1182,0
632730334,1316.8745078076233,752.0225302872902,1323.7439,792.6578,1
632730367,1309.9479597830837,755.0223142495715,1267.8523,751.6523,1
632730384,1311.5356408288596,756.258062636628,1320.6846,744.0431,1
632730400,1307.7035641732455,756.5530422430388,1277.4412,736.8481,1
632730417,855.7443009700964,765.2457362633762,855.2693,736.1033,0
632730434,611.1633516111099,786.2889109941812,611.0387,753.4686,0
632730450,617.1068255279258,768.1312449876947,623.0837,714.7845,0
632730484,639.495174965573,782.0799111785909,683.5675,780.364,0
632730517,652.677171136423,776.7423715598044,691.25,727.8167,0
632730533,662.9047433422603,783.9447775665858,701.8525,783.2898,0
632730550,673.4108584896942,776.0678626988289,723.1906,703.4317,1
632730567,678.4578339925445,777.8655456763909,705.3295,757.8777,1
632730583,680.4164016690694,781.8959398871825,690.6694,779.3552,1
632730600,682.3773326263619,772.5968614431679,694.7316,665.1238,1
632730616,683.827544712398,768.8284514650077,693.1493,703.9973,1
632730633,685.6683638416583,767.7218407275346,699.4172,726.5723,1
632730650,685.9197471429488,768.0750780724883,685.1049,741.3721,1
632730666,687.4499848822655,768.9524249664513,700.3629,748.6035,1
632730683,687.2307678875045,768.248130916595,681.4858,728.6527,1
632730700,685.7903153708291,768.0035097517896,665.8948,733.5627,1
632730717,685.8178138206757,766.9003893673154,684.1261,721.2072,1
632730733,686.6465798592058,766.065510334108,695.4819,724.0179,1
632730750,687.0911062998989,762.4679209999857,691.2661,680.311,1
632730766,684.7515493845066,758.2399084804291,650.9347,665.7067,1
632730783,685.6890441143802,756.9459826258106,698.6707,710.4008,1
632730800,684.2039220405837,751.7756481892151,662.3038,643.3701,1
632730816,682.0409304250953,752.0000553565274,650.2864,730.56,1
632730833,673.7706817796659,753.1559260918023,550.4883,743.8669,1
632730850,673.0302445526486,753.9465723408409,669.1984,739.8091,1
632730866,666.4230584641975,758.2722717664784,570.5479,800.4971,1
632730883,659.6120328251558,763.5145828891272,563.4741,818.2898,1
632730900,653.3427246655907,768.9217858681659,568.9149,823.2615,1
632730916,648.5355268976266,771.2786865202966,590.5513,769.5255,1
632730933,642.7986527190861,777.7094026757185,570.674,846.0736,1
632730949,636.6077011282348,784.1186046006608,558.9209,848.0154,1
632730966,631.3715728501383,789.4924825579195,569.5319,831.3267,1
632730983,627.8099861023818,793.4703003924147,597.0823,803.8701,1
632730999,624.5004497199993,798.4805653078558,604.0029,832.8424,1
632731016,619.0714044117977,802.7703339103213,563.4542,815.6196,1
632731033,612.7723814527448,808.0370116354801,544.559,842.704,1
632731049,607.3524271217734,810.9322919333675,557.1467,793.6656,1
632731066,601.4334321414808,813.8657282620444,541.1465,804.181,1
632731083,595.8124761689121,819.0732683289168,539.3244,852.7216,1
632731099,590.5299671309161,823.003276758602,540.5474,821.0359,1
632731116,585.0635835288937,822.6114158390402,532.2756,749.4681,1
632731132,582.8650263474481,827.0606236494891,583.964,848.156,1
632731149,583.1017030057548,826.5654975283546,620.0503,762.1014,1
632731166,579.9993922409194,826.0788921845053,558.7781,765.4419,1
632731182,578.0661427913201,827.5829350646642,572.4181,804.3296,1
632731200,573.3356802366262,829.9008635883301,518.019,822.233,1
632731217,572.4629663280804,835.8561257393027,582.9075,893.4443,1
632731233,569.9729496685858,836.6725596831496,552.5577,800.1316,1
632731250,568.9627151610334,838.8184524269303,574.0316,824.2357,1
632731267,569.455934384899,839.2415797259088,592.9139,794.5642,1
632731283,783.7101333898313,644.1573108969326,784.0253,604.566,0
632731300,884.1323783778465,581.7102158363479,884.5941,539.6699,0
632731316,916.7496070374981,544.090401011923,950.0275,460.3892,0
632731333,907.0430521069225,545.9351736882231,888.2153,505.4767,0
632731350,914.2433529674324,541.9040274251206,936.2164,485.3749,0
632731366,911.2305069496338,541.9167686494692,899.8226,497.6189,0
632731383,911.752308344952,533.2476867151024,915.1075,443.3113,1
632731400,908.6295498242927,531.6106654906273,891.255,476.8211,1
632731416,910.4284238353437,535.9206964736419,923.0913,523.2297,1
632731433,913.0625599343537,533.6675926334144,933.5273,471.4095,1
632731450,910.5490626670482,534.0882494523422,889.863,493.2083,1
632731466,904.9835192696182,531.7376319942188,855.3295,463.0887,1
632731483,901.0230315920583,533.4282638986284,864.1639,506.4413,1
632731499,897.5073875126315,531.5243739851234,863.8469,464.4464,1
632731516,893.8513548381732,530.8577465721056,857.2825,477.6928,1
632731533,888.6462575834098,532.316998260816,832.6438,505.3438,1
632731549,890.6445570971047,529.9285403300188,922.5142,453.8479,1
632731582,892.4680691733726,522.341804690118,922.2048,373.6312,1
632731599,891.7865077656214,521.1988654098733,887.2742,463.871,1
632731616,888.7297305876547,520.4245562454419,851.222,467.4279,1
632731633,892.225682692893,517.5009708500249,947.712,433.3139,1
632731649,897.9941016284499,515.1992692271899,985.0484,441.5961,1
632731666,894.2835670782888,514.8293730367984,838.4249,468.9996,1
632731682,902.5243708760105,509.84018555991827,1029.1161,391.955,1
632731699,1023.4579345960808,374.0604897175514,1024.7761,319.7185,0
632731716,1056.8818693429916,383.70187489666006,1058.0846,330.7835,0
632731732,1041.72603025971,377.88558643088214,1027.9316,317.6639,0
632731749,1029.0901597331433,388.79824139715686,1005.2137,358.4401,0
632731766,1029.219451815272,385.89797895069904,1031.1575,323.1874,0
632731782,1044.8755295926167,383.70816447749604,1107.7307,322.576,0
632731799,1043.8239136912193,389.24419624195536,1039.2496,365.3038,1
632731816,1047.8785419718413,396.27335373981094,1071.7502,387.7939,1
632731832,1042.3073043356499,399.5954609022187,1005.4884,369.3593,1
632731849,1039.5776821173972,399.3463194156961,1020.2272,343.2253,1
632731865,1036.6800178149313,399.0187400930097,1014.1893,341.938,1
632731882,1039.1040285559086,394.07407066327454,1063.507,292.4728,1
632731899,1028.7039564806314,393.1578177443721,928.275,328.5685,1
632731915,1030.7997525152907,392.0684871728616,1057.3154,327.832,1
632731932,1031.6068378751831,393.80171129944017,1044.0955,362.8978,1
632731949,1031.5400777687644,395.3704133006223,1033.8052,362.7242,1
632731965,1032.557308732755,392.3505756132893,1048.332,299.274,1
632731982,1027.408649849405,392.3518954298363,963.7427,338.9943,1
632731999,1027.0608959621716,394.7986918527694,1027.0378,377.9708,1
632732015,1026.377293547701,396.44664343092535,1021.5243,367.5274,1
632732032,1028.412642822448,400.9098507338285,1061.5901,415.7734,1
632732048,1023.5117029584065,397.32578841092584,955.875,283.015,1
632732065,1023.758417332744,393.8140118654518,1033.7426,283.5724,1
632732082,1020.1887526216549,393.7410567401373,971.607,339.6852,1
632732115,1023.4054632379865,394.5209384117989,1080.2375,356.957,1
632732148,1024.0144123954965,389.5357357728382,1038.4041,253.4196,1
632732165,1030.4415483981968,389.0623330532048,1135.6517,334.6868,1
632732182,1027.600573783761,389.750503849536,980.2454,352.0468,1
632732198,1024.441341264604,391.33651260757676,973.738,368.3378,1
632732215,1027.0153082250754,398.70792592606966,1071.1879,478.1655,1
632732231,1090.2936953987062,720.3331214378402,1089.6162,692.8979,0
632732248,1147.2265044077342,636.2181281241507,1146.895,603.8103,0
632732265,1148.4352591628594,636.1369708829797,1149.3059,603.6877,0
632732281,1128.815064158013,645.5531756864531,1089.4434,632.6957,0
632732298,1121.44486394192,645.9014376825523,1099.5864,614.151,0
632732315,1123.0308501253414,647.1943185015857,1129.3756,620.5085,0
632732331,1126.6353222683326,650.7582640302805,1144.0779,637.7457,1
632732348,1128.7447688274478,655.8248887765923,1140.4788,655.6477,1
632732365,1135.7579393942901,655.3372137759022,1181.8794,620.5802,1
632732381,1145.1252975072941,647.1458676904967,1214.248,550.0521,1
632732398,1148.94389333246,645.5621975345033,1177.8141,600.9455,1
632732414,1147.3279485178145,650.6612413395943,1128.802,669.6503,1
632732431,1140.8056617910472,649.7875927983632,1073.8218,607.181,1
632732448,1137.5575371911211,644.8287675602431,1102.7032,555.9615,1
632732464,1135.9428123807197,644.5208291212963,1118.0571,610.0138,1
632732498,1131.3486533715204,646.3283040910483,1077.9388,637.689,1
632732514,1130.099887052326,650.4790755403187,1116.9861,674.2499,1
632732531,1131.4654848100763,657.243287073159,1151.4716,718.6194,1
632732548,1134.9968104121697,659.453223136185,1183.9541,656.4506,1
632732564,1133.683819012683,662.6769766042122,1115.4553,673.5247,1
632732581,1132.2013309773233,669.925975747837,1111.3892,742.3067,1
632732597,1133.8641774453433,673.4819934088774,1159.2052,688.1882,1
632732615,1138.2015139628725,675.1512868608654,1202.6598,660.5234,1
632732632,1141.019631847768,680.9640668300901,1180.3801,734.1334,1
632732648,1143.2310775924864,685.8464672131199,1172.1919,722.2866,1
632732665,1142.175893720567,691.2599894272595,1119.249,734.8402,1
632732682,1143.3172447025543,697.2420435455817,1156.0479,750.3871,1
632732698,1142.1072718991736,699.8401319190533,1117.2108,692.4688,1
632732715,1140.2500962728504,703.1098327646915,1106.0576,708.1849,1
632732732,1140.7715845575835,705.685102160355,1147.0024,699.9664,1
632732748,1140.4101413503492,709.4541968619578,1131.8976,725.6174,1
632732765,1139.649476456635,709.3574680758906,1126.2297,648.7663,1
632732782,1140.0764073852604,713.3820202688757,1146.817,730.5464,1
632732815,1142.9061206190004,714.4466217476944,1182.8943,683.0358,1
632732831,1144.8490906712068,718.316183262126,1169.2281,736.8821,1
632732848,1147.8249486350824,720.3938229214027,1191.3126,708.1255,1
632732865,1143.4425479841057,720.6739544112368,1065.5815,677.0792,1
632732881,1087.059221378408,473.41796506382065,1087.7205,427.7457,0
632732898,1144.9545068349325,370.52470374398126,1146.0613,318.5187,0
632732914,1109.38992583033,367.8711014795872,1075.1863,311.3102,0
632732931,1091.2991175451227,352.27148168518676,1057.069,263.7437,0
632732948,1089.0191623326548,358.213396002457,1083.9045,323.1498,0
632732964,1091.2052486242867,356.92377351008383,1101.5847,297.5994,0
632732981,1085.040138778485,362.6831380497288,1056.6104,338.39,1
632732998,1076.4466100260634,363.7895554195092,1028.9662,315.3198,1
632733014,1076.275619131575,357.18115305482576,1078.3247,255.0699,1
632733031,1072.070386094866,360.9133938428654,1043.2938,336.5923,1
632733048,1072.9197017037206,359.07994976476493,1083.5586,288.3466,1
632733064,1076.2614164138135,358.76054541313107,1109.8177,302.2263,1
632733081,1077.4020370605308,356.64037400208576,1090.9856,280.3638,1
632733097,1074.987011385755,359.0036867427866,1051.3391,331.7484,1
632733114,1071.0028746955365,361.06411453176946,1028.9866,330.6343,1
632733131,1069.6580833842931,365.0401917867632,1057.4285,360.2654,1
632733147,1061.1301645858732,366.62565888963184,960.1641,328.9166,1
632733164,1057.5657465664488,363.2985324195572,1019.8022,259.045,1
632733181,1059.9098407696513,365.9940112670195,1099.9138,350.1434,1
632733197,1059.8447436521028,366.5547437695475,1066.0591,318.2904,1
632733214,1054.4422926506138,367.0913969938461,984.5993,316.8638,1
632733231,1049.673422804676,366.1604940668232,989.8871,293.1708,1
632733247,1052.3070190956478,369.79219958732256,1102.6299,372.8661,1
632733264,1051.2050120161707,368.9367882203339,1043.4167,296.429,1
632733280,1048.0039930400415,370.6882182372807,1007.3254,341.4896,1
632733297,1046.7897374991035,367.0284490519095,1038.2925,246.7718,1
632733314,1054.6418647021324,362.1801968763728,1189.2456,227.2068,1
632733330,1058.3583448545176,359.5919268368515,1120.8171,265.1877,1
632733347,1064.3225400391755,357.198491580516,1160.1201,268.5008,1
632733364,1067.641587882444,352.8354974685948,1116.238,229.7891,1
632733380,1068.9047582148226,351.9228576619181,1081.3364,291.756,1
632733397,1069.1622015820078,350.06169991595146,1072.3213,274.7569,1
632733413,1071.0039456004295,348.1256027322527,1092.4387,271.8298,1
632733430,1071.9523584415206,348.85077878070615,1075.8102,315.0877,1
632733447,1071.9483871024665,350.4323893024698,1063.2775,335.9887,1
632733463,1071.4849404717286,346.1398367505653,1058.64,221.7817,1
632733480,1071.2876051826245,342.71933288060615,1059.4344,241.1163,1
632733497,1076.6029730689484,339.2518871240748,1153.979,237.8838,1
632733513,1069.5328963026743,332.75472027298554,945.6837,168.5952,1
632733530,807.5750640831303,123.19070065060667,810.6567,45.7768,0
632733547,810.7978556637504,111.29156961664945,813.9376,33.071,0
632733563,846.5765557804083,144.25985313311176,884.9131,105.2961,0
632733597,862.1493514449859,150.6997473506639,895.6187,90.694,0
632733613,868.3073144555174,147.6393467230722,889.0017,63.6823,0
632733630,879.2797374400226,151.9027849069169,924.3752,96.8301,0
632733647,880.2508809049057,152.8479858895187,886.619,83.7878,1
632733663,875.6513143690831,147.00378405777062,851.0082,35.5188,1
632733680,874.8734122020234,143.86756798925234,872.0297,47.0703,1
632733696,877.7060025385666,135.71835702346974,901.6548,-3.8661,1
632733730,878.2818000229045,131.883985061197,885.2177,24.5219,1
632733746,875.3357161763795,136.96153303241553,850.2488,113.8114,1
632733763,874.5830780555053,135.25498281633926,869.9911,43.3663,1
632733779,874.2885011324495,135.2330883454286,874.1526,61.6135,1
632733796,870.215134819253,135.48508641355073,827.8671,64.0425,1
632733813,870.3457750265551,135.00194430766555,876.4991,55.1982,1
632733829,869.8934513396722,129.83890424075727,869.1624,-12.7386,1
632733846,865.7587340180673,129.86214513321522,817.29,57.2328,1
632733863,863.8977360576738,127.21852751811636,845.8504,16.5013,1
632733879,861.9996503290448,122.68179697153879,843.5329,-16.4867,1
632733896,857.2623920396805,114.79381775829353,798.9167,-76.53,1
632733912,848.1822682879267,109.88372536871253,727.3587,-35.4304,1
632733929,847.8173780057805,106.51191870342721,858.3445,-11.0368,1
632733962,845.685239709281,102.38121416104983,828.6545,-28.3287,1
632733979,842.5764680039694,96.32710203819535,810.5444,-66.5292,1
632733996,840.3595091196795,91.11069551314976,822.5194,-56.2449,1
632734013,836.3431128702351,85.31543161909516,789.9467,-71.9585,1
632734030,833.2038405869539,83.32962664578025,801.4052,-6.9194,1
632734047,830.9194906572102,78.50912928269979,813.4951,-62.4,1
632734080,831.051271989501,75.77275482592826,852.4727,-27.2262,1
632734097,827.983486415202,72.46238344325876,794.9319,-43.0498,1
632734113,826.0934801284386,66.23293018777122,811.6424,-96.7677,1
632734130,825.6975143894936,63.19157317741722,842.6574,-33.4383,1
632734163,822.6015424498753,60.65329382676308,793.8673,-31.8565,1
632734180,824.4810359689425,54.98891559847175,877.1644,-96.1784,1
632734197,822.0201638691002,49.17023606259739,802.6744,-101.8652,1
632734213,823.5134388990027,43.61963862954134,864.8239,-101.8446,1
632734230,828.9967752951094,37.993629995964326,928.6958,-111.6668,1
632734296,595.017455451036,45.533441001139394,1196.317,-84.1655,0
632734329,831.2257964490339,45.626012148520914,1300.1736,-26.5482,0
632734346,622.0130715323539,58.449628209066304,0.0,0.0,0
632734363,754.0737564524272,59.281813702735995,1274.7542,-9.5472,0
632734379,1312.4184676753007,72.16632444016206,1314.8179,1.7856,0
632734396,1250.1277943622383,51.20712651548029,1252.7585,-22.0468,0
632734413,1253.3280451723012,59.17068735073212,1259.0527,-4.8329,0
632734429,1224.8210897145786,55.171672214922964,1170.9606,-28.1174,0
632734446,1222.6571476513504,41.73171849232788,1219.6169,-75.6882,0
632734462,1239.771206376969,31.44790344840426,1310.2515,-84.9123,0
632734479,1247.1387228627016,51.79969615607389,1284.6055,86.518,1
632734629,741.539802976901,320.75689679964427,743.6804,256.4688,0
632734645,640.4208002481448,356.36833806687434,642.561,292.5398,0
632734662,641.5287847136232,330.0549893833489,645.0537,236.1601,0
632734679,635.3284543429372,313.9039651121189,625.5758,212.2632,0
632734695,635.9443833200542,311.33977601490864,640.2853,236.3842,0
632734712,636.8366191933724,310.49552997456766,642.8094,240.2089,0
632734729,633.8806551325944,309.96614518011614,621.9695,240.0176,1
632734745,635.3965684956721,304.5629203834394,646.9652,204.0331,1
632734762,638.7698869500587,311.4961914500425,663.3909,295.4471,1
632734779,639.9936944681939,310.40046425561724,651.2245,234.5936,1
632734795,642.6204694025802,306.93427602602605,666.4293,209.2357,1
632734812,643.7377579048417,307.4844221650311,655.1785,246.6445,1
632734829,647.4538098884825,306.7624404456701,685.0547,233.3144,1
632734845,650.9705521134674,308.31356336363535,687.9362,260.3433,1
632734862,652.8825432573891,309.3816205285699,673.2583,255.8573,1
632734879,877.7403418315398,604.6459949074849,878.0904,564.1567,0
632734945,484.5893493726147,510.14036524958715,486.1952,454.2965,0
632734978,508.28419797187405,430.8585776106118,534.2896,285.294,0
632734995,526.2942639704446,407.75461826186694,564.2228,297.1686,0
632735011,531.8963270406387,397.1262448817798,550.376,301.2944,0
632735028,525.8371010384357,381.68609928268904,504.0975,252.8159,0
632735045,518.1567380357127,332.5685645422053,520.6573,264.3763,0
632735062,547.5348079517058,350.17885300238817,549.8846,283.9101,0
632735078,518.1187690034224,349.05929388382697,491.2509,280.2538,0
632735095,519.1834433594792,352.96040171934277,523.7906,294.6678,0
632735111,527.7294661756657,340.25234401782,555.7914,232.8706,0
632735128,524.2987442011264,343.3253418566281,513.0953,289.0652,0
632735145,522.9833874426724,342.2207257568958,519.1075,269.1202,1
632735161,521.4126242577378,344.5768287259806,514.8491,292.0147,1
632735178,519.7001040400087,343.6926775167436,511.0762,269.7911,1
632735195,524.0389401553152,344.00880443607696,559.4617,280.1538,1
632735211,529.2524479558809,345.642774851013,574.6443,294.217,1
632735228,534.4173651858797,348.33315341784936,582.2743,308.5845,1
632735245,535.9597712383893,346.92137343738386,551.092,264.5449,1
632735261,538.1645157319363,342.18971596162424,561.2214,221.5919,1
632735278,538.3801035741833,341.11116840875707,539.9296,262.1567,1
632735294,535.4501387762461,344.53756320841546,499.9869,321.6189,1
632735311,782.1066258094467,235.8001490910374,784.6288,166.1278,0
632735328,899.6265973305709,115.71071153350783,902.574,39.7134,0
632735344,912.889015909252,124.5231994623772,928.9198,59.1771,0
632735361,920.3303861701959,149.28726089771695,937.485,129.3044,0
632735378,908.9553406750489,132.00606774928167,878.2391,1.233,0
632735394,899.7612608437921,134.8519300051024,866.6954,71.6055,0
632735411,918.6895092668333,135.63849463209883,1013.9584,67.5674,1
632735428,903.2507000495368,122.12677944674769,816.8102,-39.1074,1
632735445,900.3180600877043,125.76252728741694,884.3739,77.4733,1
632735478,895.9046378392459,116.67424611173026,867.2958,-32.4487,1
632735495,894.3184234898375,110.04008003261983,886.2465,-23.6045,1
632735512,889.5521789866493,108.68679940746338,851.3984,21.5739,1
632735528,884.8972536421506,104.40753308988552,845.5613,-14.9334,1
632735545,885.8079054777089,100.29879378593333,902.8474,-18.3202,1
632735562,881.6383428378767,93.24807843332717,842.2956,-64.2458,1
632735578,882.6840050575214,83.38710178932077,903.6095,-111.3275,1
632735595,884.2082426192743,82.28399776757246,910.2533,1.3966,1
632735611,882.0277867202478,81.46504794798253,860.2518,2.3988,1
632735628,880.8829841008775,75.1596584839269,873.0174,-83.6427,1
632735645,884.2236441296277,68.21589467507246,937.8246,-99.582,1
632735678,856.3330414800009,42.46165120792088,859.7579,-39.8504,0
632735695,866.0075420215838,46.547118528281764,879.0017,-30.6764,0
632735711,876.7866011712398,53.57181604789792,901.3688,-12.0638,0
632735728,875.6618284008447,38.90866006422792,875.7657,-90.132,0
632735745,883.7948371292367,31.642234338612862,919.0645,-80.4793,0
632735761,877.7720004024918,34.289449608891736,851.3295,-34.2685,1
632735778,870.4105333476695,29.54550755220571,831.4822,-83.2523,1
632735794,867.2747733431314,33.93447411239712,850.3613,-16.8573,1
632735811,860.0115351303673,28.883429584750242,810.3178,-95.8838,1
632735844,859.3613530010193,34.13641027912409,859.3759,-0.6865,1
632735894,858.6969315820796,35.977910738669664,858.2614,-28.878,1
632735911,870.6664350988899,34.884684675909696,993.8702,-57.1656,1
632735928,875.8628556948706,41.214687799648566,932.2629,31.6921,1
632735977,828.6501927519076,0.9509248322556013,873.9199,-65.3855,0
632735994,865.3906115534226,8.034170150577816,941.5728,-60.0446,0
632736011,853.6986961829041,14.400846125325902,821.8221,-50.7339,0
632736027,838.682002611482,39.89395043405866,782.3988,62.7527,0
632736044,841.1492824839687,30.870659911635187,844.6655,-52.6187,0
632736061,879.9808933154715,61.860110429819954,883.2562,-18.5193,0
632736111,857.276206750204,40.326501160830155,838.2228,-65.6656,0
632736177,831.0648531040526,55.29072506826332,782.4312,4.3157,0
632736194,856.0704733788657,47.414251238829735,934.0939,-58.1403,0
632736210,875.0701279712173,48.862410179795845,952.5683,-24.7615,0
632736260,896.0623418456402,41.394717171529926,899.4176,-40.1469,0
632736294,933.106699078891,78.26439297873195,972.8741,40.4984,0
632736310,949.1164716426857,76.7645526755256,983.7656,-3.7654,0
632736327,949.0609972325497,71.13766262029229,951.6573,-25.1773,0
632736343,930.1932429768411,130.28629493449307,857.4297,303.6522,0
632736360,923.9052466589841,554.2006874955841,924.44,510.9861,0
632736377,977.574899945743,579.4088618507567,977.8718,539.1959,0
632736393,977.0591484257676,586.2507581763576,976.7697,553.8457,0
632736410,975.7172068953203,585.1397783805124,973.3395,542.8445,0
632736427,977.9960653640823,580.3846632385028,985.1289,525.2444,0
632736443,967.8172514026584,593.29763317425,927.8661,607.5854,0
632736460,925.5044052543983,976.0018383141893,923.7596,963.8574,0
632736893,886.1513444633822,1112.8118086382203,883.7428,1109.8929,0
632736910,810.5844894674415,779.4658067770813,810.1184,750.4047,0
632736927,824.4320836349036,728.0364631133893,838.2804,640.7093,0
632736943,844.2205627819135,701.2527569571549,883.5797,611.1302,0
632736960,856.7206976353837,682.2658062050991,893.6125,588.1006,0
632736977,849.3433242487514,675.9884333288993,819.8592,614.3596,0
632736993,842.2423229222777,627.2345606220434,842.5378,587.6488,0
632737010,858.3402182558152,633.1192837605788,858.5734,594.3105,0
632737027,862.3037194923742,645.8080560314452,866.3384,621.6897,0
632737043,858.6986893556334,661.9847157336449,851.4316,659.5984,0
632737060,855.143687896489,656.7674628753342,844.856,602.4709,0
632737076,863.148930032682,650.9232233243182,894.8995,589.4225,0
632737093,865.1850896393885,642.9741076125256,875.1857,563.9038,1
632737110,860.4684804716185,636.2367265646601,833.3011,556.1218,1
632737126,853.093175377384,641.9776104470734,804.152,645.1779,1
632737143,845.8947698359382,646.6557133705263,793.0028,645.7701,1
632737160,845.8586398672774,648.4230457148288,847.8551,626.0584,1
632737176,844.7059510454378,636.2865737355396,837.1993,478.1042,1
632737193,916.0496148447749,282.5516840156712,918.0654,219.1814,0
632737210,985.744457485795,223.9550582310329,987.9443,157.7625,0
632737226,974.5903120534788,211.41359708335077,965.8419,130.3923,0
632737243,986.6799184904359,220.26544933683402,1012.8389,173.2898,0
632737259,979.589825211022,215.40274689201678,960.8196,132.4442,0
632737276,970.4756632247049,217.1306597735866,937.0897,156.7086,0
632737293,975.5234818105504,205.20656802643077,1003.1906,75.6884,1
632737309,971.4706014935907,209.02473119224544,950.4456,165.5238,1
