timstamp,smoothx,smoothy,rawx,rawy,fixation
632329529,928.118259738138,596.811900758494,867.0984,565.5148,1
632329545,923.8057933100354,598.6014399346341,864.3792,564.7987,1
632329562,918.2133935709195,600.0939540701505,838.9164,559.0304,1
632329579,916.5686538625779,600.0072566530832,907.4904,537.348,1
632329596,913.5852540662635,600.526886023562,882.874,545.6747,1
632329613,910.1358872095562,600.0674377350592,864.9081,527.6231,1
632329629,908.6188215618372,598.9445240078669,899.9105,525.2357,1
632329646,906.3605391028674,600.322240564269,882.9033,567.9131,1
632329663,901.7150452690903,600.0811546081031,839.816,533.3552,1
632329679,900.7040694191469,600.173968688911,898.2582,544.8908,1
632329696,897.2179716554971,601.2027929870677,857.0885,563.6609,1
632329712,897.7678409297424,600.6311433547868,923.7842,533.1735,1
632329729,897.1745640106759,600.774822312038,897.4619,548.6603,1
632329746,895.9115391608585,602.1046665369942,887.3328,571.2424,1
632329762,893.0845320165434,600.1026221094093,852.3801,507.9011,1
632329779,893.5919183897454,601.2433370785174,911.2664,572.5793,1
632329796,890.0077348439357,596.3992999851724,838.1141,455.2509,1
632329812,888.5379183460487,586.4925971262545,875.0198,368.6357,1
632329829,886.4916273578687,578.2570327314478,858.0895,396.7668,1
632329845,883.4260372372106,570.4896368570706,840.4259,398.1113,1
632329862,879.4779834776274,562.2218779413215,822.4222,381.0163,1
632329879,876.9429081917485,551.8318658292188,849.2169,344.993,1
632329895,872.2764161566414,543.3530962985958,805.8352,374.3892,1
632329912,867.1294974919056,535.610379326701,794.3038,384.501,1
632329929,864.9323682399959,527.6171536813666,845.1185,377.6479,1
632329945,864.1531049348778,520.520060789517,871.3799,387.0536,1
632329962,861.7241053131942,512.16345746448,831.4851,355.4619,1
632329979,858.923551700562,503.83328614168204,823.3553,345.948,1
632329995,856.6959906517197,498.1956870290404,830.7368,394.9718,1
632330012,855.6981164838248,493.029338789641,849.6711,393.8334,1
632330028,853.4742971352182,484.03178778275776,826.6562,318.7523,1
632330045,702.4490289933092,237.9697117957471,698.1384,154.7303,0
632330062,727.5686968777168,261.2883818844433,723.575,180.6485,0
632330078,753.4324559532812,331.81011568728513,774.1977,331.5166,0
632330095,742.6448041273812,323.7433441488964,716.0515,228.6552,0
632330112,715.3899362203024,332.90924732873714,626.094,278.8629,0
632330128,713.4351222527466,327.10659283093605,701.2258,224.1378,0
632330145,701.8253846003103,335.1315275080722,637.8515,294.3423,1
632330162,703.6226881053148,332.188730259556,710.4325,235.779,1
632330195,706.0826334765745,331.31182103036593,718.6941,247.3847,1
632330228,705.8542142814957,329.9073453712615,699.5357,240.0529,1
632330245,694.4260741346253,313.18682624000746,594.246,81.7734,1
632330261,695.3601323409362,300.6709587318948,703.8375,104.8172,1
632330295,696.9202415583865,295.1074643755595,711.0374,164.5582,1
632330311,696.2464794345086,284.247239758682,687.8644,90.5518,1
632330328,696.0645606809419,281.4675658904776,691.3912,178.5226,1
632330345,697.2805268774723,276.3217275087021,709.9592,143.448,1
632330361,697.032298773921,272.17021087858416,690.9584,149.2638,1
632330378,696.6761313266034,266.61616077642225,689.3995,123.0639,1
632330394,696.8643043790244,263.6449178056026,696.3252,155.433,1
632330411,695.9207164629851,259.1098283328218,679.5785,125.9912,1
632330461,693.6420830434419,257.0010114360836,657.1536,157.9681,1
632330478,693.5000638200366,250.7693416532486,690.5692,89.0916,1
632330494,695.0678360571986,248.72192209146237,716.996,154.0049,1
632330511,695.5755048295172,244.4387630151904,700.8009,111.7355,1
632330527,695.5135584934045,244.11597436801216,690.1666,174.8046,1
632330544,694.6865585399077,243.13209557851343,677.1208,160.0254,1
632330561,694.4785428388276,239.37615573274766,688.2395,108.8362,1
632330577,695.5005996519369,239.44862376353672,708.4225,174.6695,1
632330594,696.2362006918994,237.73476607560212,704.1658,139.8766,1
632330610,696.344203233681,237.69024816791608,692.6693,166.8773,1
632330627,696.4307452864017,235.87674557748667,692.9069,132.3299,1
632330643,694.0955347836793,234.85333048357123,652.4572,145.0165,1
632330660,692.2645177606478,235.13068724311717,665.7055,182.1426,1
632330677,692.6891960001221,235.9664990536287,698.8497,179.9357,1
632330693,690.9616801972143,236.89530009112258,650.782,182.337,1
632330710,688.9224881593401,236.44632755330278,654.0826,148.7633,1
632330727,685.9129926845956,236.63265401098604,629.5901,165.1562,1
632330743,684.6899662764569,235.60406754829032,669.5323,136.682,1
632330794,684.3062708958564,237.0042155794888,683.5083,182.1931,1
632330811,684.0736032770278,237.46391583999426,683.3229,163.502,1
632330828,686.2750317641386,239.47474204068467,714.9711,177.8882,1
632330844,689.1189190160208,240.6074138495415,738.5151,166.8239,1
632330861,690.3200985481327,241.62547218883236,708.9907,170.7792,1
632330877,690.1368373257009,244.11079834981877,680.7095,189.5902,1
632330894,692.0556113823105,243.83601542978514,719.4981,151.9809,1
632330911,691.9485882030068,243.83153428315268,684.836,152.0112,1
632330927,693.7350152327631,243.72419239316469,716.7047,153.7119,1
632330961,692.8336068374197,242.6686439828944,668.816,131.9889,1
632331011,694.7413712955516,242.16667845291374,720.0447,149.3527,1
632331060,697.0611656162768,242.85649722662362,725.6432,169.1237,1
632331094,699.6962950829397,241.24075609212224,730.4972,131.3375,1
632331110,702.4342851662778,243.25686425518822,735.8069,191.2585,1
632331127,704.5993498586512,243.24907060660087,729.7623,161.4142,1
632331144,701.024780350441,248.1197118140143,624.3577,240.982,1
632331160,699.8028995845607,248.0296065720134,668.0391,159.8653,1
632331177,701.167147001629,247.3157158146108,714.1982,149.7125,1
632331194,702.7560185916491,250.25878197647046,719.1958,212.0969,1
632331210,703.8344343290204,246.11246223907287,715.1937,89.6381,1
632331227,705.8351903277448,245.56850681721644,730.8163,153.0606,1
632331243,707.5927091188536,241.85320673754535,727.1173,97.8571,1
632331260,705.9085267660195,237.46921300177974,666.689,78.4571,1
632331277,706.7416508089808,235.53561922238634,708.0341,126.9438,1
632331293,707.1137318745282,231.79155189617262,703.1429,96.3988,1
632331310,706.0359281481581,232.40087463416504,680.2458,172.932,1
632331327,707.7946473558668,237.31437562868925,725.4619,253.2455,1
632331343,708.9448926700261,242.14926608000457,716.0736,246.5978,1
632331360,708.7147396016684,243.82819357666426,690.911,188.9132,1
632331393,711.2532689197254,249.08364543605362,744.8055,254.1553,1
632331410,714.4221676190485,252.9309062656519,758.6275,234.2675,1
632331427,718.0202854962577,257.7444774031641,766.6267,250.9476,1
632331443,719.7492429653305,259.02921208553505,738.2643,187.1598,1
632331460,722.0004717013754,265.3298215074833,749.0208,279.6936,1
632331476,724.1551353781301,270.7504500497934,745.0493,265.7507,1
632331493,728.8969336381945,274.9833126056905,790.1252,250.8034,1
632331526,729.5129452909348,279.0984125443647,721.8207,243.2537,1
632331560,732.3671236976023,283.7804408194709,759.6834,259.2409,1
632331576,732.1685084737491,290.07876528202434,709.5766,289.6132,1
632331593,733.3393935334136,297.44944131095014,730.4998,312.3659,1
632331609,736.0793661465846,301.3140562081035,767.0846,256.1751,1
632331659,740.5070073054942,305.87505557173205,799.1234,277.2582,1
632331677,740.7359941074019,307.2841665065157,726.8367,216.1025,1
632331693,775.4177941995587,506.58038678982825,768.3721,440.9636,0
632331709,745.5159701304495,473.65774856185897,738.187,404.6876,0
632331726,765.8125671251822,497.37725948674927,779.0626,456.7502,0
632331759,758.29618661107,495.98173069441873,735.507,424.9638,0
632331776,765.1321800933732,495.7361827479198,778.8722,429.2783,0
632331793,765.8097481049128,494.1791659285455,761.3593,421.0257,0
632331809,770.9264251192384,503.42008797709286,788.3782,485.9769,1
632331826,772.1959487603266,498.06203967023066,772.7323,399.0129,1
632331842,771.2972525585551,500.98429768089164,757.0096,454.7799,1
632331859,774.0000558774798,502.1748034956271,787.1694,446.2516,1
632331876,772.2112037853865,499.3700881155384,749.3323,407.1068,1
632331892,771.4675769699513,502.95423053201944,756.2569,470.6845,1
632331909,769.1588168780154,506.13054344541746,737.691,470.6631,1
632331926,768.740073044069,508.49322761820486,756.8785,466.6455,1
632331959,770.186032502205,511.758858812045,779.4219,482.8538,1
632331976,772.7996518317417,509.1570804268859,797.9134,409.4989,1
632331992,773.0737681158121,505.40994528385437,769.2466,388.9244,1
632332009,773.5021757405171,504.04451075672586,771.2964,419.7066,1
632332025,776.5086058193026,501.58026890476515,810.1912,403.9662,1
632332042,772.0143703731258,499.7853746950718,698.8622,405.8923,1
632332059,772.6902407982266,490.37367252079275,778.1323,287.1368,1
632332092,644.7512668028867,243.82785672169967,638.6313,157.5967,0
632332109,687.7802086692246,251.79387694045414,682.7851,168.4123,0
632332125,680.9450081184233,220.8133897537885,669.8553,102.6503,0
632332142,676.3774997484749,225.6927350722165,662.0324,150.1859,0
632332159,663.2411591056095,214.31253267239728,618.8292,90.0978,0
632332176,657.4306563411258,218.9294166010695,628.8314,150.3682,0
632332193,662.3968782635617,214.57647469871543,683.3635,107.2611,1
632332226,661.8831373423264,211.19706517490602,654.5458,104.174,1
632332243,654.4039013374132,216.82612277468664,597.5224,167.1791,1
632332259,649.9418066274741,214.10751167775095,611.8062,103.4528,1
632332276,648.9881346328277,219.18932446008282,636.5924,176.5194,1
632332293,651.2009424151481,215.6182670101853,669.2947,94.8793,1
632332309,646.0727773771584,218.00834441572212,589.6439,152.7328,1
632332326,643.3290075139207,214.02233235139695,611.6283,80.2498,1
632332359,645.3803642001086,212.67031041004483,667.2748,111.4701,1
632332393,644.0236591683504,213.9757144110691,624.2234,142.9583,1
632332409,643.125841453163,209.92531717906965,629.9486,69.6677,1
632332426,642.5624491626487,212.07825430196286,631.971,155.5293,1
632332442,644.7048078069687,210.1266141145235,672.0823,97.9406,1
632332476,663.226000980953,81.92608364903954,660.5977,-11.3705,0
632332492,647.9668117325066,124.40059569486438,627.6747,75.9885,0
632332509,652.217767929918,161.7381081242869,655.2422,149.997,0
632332526,657.3288965692458,173.67630997730626,667.8387,121.8606,0
632332542,653.9564286650457,189.9467787785436,634.1749,166.664,0
632332559,675.0134649567628,204.95048125889093,670.4941,118.4933,0
632332592,763.725554956899,241.20419676009863,761.1644,161.6162,0
632332609,741.6770311704377,256.7764364745628,715.2578,191.7727,0
632332625,727.3658998802618,242.40376598120545,695.066,129.1147,0
632332642,726.4742360914742,241.1301939495585,720.4949,155.4667,0
632332675,722.6688111213051,236.02952206499575,704.3313,132.1754,0
632332692,721.8578107439164,238.7585734363869,714.3322,170.8481,1
632332709,724.0001497597182,234.3331641290189,734.1662,126.2566,1
632332725,724.9971309779794,229.90453586130212,729.1865,117.6531,1
632332758,724.7400858847875,226.79278933120136,719.8795,120.8866,1
632332808,736.1409678276734,224.6297441974335,831.217,130.8907,1
632332825,962.0554736189628,248.24058585725703,965.2192,180.2988,0
632332858,1080.5724578473314,266.8323668241371,1086.8954,206.5714,0
632332875,1078.2447364775114,289.4151580128327,1081.288,253.6763,0
632332892,1082.0652106820537,300.9663566375499,1095.2235,266.9213,0
632332908,1080.025985108975,300.40559108419137,1079.4861,239.4032,0
632332925,1072.2431563279586,283.0580367301111,1047.8397,149.6257,0
632332942,1069.2104065631352,284.2476829320431,1059.9926,230.1011,1
632332991,1065.703867417119,289.1698661044527,1050.4329,258.4418,1
632333008,1068.0559011774865,285.6062096927592,1091.1876,201.5963,1
632333025,1064.5458230746588,282.8113130978288,1043.9604,199.4192,1
632333041,1063.9399504364687,281.8028741416294,1065.6161,213.2547,1
632333058,1063.6023797685907,283.8890972977428,1066.8208,244.4468,1
632333074,1063.977099658698,286.0308753689715,1074.0989,248.6994,1
632333091,1064.1854636098644,283.8886189718286,1073.4252,199.9125,1
632333108,1063.6084341069654,283.71507754515864,1063.3978,221.539,1
632333124,1063.449376821356,283.2287196763985,1068.1432,217.3228,1
632333141,1059.646686229927,283.2390374425024,1017.6971,220.8517,1
632333158,1058.547260677625,283.62527635367314,1051.8649,228.163,1
632333175,1057.9258242164613,285.4234078940994,1057.2192,250.0781,1
632333191,1054.9085981987043,284.2328107056892,1020.7097,203.2999,1
632333208,1047.3541839127129,282.24075624145485,947.185,185.416,1
632333225,1040.354848724896,275.4935098051244,951.1278,106.3562,1
632333258,1032.4472680383674,271.27118669574656,929.9619,142.2868,1
632333291,1026.2356510187903,263.5439216833392,953.0978,80.8592,1
632333308,1022.1718563619507,262.2184796766785,982.4791,187.7032,1
632333324,1017.0130516784908,258.56187038073983,960.4916,143.8864,1
632333341,1012.7895426130508,256.42167310278484,971.8032,168.4122,1
632333374,1009.08166583776,253.93251078203005,976.8262,160.0885,1
632333407,811.1108826044565,465.8601591971154,805.8596,400.2342,0
632333457,742.7260084755168,605.9616663395626,732.9069,543.4661,0
632333490,782.1313038811184,609.5382060417419,813.8099,555.4503,0
632333507,786.2540115674304,609.5037746780027,785.8858,550.0286,0
632333540,784.5918406818134,593.0950244353213,771.7891,480.9403,0
632333557,785.8686209648845,606.0165616048605,781.3414,600.0062,0
632333574,777.3866431091086,610.9678975194188,725.3365,573.436,1
632333608,769.253620169627,630.3185124146228,709.7791,684.6967,1
632333625,756.5287887660194,634.0189642191935,660.2028,592.2501,1
632333641,744.9315790768494,648.3847672529715,645.7626,693.5946,1
632333658,734.786033949295,647.7005844764051,642.0175,570.9666,1
632333674,701.9764404676147,767.8915184717151,688.0078,711.1944,0
632333708,657.8704530398429,738.1919062139455,643.1407,677.4942,0
632333742,685.6592978339636,646.4960798320486,703.6188,488.3136,0
632333758,683.0142402087542,669.9964361196847,663.8528,656.5355,0
632333774,675.027524794331,643.4339115042051,639.4823,495.0194,0
632333791,673.1031187641333,656.0995621660697,651.7683,644.8662,0
632333824,674.0643994606244,653.9702821259062,666.585,579.6315,1
632333841,667.5435454301814,658.163268655611,615.5043,617.697,1
632333857,657.3630729702594,650.2172675622905,576.2366,525.6468,1
632333874,660.924910182776,642.9064946171659,678.7042,522.6318,1
632333891,658.6194102533295,645.926556021926,626.8278,608.2565,1
632333907,658.5793304830223,632.3839376635752,649.5143,438.6452,1
632333924,659.2934836007237,636.9571788977461,654.5488,623.7697,1
632333957,663.8436143296632,622.3965243031407,704.8647,401.3422,1
632333974,662.8390560613379,623.6491236700903,638.2141,579.4087,1
632333991,658.3665325563943,628.2530683334585,590.4521,622.9214,1
632334007,657.7602982389171,628.6473218203315,639.0945,571.6666,1
632334024,659.6710985008515,617.9429132107107,676.978,412.0545,1
632334040,661.0778764537657,623.8494650982207,667.1711,650.3155,1
632334074,661.8932690367634,631.5562328359172,658.7964,682.7119,1
632334090,662.4755268628628,633.503638591458,657.2675,596.9345,1
632334107,663.8930972359603,639.1415452566793,669.9882,659.2115,1
632334124,660.0959827215463,638.555162842332,587.5793,554.8398,1
632334140,661.8203325601496,635.7164035148597,677.718,521.3935,1
632334157,659.5754543326348,638.7315589384153,609.8357,617.181,1
632334174,658.5121346843091,631.5334078074294,631.9954,441.4557,1
632334190,655.4890408011751,633.7253510397578,594.5796,602.5845,1
632334224,651.6062782073749,640.0637511116666,576.8026,676.6301,1
632334240,651.406319735432,643.3683513196636,641.0519,627.8344,1
632334290,652.9921078710418,642.4279997441467,673.4929,553.9872,1
632334307,651.0908301780894,647.0004119660061,608.9594,651.9307,1
632334323,649.836385613666,647.7441536013885,621.4802,593.543,1
632334340,648.7797464514325,642.7811560049093,632.1225,469.9194,1
632334357,648.4897385568934,646.1732948512503,637.4882,642.9421,1
632334390,647.3189069840038,648.4764876307838,618.515,605.5365,1
632334406,654.3691599060276,436.03739291606695,645.035,359.9909,0
632334423,641.3527794732333,653.9496035049197,627.6687,588.0876,0
632334440,638.4744852738031,639.562253573496,622.2726,557.5814,0
632334456,636.4210694046516,675.6952455324249,616.7016,685.8949,0
632334473,643.3676027942203,677.2466096338526,650.4918,618.1752,0
632334506,638.8334341771308,677.7918592607189,606.1229,613.6698,0
632334523,610.5593743940387,656.5732172915266,595.9188,589.0893,0
632334540,736.57761804526,509.14134599275417,728.3391,441.4413,0
632334556,705.6886849301992,599.2834975563601,661.5424,627.0104,0
632334573,694.3578964700498,630.1163075685805,658.5437,628.6711,0
632334589,686.806222697422,640.4063001441407,651.457,606.2729,0
632334606,675.7688438936756,656.1596558775294,617.9197,653.5994,0
632334623,660.4938940391424,647.4706979072783,572.9266,531.8003,1
632334639,652.5348371292218,648.6939746640332,594.0582,586.8341,1
632334656,651.8533210334301,645.0768378577778,637.379,552.6311,1
632334673,645.1942844130919,632.1447112736809,585.2473,460.0032,1
632334689,634.3419867452062,625.6520006197328,532.85,497.8604,1
632334706,638.5942892264643,628.5583452525792,670.4923,594.4578,1
632334756,640.8677545175431,632.2595189006557,654.3937,607.0903,1
632334789,640.7728171934124,624.2184859488193,631.6427,469.0295,1
632334806,639.0861151310511,636.7972570921429,606.8704,720.1964,1
632334823,639.3726687018207,639.9792988717713,632.2419,611.632,1
632334872,639.1814202531359,641.8754213241377,625.8943,597.1665,1
632334906,640.0884345710681,634.802590932611,643.2224,469.7076,1
632334922,640.1308797514567,637.7971336979316,628.5166,613.4727,1
632334939,637.4629501786892,631.32628762399,589.496,467.1436,1
632334956,638.5255252881886,632.3830956294561,643.2124,584.6252,1
632334989,636.8934751126925,637.0199465135554,599.5396,641.3641,1
632335007,640.2401634412508,633.1600069247094,681.7645,507.4821,1
632335023,642.3124549379938,633.8879096975735,661.0477,581.7997,1
632335040,642.44075671923,630.7277479561114,630.3837,513.3564,1
632335056,642.433642286361,632.2594563220177,626.7159,593.4938,1
632335090,643.5189493461372,634.140637513005,645.5658,601.193,1
632335106,644.0996479681223,627.8950139151019,639.7324,456.0736,1
632335123,640.9401396647701,629.8100104824211,571.4449,597.2953,1
632335140,643.8288573340583,622.6649578329532,681.299,438.6463,1
632335156,644.2205495814986,624.7722961913715,634.4454,603.1643,1
632335173,642.8295196876754,624.1634322482869,613.4063,539.4603,1
632335189,643.5345251302067,626.4718481212657,642.2091,614.5731,1
632335223,1094.4971843988656,698.600384724348,1093.3733,660.7803,0
632335239,1159.5279196670174,571.9763384293128,1162.6276,531.5106,0
632335256,1155.3792365355407,618.6043417794245,1152.4012,628.8457,0
632335273,1150.5619295278825,639.3158202605833,1141.5925,644.1473,0
632335289,1151.503979060041,642.7693257580419,1155.873,615.7402,0
632335306,1149.4907392076511,637.2936063215034,1143.438,575.8508,0
632335323,1152.0894626823326,653.5590137454843,1165.2269,700.1888,1
632335373,1153.37212734093,664.7418888311186,1161.0449,695.2312,1
632335423,1157.5773955386287,668.5041955182646,1187.1067,657.954,1
632335456,1162.3462328843,674.8436006305275,1198.9692,688.5638,1
632335489,1164.8872931850058,675.0441508756039,1186.5581,638.874,1
632335506,1163.6280578190022,678.203834865917,1150.6902,668.8444,1
632335523,1170.3755170872557,670.7135639897188,1240.1299,557.7727,1
632335539,1174.2072698601921,672.5725673791667,1213.6824,658.7305,1
632335555,1174.1065930498755,674.1799112206113,1169.8611,655.9072,1
632335572,1175.0597087415206,674.6383529977144,1184.1134,643.6185,1
632335589,1173.3687507366126,675.6241163637203,1149.1028,649.927,1
632335605,1175.437098170425,672.6836674302409,1202.1997,597.0643,1
632335622,1176.4662557392933,672.9600093048535,1188.5012,642.0492,1
632335655,1180.9217593087606,676.0036018102767,1241.2275,688.4379,1
632335672,1179.6654207874635,676.2665569513954,1156.9497,642.2914,1
632335689,1181.0780527294723,668.8332109025307,1201.4248,519.5812,1
632335788,1095.439315988176,215.483249809764,1103.1355,153.4943,0
632335822,1039.6861472598132,250.19900264875864,1045.1052,186.7759,0
632335839,1038.5662206213235,264.3438788012651,1042.2877,216.3188,0
632335855,1037.448549019402,262.7803158000318,1040.3497,196.3961,0
632335888,1040.1798246872854,260.4658333237006,1053.9116,190.7932,0
632335905,1038.4167322446133,246.0846706895169,1037.7146,122.7408,0
632335922,1044.11710149299,244.99634338258426,1078.4114,178.3558,1
632335938,1047.4679914799137,243.37969068893744,1072.9219,172.1649,1
632335955,1046.915317861766,242.0068907618706,1048.3258,169.7085,1
632335971,1044.8083180141775,244.24438536731034,1033.2485,198.6352,1
632335988,1044.3118297182093,244.28063901592148,1045.4641,181.5635,1
632336005,1046.9800582716507,247.82318698804093,1076.927,220.5208,1
632336021,1044.6944008071944,245.67418486437145,1026.8466,158.4743,1
632336038,1044.9691535311795,247.65016794971496,1053.1327,206.6818,1
632336055,1046.4894522568427,246.7635513487274,1069.7212,173.6951,1
632336071,1048.2353150530878,246.07039103805047,1074.6346,175.4012,1
632336088,1050.2450253596762,247.37370728290577,1079.9253,202.8327,1
632336104,1050.6268146361112,249.81649099316334,1058.7024,219.7058,1
632336121,1050.8807778048615,254.6111359070593,1056.7039,257.605,1
632336138,1050.6980860974284,255.91982388835137,1051.3345,207.8454,1
632336172,1052.5753603232854,256.3690059421842,1083.7655,197.3541,1
632336189,1053.9455575449663,255.39825484358315,1077.7023,174.5417,1
632336205,1052.491511223212,254.6038803423907,1032.7837,174.6864,1
632336222,1054.4575044973196,255.4067760200845,1088.5886,204.729,1
632336238,1056.300983368632,256.46628206319645,1087.8258,209.9068,1
632336254,1059.4930080322194,265.4571366879977,1109.8278,350.7822,1
632336271,1012.0698518338683,550.9466687168022,1011.2006,501.0299,0
632336288,1061.3238109774456,525.0221243994428,1062.3799,476.6102,0
632336304,1056.034486850209,491.79409804625624,1052.7108,406.3094,0
632336321,1048.8504488235897,488.2418769823889,1035.6626,429.2275,0
632336338,1053.9410896735262,477.25620211101136,1071.9128,392.925,0
632336354,1050.2919085821536,478.68086619404863,1036.9893,432.9409,0
632336371,1048.3643013859241,483.1650036059905,1039.9072,454.7687,1
632336387,1046.5681703435557,480.44305304804914,1037.9082,411.9908,1
632336404,1044.9274924930942,479.4816788562937,1035.6692,420.9247,1
632336421,1046.1822035673897,478.42882052864667,1058.1487,419.5923,1
632336438,1045.7513460486387,478.8644148591569,1043.8534,431.5272,1
632336455,1043.290786230778,485.41565942082843,1020.8953,495.8334,1
632336471,1041.7324011716319,486.54897573375456,1028.0251,444.8047,1
632336522,1036.1404073144263,485.74015120655133,978.2213,420.246,1
632336555,1028.8252674135667,484.28305034942434,949.0457,409.2694,1
632336572,1025.087556768704,481.12273699709124,986.9703,386.6416,1
632336588,1023.9696270808852,476.6872796452561,1018.5029,366.6909,1
632336605,1021.9352782666614,474.80889894550484,1003.1403,398.0513,1
632336621,1018.2832752103232,470.52418056621093,977.2987,358.2251,1
632336638,1015.66038556376,469.22773582230536,988.1652,400.8932,1
632336654,1011.1250813294622,466.1151467231417,955.7753,368.5797,1
632336671,1007.5701333597337,465.0019862970721,966.4944,398.8462,1
632336688,1004.3585408178097,464.0310438028165,968.4578,399.8734,1
632336705,1003.955255314217,461.7734015277999,1012.2241,379.0923,1
632336721,1001.2732561650306,462.80928445714585,971.1162,431.5298,1
632336738,1000.7225129368445,459.1939126125917,1006.2161,351.7535,1
632336754,997.7597739075159,460.76142669300117,961.0417,438.488,1
632336804,1074.1714640556777,281.8609532176857,1080.032,221.989,0
632336887,1122.6779609944588,207.6085329431535,1131.3213,146.7758,0
632336904,1102.7338690213205,207.62697660748913,1090.3075,144.5461,0
632336971,1108.365179945859,210.25333486670996,1128.0681,154.8621,0
632337004,1113.6257112857645,215.40061249809008,1137.6533,171.315,0
632337087,1106.452633569576,214.6938041097987,1085.4115,148.5659,0
632337104,1107.2428089731004,214.33633237728364,1119.5171,151.2066,1
632337153,1110.0691605829759,214.25173415943925,1135.189,153.332,1
632337187,1107.3557316913277,211.6414197151428,1097.0486,130.74,1
632337203,1108.515113159475,210.08617817725803,1126.0894,137.0738,1
632337220,1110.2357402465723,207.69070534770972,1133.6201,126.5582,1
632337237,1107.3844990771574,202.68579830472265,1089.439,92.4438,1
632337253,1106.1942341538925,199.43886950018506,1103.3699,105.3194,1
632337337,1108.6910369219022,207.85064568289113,1143.0017,243.7795,1
632337353,1113.5869465810626,212.03182407457686,1177.1785,203.1194,1
632337370,1117.2871712434826,219.96754284180253,1166.7554,258.3928,1
632337403,1120.108448799048,221.03554453387272,1160.6992,171.4608,1
632337420,1122.529959748189,228.35859454843478,1156.7175,263.8423,1
632337436,1122.5887108671502,236.0669669609702,1124.3752,275.8167,1
632337453,1123.5957312641785,241.00342082753988,1139.8688,241.5841,1
632337470,1124.0301039660226,248.90996827752912,1131.2949,293.7199,1
632337486,1126.3679754286798,254.02917706728113,1163.2244,257.4246,1
632337503,1129.4060109191034,261.81482676425094,1175.9587,307.8333,1
632337520,1127.0911256797126,269.2657673068399,1089.4873,304.2906,1
632337536,1127.8222537176582,273.57393232822056,1141.2123,259.5781,1
632337553,1129.5608864051965,276.7961734389905,1159.7274,246.5679,1
632337569,1131.4664630952864,283.07191215291897,1163.0703,305.2701,1
632337603,1149.8454819482608,630.425746880449,1151.5957,592.3392,0
632337669,1196.1945547223806,504.17649169887125,1201.6102,462.3993,0
632337686,1206.507195686684,530.8470552215498,1221.8475,519.5164,0
632337703,1200.446618921894,543.7196542173778,1192.3513,530.2009,0
632337719,1192.2176832300634,552.9574660520932,1171.0615,540.429,0
632337736,1187.8447037578305,562.741998275128,1173.886,562.1658,0
632337769,1196.3921149218481,562.6845660222048,1244.0723,524.8411,1
632337786,1194.8736845237918,563.3801540220733,1189.9423,527.1367,1
632337802,1189.502070111229,567.9113430752939,1156.2225,557.4967,1
632337819,1182.532929392817,566.8394277075679,1133.4486,514.3766,1
632337836,1181.1404970679494,565.0797434187294,1175.2467,508.1818,1
632337870,1236.094576383351,204.86476335507655,1248.1349,150.3527,0
632337886,1253.0721252281278,246.6348502609652,1264.8533,195.1838,0
632337903,1233.0096868601136,240.42005483216352,1223.8229,179.8658,0
632337920,1215.3254702453564,222.6170467413464,1190.9966,128.6963,0
632337936,1209.7218186528296,229.1766481176292,1203.4561,194.1928,0
632337970,1213.69270828494,233.25790920288452,1240.8473,196.7334,0
632338020,1216.101668434036,232.71124537078222,1239.4799,176.236,1
632338053,1202.3558359456742,225.48078916839967,1132.1884,121.6459,1
632338070,1209.1523269428076,224.25341725668721,1268.2966,163.9492,1
632338086,1207.8640571156477,222.03966760056247,1209.6465,149.6421,1
632338103,1212.1655822631506,222.96103223493614,1260.5892,179.3031,1
632338120,1213.8546765231908,219.88621587225933,1241.0659,137.2818,1
632338136,1213.9048475736597,222.3562181041003,1224.3647,194.5885,1
632338169,879.8181502906187,193.4993091205999,881.5512,118.1301,0
632338186,730.0630735578775,235.5336362661781,726.6117,153.7445,0
632338203,737.5285249537563,214.9976659434466,742.7101,111.5174,0
632338219,730.8217706446703,236.70881310252247,712.8234,199.6796,0
632338236,717.9425436606334,222.16917754851656,675.923,91.3473,0
632338253,714.2479635274353,234.4823967205201,694.999,201.9114,0
632338269,718.7840478859956,229.47934324290603,738.9067,122.0694,1
632338303,723.3562663814124,224.54774935492387,747.8851,113.413,1
632338336,725.4396484447899,230.6340608646487,735.2631,192.1635,1
632338352,724.641936830225,223.93848711278164,715.5035,87.7534,1
632338369,712.2925998686858,228.57721407669143,601.5966,180.905,1
632338386,696.0566198045647,220.82834548896312,543.3523,53.8744,1
632338419,685.6222963839427,228.52919785634444,580.1233,219.6094,1
632338436,545.8189238224935,292.8718547498811,535.8868,203.4662,0
632338452,562.9650610320688,190.57734809281789,555.4006,97.0192,0
632338469,558.569692720129,230.04205164921564,544.9274,179.3004,0
632338486,562.2332534544644,208.70446240017682,562.611,71.6894,0
632338519,552.5387455720775,226.17771922613997,513.4509,186.7025,0
632338535,545.4214830333494,209.3580963871698,509.7136,44.429,0
632338569,549.382062980094,198.382847386424,562.6849,49.9891,1
632338602,746.0981341679116,293.4912796745722,742.0652,215.5211,0
632338635,784.1590146380306,382.402563022253,779.6312,311.0575,0
632338652,820.3035699030613,411.68551062352014,852.8943,376.5926,0
632338668,816.586166954598,440.5382703926124,803.1223,433.5816,0
632338685,816.5232658183437,449.56306715566046,810.9325,410.8968,0
632338702,822.6320576126014,466.97987337530935,841.0325,474.3266,0
632338718,828.2232472709923,479.282278875568,849.7399,477.8988,1
632338752,825.2101112504456,598.1535884888552,817.9673,539.9634,0
632338885,873.2853378706053,613.7796987807276,867.1769,559.1105,0
632338901,873.3744682201047,586.6607143023037,868.346,502.2357,0
632338918,873.0771259791383,557.8175818562503,868.4124,440.2475,0
632338951,871.2948425902526,538.3835524861245,862.1025,419.6159,0
632338968,863.0822855411168,532.92069347492,825.3907,450.465,0
632338985,862.4832628272666,531.2667297669932,855.1542,464.703,1
632339001,866.4925462221041,524.4972392709278,886.8361,426.7746,1
632339018,865.5813478509139,524.3604820043414,854.6792,465.6321,1
632339052,868.3004315250522,517.070362131234,885.9659,403.045,1
632339068,872.2816987153997,513.3920800359839,902.2833,426.5804,1
632339084,868.1873422288896,513.1511053110402,824.2845,452.4708,1
632339101,863.682417819818,515.691363992273,812.9136,482.8833,1
632339118,866.6752916482649,517.9001004226317,895.3132,486.9322,1
632339134,868.3187307471843,511.35792988369684,884.329,377.2013,1
632339168,816.5664558269233,229.6043894295507,815.7758,152.4437,0
632339184,746.4399079531303,245.31069490993673,743.2939,164.9443,0
632339201,803.8817456874265,305.9078872679665,859.2143,298.5864,0
632339218,824.3144693320554,330.66283222715055,862.5284,312.6457,0
632339234,820.5210447930235,307.6466255558107,807.4918,161.5861,0
632339251,819.651255773531,286.30717055974026,815.4492,124.027,0
632339268,809.0916757207362,278.85594956736173,754.541,163.8817,1
632339285,809.9150430742409,266.31494538566534,814.8386,116.5372,1
632339302,811.0333906857164,263.125286776529,817.7785,168.4224,1
632339318,814.1969013565966,257.8650841458656,838.0876,145.1573,1
632339335,816.5465939020326,253.33377708826194,835.6852,142.8961,1
632339352,819.4170631824061,248.68957593186067,845.077,134.5061,1
632339368,818.6412323329811,245.8198366574491,808.6664,145.111,1
632339385,818.3234083275522,240.8083977559289,813.5809,114.8103,1
632339402,815.7135710842329,235.55776474758247,784.6862,102.7094,1
632339418,819.8497269134847,246.6362866901514,866.5048,319.1397,1
632339452,819.6220426102326,244.36674199017466,814.5485,141.8707,1
632339485,825.1085880554612,243.58425609815725,895.6525,165.0002,1
632339501,828.769328253591,245.48395690198942,873.7488,202.8931,1
632339518,826.2228747896788,243.90683239683725,783.9612,145.2144,1
632339535,827.8659708737305,442.2297611503644,823.5392,376.3731,0
632339568,819.7459072146496,310.8878552260156,817.5698,237.9836,0
632339584,814.4025868390625,320.8934571919099,806.218,258.3636,0
632339601,810.6793558901488,291.6936849418592,802.0521,155.8996,0
632339618,822.4882840512894,310.20141393966674,855.5272,297.4467,0
632339634,825.547476819496,354.9165875190356,831.6307,469.3277,0
632339651,827.958664810013,358.5236380223621,836.5242,305.05,1
632339668,828.2320287954166,354.4317318373908,827.0189,256.738,1
632339684,825.1628774134255,186.79505975409288,825.405,107.9775,0
632339701,825.9673200090091,374.5678082389819,822.8159,305.2106,0
632339718,824.4927542031558,361.17248801159116,820.2708,276.9448,0
632339734,837.5648911371765,392.9439690185491,860.0232,393.0245,0
632339751,833.2367620145305,388.77028402481204,816.8688,306.3705,0
632339784,833.7728512194021,378.1328948162075,833.6594,265.3812,0
632339801,826.3065714678467,381.24196186440867,785.303,326.3094,1
632339818,827.0820317263767,378.9970599677557,829.2097,296.6172,1
632339851,824.2678993955865,368.3766878705713,803.5616,223.5797,1
632339884,690.2252534741442,119.3802978210289,687.7121,29.499,0
632339901,710.9497284270259,184.80560051940947,707.8575,99.3847,0
632339917,688.900942200147,172.35601272976393,662.969,70.7625,0
632339934,707.1938725708656,179.95944510173513,741.3441,112.0924,0
632339950,720.3930795688211,209.27035828540403,755.6677,219.0287,0
632339984,722.2358763828673,208.5604195368325,725.9834,121.4525,0
632340000,716.1850094939788,203.9978305617178,682.3713,93.9122,1
632340017,712.1538424511689,200.6387911024223,685.0258,93.8393,1
632340034,718.6594244721989,203.88451248509085,759.8988,144.8801,1
632340050,715.4149414397981,205.88839135588233,686.1079,135.5772,1
632340067,722.4914368702426,212.86847033645012,778.7599,192.9629,1
632340100,728.0026609464298,229.49388250519027,771.9945,306.538,1
632340117,734.473908899517,234.12718829330817,793.1632,197.4408,1
632340267,734.9315179571697,240.77664079393944,730.8418,225.6265,1
632340283,729.641923173238,240.18338852281894,661.1451,138.8383,1
632340300,729.951582753722,241.37015370480526,727.9174,166.2713,1
632340316,726.3694111806732,245.0634571206228,674.3913,200.5492,1
632340333,728.3377229198454,245.95354894127883,750.485,168.7896,1
632340350,728.7911210974493,247.90851332555425,729.9427,185.4638,1
632340366,726.8816949001056,249.09124142583065,694.7487,174.2743,1
632340400,725.8800787032656,250.99930939819558,707.2374,188.5259,1
632340416,722.5677862317464,247.25504952357377,671.1373,96.7377,1
632340433,716.3618940012783,248.5663816147394,620.1352,176.5561,1
632340466,718.2220357492408,250.73883777080357,749.8644,200.0636,1
632340483,718.4232172135255,249.6903509754367,723.3401,145.1772,1
632340500,719.9528494385752,248.48003264825078,745.8264,143.9705,1
632340516,717.2627287298583,246.83108975721495,673.0491,132.4142,1
632340533,713.8709939096482,247.5713107673583,658.5598,174.3317,1
