timstamp,smoothx,smoothy,rawx,rawy,fixation
632109436,1048.9099861440618,526.1556663327971,958.3706,440.7082,1
632109452,1040.8424999996093,524.2782783671558,902.215,444.1857,1
632109469,1035.6580128270323,523.4877328772009,959.3058,462.5635,1
632109486,1029.2817365025085,521.6883328741578,930.8447,439.2837,1
632109502,1023.7221062813651,519.3310043259027,950.8904,431.7516,1
632109519,1016.3462157443781,519.4869860799092,916.8787,474.71,1
632109535,1011.9026259423147,516.8261257587858,965.463,421.8758,1
632109552,1005.8805863552266,516.2900157975065,935.8484,464.6093,1
632109569,1001.4413470565925,516.6116704981882,958.4622,470.5347,1
632109585,997.1928312730723,520.4803255107335,955.6058,537.1166,1
632109602,993.2604867535347,522.3160061203962,954.8579,501.3895,1
632109618,989.330982964627,526.960877831785,956.9387,555.984,1
632109635,985.229728680458,526.9286307071529,962.0876,465.418,1
632109652,979.3640002099867,530.3500952333053,923.5638,527.1144,1
632109669,976.0966410365428,532.3401688960853,963.2085,505.0707,1
632109686,972.5638584995619,536.2393382706247,950.3783,541.8872,1
632109703,969.7942714913306,534.8700015130755,958.8127,450.3135,1
632109719,968.3590619142966,540.8173386610754,981.3513,575.5043,1
632109736,966.3366272895114,540.3437463005705,962.7151,469.1948,1
632109819,963.1225609991727,539.5295840259945,937.3999,457.1609,1
632109869,961.1299803905148,539.5799228539742,957.6119,475.1433,1
632109902,959.8637512908875,540.9812647872672,957.7714,499.6728,1
632109919,957.5182683901032,540.7779180667237,937.8502,475.0564,1
632109936,955.4038568818023,542.3708516906445,938.9924,511.2191,1
632109952,951.7673491169388,541.699103954821,907.691,462.4559,1
632109969,949.2587535356971,539.3843090214463,923.8898,441.0134,1
632110002,947.0642889609288,536.212400584064,917.2686,421.7944,1
632110019,943.7469430282839,530.0008342065166,885.4088,362.1243,1
632110035,761.5265063163632,455.9603773231615,754.9921,387.0146,0
632110069,883.5027423121826,437.3324977414221,880.907,374.3984,0
632110119,891.4731914175745,406.19710505979845,898.4292,309.9952,0
632110135,887.0868661991731,421.65009239108275,875.3048,390.0502,0
632110169,834.0007211128433,413.0685180754249,668.8535,310.34,0
632110185,842.9970346095582,421.3274581310386,876.9135,391.6129,0
632110235,842.2388405445771,420.71922713756135,836.1552,351.1068,1
632110252,823.7965182302892,411.1651051486788,712.4521,279.3848,1
632110268,593.899837411597,440.37061425678394,582.7023,361.0981,0
632110285,781.6007755794533,415.04520022720584,776.4034,345.1911,0
632110302,743.220569519017,435.3018419365727,696.7419,383.3161,0
632110318,702.3629282384129,429.2907653195369,611.3947,338.374,0
632110335,677.4594484485873,424.0921806184281,594.1281,328.4086,0
632110352,660.0236941756243,424.44369360038786,582.1703,345.931,0
632110368,652.211372391408,419.86806045002277,606.8167,317.6247,1
632110385,658.5350249418101,421.39949236351333,689.9376,356.8635,1
632110401,671.9548898076583,427.66356263771894,756.6513,401.4998,1
632110418,676.3544267597772,428.84891063540067,701.8564,364.3545,1
632110435,667.9219616458755,429.4359444161043,586.1911,354.1645,1
632110451,674.8831940736889,431.9012484243255,732.1179,383.1665,1
632110468,665.9833904501863,435.34391789631405,565.6315,388.9973,1
632110501,659.0753365112467,435.32093285146965,576.9258,352.8364,1
632110518,660.2939049221441,433.95436151444943,669.4696,340.8689,1
632110535,660.8667525283162,428.4404961036124,663.2631,283.1829,1
632110551,656.0940090118161,429.3585396732491,588.8192,362.6818,1
632110568,654.3779934301107,426.1903982378265,627.9233,306.3452,1
632110584,650.8125214676338,425.5204169717272,597.8834,339.0554,1
632110601,649.9066551215607,421.45979090279394,635.4742,287.7299,1
632110618,647.022404624082,422.1484020513534,601.949,357.9446,1
632110634,647.3255620432824,420.2968714658829,650.7612,319.3961,1
632110651,648.7090787025286,416.52995593294906,668.437,286.7955,1
632110668,649.3480411186005,413.6407315971742,655.9931,298.1321,1
632110684,650.4430309332174,410.42101032267146,663.5441,290.5316,1
632110701,652.8296103889846,407.82801958285256,685.4965,300.214,1
632110718,652.2385120042056,405.4574345801578,634.43,299.1113,1
632110734,652.8596503037161,404.19191589059517,654.8242,317.8578,1
632110751,656.1660689055262,403.6311552298488,702.0631,331.4183,1
632110768,656.7015943081396,403.2975855303014,653.4977,331.3109,1
632110784,653.0035239942505,406.02825312739,576.814,381.7437,1
632110801,650.349750542396,408.6938197783846,608.5286,382.3354,1
632110818,644.7149333776825,409.7924003038672,545.4608,353.3502,1
632110834,641.2663847824193,411.31340931252083,574.9922,357.2856,1
632110851,637.8464230983607,413.20424799885745,573.5894,362.5804,1
632110868,634.9586260674456,414.9340575231262,581.7897,361.8058,1
632110884,633.0170836057054,416.20118289882544,600.9795,351.2828,1
632110901,629.9529416146969,417.08209591110005,588.2324,347.536,1
632110917,628.8797573774774,416.5076093963964,628.6163,327.4033,1
632110934,625.2215302652975,415.95892811442116,573.2238,321.079,1
632110951,625.05171990002,414.82580980941117,621.7896,312.9732,1
632110967,625.4594499158999,416.9062819531165,644.9308,375.5757,1
632110984,622.7103130929654,416.60588617781264,569.2699,329.3983,1
632111001,622.9977927386103,421.7579998200295,622.7267,428.607,1
632111017,620.1641371201539,422.1107684280641,576.7659,337.2895,1
632111034,617.0303599457875,424.6571437489544,567.8159,372.57,1
632111050,615.5173557218435,428.3521385972464,586.8208,405.3127,1
632111067,613.1848360495258,425.35445604349263,576.9927,277.3621,1
632111085,614.886300699377,424.3256523561838,643.8608,322.5388,1
632111101,614.1250291315444,427.02153505017066,600.9385,384.1235,1
632111118,614.7130805357035,430.0000149401238,619.9542,399.4341,1
632111135,614.09134365096,432.78669954345736,602.1248,391.6269,1
632111151,613.4198823936032,434.0462814130331,601.8035,361.8958,1
632111168,613.5240431228256,435.9219100194614,612.4847,377.1419,1
632111185,612.8260534315241,436.31818684930147,597.9138,350.3256,1
632111201,612.3150755931326,437.7381873135079,601.8175,372.0849,1
632111218,613.7543836695494,438.57249869457314,630.3608,364.7888,1
632111235,613.3087393866426,436.34733978828467,599.0608,310.36,1
632111251,615.7810498104953,430.0212379189939,656.8385,240.6159,1
632111268,615.9052981453026,422.33484312892705,609.1608,213.7334,1
632111284,618.7956618504527,414.20592573130824,651.1879,213.0936,1
632111334,620.6593842128192,408.8882195345926,636.3569,261.7196,1
632111351,621.4023436099355,401.10676007918676,611.6396,210.1609,1
632111367,623.3625540723846,393.80189186923735,638.2633,217.9571,1
632111384,626.1577285118253,389.55238883399176,653.6296,272.0137,1
632111467,626.7583693576685,384.80853403482047,616.8425,256.9592,1
632111484,625.8607582773873,380.63795091305053,593.2474,260.8995,1
632111501,625.6948054621574,378.0361497275897,605.7401,285.8682,1
632111517,621.0318718537592,372.29178030007284,531.3144,217.6773,1
632111534,623.9435460426511,369.08287024664673,661.177,266.8997,1
632111550,624.9004157587783,363.7093985630444,632.6907,220.3241,1
632111567,782.4557433473291,255.96526137298787,780.1787,178.1839,0
632111584,824.0257727697706,269.8070564314189,822.7236,195.0868,0
632111600,794.7633269962702,238.87062591957064,763.673,126.8662,0
632111617,797.9592471725093,240.30121508779598,803.0613,166.1373,0
632111634,821.1997578977391,248.06888485573646,890.8204,200.3484,0
632111650,803.4498542801801,239.41880777155896,730.3778,122.243,0
632111667,788.0052424246658,233.66028473684165,709.7756,121.7489,1
632111684,784.1148604364039,230.63861364573344,760.9688,132.9256,1
632111700,780.5326395840979,226.70235083177153,756.4421,119.626,1
632111717,778.5019707737342,220.504433387539,764.0973,92.6715,1
632111733,770.4807709458727,220.82234204232824,702.1474,142.2679,1
632111817,767.5575093089676,217.4523640098215,742.674,105.7743,1
632111850,765.3801672399679,218.7547486019912,745.4424,153.6761,1
632111883,764.3085348465361,217.3943764327842,755.6373,123.7255,1
632111933,761.3391138354361,214.28696240850567,730.4719,97.887,1
632111966,758.0666057833921,218.15621123355206,720.7546,186.7649,1
632111983,754.3793374891183,207.38730496741698,714.1659,-14.4753,1
632112000,753.8640149374063,210.9572585457539,751.3928,184.1307,1
632112016,753.4508207444094,210.71065128372837,752.6423,129.8706,1
632112033,754.8382800269617,212.20549720851156,778.4893,157.6926,1
632112083,755.2784905647896,209.3867564189108,765.3303,89.0274,1
632112099,766.9676696793732,213.867203672261,942.928,215.4362,1
632112133,1158.0812855162412,293.34473648490393,1166.2091,238.8266,0
632112166,1064.5843752592486,302.6799449642385,1069.7831,243.3059,0
632112183,1103.2330039071223,314.89447969929233,1148.816,273.3231,0
632112199,1111.0217623048898,313.00500213815434,1133.2059,253.6548,0
632112216,1122.5938634828372,321.0772314514485,1163.7354,292.9615,0
632112232,1123.8691142836387,325.8568737937543,1134.5447,290.6813,0
632112266,1117.1523206865047,324.73518468017687,1089.271,261.3074,1
632112282,1115.0393272841184,316.83090838138315,1109.5645,211.9756,1
632112299,1117.5899840539826,320.503053460319,1141.113,292.1126,1
632112316,1122.9560039030848,318.7874168896543,1171.0142,252.2146,1
632112332,1119.71937289111,306.2896326010868,1099.4769,139.6624,1
632112349,1120.4913395783778,310.3144772710476,1133.2754,296.1863,1
632112382,1119.5209254363042,311.9270824234395,1115.4478,273.9432,1
632112399,1121.0686094316236,315.8645372830303,1143.4287,305.9468,1
632112415,1134.9602867771878,313.66860850933745,1301.5275,241.6339,1
632112432,1312.6534508885559,447.16400982106865,1322.5435,409.1598,0
632112449,1298.3437197164972,407.64942419271114,1308.5306,366.8492,0
632112465,1300.101238927415,422.27028614397244,1311.613,397.7179,0
632112500,1306.5511105930568,436.7388874023894,1329.1157,428.7111,0
632112516,1314.336619902284,435.22058488929935,1348.2333,392.9895,0
632112533,1315.1520828073321,441.0411204741138,1327.7649,426.7723,0
632112550,1307.5286815438574,448.3065431925892,1278.0693,444.4952,1
632112566,1301.9258429709562,433.79563105186224,1280.1813,303.5963,1
632112600,1298.5997790751271,432.38238314916276,1286.4945,382.2276,1
632112633,1293.197415484971,436.13019984053193,1261.6493,424.4494,1
632112749,1027.5248413880959,382.0027277493009,1030.1863,324.4955,0
632112766,970.2943074478321,426.6275833037346,970.4547,368.0989,0
632112783,994.9978813855988,421.0066212745671,1021.4596,359.118,0
632112799,979.2804089818123,410.88451674687593,948.072,329.1982,0
632112816,973.5204749432384,424.93932289799574,955.5826,409.4895,0
632112832,969.9404340377221,432.74787478302875,955.2548,405.6483,0
632112849,965.7261885518105,409.0151552497911,947.5539,226.3534,1
632112866,960.9450160337103,409.67616589763776,933.3899,353.4225,1
632112899,961.3855998712916,413.9997996876756,965.2236,385.8716,1
632112916,966.3515832339333,408.8036481872227,1006.9244,310.8197,1
632112932,971.5974119734252,410.27839620320344,1017.0007,367.7022,1
632112949,967.904933235222,414.8034771580262,931.9677,397.7396,1
632112965,962.8835597976599,408.2558899351331,913.5449,277.7236,1
632112982,959.4216430935026,400.5476937723169,925.1319,254.5704,1
632112999,956.9924052848696,401.35942245351447,931.5516,353.0595,1
632113032,960.0486582663026,404.7302833485472,999.8367,392.0227,1
632113049,958.0172670283455,404.03025408742803,934.3074,335.1591,1
632113065,959.9848187987507,405.6191524415417,988.407,370.5235,1
632113082,961.5397066157885,406.44195922898473,984.2773,360.1908,1
632113099,962.7122017060699,408.74959418112485,979.3477,383.6123,1
632113133,1411.5808610355484,450.5195844688453,1424.3293,418.3168,0
632113183,1410.0698156321855,565.5126104124156,1420.6809,538.9893,0
632113232,1415.581639626929,563.132487377569,1432.1019,534.6237,0
632113282,1427.0521573859978,556.3697940248329,1462.0144,517.5508,0
632113332,1425.384034630034,554.7899894608352,1431.4277,523.5095,0
632113382,1413.525175465713,559.255759075603,1375.9645,548.5285,0
632113431,1415.0052796086884,564.4968980330667,1433.1849,565.3339,1
632113481,1013.8705342150324,487.74674888180743,1014.2046,434.7638,0
632113498,770.8054858695901,278.2868006205493,767.7784,200.9612,0
632113515,718.7386552380962,343.67594233783484,658.3314,332.1994,0
632113531,678.4195037782466,403.16181844902286,586.0283,446.0845,0
632113548,661.4113042577706,421.9083942422743,600.535,399.8116,0
632113564,647.1306564215568,432.8877869529038,580.5839,396.5641,0
632113598,599.0130444252082,487.12603317093635,587.1155,410.4889,0
632113631,581.6559631527697,491.65330236736173,569.1638,414.2548,0
632113648,589.2115602083444,476.2003468708634,585.2629,382.7002,0
632113664,548.7721817494084,431.35788035157526,455.2507,250.9839,0
632113681,558.7201300530438,457.44296513694127,575.7043,460.7355,0
632113698,559.0876958063152,453.6852397136014,548.6459,357.6632,0
632113714,566.5803141221355,465.95148588347917,590.7758,451.2782,1
632113748,569.7331929440595,474.2224627821358,574.7647,445.647,1
632113797,575.6550645722465,465.4545608385921,604.4894,325.6554,1
632113814,579.7359411965137,469.40025598011954,597.1639,423.1559,1
632113831,582.0960522390984,465.0352192114428,588.9222,348.1421,1
632113847,595.9231580364071,464.08786625243465,711.5125,384.0248,1
632113864,602.6787218665597,450.9183782979629,656.5115,240.3891,1
632113881,607.3151745632526,447.1313410033903,639.877,333.5577,1
632113915,613.1031028018381,443.17159496680995,661.2249,327.055,1
632113932,617.0792708387168,430.63846721794977,647.4573,205.6774,1
632113948,622.7278005830384,429.98041849232675,673.2931,357.9741,1
632113965,631.4693267474913,421.24359965302506,726.6165,241.7227,1
632113981,633.6824134852824,421.6445765776463,638.0146,364.6326,1
632114015,638.3933061764691,420.79378316810914,679.819,346.7407,1
632114031,639.7196232942994,420.3683876926093,632.3928,348.9774,1
632114048,664.6044839023515,478.64843578932704,654.7969,405.3212,0
632114065,728.0710864841495,377.7734496606997,721.9723,303.0025,0
632114081,696.9237739545795,400.1809899400568,657.1064,346.4619,0
632114114,696.4837858140428,404.7926259392214,688.0587,339.0418,0
632114131,697.3397840770515,395.8778518524227,693.2675,292.4746,0
632114148,701.7164157069903,413.1529944945161,710.7797,410.9331,0
632114164,696.8470893366148,414.08570249774624,664.6274,341.9676,1
632114181,688.7164165258986,423.60719577701195,631.568,403.1324,1
632114198,684.2128455636388,424.7404230864337,646.0926,354.2869,1
632114214,682.317024020664,424.26405996839225,661.1346,342.8468,1
632114264,675.4307453041495,417.37355832811915,611.0618,276.5072,1
632114281,677.3162963949546,427.12659280062,688.1095,446.0901,1
632114314,677.1303342984332,433.9538758513225,668.0522,427.0495,1
632114348,677.6435970514824,438.6689453245526,676.1655,412.2183,1
632114381,680.4850071330694,450.260948543552,704.2069,508.6186,1
632114397,680.0453820063503,459.81096357128433,664.6959,494.5481,1
632114431,682.4962905105111,465.07154747698536,704.5615,448.8892,1
632114447,685.2068300103482,469.40312577498275,710.9498,442.5864,1
632114464,684.6515665556083,477.17002724387277,664.4394,497.4591,1
632114480,685.9871350075974,483.4111588379469,692.9736,484.1134,1
632114497,683.984471502051,484.13843171318416,643.3934,400.5349,1
632114514,676.3431256705272,487.1083443960495,551.065,434.5755,1
632114530,677.8498475616072,487.2449962899951,695.8108,399.4819,1
632114547,680.8156872166502,496.243544724585,718.0864,553.3904,1
632114564,685.6488628780044,494.40872527348506,754.211,375.8901,1
632114580,883.3570215309527,460.5798218196937,880.3339,398.803,0
632114614,915.6766937520292,352.8192519856294,915.5685,287.4799,0
632114647,930.6412281379698,370.092392338481,945.7137,325.4141,0
632114697,942.3959372677601,349.8662465669664,967.8344,244.9236,0
632114713,940.35766504358,357.2004871454208,934.0184,316.1912,0
632114747,949.5747947795028,355.31783233204993,987.6067,286.32,0
632114797,951.702387504797,359.27850175160404,962.1884,317.1853,1
632114847,948.7883769073285,363.45969646682084,930.9141,324.6809,1
632114880,954.6666483876003,386.0238514909389,992.2159,483.8779,1
632114896,982.0092114626996,649.9099800928277,978.4518,603.2433,0
632114913,1007.9333796750807,522.3493230484488,1007.4625,470.7632,0
632114946,1003.0214126216782,569.3284834648238,995.6538,568.7479,0
632114996,996.9635792385989,559.8495849605592,983.465,488.8031,0
632115030,983.7295990555515,575.4806521790257,940.4641,571.521,0
632115096,985.4256329023418,580.2988032903945,990.2787,550.0198,0
632115129,986.778512082948,591.541386533003,990.6404,599.2148,1
632115163,989.3772412244246,567.4698082223061,1005.8532,370.3298,1
632115246,1032.8886626390413,300.207923303655,1037.197,238.9051,0
632115279,988.664842648327,324.54360098241,991.2252,261.9427,0
632115312,1002.3754206274328,308.57530310825945,1020.0001,230.0069,0
632115347,1004.5044707033059,308.74458215971174,1012.0963,246.9287,0
632115380,1000.8048581262755,295.7003585997292,993.5563,191.1852,0
632115413,1000.5969950673606,278.0567115136365,1004.7801,141.5306,0
632115430,998.8223045197061,280.6192847802996,993.3716,230.3777,1
632115463,988.2817533961626,268.42003667317437,930.6034,126.6905,1
