timstamp,smoothx,smoothy,rawx,rawy,fixation
632095718,930.4840942059535,628.3109839080502,937.4451,555.4447,1
632095734,929.0282430836197,628.5024825010878,921.2185,583.7866,1
632095768,924.2443496501194,628.6963687539126,858.3257,577.2791,1
632095784,922.1302100784981,629.7442163976727,899.3519,598.1077,1
632095834,923.4404574874966,628.5855982686655,960.3854,561.8688,1
632095851,922.5199490121357,628.9387101012993,914.3212,590.9342,1
632095884,923.180951448377,631.1920909634647,946.053,624.0102,1
632095901,922.8830230938797,633.438333725092,921.4292,621.4384,1
632095918,922.1551698174229,634.2222743873565,910.8993,591.8389,1
632095934,921.6495482744405,633.5220724928341,918.0795,566.3962,1
632095951,918.6247255907756,631.8797561593366,874.8781,547.4709,1
632095967,918.9246938336717,630.913805970335,929.7043,559.4179,1
632095984,918.0209971202739,631.3992267933667,903.4579,587.3228,1
632096001,917.593314663179,631.8660734018398,906.9579,586.1443,1
632096017,918.5949193920632,630.7376178958949,927.793,557.7408,1
632096034,918.6453574394337,630.6841277117467,913.0302,576.5397,1
632096167,948.6454373871616,491.0786790698835,946.994,434.5487,0
632096184,929.8150472486432,536.9879335548832,906.6024,528.7062,0
632096200,935.8975277028665,542.0311258943359,945.3069,498.3044,0
632096217,927.253734496236,548.6149274800658,897.1943,512.4697,0
632096234,926.3027717810197,545.8221042543573,919.6291,478.5384,0
632096250,970.9810947643792,577.5726943724194,968.4147,526.6512,0
632096267,902.7623591026083,563.1902527746436,898.4445,507.6631,0
632096284,886.3007530133222,540.9854243995196,865.4001,459.2139,0
632096300,892.4190208219684,552.4214549809169,900.1797,520.4465,0
632096317,897.743979326604,549.5259145351511,909.9254,484.8466,0
632096333,893.844124227797,544.8034568548542,874.0024,467.5286,0
632096350,779.7776186896916,380.85875451123263,775.1486,309.1868,0
632096367,767.4465635947462,411.28024502795495,761.9,340.4314,0
632096383,751.2040230398478,406.04502097678665,728.6891,327.6026,0
632096400,721.8289688514161,393.28364246527855,655.7097,289.011,0
632096417,733.7083036040065,394.71817761308716,764.1824,327.8485,0
632096433,731.8103032029381,374.77687130608984,719.7903,217.6471,0
632096450,738.4898615384086,341.25198943510605,769.9996,97.112,1
632096467,734.0427452777542,332.6770498495103,703.0747,206.2359,1
632096483,735.9874420053613,316.85680855377746,746.5961,134.1334,1
632096500,733.364685259015,326.3157052535843,706.608,329.2062,1
632096516,734.286285052958,334.16212348459726,736.1582,331.1241,1
632096533,738.1266597265567,342.23993738467937,767.7052,348.0122,1
632096550,736.3827087907489,350.03063282439126,711.1808,354.0633,1
632096566,739.3351625610976,354.0244695713824,764.9832,322.4649,1
632096583,740.8582953496784,360.53482255121054,750.4704,359.4052,1
632096600,754.5807192464409,395.4755737550681,748.9421,323.1017,0
632096616,771.8629774539047,381.44608707513254,766.9897,309.3529,0
632096633,757.8954835419466,385.556733009123,738.1174,316.3868,0
632096666,770.8264598126241,399.00161075851776,791.6461,357.2336,0
632096700,778.215547870263,372.3929606029668,797.5569,218.3739,0
632096716,791.8116224062957,358.3652840388554,843.5182,232.0623,0
632096733,789.6031731655585,340.5718647973857,775.458,177.2244,1
632096766,794.4966906084056,334.8974203329671,819.9465,231.5482,1
632096799,796.9644316785048,332.7141647509263,809.5353,248.3509,1
632096816,787.8891519622194,317.3891022722816,714.9722,121.5267,1
632096833,784.2047614649416,312.70638307131526,750.0385,201.0046,1
632096849,787.2027600352704,314.2489291190993,812.5468,262.4731,1
632096866,783.2480160223002,310.83375253547786,740.5804,204.0933,1
632096882,785.667339050738,312.63164720963596,809.4585,265.5605,1
632096917,788.7579292648428,311.8567145281849,821.6742,235.3434,1
632096933,794.3472059515799,308.98417014289527,859.0065,207.7396,1
632096950,799.4909410802877,305.04069056762404,859.9341,188.7642,1
632096967,798.7164475089096,300.60365614265294,781.5613,172.201,1
632096983,802.3211542300719,296.46528434236706,845.779,174.9342,1
632097000,802.2310146923256,293.3552480296531,793.1002,183.1905,1
632097033,810.1305880149868,289.86597107327856,918.5073,180.3635,1
632097051,813.7546623533239,289.0156407071871,856.1227,216.1138,1
632097066,816.6185429786183,285.48231755753835,847.9348,169.055,1
632097083,818.4004811351444,284.95070342471047,831.9994,215.5489,1
632097100,824.982175718296,282.5619898902921,915.9048,186.4083,1
632097116,824.6716996047546,281.76312278177716,802.0926,205.2464,1
632097150,822.7668675618664,277.2274007606433,777.1438,135.8222,1
632097183,818.8416394392716,277.4051037753988,741.184,214.7868,1
632097200,813.61385703102,285.05055964402845,715.8617,346.5984,1
632097216,733.4659071455725,548.6411927534789,724.4167,482.7444,0
632097250,721.7124635586345,481.02766918393195,713.5469,411.0716,0
632097266,736.3172428313948,463.3664336250178,744.2222,375.6866,0
632097283,751.1119119198496,479.2505875111065,773.4632,445.7927,0
632097299,769.3841093298769,474.6860764564083,818.4537,395.8245,0
632097316,762.091658874502,486.6615038999215,723.8353,466.952,0
632097349,756.9017031811894,494.0016151752784,722.4505,462.0878,1
632097366,757.5223880355458,490.5345056040393,754.2594,401.0938,1
632097383,754.9118686210776,501.6967053224313,728.0103,510.9416,1
632097399,761.5213727861865,495.5786879622125,806.4815,380.9614,1
632097416,760.11408205684,501.3910049740783,738.9341,483.6075,1
632097449,754.1191261643623,500.3099740289317,690.116,417.4478,1
632097466,753.7620231294982,503.686991597009,742.9347,469.5562,1
632097482,748.7614114436434,509.6441591252089,686.673,502.8443,1
632097532,745.110617697029,523.1320874539717,694.8878,608.1667,1
632097550,740.05389693801,537.4762434031452,671.0668,636.2998,1
632097566,739.2425751404573,544.1433661707944,724.6632,549.6946,1
632097582,734.1046767439863,554.2195329016315,660.6348,604.373,1
632097599,688.3231378237853,748.0043740368864,674.3135,689.5327,0
632097615,692.0833490621178,655.4983234496335,679.8682,592.6027,0
632097632,718.6669959644112,682.8602120041822,733.5403,653.0208,0
632097649,709.2033958586958,674.5530959104044,677.9487,595.0272,0
632097665,709.9526883570489,665.9430209321442,700.8373,577.8991,0
632097682,699.8578327660053,664.5821781222991,647.0009,594.9792,0
632097699,704.2543574146312,668.2016553496292,714.3529,626.6899,1
632097715,702.6707541247362,672.6723769284014,680.7284,637.8815,1
632097732,702.9132826872637,677.6279065269498,691.9997,650.7773,1
632097749,767.7710093248936,412.45725724218596,762.2126,341.6859,0
632097765,696.9910237788907,757.0864454730398,683.0719,699.5637,0
632097799,699.2484818148212,765.3878827358502,687.4124,717.2336,0
632097832,677.5904128946459,759.6940277577926,618.9351,686.8186,0
632097848,664.4129356645728,756.3279555609298,609.8327,684.2731,0
632097865,652.8821916224422,753.7602839166422,592.0372,680.592,0
632097882,615.9235021083185,729.4248375637753,600.1154,665.899,0
632097898,585.3509158045358,684.476441373563,569.4586,616.9561,0
632097915,577.4136719316238,690.7745350213776,552.9076,629.2643,0
632097932,577.7554684721039,688.7020808825264,562.3784,616.6433,0
632097948,575.9430408549074,670.5299966360643,555.5109,544.8963,0
632097965,578.5080989130992,657.1367459711923,574.312,533.8065,0
632097982,581.4382136483154,655.7897340710751,580.6766,581.7881,1
632097998,590.762733601359,651.9761757617513,631.1763,564.3726,1
632098015,591.5608757029472,652.5913822720252,580.5825,590.0259,1
632098032,593.7236521763998,651.0364874338766,594.3054,572.4146,1
632098048,596.2517330958308,662.602343399312,599.3623,698.454,1
632098082,596.7642778640388,663.4304387491607,584.2336,602.6979,1
632098098,594.9849858302332,676.6618596707922,557.1186,743.6802,1
632098115,594.4877117255915,683.65952691796,570.8425,688.5969,1
632098131,588.9454359362865,688.377660837072,507.3941,665.9136,1
632098165,587.281819442211,697.0148408088145,550.4136,727.4792,1
632098198,585.9141709208496,704.9652984588444,552.4742,729.0125,1
632098215,580.8484150377168,709.7429157227956,498.7645,689.5823,1
632098231,578.9306261556097,718.9859905901925,538.6921,765.1536,1
632098248,572.8414398813536,722.0639043234288,474.6223,675.9897,1
632098264,568.2121866068563,727.978081203113,490.9648,726.5104,1
632098314,564.2530198605382,730.6042553963063,498.2311,679.7833,1
632098332,556.3589793092615,739.917800328219,428.2832,791.4509,1
632098348,557.0628899430534,744.0325144163971,566.4839,719.1909,1
632098382,557.7656061335701,747.6126016257846,565.4119,715.0583,1
632098415,556.3261027323368,753.5533153598174,526.7585,759.0363,1
632098432,556.6486996641115,757.5050156227769,555.694,731.2856,1
632098465,554.3735396885137,761.5380604587046,508.665,735.1499,1
632098482,552.9027769048048,764.9576578396916,520.7109,729.722,1
632098498,551.0037094787211,769.3089316350496,510.6901,750.8573,1
632098515,545.732993826684,768.5638183405895,449.6105,659.0258,1
632098532,544.837932560616,771.0707909363223,528.9131,717.748,1
632098548,537.8423777714836,764.2956288674261,418.1127,547.7098,1
632098565,535.3857995788891,768.3082291749332,494.5989,752.2521,1
632098581,529.9176880739858,768.7708050303892,438.1054,680.4962,1
632098598,528.5610866608156,773.2195998937739,509.5976,760.6299,1
632098615,526.9609203737356,775.1104158440929,503.3946,722.3871,1
632098631,525.8416410652901,780.3189073241873,512.8058,784.8531,1
632098665,527.440499631889,783.392843256991,553.3739,754.2104,1
632098814,1309.8021602848473,681.531651864472,1315.3428,655.1158,0
632098848,1219.4310446669685,495.08945137263476,1225.6978,454.1798,0
632098881,1242.3350059325103,466.95513771529465,1273.8203,397.7702,0
632098898,1244.0037202783042,434.1764725246928,1256.5818,323.5368,0
632098914,1235.8154420370943,430.3617945628068,1218.8029,374.5399,0
632098947,1226.7321462989385,445.76074870790706,1196.4108,465.0055,0
632098997,1276.7519827909668,471.1509749110622,1285.146,432.3051,0
632099031,1242.4184831208142,604.3053247265145,1247.376,570.1805,0
632099047,1249.281419045509,546.7181360790387,1263.5823,450.166,0
632099064,1250.2377611092113,531.1824092850444,1259.2343,461.827,0
632099114,1203.2454253096782,490.61256458932496,1067.8201,314.8641,0
632099147,1199.1423157177444,499.4428725863099,1188.8885,494.9568,0
632099181,1234.2908563197523,556.2158419573619,1239.8837,519.2171,0
632099197,1231.3881977072183,507.04733596440974,1237.7902,467.4181,0
632099214,1243.2334419319893,516.9275624927989,1261.7898,489.4902,0
632099230,1230.5871963272944,521.5459176090208,1210.6,490.7493,0
632099247,1240.7170440117711,513.588944266596,1278.7595,451.6396,0
632099280,1251.497291395035,478.21258769497814,1304.92,295.0106,0
632099297,1259.9897801424645,452.6953841223622,1312.2454,285.9296,1
632099313,1257.3384400548157,433.4479838914098,1250.7013,277.7846,1
632099330,1262.806566300478,419.0898997754102,1309.8383,284.2201,1
632099363,1267.1698703650693,409.2525658646582,1309.6393,298.4669,1
632099397,1268.190364415177,401.90656962368615,1284.929,304.1093,1
632099413,1267.756771043471,389.74168231354855,1272.7017,239.6669,1
632099430,1270.561642318564,385.2824428729365,1307.1128,309.5679,1
632099463,1281.608831934196,381.47479494470036,1409.1196,315.6693,1
632099513,1281.2554801029967,371.9039770955707,1282.9697,228.6927,1
632099580,1287.5834243207646,365.9634914120582,1370.217,268.6972,1
632099613,1286.6517014207545,362.16004330164066,1278.1187,285.0197,1
632099646,1294.0105206110707,356.00510894134675,1396.7125,251.5098,1
632099663,1253.0952625188904,276.09905723293855,1264.3409,226.1266,0
632099679,1052.1473148214795,438.26450867253374,1054.5115,384.9802,0
632099696,954.4145194166395,464.4197948964602,852.583,428.7275,0
632099713,910.8514807905788,443.8180186911495,821.074,334.731,0
632099729,864.5718732418342,479.15669046265066,718.6736,519.7018,0
632099764,840.8160486046,504.11485700217173,740.5684,538.8712,0
632099780,711.5202130345007,567.0962390106939,701.4875,500.8751,0
632099797,719.9364258740864,461.2601068337879,712.0782,390.2118,0
632099814,720.8068518988342,561.9694790158892,710.2073,601.5588,0
632099847,713.7841627423062,602.1454286116768,687.3636,620.325,0
632099864,716.4490094747031,598.4688228672502,714.4476,521.948,0
632099880,709.3636282312265,594.4313153096873,670.4686,510.2166,0
632099897,716.3321241042319,590.3346114721803,741.6592,505.8087,1
632099913,713.6494756877473,578.6242997022606,688.603,440.7711,1
632099947,711.4156700927476,589.7222687527494,684.4216,602.2261,1
632099981,713.2401258708246,588.1396298068688,717.6222,510.7113,1
632099997,717.2774116387592,596.9384797921182,740.2175,610.9697,1
632100013,721.3072609260415,594.4039841738235,748.5018,505.7516,1
632100030,722.0271855916724,596.8420501161811,716.9132,556.7435,1
632100046,724.8967836181745,600.2863571869269,743.265,574.1119,1
632100063,725.0491192991476,597.1395569729316,714.6161,493.1508,1
632100080,713.9579970954295,598.341072714684,566.1194,539.4431,1
632100130,705.9980627349985,601.2950267880542,595.6227,567.2759,1
632100146,701.0669486657656,597.0180558697481,631.7285,467.4409,1
632100163,694.6505084516291,602.3701799991751,602.0175,606.7658,1
632100196,686.083132829245,605.8039655778355,563.192,580.0946,1
632100246,682.4709019331303,608.3682855860021,632.6666,573.4083,1
632100279,680.210575387637,608.0863310764183,651.0732,530.4582,1
632100329,677.257047141602,612.2464335512899,635.4946,604.0439,1
632100363,672.600909478383,615.1561774681898,604.0887,584.3766,1
632100396,670.7700027942739,611.5109960470904,649.3727,476.3078,1
632100412,671.2557109850637,610.5846820641666,685.3733,524.8819,1
632100430,666.9976301237336,614.7694333133934,599.7368,610.9317,1
632100463,661.4989137904737,618.1163375184689,574.5092,596.9323,1
632100496,658.4076016419159,620.30655195434,613.2472,580.3036,1
632100512,656.9517360480456,620.1345752833732,639.6768,540.5605,1
632100529,652.4090628669959,629.0398542789857,578.4183,704.6193,1
632100546,648.0430176934855,630.2326632112107,588.094,548.5582,1
632100562,639.1083523284535,635.9067395884206,500.5179,651.4167,1
632100579,635.4503047237063,643.4840284367325,588.0743,694.3112,1
632100612,632.942772349669,651.444206663645,607.1717,693.8477,1
632100629,631.1083004195342,658.19680470049,610.6886,674.6866,1
632100645,627.7917762644436,666.2687454731982,587.1235,701.015,1
632100662,623.9432422616212,672.1806786640124,568.2314,658.9844,1
632100679,621.1692569143638,677.0299061697036,583.6224,662.7062,1
632100695,618.2315849440998,684.16951913874,579.5902,698.8419,1
632100729,616.473622841866,690.4752647794024,599.1791,700.1612,1
632100762,611.3187305542034,693.8919900632372,535.7189,637.4589,1
632100778,605.8741328558094,698.921166878717,522.5938,677.7267,1
632100795,603.7629091494854,703.941858169235,581.2487,687.7395,1
632100812,600.4238933720958,703.7465811904423,553.8292,587.8469,1
632100828,602.4026965215572,707.6808469031224,629.4306,679.3503,1
632100862,601.9968346257749,712.8987430138859,588.0327,708.2275,1
632100878,599.3713167326315,715.4153683358986,551.1941,651.0458,1
632100912,598.472882926388,717.742547452903,577.2088,669.2183,1
632100928,627.4769006695007,416.07041189584675,617.7125,337.4915,0
632100945,630.9820695210956,731.8294987947405,615.5746,669.2817,0
632100978,631.5308125050607,725.0949105297542,616.9477,655.2175,0
632101011,632.9395635514479,718.9091348244781,620.9274,643.1107,0
632101028,649.03645103367,665.9351445900487,687.321,439.0397,0
632101045,643.0457188732195,672.0769355074553,603.8872,632.9584,0
632101078,606.1006456581111,703.1849892524582,590.4802,637.7842,0
632101111,626.3278308716923,722.549312913599,610.9519,659.2712,0
632101144,652.666252296448,624.6648624545847,668.6725,456.9444,0
632101162,627.6632382586721,645.7109889448918,561.6627,620.2618,0
632101179,619.9615836544872,674.4356452005911,580.4681,696.7009,0
632101195,625.5298547791153,645.4119619473514,636.604,459.1436,0
632101212,620.3584424130592,659.8013794138789,578.9625,665.8801,1
632101246,614.2779142261154,640.4008249036694,566.5045,452.3544,1
632101262,612.167750931075,650.0421848636441,583.2065,650.7028,1
632101295,607.7024274412049,661.5153126412954,558.215,683.054,1
632101329,613.6264774526779,670.6902682004943,650.3037,685.485,1
632101378,613.6885063207524,675.9026003612025,599.3303,655.8438,1
632101412,611.4519153673964,673.9082503213948,575.0022,580.8038,1
632101428,613.0258719846111,665.6883540577745,618.2313,505.0745,1
632101445,605.8987742250767,654.8181971179671,512.0272,454.0557,1
632101478,601.4466050404209,650.4411704274266,536.7405,528.5481,1
632101495,600.8074586556803,657.2157989591338,580.9615,681.95,1
632101512,746.3937873566763,466.609165039744,739.219,397.3356,0
632101528,601.3008833442054,741.714032178342,584.8376,677.9717,0
632101561,598.4694877272933,735.7547457245,579.2316,665.1495,0
632101612,601.7719829441943,748.8464039028122,591.4902,713.2163,0
632101645,600.1927259215798,740.3260253832045,579.328,649.4802,0
632101678,602.2215186438926,740.5988231314082,593.9947,678.5255,0
632101711,557.5372561280496,561.2901347563023,543.066,486.0097,0
632101744,676.5237781896452,523.0214474808372,666.2604,452.5977,0
632101761,639.5659099157257,624.3215432973118,586.5778,660.8812,0
632101794,627.2639465678875,634.8711149308308,588.1624,587.3466,0
632101811,624.1620277801334,638.8845221508362,600.9534,582.5842,0
632101828,621.2359026147491,664.6398247244979,593.5819,702.8833,0
632101861,622.3112783569079,680.3610592491397,612.2128,693.245,1
632101911,614.4064628262759,688.3232708467795,552.0187,665.128,1
632101977,603.4805013275324,703.6428317802134,512.3851,737.2008,1
632102044,595.3022023400281,700.5025716334023,519.4402,600.3734,1
632102061,516.2229371281405,878.5349674141669,494.7589,816.808,0
632102094,485.55491376140327,890.4053285000725,462.9698,827.5272,0
632102111,496.5479600531249,885.6228401531557,485.7498,818.7458,0
632102144,510.8489496678748,862.0461900446217,519.5802,751.6238,0
632102177,522.6529912052019,859.8423341264242,537.5795,793.0591,0
632102194,521.401500475244,865.5336464130163,494.2206,827.0503,0
632102210,529.5210835920254,866.6271692482893,548.6617,813.0125,1
632102227,529.7353111178736,870.8773739404878,508.4949,835.3773,1
632102244,526.57080557004,868.0424085165693,483.1458,784.8976,1
632102260,529.5952139786757,871.7822812211729,530.8761,841.2178,1
632102277,526.7209410282816,871.6835975847438,479.9953,807.2729,1
632102293,523.4786662707991,874.5541951924391,471.0436,838.1466,1
632102310,523.6835037945324,869.0694263867078,506.1071,749.5101,1
632102343,580.7573762191806,607.8075328943168,566.1248,536.1816,0
632102360,493.61879332555367,868.9455976034185,471.6622,805.4507,0
632102377,451.1076760718164,843.5998741490235,385.1636,747.4503,0
632102393,458.3377527361159,849.4762454766734,450.4936,796.225,0
632102410,466.6473938894738,860.2442852709413,468.9383,829.7485,0
632102427,471.2139457525089,860.2726326674941,467.0543,795.8956,0
632102443,515.8745678266165,909.9184979487637,493.8291,849.7452,0
632102460,518.0405171384255,936.3577526081752,495.5778,877.6334,0
632102476,515.1873063598481,879.2771284707459,491.7854,757.5764,0
632102510,517.4161132175162,855.5880373635804,501.8314,743.8973,0
632102560,504.7763477168521,875.9309272313479,443.3147,875.2927,0
632102577,507.9115817892079,877.9122589122529,499.1089,824.5864,0
632102594,505.7783156396388,882.1475821183335,473.0887,840.9644,1
632102610,503.8239091030493,888.8961134399882,469.8367,866.8693,1
632102627,502.3577432108323,893.6197663640985,470.148,863.2371,1
632102644,506.22821584645754,895.614080726482,514.5435,849.8533,1
632102660,507.1457361920113,891.229089304356,493.762,789.7329,1
632102677,511.7811829477979,892.7096048818387,532.9187,846.9854,1
632102694,503.80704403828173,896.9425421765104,398.8781,873.3022,1
632102710,505.09561339202946,892.6454168333855,498.8834,781.9054,1
632102727,506.802019007401,893.5060969138594,504.7912,842.384,1
632102744,504.95723704157564,890.9881865068442,460.9857,795.8043,1
632102760,499.7214652660429,896.3189512265986,410.3505,900.1255,1
632102777,498.53224229221087,895.4168006689291,463.7285,818.3327,1
632102793,505.41541136944016,893.7133620981859,581.723,812.0401,1
632102810,507.0353957180974,890.767705238056,508.2232,787.2173,1
632102827,508.3770359333328,886.4836048570877,505.6622,763.2516,1
632102843,516.5187692784613,880.3791579910886,616.113,736.1925,1
632102910,1233.3341479603753,401.238279805992,1241.7192,356.4148,0
632102927,1186.0708653244444,467.27064510092606,1191.8594,423.0666,0
632102943,1233.5981301570753,515.1384258481365,1287.8545,528.8798,0
632102960,1259.0397746630274,500.4044444570667,1318.72,433.8786,0
632102993,1262.1719816432617,492.52171263047256,1279.0936,429.8529,0
632103010,1264.2678300461073,466.6796387110639,1281.9646,321.0557,0
632103026,1259.2839019231094,468.9100102214819,1241.2262,440.4871,1
632103043,1261.5154835468575,472.643070122357,1281.8894,457.7074,1
632103060,1271.4232307996801,468.08436165246076,1347.5607,401.5388,1
632103076,1268.749794702418,459.68654359802434,1255.6804,353.8439,1
632103110,1161.5601191845594,266.2772514202929,1170.2832,210.6001,0
632103126,1184.6161641784809,274.47848703456066,1193.8704,220.5254,0
632103143,1165.9832821788125,285.5527506278274,1155.1512,241.6355,0
632103160,1166.4763304139826,279.096289058504,1176.4513,210.8696,0
632103176,1160.1705697331702,276.1537865508676,1149.6726,210.7169,0
632103193,1160.0141012355557,269.5498064317693,1168.7487,186.8481,0
632103209,1159.2628100727436,276.29947235300216,1163.6486,255.744,1
632103243,1156.2692685534735,280.6192476179783,1146.6486,250.5356,1
632103260,1154.5574048918747,276.2957947324774,1152.3104,189.3684,1
632103276,764.0098719987841,370.84336238862926,759.0978,297.7714,0
632103293,1199.5546104116534,317.89817794248523,1208.4595,266.9727,0
632103309,1154.559802015488,320.74144361560354,1115.8287,267.819,0
632103326,1170.9055936504988,315.5199660747496,1212.8745,253.7945,0
632103342,1167.8571178783293,312.50663643386423,1166.7583,249.6767,0
632103359,1167.400225958318,307.1450710516139,1174.1553,231.8152,0
632103376,1144.966979159944,294.9423957541899,1152.6787,239.7576,0
632103409,1160.4260763101145,298.9927386437924,1168.5203,244.8913,0
632103459,1147.9421301227926,298.39592974745074,1142.8701,242.2195,0
632103476,1105.2942423349864,254.24114263528983,1026.9827,97.7889,0
632103492,1084.892253928182,253.33044535281255,1030.0824,187.1022,0
632103542,1088.54412410622,250.74464515414016,1111.6611,181.0803,0
632103559,1088.0103022939247,257.68592087915306,1092.5334,233.5782,1
632103575,1083.0610535075937,261.3286070668985,1060.856,221.7239,1
632103609,1077.874884917795,261.77818028633305,1050.177,202.2328,1
632103659,1071.757088321464,261.5452234933316,1032.8557,195.9721,1
632103709,1065.9035774456752,262.6411881605016,1024.6732,208.129,1
632103725,1067.4146168112472,275.6985747931748,1089.3259,340.4413,1
632103742,1060.1768116586554,281.4350966533399,994.9508,272.4068,1
632103758,1060.1650345551861,291.9233095659214,1068.7354,342.7216,1
632103792,1049.2688232643527,297.5735752806147,932.7652,288.2298,1
632103808,1047.3764694874758,309.1511544975947,1035.3444,381.4058,1
632103842,1046.2002832078792,314.794484488144,1043.4641,313.4095,1
632103875,1043.5469690717857,321.3543716584303,1020.0052,332.8468,1
632103892,1042.821363429699,328.39765366488155,1044.7073,349.5755,1
632103908,1041.6792631571975,327.0621473940445,1038.9247,227.3543,1
632103942,1042.9193453885907,333.2151355543533,1072.1729,349.2914,1
632103993,986.6204011762593,700.4825033138746,982.2787,656.614,0
632104042,962.4648497000538,706.1086972058708,957.3079,661.1468,0
632104093,998.2709543933676,758.8632961085775,1029.0219,775.8776,0
632104109,1012.1180381679845,754.2820991154858,1035.8638,706.2781,0
632104126,1011.8427120139798,767.867911828993,1005.0509,770.8389,0
632104142,1005.2035263303252,769.8012315761085,972.8156,736.3063,0
632104159,1006.5881703718297,768.0102809762078,1008.6795,719.1953,1
632104175,1010.7070118789865,765.7790146105704,1030.4929,713.831,1
632104192,1007.913259768482,762.372303682132,983.8005,697.6345,1
632104225,1007.460508427933,758.5417411493198,999.5586,688.5879,1
632104276,1007.9014921249106,761.4593475306201,1006.3517,748.4453,1
632104308,1006.1135099403891,756.8960541472277,985.2026,672.697,1
632104325,1033.0277978120034,520.0405394330045,1033.3395,469.7676,0
632104342,1012.9847638505377,748.7270637040344,1008.5431,708.7787,0
632104392,994.5313536103482,738.5237235704303,970.9663,685.2773,0
632104408,953.9067596716741,688.3413364799414,867.6149,532.736,0
632104425,968.257200060626,693.9920688830287,1007.6964,669.6554,0
632104441,975.2219675852289,701.7455339330265,998.364,691.4702,0
632104475,990.5000368983608,697.5498253030148,1063.0845,636.7844,1
632104492,1015.6360785245768,675.6659280041646,1163.0928,508.2193,1
632104508,1032.922704224312,683.2307955400979,1143.9705,703.1744,1
632104542,1206.9315322812797,707.8542128048945,1208.9573,676.9004,0
632104575,1171.5013135015938,758.6643826925456,1171.5568,728.2406,0
632104608,1199.0969623601904,724.8399054132433,1229.5342,660.4289,0
632104641,1194.1657688469606,728.8226153845279,1185.053,706.119,0
632104691,1189.2327601695454,729.625555902035,1175.1738,700.5324,0
632104724,1188.9605008034061,720.680353355937,1189.8495,652.5087,0
632104758,1173.9843124426536,341.3936041375229,1181.707,290.1901,0
632104791,1186.4143147689526,374.14949370940803,1193.9077,325.2961,0
632104807,1163.3528534445256,331.01914152038074,1148.0518,232.2028,0
632104824,1160.703482276405,347.85755949675826,1162.0037,331.2989,0
632104857,1203.5111192093884,343.21104812591324,1343.1353,286.5078,0
632104891,1195.7314978193726,348.37579028342896,1171.0027,318.3476,0
632104924,1185.2217219157826,345.9234019887111,1140.0573,279.9452,1
632104941,1178.1219629400412,349.259800456155,1143.3334,316.6129,1
632104974,1165.479435153336,352.56641202883776,1086.5149,319.4797,1
632104991,1166.295937649435,355.8961709049874,1181.8998,330.9447,1
632105024,1163.5152063436194,358.19333768751926,1148.7532,324.7944,1
632105041,1160.4907976156665,359.83285338575826,1141.6686,321.2839,1
632105057,1159.9149793549552,365.7995822967141,1163.2644,374.4035,1
632105140,997.6890971563217,642.8280978796383,994.7233,596.6992,0
632105157,1033.9136198739282,532.9952743131585,1034.0157,483.4223,0
632105173,1018.0164197657563,481.0175592982759,1003.2141,372.5855,0
632105190,981.9430503552437,453.9317958367004,909.2037,337.108,0
632105207,973.89859660879,438.4609449834338,950.8615,331.9442,0
632105240,962.2560707779617,448.27961257711485,914.8982,429.4619,0
632105273,955.6655656714829,452.7414838830799,922.9583,416.356,1
632105307,932.5608995764413,468.51097337972374,793.6981,498.3301,1
632105340,741.7474301265688,559.763758459893,732.7402,494.8962,0
632105374,745.0304187578074,575.2081653491368,735.839,511.3019,0
632105407,732.3495208045363,574.9759894399969,709.7706,509.3725,0
632105441,749.9700548819234,578.3847234638409,776.8599,524.0316,0
632105474,742.093191129084,585.3181258216516,708.0083,541.9427,0
632105507,736.3413024289022,591.3001278620973,702.9758,550.8076,0
632105541,734.5749752331254,585.9947100022778,716.8442,493.8983,1
632105574,736.7336723735805,583.8079289443883,740.6615,507.1852,1
632105624,567.367653717269,792.2146784992779,548.9839,729.0721,0
632105674,619.9958427966673,753.1854395548754,603.8755,691.0828,0
632105707,615.669728384121,770.527960925198,594.3488,726.9683,0
632105724,597.7690827032661,778.5001602848829,543.6441,730.9221,0
632105740,600.3816732090589,789.1815494262497,590.7288,761.2615,0
632105774,603.0797792729772,790.3261255370124,596.8269,733.9071,0
632105824,595.5669553303278,796.3244799296099,539.8776,762.9581,1
632105857,582.4739805677867,772.7758104057698,490.1657,561.4066,1
632105873,572.5378253214457,780.9035904942048,487.3534,772.1469,1
632105907,572.4216823207453,775.1686426236224,557.5994,666.7151,1
632105923,571.4491142775242,777.5330753178639,547.8416,735.5819,1
632105940,520.6103648580097,585.6296156765951,504.6064,509.4668,0
632105956,455.9859971630093,821.1913098077445,433.7879,753.1592,0
632105973,561.4011450217424,653.1475695608428,656.6721,412.6606,0
632105990,557.400076323084,714.3901234620355,529.1727,774.9977,0
632106006,557.7096170015892,733.4447377299208,539.551,726.0602,0
632106040,555.2390728171761,750.9372765424496,525.5559,755.855,0
632106090,548.1170925895204,819.0476068809526,528.6769,756.1542,0
632106140,530.9051903834458,841.6562460173997,510.5456,778.9163,0
632106173,578.0879086105564,732.7786415911461,611.5299,555.9012,0
632106190,546.487270599772,764.9117739547754,461.9128,763.2604,0
632106206,545.2278763010358,758.9520934216854,523.5219,674.188,0
632106223,548.722209774122,771.082141033397,543.7054,756.8486,0
632106256,561.3764438236054,749.8818172833095,608.9211,579.1278,1
632106273,759.7626827706678,508.9864922475869,752.2112,442.5989,0
632106306,806.739407656377,501.73118205883725,800.7063,437.6548,0
632106340,803.6038537157423,513.1390607611082,793.8438,461.2274,0
632106389,811.0783807029705,509.1283316019244,820.4934,438.0858,0
632106423,819.5441426120484,519.1780944243111,838.7673,489.4202,0
632106473,826.6166115316832,523.6500546673376,848.6743,481.4851,0
632106539,1024.8072546433038,432.7204886142332,1026.4655,377.6014,0
632106556,847.617243129578,543.4578990537959,842.0311,483.8013,0
632106589,856.25286473536,550.8576555615103,859.5203,500.3053,0
632106623,845.2398083493989,503.60987538686516,819.4408,341.9285,0
632106639,821.3479897379256,454.2120445555064,746.4706,231.4815,0
632106656,806.3418886996374,449.0772777069696,741.8121,360.1163,0
632106672,724.9147798444587,411.1459486009932,718.1155,337.8685,0
632106706,713.2533386211128,398.33299674727607,706.3431,323.7491,0
