timstamp,smoothx,smoothy,rawx,rawy,fixation
632246486,937.6354717711238,552.0499398502262,951.3029,513.6339,1
632246502,940.6890318337458,553.1914302009263,977.4571,512.3339,1
632246520,942.3899877184897,551.8096528662319,961.8062,469.1843,1
632246536,945.3661348175295,553.4018536079748,981.9528,519.8331,1
632246552,946.3664049615702,553.0935531856304,945.9672,481.8243,1
632246569,947.3318251702912,555.1656870650661,946.855,531.5797,1
632246719,951.6728139216011,556.7314935338723,1008.677,526.5408,1
632246735,1032.4762064243664,589.4195268754527,1031.509,542.5937,0
632246752,973.7723426238524,481.0577184550439,973.0448,425.4561,0
632246769,982.7856836208992,485.5818448943009,991.4154,435.9711,0
632246785,970.5971773015793,488.4115161261155,944.556,437.4973,0
632246802,967.4057521203686,486.39999761906745,956.9055,423.8421,0
632246819,959.9571338670473,489.54657812696803,928.5857,444.897,0
632246835,960.3607958785029,495.0234912565353,961.1321,467.307,1
632246852,961.107552957415,496.00676939893197,964.6414,446.0934,1
632246868,959.5217051732843,495.9546831871765,947.7104,438.686,1
632246885,958.6709987938871,492.6956270758554,951.8167,410.1694,1
632246902,955.1810235477068,494.9172668225458,924.1785,456.7225,1
632246918,954.7646812659423,497.360857744536,950.3193,464.2113,1
632246935,952.4464823060302,497.4206634757619,928.793,439.7599,1
632246952,951.1711290661335,497.8717679392258,937.6111,445.1392,1
632246968,952.5596390664588,497.59079022602066,969.2596,438.2266,1
632246985,951.6666971703578,499.77807084606786,940.2869,469.4945,1
632247002,952.1869169318975,501.47992087577853,958.5504,466.4455,1
632247018,951.2151132665101,502.546863559805,937.7827,458.1061,1
632247035,951.4094490108413,503.6332293997387,953.8159,460.5914,1
632247051,951.2632890781347,505.3216006199904,948.4423,470.9223,1
632247068,952.4248036029032,506.35418907719173,968.7188,463.3392,1
632247085,952.108525077665,505.9249214074284,946.197,439.3965,1
632247101,951.8297471121039,505.06196274449127,946.5873,432.2784,1
632247118,952.7620001336736,505.1259687073049,966.1536,448.9184,1
632247135,951.8481373028474,506.25614184322603,935.0462,465.9566,1
632247152,952.4360248163143,506.7197229840365,960.4299,456.6162,1
632247169,954.2128520353807,507.0254188571497,981.2558,455.5612,1
632247186,953.1270963588732,511.74558505311484,930.3939,532.2471,1
632247285,943.7716374630463,509.4405775751887,785.9817,399.5391,1
632247302,936.0012215501141,509.29608957240015,810.5484,440.1374,1
632247319,927.0528512101264,507.78794816747853,786.9728,414.2957,1
632247335,920.2223530571675,505.97061201699677,827.4255,408.2621,1
632247352,910.5502708080479,501.8101620169351,776.1245,364.0581,1
632247369,753.6559762675968,418.39804484962207,747.5729,347.1208,0
632247385,807.4957315369968,477.40812378343537,801.9276,412.1553,0
632247402,811.0278564705214,482.46124231066347,809.0074,423.1565,0
632247419,753.8809855244818,484.4702080878692,629.5919,414.2163,0
632247435,772.6956393351653,485.05788777134217,824.224,423.2024,0
632247452,782.4889667256252,487.2854450745782,815.6864,432.413,0
632247468,782.8208300397147,488.3215973440273,777.6628,427.3929,1
632247485,774.5828589378367,478.62971987626185,719.803,349.802,1
632247502,767.7382017595178,463.444812847556,716.755,287.2723,1
632247518,759.3865402537326,452.84379181936936,691.191,299.3996,1
632247535,753.0707944921385,449.3474274001712,695.604,350.7717,1
632247552,751.0239694385963,442.32897013543703,730.3615,309.333,1
632247568,746.4548926924924,436.5091397154243,698.8395,309.9358,1
632247585,744.650006362819,430.9401333075888,724.8254,305.3787,1
632247601,743.6160885020781,428.1636162072743,731.1915,333.1642,1
632247618,741.8187871127524,422.4357431448289,720.1711,288.6239,1
632247635,740.0729587916327,418.66358356778693,717.937,308.189,1
632247651,738.7003310372768,415.144961143079,720.8333,306.8434,1
632247668,737.1714873050133,412.9381619097939,716.2856,321.6223,1
632247685,734.2950983138122,410.0328189668456,693.9585,306.2038,1
632247701,732.4669943942957,408.777076338127,706.7943,329.3707,1
632247718,729.0926581676947,405.50126246442267,680.451,292.4984,1
632247735,728.2850181579906,405.31584789422726,718.2837,342.2776,1
632247751,726.8056904103018,403.9045445433538,705.9818,319.0753,1
632247768,725.012084284839,401.166078274317,699.2317,293.4269,1
632247785,722.3839583905021,398.30412320592717,683.0288,287.3674,1
632247801,722.3539890551235,395.4878328210557,725.7721,287.5525,1
632247818,720.6416888493958,389.05715668977535,696.2076,218.332,1
632247834,715.6181627454806,380.7778185225069,636.4808,177.4389,1
632247851,711.2417888822725,374.73213872904,644.5392,213.6587,1
632247868,705.4886247517225,368.74025949795976,617.1272,208.7325,1
632247884,699.3240694414845,360.51574571369855,618.286,175.5208,1
632247901,694.2650497546695,352.2176681962011,635.0698,170.8777,1
632247918,690.325806388121,342.39325507588427,633.5294,137.1335,1
632247934,685.8131826095776,335.29967338074096,640.4093,181.1691,1
632247951,681.0680008655294,327.17741014454435,630.9554,156.2851,1
632247968,677.4261106078587,321.6954435133839,641.4778,198.1011,1
632247984,673.6531530536394,317.2665416638526,628.9288,202.297,1
632248001,670.8279531021235,313.30618036301496,642.2534,199.5668,1
632248017,667.2343782266844,308.3869481662232,622.9299,177.404,1
632248034,662.3124931016114,308.7531523529043,594.8845,272.6306,1
632248051,598.9776842054127,509.07754255093454,586.6796,433.539,0
632248067,628.1300935397485,467.3681527938977,617.4514,391.3984,0
632248084,596.8365776713492,474.16948201572086,552.8522,402.1055,0
632248101,597.7291560429139,491.6220213866154,587.0706,451.6335,0
632248117,599.661014036478,483.9495962005834,594.3024,383.3261,0
632248134,593.9930438085034,480.80996012514976,559.4696,389.3042,0
632248151,595.9027265028911,478.30101142800635,594.2208,388.883,1
632248167,601.7777255943533,476.5798683429071,625.4698,391.3704,1
632248184,608.6506842118459,475.2714077863601,644.1029,392.4916,1
632248200,609.5795798411332,474.39819516522573,604.1867,391.7962,1
632248217,605.677872369412,470.4501171398073,560.0038,357.6886,1
632248234,606.9982577163356,473.4036469781163,606.8689,426.9479,1
632248250,605.5453745522066,473.33444744288744,578.538,395.5328,1
632248267,607.3734441361316,477.2257503824837,614.5746,445.3335,1
632248284,609.6818998425025,481.0985277245502,623.0475,450.9403,1
632248300,609.2987753205225,483.37167294265026,590.9556,432.7488,1
632248317,609.7607373385171,482.83840461702846,602.8633,396.9138,1
632248334,611.8675867559236,488.1312620133485,625.5092,482.6245,1
632248350,611.2854367155296,490.1132388528264,588.8676,436.3817,1
632248367,611.9975042900609,493.67834470496547,607.7564,464.2729,1
632248384,613.0499114171912,492.4181038294589,615.148,391.2825,1
632248400,615.2644444909483,496.37910595841157,633.3124,477.1687,1
632248417,613.7090477475039,496.12644232985986,574.7426,407.1278,1
632248434,611.9208468399696,500.595212088619,568.8461,487.5762,1
632248450,610.5323428652893,500.5358532429491,576.1424,413.2671,1
632248467,611.6953589064432,505.10960924703244,617.9061,497.6092,1
632248484,612.5226426369679,505.8457909087378,613.8177,432.5891,1
632248500,614.4217749092562,511.811919792962,631.4259,528.7168,1
632248517,617.5758239007309,512.3025222413206,656.1304,434.7139,1
632248533,620.9118150038693,518.0138098751725,658.9954,531.6992,1
632248551,624.4027711919871,518.2763619363126,664.886,435.4904,1
632248568,626.1370450980676,523.955468976698,633.3298,529.6296,1
632248584,626.9991625581795,527.4039765973237,612.8239,492.017,1
632248601,628.7056734055868,531.1114197629339,633.3027,505.6391,1
632248634,630.40024869756,532.8633862037854,635.8597,465.435,1
632248651,631.0528138477599,536.2109856101858,614.5288,497.8028,1
632248667,629.9795854916975,536.6285616070975,589.8854,445.8732,1
632248684,629.0731348521444,538.0022055419412,596.9356,467.1394,1
632248718,632.2159683548684,537.5616338125163,672.6422,441.1521,1
632248734,642.3328886548238,537.4012894382137,794.088,455.9655,1
632248751,1031.4336762209755,362.10545729530946,1034.5726,303.8232,0
632248767,1136.5622461619967,390.94386431046263,1142.2788,340.0938,0
632248784,1099.7584000109619,389.78069008537403,1066.6377,333.4679,0
632248800,1098.7778506329553,376.28621090808264,1102.3198,294.2934,0
632248817,1100.2012013440878,376.5749831671984,1109.6348,324.3044,0
632248834,1106.137915149859,376.3339177938146,1135.3767,323.5667,0
632248850,1107.35876910839,381.14641057906067,1117.9219,353.2595,1
632248867,1103.1793978977253,383.9372669559161,1082.6558,346.2082,1
632248884,1105.3781601410603,386.7698440572954,1125.1785,354.1254,1
632248900,1108.0790819795673,388.3759211100707,1133.5583,348.7502,1
632248917,1109.396777442268,389.8365548951737,1124.8496,349.6569,1
632248934,1109.268160849394,387.7588505371427,1112.582,313.8983,1
632248950,1123.8375835602283,385.2083087584992,1276.4386,314.3852,1
632248967,1121.3987983690859,385.551378690828,1095.3787,335.6865,1
632248983,1123.187379995131,386.90115706040575,1145.0396,351.8151,1
632249000,1121.631984374823,385.03308658806577,1104.3008,308.1318,1
632249017,1120.6619687889242,384.4483398111455,1110.5166,324.2483,1
632249033,1121.5105237430234,384.6020158820796,1135.5132,335.7357,1
632249050,1121.6803417909248,386.9114553921188,1126.0554,367.8552,1
632249067,1118.9263613655344,382.8753369745638,1083.7042,269.1361,1
632249083,1108.9123232960085,378.0089529271977,968.4979,246.0419,1
632249100,1099.753188619039,372.8036796771922,974.6916,236.8643,1
632249117,1091.7593081380041,368.63374409781886,986.7351,250.6998,1
632249133,1082.6790867431764,363.7494824504285,963.0736,233.9392,1
632249150,1075.2751554301205,359.01134225920487,984.9742,233.9587,1
632249166,1068.580691466049,352.4162090168527,992.1632,198.2357,1
632249183,944.3634632077645,300.37404886296514,946.0563,234.0387,0
632249200,961.2511534062743,278.8764651371651,963.8336,212.4249,0
632249216,964.4684870424746,286.6615342417943,970.1667,229.1208,0
632249233,967.0513448425968,292.6662931860161,974.6049,240.0178,0
632249250,963.112521659558,295.0531098638514,953.251,236.1455,0
632249266,959.8371985028689,293.2518278922659,949.0811,219.0808,0
632249283,958.1717918405973,293.3806991304201,952.2827,227.5827,1
632249299,961.0675748692335,295.8336211912097,980.6467,245.9567,1
632249316,963.0326892563371,300.515578631999,978.22,268.3668,1
632249333,966.4631937304193,306.7874765665171,994.1336,291.9367,1
632249349,965.1154175695656,307.9386070932952,954.7877,250.5027,1
632249366,967.2288009362885,310.6833497313433,988.2798,271.2635,1
632249383,959.7234281962648,310.78969329630144,884.7615,239.9368,1
632249399,707.7211011300282,241.5774229998112,703.5004,158.8191,0
632249416,617.7079622495751,238.64721935679194,610.8842,150.6164,0
632249433,633.6081004596274,269.42736992279595,642.4623,216.9893,0
632249449,644.6568441906692,271.99918040369647,660.4536,193.6243,0
632249466,645.8213617479068,274.15774376429766,642.3691,196.2093,0
632249483,650.3883268187388,274.75894585990534,662.0029,193.6186,0
632249499,657.9214801202783,274.1910611345648,688.901,189.1043,1
632249516,652.567074111422,276.72853131403156,612.9299,205.9306,1
632249532,655.6990883516683,279.27501096830173,669.9642,213.9252,1
632249549,655.6029128537677,281.4996486339746,647.2316,214.413,1
632249566,658.4961396580824,283.2529917224685,675.8136,215.2704,1
632249582,653.5216904998279,271.2111055082472,601.2689,67.7235,1
632249599,655.1582573839951,269.13757761913615,665.7656,165.9311,1
632249616,658.5417526076249,268.6620543838761,688.6215,183.4249,1
632249632,662.2648662655929,267.7821664196894,697.6642,177.9968,1
632249649,663.0978720046586,268.72115397930594,664.1217,199.3026,1
632249666,666.1345997088513,269.8170869621597,695.5227,204.2315,1
632249682,669.3165052217923,269.72406493442213,701.4658,188.3292,1
632249699,668.2914030601456,270.3145320891247,642.7471,195.1652,1
632249715,665.08591027255,270.83706255621274,609.0577,192.6801,1
632249732,664.627955279512,270.1298956177126,649.9823,175.6777,1
632249749,668.1389627832438,271.21353809792,712.9044,207.7541,1
632249765,670.977232225225,271.8525794296075,704.7885,200.5668,1
632249782,673.4623324463043,272.07997044519607,701.2627,193.7497,1
632249832,673.6583199760544,273.07844873171103,664.3279,205.1338,1
632249865,672.8572118123606,278.2573083994497,646.7369,277.8313,1
632249932,621.4961865760692,794.8481236697851,604.6619,734.9198,0
632249949,685.5546290706502,803.3583824898913,670.4559,747.5044,0
632249999,661.5284988578101,800.5358107579698,621.1512,738.851,0
632250016,668.6016008995166,792.2516985305466,668.1002,718.4095,0
632250083,668.1835392684812,792.6858372132074,651.478,736.735,0
632250133,665.4357747574578,790.9465084729886,639.0139,725.6727,0
632250166,665.5579823041955,784.8370647643927,651.5179,695.9746,1
632250182,661.198434209073,779.4300076244349,620.6011,687.4468,1
632250199,660.2714324931277,778.9707211987044,639.1421,718.1442,1
632250216,664.6313816913804,773.2185562434734,684.618,672.4507,1
632250232,759.0553304071789,506.62773407509417,751.5259,440.0816,0
632250249,920.4935212063481,430.28366108724845,919.1177,369.1025,0
632250266,944.0198138539282,428.79895312890267,967.5511,368.6641,0
632250282,953.8969793876771,417.9275897643887,974.2103,336.46,0
632250299,962.398472907832,408.39313105142554,988.8422,320.4175,0
632250315,968.3633182348178,418.7109621592348,991.4376,403.9783,0
632250332,976.2329124761559,473.45204047335693,975.7164,417.6092,0
632250349,985.6593044038481,431.0967838310238,986.1918,373.6671,0
632250365,984.2299350086572,428.9344889145398,983.3309,368.9689,0
632250382,993.1744458931055,424.7130210648464,1012.5049,359.6052,0
632250399,986.9881521165823,427.7209721372547,968.4447,378.5887,0
632250415,987.6728581116972,431.69988841405177,990.7979,390.9523,0
632250432,981.8136129309972,434.10342081536965,952.6619,387.0345,1
632250449,982.3067198747682,433.21650993657624,986.1994,370.1095,1
632250465,983.8541712924068,434.15713309806466,995.1749,383.668,1
632250482,988.3815877519228,439.0379176183106,1023.3551,422.1726,1
632250498,989.7912791214072,436.92203232450044,1002.1493,360.9312,1
632250515,995.0534609247247,437.860249711248,1043.989,392.2115,1
632250532,993.4483510533087,437.0372141673914,975.8784,369.9184,1
632250548,994.1197680707724,435.9729423665476,1000.7234,367.211,1
632250565,993.6435428882656,433.97398360022873,987.5891,353.0942,1
632250582,991.7868367298686,436.65546522504826,967.889,412.2967,1
632250598,991.2303651264135,437.65036967373646,984.0051,392.7999,1
632250615,991.6541969373129,440.50434315254154,996.9643,421.781,1
632250631,993.9779336052566,447.69223713757555,1024.324,491.6817,1
632250648,996.3906748859004,458.96448191078423,1026.7076,562.3217,1
632250665,1004.4235632670567,651.526785356392,1001.4982,606.2175,0
632250681,1050.5436723127164,664.7453353089473,1048.7388,622.725,0
632250698,1009.5798072425898,653.6758268549623,964.9032,594.8464,0
632250715,992.351518187614,644.2239483773042,954.5088,576.2567,0
632250731,989.494660273909,665.2818260437001,976.4966,685.1221,0
632250765,993.6314089696934,670.5584115432864,1006.94,647.8323,0
632250799,998.1117198086871,672.4172905865954,1017.224,637.8254,1
632250815,1001.8632914961348,668.0590782709227,1021.3125,597.3918,1
632250831,1005.3830970404765,665.0632558570668,1026.3098,600.502,1
632250848,1005.0207863004923,664.5081201491038,998.2577,615.3875,1
632250864,1003.0470183493269,669.480030146945,981.2866,667.6456,1
632250881,1002.579154794197,672.6906000545324,993.9552,657.8849,1
632250898,1007.2861420187878,677.014767023266,1050.6438,678.7876,1
632250914,1005.4689470334015,679.9972092267631,980.287,665.1577,1
632250931,1006.5603129521252,677.2593354507903,1015.5273,598.2476,1
632250948,1007.8825194018165,679.425727101745,1018.9464,660.9641,1
632250964,1008.7983026255814,680.7889317144493,1015.1797,652.3264,1
632250981,1007.1818470994053,680.7032717088875,980.5187,631.0942,1
632250997,1006.778462051319,677.3080700220627,997.7981,582.3751,1
632251014,989.4048646625835,382.7698178804103,990.9274,323.1304,0
632251031,963.2632591441894,361.1217775876932,964.4083,298.9084,0
632251047,963.7992814967602,368.2617703391991,965.2511,313.9463,0
632251064,971.7141467681826,370.63232267330943,989.0409,315.1817,0
632251081,974.0218645287493,359.39112601375416,983.0411,263.0149,0
632251097,974.3568578300769,363.2528325005059,976.6691,318.0377,0
632251114,977.9065483722318,362.7882948759728,997.0592,300.1655,1
632251131,973.1913085227321,366.261455647397,945.6708,324.4649,1
632251147,976.5438824620629,367.11381577396725,1000.8928,312.9257,1
632251164,977.0799596474067,371.64138691972505,981.5649,346.2661,1
632251181,974.411178585689,373.34808392091117,952.0872,324.8577,1
632251197,976.1956565652155,376.4053842763657,993.7772,344.3671,1
632251214,973.6704919800799,378.1590485392341,948.6516,331.9085,1
632251230,971.3036155644916,377.075168189812,947.4312,300.1971,1
632251247,970.2815008777595,377.7686978834314,960.6638,322.3138,1
632251264,970.6285608498436,379.0051425609258,977.1673,331.582,1
632251280,971.0300137545344,377.8347632337574,978.7981,299.6035,1
632251297,970.4924465398485,378.2726204357013,965.369,321.1885,1
632251314,969.8419270276047,377.1012907966588,963.48,297.4704,1
632251330,969.202278734645,377.05046246120884,962.645,313.9122,1
632251347,967.7630028158235,377.1081273684597,949.4386,315.0214,1
632251363,966.800516738511,376.10312271847494,956.0796,298.2267,1
632251380,965.2667999025832,376.7526886222944,945.3784,324.6275,1
632251398,964.5182883941757,377.219696009053,957.2277,322.6838,1
632251414,964.8603876544528,376.8292901462415,975.1239,309.2468,1
632251431,969.9139322570086,372.04224111403494,1056.9619,236.7612,1
632251448,973.4087465067981,364.1269918463066,1032.8936,177.854,1
632251464,955.0883224784844,158.38089598828273,959.6818,85.537,0
632251481,1009.4891708413805,206.85478785708003,1014.8059,139.539,0
632251498,994.7503713789979,183.83939829126055,985.3336,89.5854,0
632251514,1011.6924222270173,192.8744735815691,1051.739,145.8826,0
632251531,995.2300743429577,187.55165761158196,950.3326,99.0725,0
632251548,999.5992335926965,193.39251747921065,1022.4255,150.0491,0
632251564,996.6534765547236,190.77756494722968,987.4641,107.5985,1
632251581,1003.7950544641542,194.09278647606047,1051.5981,148.3248,1
632251597,1009.8551618887362,191.95794484700403,1056.8162,110.9537,1
632251614,1009.4508974944935,193.69459271259447,1010.3998,139.1595,1
632251631,1010.0448099411293,196.93319676220702,1019.0296,157.3622,1
632251647,1011.4086354564486,198.19554539725416,1028.317,142.2744,1
632251664,1015.6645874165058,204.87995758108258,1061.6235,207.8677,1
632251681,1012.377502945855,199.6274812110983,980.7581,68.8175,1
632251697,1008.5682537405089,195.42042310732262,969.7689,74.4214,1
632251714,1007.801335041048,194.70877408713048,1004.3153,117.881,1
632251730,1000.0947229255455,189.96990583058474,909.1158,55.2894,1
632251747,998.7140345325452,188.93501322782163,990.0437,108.374,1
632251764,995.21524516658,187.34467948646224,957.3241,96.9624,1
632251780,994.0819741988751,186.78887765418858,989.5074,113.0802,1
632251797,993.6457799042541,184.30704951535338,999.545,82.1423,1
632251814,993.2684318947271,184.90686324795738,998.8107,130.1204,1
632251830,984.9217451474226,180.6754973643915,869.2559,42.39,1
632251847,985.52234380764,180.18222918231467,1011.0776,110.4986,1
632251864,980.7168003435056,177.4919542324885,919.7443,66.596,1
632251880,979.3529440979929,177.48068096768924,974.469,114.3724,1
632251897,978.8363375494234,176.51072929428355,987.5746,97.2677,1
632251914,977.1700371466752,174.4350815322396,966.2485,75.0548,1
632251930,969.0347345045161,172.94684400121176,849.7305,77.5593,1
632251947,964.0124950443014,172.04837097285605,901.0265,89.6427,1
632251963,959.7657821746548,171.0627089267449,911.6259,87.3057,1
632251980,956.213662095951,169.47212454144824,926.5282,79.6009,1
632251997,950.0393657973809,168.25740840872436,873.0615,76.9576,1
632252013,945.4381375516181,168.0147792291093,904.528,100.8076,1
632252030,940.6447225385474,166.7304237074155,886.8067,74.8253,1
632252047,937.5982347944257,166.18132911944522,922.1353,93.9046,1
632252063,930.819713922898,165.56796836506288,847.3807,82.7657,1
632252080,924.9434505810159,165.46475306612473,865.9534,95.8499,1
632252096,922.6537973858873,165.4579718611896,925.6774,95.6333,1
632252113,917.0257009815905,165.16741806435164,856.0283,88.8927,1
632252130,913.6233936064333,164.81502267184734,892.461,90.4124,1
632252146,908.3040840388787,163.53537681862886,854.7067,68.4874,1
632252163,904.7998257639807,163.24564495307877,885.5905,93.8048,1
632252180,900.1653873261178,161.68479953453084,852.3878,53.3422,1
632252196,898.4569460143613,161.79143607975968,899.3504,87.4251,1
632252213,898.7336576928782,163.04302716180624,934.3636,114.6216,1
632252230,895.6713275210898,164.47700733934815,860.8275,107.6661,1
632252246,891.7510470938935,164.12136925938248,851.7814,79.8124,1
632252263,890.39488591686,163.98493322462764,890.7732,84.8538,1
632252280,885.3671987398844,163.6409684834441,825.1296,78.8508,1
632252296,884.8952088347287,164.09050591983123,904.124,94.3684,1
632252313,883.000097302229,164.78623599821626,874.8937,102.3735,1
632252329,882.7080309612872,165.28705687212977,887.42,91.0015,1
632252346,880.460678578676,164.25544964558696,865.9529,68.6989,1
632252363,644.3495647157963,149.8087574762905,639.9288,58.8408,0
632252479,738.2281887186269,410.98673135404107,731.8247,338.4594,0
632252496,717.1675183273529,364.5724961613009,690.2029,238.7054,0
632252512,737.3928897990587,343.6287860947555,774.4335,226.5101,0
