timstamp,smoothx,smoothy,rawx,rawy,fixation
631537724,1126.1158133337647,652.5801176644527,1100.5947,583.9226,1
631537741,1127.1755440494978,653.4308514434978,1151.2942,636.3994,1
631537758,1128.0644486513645,653.1281129107681,1147.3251,618.8654,1
631537774,1128.3001310136292,653.2611849873475,1139.11,621.5339,1
631537791,1122.272564784319,649.1382139855842,1024.756,542.8828,1
631537808,909.6379511703615,522.4692162146124,904.6606,476.6862,0
631537824,888.5678469774027,502.26396853247627,882.5034,454.4392,0
631537841,898.5339752473393,503.6606694025587,903.5352,456.8411,0
631537857,902.0729065443893,503.40873813867285,904.162,454.3595,0
631537874,905.476226218696,507.5239926774452,910.8361,473.3176,0
631537891,904.7055769283725,508.59936575474785,896.0922,465.8427,0
631537907,905.9893815423541,511.3869215498058,907.2226,479.2139,1
631537924,906.4232694935138,514.1979485088864,903.6061,485.3925,1
631537941,906.9993024336685,517.1084388165258,905.552,491.9257,1
631537957,890.7207983099179,517.496406713065,755.1094,478.7694,1
631537974,889.3948129584918,518.3244519593817,874.0826,479.8015,1
631537991,886.5853665779449,519.9793993198348,855.8914,491.563,1
631538007,889.1202547252768,520.0232571610657,912.613,472.4312,1
631538024,889.925018244161,517.1768680856374,895.3425,435.2254,1
631538041,890.5479467762007,518.6353070851355,893.6735,490.9213,1
631538057,891.700602681076,517.8289487946212,901.6525,459.7188,1
631538074,891.6562519602892,520.0292421189805,885.7876,505.1489,1
631538090,891.8312113336308,519.7948536777631,889.0115,469.2705,1
631538107,891.7267003223485,518.7777155247815,884.8963,456.4813,1
631538124,892.3477684354979,520.7248202134144,895.7661,505.1764,1
631538140,892.809955257969,521.7400276821733,893.728,491.0486,1
631538157,892.1256293048134,520.3951299671551,875.4031,450.9114,1
631538174,891.958191740782,521.9046607240672,883.2636,501.4756,1
631538190,890.6921913843925,521.5039327827859,864.5107,468.1577,1
631538207,890.1830366936131,521.8947203993239,876.7609,482.4996,1
631538223,890.9544159711716,522.1975697520751,898.9137,480.416,1
631538240,890.5967408147359,519.7336997490892,879.301,428.2906,1
631538257,891.6206200367446,518.4838119280708,903.8136,450.0646,1
631538273,884.5149033094635,517.7627874113795,756.3804,465.4517,1
631538290,699.8176658073382,524.1493382358238,682.7971,486.8735,0
631538307,758.9094610265362,520.5491116291474,745.2994,480.4329,0
631538323,726.9038055583615,511.5401421224049,677.8113,462.3994,0
631538340,729.4357839167916,510.22163726541675,719.7047,466.6535,0
631538357,722.7133131878129,501.4572348541292,686.3524,431.2314,0
631538373,725.3395806374172,505.020001202159,721.0468,479.9423,0
631538390,723.7564664597285,506.8685544998885,700.207,476.9171,1
631538406,728.799853734827,509.6383834118767,744.5316,486.2684,1
631538423,729.1283421634546,506.79377300392423,716.0737,443.8666,1
631538440,728.1353204704998,505.06576716106747,704.7573,449.5617,1
631538456,728.1010634984627,501.97977334921313,712.5748,431.5582,1
631538473,729.4655311011198,500.466802740985,727.3817,443.5756,1
631538490,726.9063728594792,498.0966568632537,684.6837,431.9313,1
631538506,726.621259114364,494.7035341662438,708.6763,413.6727,1
631538523,725.3634818391773,494.93505917553483,695.5073,459.2666,1
631538540,729.5625171527582,496.10949124972166,767.4867,470.4651,1
631538556,729.2086404513632,497.0139784616718,708.3698,469.8916,1
631538573,729.9467392434807,498.38498410461347,723.976,477.6047,1
631538590,728.0159999393543,496.9243240944526,684.566,434.0758,1
631538606,727.3375640292327,497.0502845211641,702.2136,458.5465,1
631538623,727.9133813397148,497.2402702951577,721.7452,458.8696,1
631538639,727.0564963231252,496.28604127681496,698.7572,439.4276,1
631538656,726.2499608638217,496.5209651761109,698.8737,460.063,1
631538673,726.7088100633434,496.41500815818586,719.9427,452.971,1
631538689,726.0948101249023,495.86306751513575,701.5566,445.0687,1
631538706,724.2528209194179,495.5253807276803,679.5358,449.4881,1
631538723,734.1061591119744,494.4630710089361,886.9433,427.474,1
631538739,1181.221343557553,474.30371207963935,1192.1083,410.972,0
631538756,1246.7575043232448,503.55148480988,1261.2274,441.7946,0
631538772,1313.9093516338955,492.6191029439781,1403.1837,411.5679,0
631538790,1288.7783181193668,494.520058089589,1252.5222,436.1829,0
631538807,1283.7398105253105,493.57626154495847,1284.6614,426.3644,0
631538823,1277.400766347874,495.4279525707367,1267.5364,440.6423,0
631538840,1276.6953081761733,500.6237063689725,1289.6564,466.1979,1
631538857,1273.2169967608727,503.47424892646455,1268.4448,459.7589,1
631538873,1274.3585312670104,505.9570214765822,1299.2605,461.2089,1
631538890,1273.0654806107034,507.4721059312971,1279.4224,457.4501,1
631538907,1274.5414282442887,506.1546387246358,1304.5586,429.2671,1
631538923,1271.7515692368656,509.2775897438009,1261.1693,479.7772,1
631538940,1269.9593088303131,509.9530496738548,1268.269,454.641,1
631538956,1271.850768570911,509.5089170422166,1310.4592,439.541,1
631538973,1271.8844621290584,511.29601865522466,1288.9355,470.814,1
631538990,1271.3826132780234,510.72457042480875,1281.8184,439.3358,1
631539006,1271.6287145058673,510.07727744887904,1291.6786,437.2374,1
631539023,1270.4728906655657,511.7750951138251,1271.1167,474.5016,1
631539040,1269.0456411562272,512.557882938189,1265.759,461.7922,1
631539056,1269.1171504783972,513.6426128247906,1287.6501,467.0968,1
631539073,1269.6793898625745,514.1230741220214,1295.4561,457.6067,1
631539090,1270.495742612689,515.684321716075,1299.801,477.3182,1
631539106,1270.2063472547684,518.1848779652278,1281.6125,496.5428,1
631539123,1270.159297994227,518.3935608396488,1285.6697,456.2769,1
631539140,1269.1506320937067,516.1921327397274,1269.0753,412.3761,1
631539156,1269.8264484214342,515.321429903794,1297.9587,435.8503,1
631539173,1269.343968215881,515.5129880004218,1277.3912,456.9757,1
631539189,1269.3462925954261,517.0887886594894,1285.6736,483.9462,1
631539206,1269.3500607483527,518.6690168632892,1285.5834,484.9499,1
631539223,1268.9634485583042,520.4377644636196,1278.2994,489.8762,1
631539239,1268.4071813003038,522.3256865304279,1274.9521,493.3969,1
631539256,1268.0602872475295,522.9441110601691,1276.4434,466.7996,1
631539273,1002.9050533472033,463.1277285395876,1003.6327,405.2343,0
631539289,797.3532214303336,454.11910078047725,786.3466,403.0453,0
631539306,802.4695621544,443.41591549751297,797.2806,378.2246,0
631539323,804.8832031496011,454.223056940901,799.2229,427.271,0
631539339,804.3759806542708,454.00453108102283,792.1217,401.8338,0
631539356,794.6220473919903,452.51857873067047,742.9806,396.0587,0
631539373,794.6444108224827,451.37658744992797,784.1091,393.627,1
631539389,797.0286300340686,457.71690291623935,800.7695,448.4965,1
631539406,751.1712894400009,455.34339024882445,737.5088,406.2635,0
631539422,755.083514152514,469.8872353809782,741.5581,422.7205,0
631539439,764.0024862344125,461.8184370122952,760.4918,403.6104,0
631539456,759.2235882038451,454.0264075173889,736.0338,387.1784,0
631539472,754.3238917609729,455.4772036092188,725.4851,411.956,0
631539489,757.8077749090525,455.3410464519488,759.1691,404.9699,0
631539506,751.9638609671958,454.081319106671,708.3419,399.0435,1
631539522,738.6935505916302,453.0885011778149,643.7775,400.863,1
631539539,735.6225927056347,452.14272148043835,701.344,397.098,1
631539556,728.5433605750958,451.0223985898262,659.6643,395.0843,1
631539572,721.0170809755522,451.2540794584728,642.7574,407.9716,1
631539589,714.2298265652912,452.03693648913094,637.9243,414.8865,1
631539605,710.8361515669205,453.9861351208651,665.7164,429.5737,1
631539622,704.1204476838737,452.6952781661448,620.0098,391.7603,1
631539639,700.0118433481234,452.5234021547214,643.5972,404.4748,1
631539655,702.969910988042,447.6268822542367,733.4226,331.9204,1
631539672,874.6821216599475,98.04242681873292,870.2474,-6.6929,0
631539689,922.1576444908846,140.31787756016234,920.1919,39.7209,0
631539705,916.6499769992116,140.41275185352654,908.5585,40.3708,0
631539739,908.715419875175,140.262529166103,889.3375,40.466,0
631539772,903.9156754815823,161.87123406231512,885.4999,138.7809,0
631539789,904.4061126012549,163.51465752178424,903.5875,73.4583,0
631539805,903.5393500067888,158.32104331170888,896.3667,31.5168,1
631539822,906.1026676205377,157.2752141635267,919.1307,51.877,1
631539838,906.2111733229123,157.97974504755183,904.0002,65.6383,1
631539855,904.9369843731732,168.28272441602184,891.2554,160.757,1
631539872,904.6623510642183,166.01950544874202,899.4786,46.1262,1
631539888,907.6718368544382,166.29923753449313,933.9261,70.1933,1
631539905,906.9030435097379,163.9360545749991,895.5695,39.515,1
631539922,911.0163019176022,169.89299989134796,953.356,143.1296,1
631539938,915.8940121556485,177.9481256541995,968.7821,180.8382,1
631539955,919.5148405847965,181.69396216321113,958.5678,129.9762,1
631539971,923.3419860736135,187.81395623225345,965.8972,171.2234,1
631539988,928.4695751286636,196.30383177150958,989.3744,215.8941,1
631540005,933.8132741141167,199.2293628617785,998.9004,134.7765,1
631540021,937.1914551519241,204.49754481156103,973.7489,179.368,1
631540038,940.249355568154,209.44105562920385,972.4472,180.0398,1
631540055,944.0666507625538,210.94325438839527,988.7045,124.1663,1
631540071,946.7679290741112,215.47451134752305,973.6589,182.5346,1
631540088,946.4189494066828,218.4913351267665,924.857,161.4918,1
631540105,939.5555674593435,213.46039045207257,813.9174,18.8301,1
631540121,934.0881766695179,209.07105619838717,836.2852,29.5518,1
631540138,930.5692896386148,206.35619036849903,869.2806,60.1534,1
631540154,925.3294147546336,204.87661625058607,837.3316,85.59,1
631540171,920.5363240178299,200.98229133354135,844.0297,38.522,1
631540188,916.1167400819522,199.27518473025586,848.8915,81.0842,1
631540205,907.4811333522712,195.36700737220923,769.5012,40.134,1
631540222,903.0863798447494,191.45298023116024,846.8959,30.3134,1
631540239,898.0024922375214,187.61297473220566,830.7881,32.7915,1
631540255,895.4891199408544,186.06120561751155,873.463,76.4115,1
631540272,890.236203412627,186.69939040585228,819.7377,131.126,1
631540288,885.2551976674995,186.00544494405386,823.7757,95.5718,1
631540305,883.612926526571,182.7306249001546,881.2233,36.4335,1
631540322,884.6677216946199,179.09629063233638,929.5378,28.5987,1
631540338,882.2123299289807,180.3279571004308,858.8964,127.6607,1
631540355,879.5313925062173,179.63010536103653,850.1306,97.0443,1
631540372,876.7886403941094,174.9901630438953,846.8865,3.869,1
631540388,874.1233232549589,170.92935203445393,848.2393,16.2397,1
631540405,869.9190975635165,169.65694237069889,811.7775,67.4678,1
631540422,869.9388308467553,166.16883435100942,892.3284,28.9442,1
631540438,866.8440836834269,162.29834739175823,832.4546,23.7022,1
631540455,865.5193789726803,160.71947281698158,859.8183,58.8613,1
631540471,862.2761299231713,158.54539861605375,821.6602,49.2353,1
631540488,858.6842626639257,161.16797094248875,813.6191,145.759,1
631540505,762.0607747406594,325.7818353335545,749.8004,257.8564,0
631540521,763.9144435368557,365.6657194575967,751.521,303.3365,0
631540538,775.63515702848,331.6249011362921,776.6832,224.754,0
631540555,772.1529560073307,343.8538099659085,752.8362,306.3284,0
631540571,782.2035502680033,342.7529527873568,802.5147,271.5275,0
631540588,783.5457771668231,339.2378913579621,777.7662,256.4456,0
631540605,782.1409830928314,341.56075169251136,763.2611,288.4874,1
631540621,781.9592087422475,342.4273120064079,769.3364,281.8653,1
631540638,779.5178221749492,345.1932434892354,750.6152,300.933,1
631540655,796.5233140807599,346.4681551929857,921.1633,285.52,1
631540671,794.4977789936972,348.0678481312239,763.2278,297.2792,1
631540688,794.3469053001351,347.81354971935764,780.0839,278.1833,1
631540705,789.8985564679055,347.23700653896236,730.7881,275.6547,1
631540721,789.198606608272,349.60432334062943,769.7468,312.0624,1
631540738,790.1509933240552,351.12149652766414,790.1578,303.1317,1
631540754,791.6455464290997,350.28263191699847,798.9762,270.6829,1
631540771,789.8741252444748,352.3467266590841,754.597,315.5959,1
631540788,789.6733406535913,353.0132692062603,775.8308,295.3482,1
631540804,788.2060044129865,354.46490453880955,756.4141,309.8822,1
631540821,786.680428068029,356.2697395263843,754.1075,317.6688,1
631540838,787.2291736956804,357.87192279524743,786.0516,314.9761,1
631540854,785.648706159424,358.5539021224883,751.517,301.7013,1
631540871,786.5420784166363,360.38782552623957,791.6675,322.0623,1
631540887,783.9864652721192,361.6579727658027,733.2429,315.6408,1
631540904,783.5761028688627,363.0914422826383,768.8055,318.7803,1
631540921,783.4706313226203,357.63971713618076,774.3665,189.2214,1
631540938,705.4089034637321,165.0742198429981,690.8641,76.5376,0
631540987,773.9769112961776,123.98050343980738,763.6111,26.9006,0
631541021,761.883686667384,150.44453817334036,737.7528,88.2271,0
631541054,760.8578930891914,166.83579293612527,747.1973,113.4941,0
631541071,760.3546043533973,155.03068730421347,747.736,22.5519,0
631541087,764.4754096093419,149.504404403956,770.7353,30.9951,0
631541104,762.2717833049206,146.47139161545186,739.7325,36.9271,1
631541137,764.795539765058,140.93859931263597,769.4481,10.1038,1
631541170,765.4445845469977,141.43299994251527,758.8066,51.93,1
631541204,761.8619233612677,139.5459515229434,722.0441,31.0938,1
631541237,758.2286107400278,136.43322949442063,715.4006,14.6962,1
631541254,758.3642367354994,135.46754110118627,749.4764,32.5122,1
631541270,757.4405541008462,131.49282460092505,737.717,-6.0197,1
631541287,762.1893187781454,131.99349158761376,805.1156,43.8014,1
631541303,764.9932125478318,129.66024213081405,786.8887,5.6406,1
631541320,767.1640771030782,129.7040605494379,781.86,36.9767,1
631541337,770.5604216383333,134.32330147399128,801.5106,105.725,1
631541370,772.4920561416486,133.1091987875593,784.4901,19.3924,1
631541386,772.344123401109,137.02190123103327,754.7955,102.9152,1
631541403,774.0435773541247,136.9747707044381,784.1769,38.8773,1
631541420,774.8414771723301,140.15032655676927,771.2573,95.1317,1
631541437,774.9000938606398,139.49691510934585,760.521,30.3472,1
631541453,774.2673070534253,146.66524271520066,748.6955,172.1133,1
631541470,775.1985648295123,145.67639905790423,776.233,25.8889,1
631541486,774.0093511389889,153.9880787506937,739.5104,201.5152,1
631541503,773.2335947641901,156.8962315507964,747.1472,103.8769,1
631541520,772.0466175094192,163.2026374331009,739.4938,172.1452,1
631541536,773.6045374167311,161.88073144353984,789.4702,26.2261,1
631541553,778.4099680659214,160.56790854283963,849.2468,25.462,1
631541570,777.9722417715678,159.01342058494413,755.1597,25.4392,1
631541586,779.9826131925975,157.70808841573378,800.7142,29.7942,1
631541603,780.2933255354726,163.6282201706728,768.8533,172.1136,1
631541620,779.3752445614857,168.53795159596928,744.4655,161.0527,1
631541637,780.042190411167,173.11905633040286,775.7107,157.4947,1
631541654,782.7830501028088,178.87516718052962,814.658,171.9055,1
631541670,781.7115015690222,183.80674551915914,747.6401,162.344,1
631541687,781.0815572261266,188.1768380478329,753.2415,155.0016,1
631541704,782.5685277752117,194.79946659355025,795.8616,199.3706,1
631541720,781.6458228285741,198.46138517206498,751.0452,150.6513,1
631541737,780.9974640879158,202.086628103599,752.91,151.5808,1
631541754,781.2362426674549,204.94783379852646,769.5698,138.4668,1
631541770,781.134686224263,207.8001863783055,767.5635,144.9173,1
631541787,779.9526422942581,210.49373360189057,746.7037,142.8726,1
631541804,778.3291132038793,212.52011678636342,745.6976,139.6524,1
631541820,776.7135654635221,215.1528284141123,743.0621,151.7149,1
631541837,775.8886673559315,217.81772250900062,756.433,159.2598,1
631541854,775.8960527817994,220.03521047382768,773.1091,160.4004,1
631541870,774.8266811098599,221.55144582187927,750.6551,141.1044,1
631541887,773.8251355128328,222.8204031245311,748.247,148.3848,1
631541903,773.974506060799,224.8092817680516,772.022,157.8733,1
631541920,774.5687743032531,225.66724544500775,778.2429,143.9764,1
631541937,774.3247346385537,227.32752892697212,761.1005,156.2478,1
631541953,775.1028371629842,228.84814476813642,778.4473,170.1105,1
631541970,772.865863328106,230.5370277249004,725.516,161.6553,1
631541987,763.8372351157852,227.0352020818706,596.5944,83.7133,1
631542003,763.6424096430028,228.01846017813003,759.1776,157.2154,1
631542020,765.3838873757916,225.59435837711013,793.3589,96.3396,1
631542036,769.178827777032,218.59300665647547,835.8206,-10.7114,1
631542053,770.6097202963763,211.7873747908294,796.9234,-3.532,1
631542070,774.4639658964144,204.3038922111424,830.3869,-18.0031,1
631542103,778.5531820187041,198.7774825068183,839.1587,20.8945,1
631542136,780.4667510598301,195.88030697475054,795.3917,87.7324,1
631542170,784.6786100541977,192.36601881624603,836.0367,68.7768,1
631542186,784.9548839090866,190.33631635138994,767.8334,96.7174,1
631542203,786.3799379094919,189.5999442786406,793.8708,119.1212,1
631542220,788.4140540646916,187.9624611500408,799.061,95.6648,1
631542236,790.5370273685161,186.16720598394494,803.1067,87.8747,1
631542253,792.440181745148,185.58400234012862,805.0571,112.9743,1
631542269,793.9085313413678,184.44418396599212,793.9314,93.1576,1
631542286,797.0058753822037,183.80701101074033,826.2031,99.0046,1
631542303,798.2879858339572,183.08041620050764,796.6016,94.1914,1
631542319,798.3131199628547,182.87640558503736,775.1591,103.5541,1
631542336,801.1345329088646,182.62983691511363,826.5591,98.1553,1
631542353,803.2391196088955,183.49359399905742,815.3701,118.2868,1
631542369,804.2078666776893,182.5112970940971,796.6476,81.7277,1
631542386,807.6876502923639,182.21941393619494,846.4682,92.7792,1
631542403,836.9787850174436,202.74192890111345,829.7534,114.3748,0
631542419,804.5142754216924,172.5778532176603,795.6081,81.2024,0
631542436,804.5929204546271,174.01996459156507,795.7569,84.4863,0
631542452,820.0522956660689,180.3123446281886,844.3998,102.4873,0
631542469,823.8573375536928,181.9051774201928,827.6571,95.9348,0
631542486,826.0699476599574,178.83988324817133,827.2549,73.2675,0
631542502,824.4136672920426,182.82741053193558,807.4883,114.6154,1
631542519,828.3126713761939,185.4950662279854,844.0892,111.4172,1
631542536,828.5872634310009,182.01942877333104,822.3608,63.9491,1
631542552,830.0466840005089,183.8052025531906,833.3193,107.8564,1
631542569,828.1811822630616,184.72363862158952,803.1663,103.1206,1
631542585,825.6739554539819,184.30451297235274,793.3405,89.7429,1
631542602,826.1698803059297,183.08255067635636,823.8667,77.9956,1
631542619,826.0783741820856,184.55643989154947,817.29,111.7742,1
631542635,824.3678854048694,183.89250885366013,796.4883,85.0887,1
631542652,824.4146479384839,183.06681869262326,818.0126,81.0246,1
631542669,824.790183169571,184.62835413672042,822.4953,116.163,1
631542685,824.679393738548,184.70446898796757,815.8767,94.8208,1
631542702,824.7997360882833,184.97837688126148,819.2211,98.0702,1
631542719,823.7988752750128,186.50126620319742,801.6657,120.1411,1
631542735,823.0813566962906,187.75620829895323,805.3105,116.8783,1
631542752,823.9508033938138,187.70775746733028,830.8416,94.0213,1
631542769,1088.1120446952887,221.59906861270125,1095.1759,126.016,0
631542785,1191.4025786904576,273.2025833464176,1204.0804,180.8843,0
631542802,1155.5938518092396,256.2666226323168,1128.655,145.0657,0
631542819,1159.0002077328363,250.00343260796996,1177.3826,141.2724,0
631542835,1155.0376626053535,252.93655481675674,1153.4109,169.764,0
631542852,1156.6630795780025,248.91013907291037,1174.5891,136.298,0
631542868,1156.976722360063,254.4967888404052,1169.4022,192.1592,1
631542885,1157.3524123439329,256.7353894856998,1170.5234,177.939,1
631542902,1154.923534180207,256.1066471136248,1148.6233,158.2379,1
631542918,1155.628558759638,257.5824527006362,1172.2898,176.5767,1
631542935,1155.0174549978117,258.85700131674184,1160.5247,177.6625,1
631542952,1160.1627843018362,252.79424787194432,1221.3641,93.1263,1
631542968,1171.408616690217,249.80807760961258,1299.1786,117.9685,1
631542985,1529.3926011313904,524.8842212346409,1559.9435,455.0219,0
631543069,688.6576276510448,288.77714963772723,1343.1063,436.4119,0
631543085,880.0594428457998,342.369545287024,1272.6101,377.6997,0
631543102,968.9094592237128,367.91815800594554,1239.9229,372.0621,0
631543119,1027.6558902394358,387.6490397509054,1264.5313,394.7928,0
631543135,1224.2574565369102,472.12458097435797,1237.6256,406.7872,0
631543152,1222.510014826635,445.1732897452551,1235.9397,376.0738,0
631543169,1223.837254101896,446.48223332665896,1238.7272,378.9555,0
631543185,1227.0840799594127,443.1882948171242,1247.6426,365.8882,0
631543202,1231.6597255351023,442.51474748829827,1259.926,369.9133,0
631543219,1229.079242319405,444.46862620660784,1231.9335,384.2461,0
631543235,1228.6531598120753,445.8984889285297,1240.1356,384.6451,1
631543252,1230.815791473837,444.125352520402,1257.9703,362.2039,1
631543269,1232.7323701308467,440.39213422474137,1260.165,341.3782,1
631543285,1231.5768587345876,437.82964250723785,1236.0051,346.3256,1
631543302,1229.7960549651823,438.59068836361837,1227.6869,377.1619,1
631543318,1229.5176367058657,437.9599697698706,1240.8623,361.9472,1
631543335,1233.0970349966299,439.7220527259049,1284.4486,388.791,1
631543352,1374.057931402229,614.0959405967953,1395.165,563.0358,0
631543368,1300.2290421524303,718.2052417688577,1316.4772,684.853,0
631543385,1309.5126154836546,716.0198228718565,1336.1101,679.1365,0
631543402,1327.3300441117158,727.4751441852743,1382.3297,718.9929,0
631543418,1332.6697246602223,719.6791234234234,1367.3138,658.064,0
631543435,1335.3668551100732,717.3815023860692,1364.387,671.9146,0
631543452,1334.1241023520163,713.3953393878867,1345.4497,656.3595,1
631543468,1332.1819581857296,713.5743589876017,1337.921,680.4861,1
631543485,1333.3262922192641,710.9353705237337,1359.4045,655.3893,1
631543502,1332.6386903598057,710.1963252936083,1344.9558,669.186,1
631543518,1329.3212815921497,706.52058222391,1318.0452,637.5028,1
631543535,1328.6651223451158,703.906413931844,1340.9266,642.2293,1
631543551,1330.2354633288858,702.7733540389511,1365.311,655.0795,1
631543568,1330.202203726493,704.1784212201424,1347.9377,687.1537,1
631543585,1330.5161269093012,703.6330178736821,1352.4895,661.8317,1
631543601,1330.804302049028,702.1837753781717,1352.624,647.7017,1
631543618,1330.6698231133712,702.8183717821781,1346.8562,677.5673,1
631543635,1330.259682718428,701.9749911149407,1342.7971,654.8788,1
631543651,1332.0345537712358,701.2850975786175,1375.4884,655.0103,1
631543668,1332.7577595775679,701.1320514662366,1360.7095,663.6678,1
631543684,1332.846316333656,700.6047885760205,1351.2598,657.1276,1
631543701,1333.5769686797312,698.0647351707058,1362.1481,620.2932,1
631543718,1332.538826079961,695.0856805876134,1333.1558,611.1407,1
631543734,1337.5052976423044,700.7834838906575,1434.3346,764.8918,1
631543751,1341.3536551402622,706.8582436530631,1417.895,775.6469,1
631543768,1346.8299657222574,711.9692481606974,1449.0164,759.4379,1
631543784,1350.8017049069479,717.2205235432025,1425.3857,765.8401,1
631543801,1354.0600641536037,720.1238361706013,1415.3989,723.559,1
631543818,1357.7724893746104,725.3941820444505,1425.838,771.7958,1
631543834,1360.842508627412,726.6911109298467,1417.1646,696.7284,1
631543851,1364.370861039878,729.6905931842957,1428.0447,732.338,1
631543868,1369.5815407252117,730.5920875061894,1454.8933,690.5804,1
631543884,1371.2779220561388,732.8027970127832,1395.3041,720.6553,1
631543901,1374.2473820369626,735.5115767511383,1426.5264,736.0443,1
631543917,1375.8925385313705,738.4283104043342,1403.1296,736.8672,1
631543934,1378.0062423817274,743.9973045662973,1414.0144,793.7549,1
631543951,1411.2745711115567,927.3843924451545,1432.6357,919.3898,0
631543967,1407.3613531339975,1002.3715891008761,1428.048,1005.1902,0
631543984,1393.4069540312548,986.2632037511206,1398.7695,969.5394,0
631544001,1380.9833363852417,978.5974679521287,1374.3595,962.7398,0
631544017,1386.6740038700646,968.0216154634812,1424.6772,930.5112,0
631544034,1388.8709751907365,970.6653059153683,1417.825,981.7928,0
631544050,1385.391784106854,974.5105261384078,1386.9497,996.6738,1
631544067,1391.8833918207426,976.7430934882769,1451.6304,989.8459,1
631544084,1393.1115406393417,981.7886888205024,1421.0835,1020.1156,1
631544100,1396.729826532138,978.7385357026008,1445.1885,950.4703,1
631544117,1399.9954850669794,978.295850224369,1447.9248,972.4067,1
631544134,1394.4746729936408,975.0420072907607,1359.7993,942.5032,1
631544150,1041.9579327879737,733.2539078890176,1043.304,712.2184,0
631544167,765.9538277151657,679.8437917670877,751.7917,662.0928,0
631544184,688.3901164337378,691.9122833612954,587.832,695.7311,0
631544200,681.8986667621266,684.92568081021,649.7441,655.7742,0
631544217,675.5797977863145,681.084478670382,636.9994,654.8358,0
631544234,665.2918395900181,685.2549536842495,603.2313,692.682,0
631544250,636.3418160487631,692.619584566032,614.6698,681.7922,0
631544267,795.0926434278662,687.9276826877295,782.5531,670.1775,0
631544284,710.2255834928087,692.4662126839394,603.2589,687.2119,0
631544300,685.5440773804308,692.6189774326856,615.2838,682.0887,0
631544317,664.8126283167403,689.9045555029238,580.6926,670.7406,0
631544333,650.9838770259446,692.6327156835583,574.1772,695.608,0
631544350,644.2164960308663,693.1845013230819,590.3306,686.3188,1
631544367,629.8266056347613,688.8114455021122,522.6818,651.9003,1
631544383,619.4073369330159,689.6094264772223,527.4092,688.0453,1
631544400,613.018377392855,692.881019631196,544.4126,712.9968,1
631544417,557.1484392682565,674.7428032744959,531.042,664.4951,0
631544433,544.0780967771761,667.0413579789581,517.2683,656.214,0
631544451,539.2632631276055,658.9833234493065,507.196,638.2096,0
631544468,539.5593358833725,671.5049185254077,512.9615,689.9337,0
631544484,541.7573518916165,681.3638459907667,521.4648,705.6185,0
631544501,541.917496862786,682.2851051473988,515.4884,677.3134,0
631544517,537.0250161160602,684.3906209693272,484.4352,688.3994,1
631544534,537.2303284165905,686.2711984803511,511.4266,690.0942,1
631544551,539.7292545717077,684.3782455995234,530.5269,660.2423,1
631544567,537.9178825542596,680.9370159788347,496.3842,642.8035,1
631544584,541.1371271758161,667.4523442822807,543.3964,527.7193,1
631544601,591.4356162912961,266.28987186203057,569.747,196.6318,0
631544617,658.4101348048848,205.85613320566557,640.9252,124.9685,0
631544634,663.6228746205206,211.26930052378623,651.8696,136.9076,0
631544651,665.0705243361042,221.21160662095875,650.7708,164.6675,0
631544667,662.4953449565265,224.71634817633094,636.9475,158.3164,0
631544684,665.3992883777341,226.17985451467482,660.2429,153.6984,0
631544700,661.8148171217802,224.44044828385984,625.9171,136.7003,1
631544717,663.0111128023312,229.22280607578335,652.9507,182.5107,1
631544734,661.9991261059306,230.41847013726098,637.4348,161.4708,1
631544750,661.7689363641952,234.38542011752207,642.4728,190.5849,1
631544767,663.452137811261,238.63954988997958,660.8665,200.4676,1
631544784,664.6987642870206,240.3090637914249,659.1118,178.4646,1
631544800,668.0490466030243,244.32784186525393,685.0083,209.5385,1
631544817,670.9020331548637,245.92810146879927,684.1046,184.408,1
631544834,673.0632704278584,248.59122189569538,679.1936,202.0464,1
631544850,671.3704508843618,249.32395887672521,630.2228,179.7943,1
631544867,672.6452623961666,251.96008511619675,670.0473,208.6642,1
631544884,679.7453235069783,251.38484348797576,757.2925,158.2407,1
631544900,852.6307860468003,126.48824468388912,846.7607,26.6653,0
631544917,833.6010839722011,189.17752567338331,826.2634,99.0154,0
631544933,819.32653841684,232.69986254537204,795.5936,199.4299,0
631544967,814.6926489325726,244.0561281332127,796.1464,188.3244,0
631544983,803.670103532729,244.225227716348,759.8821,164.4792,0
631545000,802.3688331226919,247.9077933585631,787.8971,183.5769,0
631545016,799.2829169081384,246.84268594431154,774.3469,160.2553,1
631545033,802.3215474328679,250.0575539590499,812.0359,189.7508,1
631545050,803.8814166775595,250.66191682494446,805.8427,173.7247,1
631545067,802.4876373766125,249.59355395529118,782.1622,159.5868,1
631545083,799.8592840007544,247.62937540958853,767.6036,148.6383,1
631545100,801.3081815565416,246.64490822041546,806.6802,154.9964,1
631545116,804.2971698285837,246.12937493070058,826.5249,158.4103,1
631545133,803.4683641293336,246.77293584476843,784.3599,174.4207,1
631545150,803.2256517355922,246.26777675124595,790.8096,159.1963,1
631545166,801.8879941674093,247.2888274280175,775.5729,181.3302,1
631545183,801.6695790308818,247.46524380700973,789.7704,169.285,1
631545200,800.715231940328,246.86899000998284,778.7572,157.7001,1
631545216,801.4712191969326,247.72587925025144,803.519,179.9217,1
631545233,803.3032667620223,247.4784457316642,821.0759,161.5255,1
631545250,806.1380078093247,247.43056057028363,838.7086,164.1222,1
631545266,804.6169932965606,247.1899268550916,769.4677,163.2622,1
631545283,805.2639031098258,247.47482317664512,804.8258,171.2899,1
631545299,807.4983377209595,246.85480694274182,832.546,153.7729,1
631545316,803.6941453022314,251.59307789500926,728.6829,257.6804,1
631545333,729.6159214072243,454.53330922919,714.7221,406.1877,0
631545349,773.498347565408,452.8788496491876,761.1311,402.5688,0
631545366,761.2031762200733,456.2618602093492,735.1229,411.2546,0
631545383,757.9098833541332,446.10458038360457,737.9562,372.6268,0
631545399,759.8713008854592,450.27068591420453,752.9288,414.1556,0
631545416,756.5208553954168,456.25344134626806,729.168,434.4365,0
631545432,751.0258092003016,459.25495154511583,709.2164,428.1249,1
631545449,746.9313592198231,453.6290862957411,708.8715,367.7031,1
631545466,751.103460084897,455.623413608222,767.7742,420.7121,1
631545482,748.2711463810292,455.3658169018796,712.4039,404.814,1
631545499,747.206394522854,456.14640263458335,724.8,414.9279,1
631545516,747.2927728196775,455.65189756381324,735.3323,401.2502,1
631545532,750.2868818158147,457.4547245756758,768.5534,427.599,1
631545549,754.0828653767418,458.4514356563084,782.7621,419.3851,1
631545566,753.9881497113464,460.79279284505515,737.881,441.3039,1
631545582,753.5249151329687,462.3088407902168,732.861,432.8423,1
631545599,754.8055401880487,463.5032306059746,756.9557,429.1749,1
631545616,755.2017732900522,464.61238503016216,745.495,429.8936,1
631545632,756.5903701126621,468.3166635332492,760.8169,473.303,1
631545649,756.6444790469577,469.4516622956587,741.6254,434.791,1
631545665,757.3659321609065,470.32276963360266,752.5715,431.3177,1
631545682,757.5862926780984,470.28913440267235,745.1852,416.7908,1
631545699,759.6819775259272,470.15113462831135,777.026,414.2316,1
631545715,760.2875657526855,470.7873628071641,753.1179,429.8517,1
631545732,765.1295268998443,471.0283187891801,827.375,420.6166,1
631545749,1101.6598053859482,447.91696504851313,1108.1423,383.9698,0
631545765,1263.7499333799951,499.2427629247928,1279.2202,436.2038,0
631545782,1228.988397190397,510.0061647434106,1205.6747,463.4954,0
631545799,1224.17615459058,499.70542051404124,1227.5713,415.219,0
631545815,1216.230691412829,494.46816089196034,1204.4502,415.9244,0
631545832,1216.0272090574983,491.9435947478572,1228.5226,418.7371,0
631545848,1216.0859308969393,492.39171157884056,1229.6494,433.1445,1
631545865,1211.1072094558983,492.63336602579335,1193.6616,433.8143,1
631545883,1211.208842443829,492.4103688234277,1225.408,429.0436,1
631545899,1204.4458224510713,490.3814574505474,1163.8967,413.3369,1
631545916,1204.4161211630505,489.1643865902086,1218.3855,416.1053,1
631545933,1201.1449714585517,492.02198919513734,1183.3962,462.1544,1
631545949,1200.3278104598342,490.81819922020463,1206.4462,415.8909,1
631545966,1198.5646616348588,494.572908836793,1193.1958,479.6585,1
631545983,1196.26915454604,495.38037366422884,1183.8555,444.695,1
631545999,1195.024391341811,497.3547721468092,1194.6934,462.4937,1
631546016,1195.18924066749,496.7721803856757,1212.9501,425.5256,1
631546032,1194.742688378024,494.36259217206884,1203.9807,396.3416,1
631546332,1197.7621289093724,255.66934196289665,1210.9099,160.6082,0
631546348,1193.9654041963604,245.52813833150455,1203.0128,137.7712,0
631546365,1189.2385598731921,269.03307729927695,1191.6243,229.9864,0
631546382,1196.012342402606,296.41756452883743,1229.6584,298.7991,0
631546398,1202.908027067959,314.78699381461485,1244.0641,307.9294,0
631546415,1232.3007121412804,354.44938762989545,1246.8364,272.0682,0
631546432,1224.3236838968212,406.28220342829377,1238.0908,331.5831,0
631546448,1225.5535086868856,403.07565871977187,1240.7266,324.1708,0
631546465,1229.7120754445323,406.9177095050357,1252.47,340.5104,0
631546481,1236.0537823452776,414.3990824218641,1270.1177,364.9374,0
631546498,1233.9490969121734,406.8199702770501,1239.4404,297.8779,0
631546515,1239.5824322521808,416.8678188456467,1282.677,397.9358,1
631546531,1240.3683315598987,436.8401390250121,1258.4011,496.7264,1
631546548,1239.166886989741,448.74533868570586,1243.9686,467.3933,1
631546565,1240.8148026703304,456.78008518472524,1267.5193,452.3837,1
631546581,1242.9177016205322,466.0438616530189,1274.7527,480.5165,1
631546598,1243.9704748190607,471.8836552930865,1267.2034,458.2676,1
631546615,1245.4881135980595,477.8776491567268,1274.1914,470.3121,1
631546631,1247.5098746019175,485.7099974573364,1282.5051,504.418,1
631546648,1246.9509142377406,489.50607950686435,1252.4758,462.0287,1
631546665,1248.6944671612086,497.47784688631504,1282.6512,528.134,1
631546681,1250.5748790119858,502.7350649150687,1287.0369,498.2177,1
631546698,1252.2498728119733,510.8083066087415,1286.0947,550.5903,1
631546715,1253.5296970181105,514.9273432564966,1282.4084,496.6364,1
631546731,1258.225182088414,520.0374110341643,1337.2222,517.4369,1
631546748,1403.3642471229557,743.3939475804152,1425.376,709.5579,0
631546764,1276.6555742898124,603.5236145751483,1292.2401,554.799,0
631546781,1305.9953564738828,688.2661435260422,1353.1899,745.8195,0
631546798,1303.778410533063,665.0586862902874,1316.0127,571.0254,0
631546814,1329.3786656200386,679.2080603517202,1427.4097,684.0061,0
631546831,1322.3149089745536,665.868623573436,1310.2244,564.98,0
631546847,1319.971276577372,654.0490520249344,1325.4976,545.8304,1
631546864,1315.4203340483737,647.7780064805204,1305.0552,564.6932,1
631546881,1309.5210601186739,642.4803638449287,1285.6064,561.1357,1
631546897,1310.270713181637,641.3716084722172,1334.5422,589.5431,1
631546914,1308.2598214812072,637.6701118539208,1308.7738,560.7087,1
631546931,1307.073878168845,635.8112097250186,1314.1276,574.9582,1
631546947,1290.0983596664469,633.5519925071645,1131.4441,573.4465,1
631546964,932.1902771114047,592.0472219808444,928.0887,555.2656,0
631546981,1003.0017329613158,587.6105292073357,1002.9878,547.4078,0
631546997,973.4138683769354,583.658432117463,940.5455,540.7205,0
631547014,972.2917965600082,584.671073661076,968.3228,547.6641,0
631547031,969.291396462903,592.5566485210343,957.9425,581.4348,0
631547047,961.8576119908348,594.9043011946903,928.8024,568.7584,0
631547064,958.9439455047672,596.3597930176636,941.9708,567.3649,1
631547080,958.1392200057787,598.7963402375069,951.3344,577.6758,1
631547097,959.8460703116647,603.4178771413231,969.9925,601.0648,1
631547114,961.3094422648564,601.2178632644911,971.161,543.8566,1
631547130,961.8570170209503,600.0812101262669,964.6059,551.3423,1
631547147,963.1902107583433,599.7233192228556,973.8304,557.9924,1
631547164,963.9604985371714,599.6006154721356,969.4483,560.5062,1
631547180,964.4259377291664,598.5229420099628,966.9409,547.8894,1
631547197,965.6889570871898,598.8983513692588,977.7609,566.0953,1
631547214,965.4780606235448,597.083684927181,959.6908,535.3737,1
631547230,965.587667649016,594.1667321407976,964.1045,516.0445,1
631547247,966.8028734804848,591.5837723591748,980.4748,517.1213,1
631547264,968.5091187584924,591.4334741464518,989.0659,553.5936,1
631547280,970.7531962070362,590.962721020188,999.2526,547.4236,1
631547298,969.3667553989023,588.6213045359077,943.3291,516.3905,1
631547314,968.8470481666361,589.1524283344228,956.4687,564.5464,1
631547331,969.2664017931667,588.4698747785378,972.1854,541.9802,1
631547348,967.7516087094775,588.6088298786221,939.5596,557.4725,1
631547364,967.0323655170871,587.5272299319997,952.8082,533.7546,1
631547381,966.4653852135973,586.7947104247838,955.2087,539.2538,1
631547398,966.7749225431963,586.0431397389048,970.6395,537.4502,1
631547414,969.0610947922338,585.4405808607754,1006.3567,538.1514,1
631547431,968.7489448676952,584.1656973240218,960.1243,525.8879,1
631547448,964.6829291895232,578.3007383670121,891.959,436.6345,1
631547464,905.0445824446763,251.78543746456603,901.4284,167.7073,0
631547481,918.911750171782,269.13776598273034,915.9867,186.9797,0
631547497,906.6585304999344,277.31224958366136,890.0098,206.5934,0
631547514,901.8067710522037,275.37843721287527,887.7574,190.7223,0
631547531,907.4786861524626,271.7291715497684,921.8682,177.3524,0
631547547,905.4131057941925,274.20495520773244,893.0126,204.8299,0
631547564,906.8007840329423,276.29784682568203,910.2787,206.9612,1
631547581,908.7306707664628,279.1744982586787,916.8035,217.1775,1
631547597,910.0521002312223,279.2266575078539,915.6133,198.3848,1
631547614,911.1379931079322,280.9375549696257,915.8178,214.6125,1
631547631,909.5478422822786,282.09628531300945,891.3679,212.8906,1
631547647,903.1483640514749,276.55024017433,837.8104,139.7178,1
631547664,898.9941527683895,275.4748904869381,853.1827,185.0242,1
631547681,893.4663688783901,272.2424329987258,830.3469,155.7547,1
631547697,889.3870395338014,267.3476451829653,841.2391,127.3094,1
631547714,883.4048125823689,264.664147993961,809.785,153.6964,1
631547730,878.2965636976076,263.3469762817945,814.3339,170.5684,1
631547747,872.6213887586327,262.35652270402994,799.6678,174.3471,1
631547764,867.8391164799871,259.984883196164,806.6578,149.96,1
631547780,863.8401687342432,260.20378202599267,813.1303,190.5201,1
631547797,859.9878407390271,256.57857593147435,811.1531,123.6277,1
631547814,854.3563734215626,254.87404648319927,777.3217,155.2556,1
631547830,849.5992737887929,251.88864207604666,786.4733,129.6337,1
631547847,846.3939751339627,250.26887222752603,807.9005,151.0689,1
631547863,844.2913641310965,249.22000529282238,823.0269,159.1691,1
631547880,841.114544664889,247.3523878235468,800.8745,142.7457,1
631547897,838.9028488829927,246.9965168394646,814.1097,169.2421,1
631547913,837.2363933305538,246.50895163136644,820.5789,165.0506,1
631547930,835.3844911610795,245.2746261960453,814.1875,149.2315,1
631547947,834.6390743998357,244.83039636122905,831.2758,162.5872,1
631547963,832.6096545224822,243.5297085395389,805.0209,145.1621,1
631547980,830.9339500722957,243.0455890696959,817.9617,162.4921,1
631547997,829.4454952658091,244.05907288633125,814.938,192.6582,1
631548013,826.9008492443808,243.14589878907762,792.3529,151.8319,1
631548030,826.3381700062037,243.47101235699282,829.2705,172.6028,1
631548047,824.0411443710395,243.5610898045801,791.199,171.0214,1
631548063,823.3263082659242,243.20590747080823,819.5876,160.1671,1
631548080,823.9724049019553,243.39753006740813,842.6321,170.1588,1
631548096,822.014693297742,244.31628684732087,792.053,183.551,1
631548113,822.0119960438046,244.90745012133914,826.0282,176.8318,1
631548130,822.1151325278692,246.08231427149352,823.5535,187.6789,1
631548146,822.6481931477317,247.8203664630008,824.7653,190.947,1
631548163,822.5682265194854,249.07786858548897,814.7932,187.3783,1
631548180,823.0196763993671,251.20062174016965,821.7932,201.7452,1
631548196,822.516316053411,252.4622523987076,805.418,183.4588,1
631548213,821.3501426702276,250.75392588847856,790.2467,129.0305,1
631548230,820.4834029800373,250.84607231850725,796.3618,167.4335,1
631548246,821.3477257242962,245.61289798624512,827.4756,61.2817,1
631548263,823.1468507691086,241.48154390831442,845.6102,80.4467,1
631548279,888.9602006842396,412.7337342483052,883.4556,352.1673,0
631548379,348.2705814641081,146.14692565787982,936.0931,206.1046,0
631548413,468.3785985638299,211.53970103429984,810.5636,345.2958,0
631548446,542.6681894231749,258.35490967560963,816.9935,384.7389,0
631548462,815.2479791480763,373.54641729230946,805.7512,310.3145,0
631548479,823.0543569416385,361.9118311572843,814.0751,296.7185,0
631548496,815.9319652124154,369.8662810831849,798.9371,315.4262,0
631548512,818.3280292685803,378.47659603715675,813.9487,335.1325,0
631548529,814.769195237754,373.55607686940687,794.1771,293.9057,0
631548545,811.9015370870645,372.6201132739594,790.4519,305.6112,0
631548562,817.1049014987218,378.0977475343728,834.54,344.8899,1
631548579,814.2592524932911,375.10763642299,787.2747,292.6461,1
631548596,816.3514722733989,377.2416469895867,821.6914,330.0995,1
631548612,817.4965199548787,376.86106696787397,817.0731,310.037,1
631548629,818.5033083080057,380.7977628185871,817.4707,355.2736,1
631548645,817.1180771522465,381.7018626544264,793.7715,328.2886,1
631548662,815.2377280818139,382.33724769971417,785.9478,326.8613,1
631548679,816.4578382880231,383.8839706945056,820.8541,338.6537,1
631548695,817.1349720034557,384.34501905320934,815.6344,326.2021,1
631548713,818.1547357598926,384.38615719148925,821.1851,320.6591,1
631548730,820.1694772591546,385.2169582643945,836.4256,332.3307,1
