timstamp,smoothx,smoothy,rawx,rawy,fixation
619412575,933.3236432236843,455.46944356534505,903.8306,477.2477,1
619412591,930.5789891023595,447.6385610837283,856.0888,402.0229,1
619412608,931.3543446843166,449.9703061978207,897.8071,522.7977,1
619412624,929.8966351786771,448.15617097615007,866.2919,470.1015,1
619412641,929.8771066671302,447.2564939809895,888.6661,480.7405,1
619412658,923.792589826301,442.78699997482875,784.5658,429.242,1
619412674,922.4228552319094,441.7738462939229,860.9906,475.5159,1
619412691,890.3763454953455,342.6679244982292,849.3548,388.3907,0
619412708,834.7927626890915,404.9553119708955,775.9681,447.7622,0
619412724,857.9601772470367,357.5696006598286,841.0166,357.494,0
619412741,860.2333361951556,361.5214667634054,815.5422,414.0742,0
619412758,879.4209999670289,368.62031210418735,900.7046,433.4673,0
619412774,884.4060560357493,362.13439938520816,865.5781,382.6524,0
619412791,883.3302420547169,360.7188925265402,832.2089,399.2953,1
619412808,882.1204897597019,369.19254051208065,822.7909,460.7357,1
619412824,876.9900528692826,366.36568374962496,790.2782,392.5114,1
619412841,878.5714077925559,376.8909291703115,839.0393,496.3441,1
619412857,881.2362394982722,387.33939682279174,852.9869,512.234,1
619412874,879.4028297793652,392.4219096835431,806.3423,476.2468,1
619412891,878.411567377051,392.4435519750718,818.5123,431.372,1
619412907,877.3914711079519,395.4591074814114,813.2321,464.5706,1
619412924,883.4144242693563,400.311889848357,913.4601,490.13,1
619412941,885.5417147330933,395.2965752924343,873.0483,375.8581,1
619412957,885.9344404729909,396.5354778364802,840.8129,450.3904,1
619412974,884.7102568277414,397.37675987786537,814.6104,446.7631,1
619412991,885.0984412213684,402.9446371223738,835.1208,512.7059,1
619413008,885.6647117969644,406.98207093747425,840.5262,496.4225,1
619413024,885.7873999397742,406.64512230563514,838.8864,436.9067,1
619413041,886.9070888132752,405.3775996313174,859.3715,423.6644,1
619413057,885.5722425833865,399.8483858888315,819.4271,359.041,1
619413074,887.5414144818384,393.8170546278441,884.6592,348.7834,1
619413091,887.2248011986753,395.6089161091127,828.9872,468.4488,1
619413108,722.9708732409324,431.0826494338885,637.4872,472.5545,0
619413124,729.630228750837,368.8931020624542,651.3322,413.2145,0
619413141,762.5825885110922,397.59979356579476,726.1311,468.0185,0
619413158,781.956640329946,357.5068490214146,770.0731,326.2875,0
619413174,787.7350728455249,366.07864346301466,740.1973,435.315,0
619413190,786.6195447071146,383.77029630716265,706.7974,493.927,0
619413207,783.0413894247441,388.5748154724532,690.5791,453.6882,1
619413224,775.7403195776678,383.5860364300532,657.2135,398.7775,1
619413240,774.149463200846,382.52989865719456,692.6503,419.1012,1
619413257,773.4564033368204,383.0342147626167,697.5507,430.0669,1
619413274,769.235140093193,385.35885404319043,654.4811,447.0308,1
619413290,768.5044560210557,381.67707627351336,694.5011,392.718,1
619413307,769.5080246146003,387.28091834535155,707.1577,483.503,1
619413324,767.2745515155073,387.193551477288,668.7032,428.4474,1
619413340,766.5480189503902,383.9553324111276,690.8467,391.8394,1
619413357,763.1954018234917,384.3747324451547,644.7938,432.6458,1
619413373,760.7511975565026,385.29873649219223,653.9471,439.5809,1
619413390,762.1396454331731,394.9451777487817,703.8375,556.0197,1
619413408,758.4806568688649,385.67489251672356,641.1979,306.2416,1
619413424,799.5390478357931,112.01482522700879,760.116,168.1601,0
619413441,761.3190002359169,225.2529353228441,703.1538,276.1766,0
619413458,736.8655545524778,298.27423325097425,630.2517,415.3079,0
619413474,733.3602607500536,267.81388694666975,662.5003,258.6278,0
619413491,741.8016606061908,258.4034987955732,709.5746,281.2883,0
619413508,737.5722061101089,272.2562076216169,644.5658,373.2252,0
619413524,730.8370797472912,269.49172995806623,623.5474,305.1883,1
619413541,727.5372138070777,270.6399598309833,634.8085,325.6544,1
619413558,724.7080811512992,276.06550322735865,628.8003,358.8665,1
619413574,724.3658024518527,274.65531155331803,653.0887,312.2978,1
619413591,730.1079141598937,271.98537405698625,722.6302,298.9802,1
619413608,732.0679153992846,280.676341765496,676.8748,404.4193,1
619413624,732.5339360806303,289.23704778566326,659.6467,415.4666,1
619413640,732.0537150648812,294.0596765968165,650.0248,386.0008,1
619413657,729.9614548728131,295.77498632429973,628.2593,356.2289,1
619413674,733.4766738734356,290.6359650392506,720.1506,275.1052,1
619413690,738.8555276582983,286.9682012897764,754.0271,288.5928,1
619413707,738.3036929111549,277.5840864052334,668.7377,209.4252,1
619413724,740.7604961730294,275.0270619845339,712.623,294.2556,1
619413740,636.9092061183793,65.78445760943998,566.4907,123.8361,0
619413757,676.2385062892753,215.31910277781296,600.5421,266.589,0
619413773,707.7794743099699,268.5117171076473,667.3951,368.0645,0
619413790,744.9512804502215,253.57345549366823,773.0828,274.688,0
619413807,772.9894521778094,263.3833630755275,811.4257,340.4005,0
619413823,790.838696313448,268.1011211686194,816.8065,334.5461,0
619413840,753.4956310081702,189.56670553590445,696.9288,242.1108,0
619413857,858.3240419089386,244.11602029081962,819.4513,294.3006,0
619413873,896.8839899750885,253.39905156964417,911.4619,312.0933,0
619413890,877.7387176337122,248.80529757237764,796.9547,289.9949,0
619413907,868.3301556615583,251.847163230936,796.2562,310.284,0
619413923,846.2655775665746,240.28987224753524,704.4133,247.1747,0
619413940,821.0696579700982,242.08944892593286,626.132,300.9972,1
619413956,806.2401195683947,226.60845423138278,665.652,192.4453,1
619413973,802.3503082534639,223.89029436745815,728.8155,259.4416,1
619413990,791.960466611571,216.02448444174837,657.6469,213.0488,1
619414006,597.581395943684,183.27965330583174,507.7875,235.9138,0
619414023,660.9768111784746,209.93974739949118,582.4678,261.4361,0
619414040,726.329372463022,199.87017372223147,743.1685,242.4066,0
619414056,724.6250439382138,151.99505712327874,669.5223,115.4672,0
619414073,734.2291146110542,137.80567036868905,716.3575,153.319,0
619414090,737.604582455389,153.23897115214473,690.6617,266.3672,0
619414106,730.9681904642598,143.24834233240026,638.0905,151.8428,1
619414123,725.4230862261034,123.56607134574446,640.0275,71.6149,1
619414139,721.85653405835,110.89888184326402,644.7459,89.363,1
619414156,718.6899634300505,110.01081505445465,634.1996,164.0957,1
619414173,722.0970353075288,111.75184528725222,700.269,185.9528,1
619414189,725.616950524701,116.17915535474846,705.3845,214.216,1
619414206,728.1522765484273,110.11008397183163,708.6808,111.7922,1
619414223,737.8385175915669,111.92159331080653,805.7324,190.144,1
619414239,741.5327820076585,122.00016023459044,723.2153,288.083,1
619414256,740.6534738191425,120.80685619472264,670.1178,162.2262,1
619414273,738.7363295369776,125.23958982086684,645.6136,232.4126,1
619414289,740.0789953790621,128.79334496331154,699.1773,225.2769,1
619414306,907.7582472020008,145.0665351139764,888.7493,199.8387,0
619414322,882.6753358366165,275.84496006213186,846.1534,324.6108,0
619414339,883.8155742655414,231.64452373748023,857.076,240.3589,0
619414356,890.7209913653771,214.62044709644226,881.3906,234.1379,0
619414372,876.6737774006207,222.7316722549791,790.682,297.2666,0
619414389,873.4418253251134,216.91366406218052,827.3918,246.7665,0
619414406,861.3636942586114,232.42423790440407,746.3162,355.5289,1
619414422,862.7418609728012,249.69794328038026,826.465,394.2241,1
619414439,863.2444811740793,244.49899396242898,834.2836,259.3848,1
619414456,862.2644142389988,239.45835193115173,820.618,252.2028,1
619414472,856.1321797308253,259.48523377541926,739.3383,467.2421,1
619414489,685.454186898854,183.19632108203237,614.7218,235.9454,0
619414505,811.1540286003233,188.36121723358022,767.2008,241.0333,0
619414522,781.4707253707675,229.39812385839505,687.4858,319.1828,0
619414539,770.7433419948658,267.7608906305349,677.9189,389.2849,0
619414555,764.2098970529682,244.12253606557317,688.2795,226.5398,0
619414572,773.2396021062766,265.16284212940735,750.0834,393.0708,0
619414589,771.1074535807589,262.5939801657137,700.3001,298.853,1
619414605,764.0840672588513,264.8198508121509,652.6284,325.3326,1
619414622,774.8701002954882,254.69925165572144,811.689,239.0887,1
619414639,779.8943520435034,241.84233020600632,778.3013,200.2936,1
619414655,783.4460587146538,239.35154739896618,764.7242,272.2745,1
619414672,787.0975663170304,237.37786194471943,772.6971,273.4508,1
619414688,787.2841181971438,239.94490106126358,729.5308,317.4065,1
619414705,790.8619129351966,228.1700428164817,792.5165,163.0586,1
619414722,782.8905411380595,218.85475515284938,626.1465,176.3752,1
619414738,785.1246192422683,221.47053149561,760.0945,310.6127,1
619414772,788.281097653969,497.5769452197967,710.8198,536.0936,0
619414788,771.85132512841,189.22372354883598,719.2963,241.8067,0
619414805,797.8679426580218,249.17268749087503,771.4761,356.1472,0
619414823,797.2216099895011,305.90491328839374,727.2905,460.4909,0
619414839,803.2896833163275,317.51211379562,764.3814,396.0343,0
619414856,798.9245544796305,318.1204246461927,719.0471,365.6978,0
619414873,809.6860144237882,296.5370817858264,828.8401,242.7781,1
619414889,805.8143859580997,293.51700591226876,724.3454,324.8685,1
619414906,800.5814155425818,288.417031570795,705.2668,304.5334,1
619414923,799.5025571340136,291.13035388267116,732.0283,359.6427,1
619414939,797.2661327243989,279.8175576596863,728.3967,239.1183,1
619414956,792.0822254103509,253.75693528606374,737.9559,303.4173,0
619414972,818.8983438480557,236.08969645849874,772.2178,286.5911,0
619414989,803.3136919279971,233.7963328505489,734.761,282.1803,0
619415006,807.0992161267018,219.0826519667654,771.3793,242.4621,0
619415022,804.2512029968644,202.1711527468939,751.884,206.5702,0
619415039,799.377575640538,182.02179371052574,737.5419,160.1792,0
619415056,786.6155814861628,174.2673724266438,666.8668,193.1171,1
619415072,789.1403600146442,168.90845785485362,764.1373,195.0432,1
619415089,789.5920264042561,147.05207928738366,762.7978,65.2728,1
619415106,788.8689255019731,142.11525521036552,741.7172,166.6635,1
619415122,787.4849129115637,128.72224663478735,740.7601,83.4353,1
619415139,785.2089885042247,128.63860357313865,716.6522,191.2233,1
619415155,783.2214429402216,126.1386047510793,718.6896,165.6708,1
619415172,785.1640574597045,127.30556039345201,766.7186,202.1638,1
619415189,783.5277338686816,131.45572996741961,713.2345,237.6598,1
619415205,781.8736606087115,131.55935587586802,714.6884,192.6416,1
619415222,784.3914325107405,128.67510503329763,783.6135,154.2433,1
619415239,787.1512124321968,133.21659256986143,781.5796,248.9984,1
619415255,786.1330997640763,136.65904848820387,719.9183,237.6019,1
619415272,786.3853608378365,150.58870502388172,727.0203,388.0775,1
619415289,788.7757126997147,158.74856487314136,773.7184,315.3459,1
619415305,830.6035265113204,502.2882597997791,761.8842,540.6432,0
619415322,801.9093444705353,219.29480746473357,753.0956,270.542,0
619415338,758.3401640596787,315.11724831430695,629.5266,453.0885,0
619415355,750.7763529541836,361.00928882003177,651.3934,492.2705,0
619415372,743.2216637436242,406.286111604252,625.283,575.8685,0
619415388,741.1020023869031,429.7631387795504,641.9399,556.8568,0
619415405,785.7824254606103,558.8562463863026,702.1217,594.5702,0
619415422,782.7214578582343,450.1949314783225,708.4292,490.8692,0
619415438,749.6643728021464,486.7148461201597,621.3469,560.3999,0
619415455,739.0438449579868,481.6228494193932,627.8514,510.946,0
619415472,773.5682049533872,488.44673838753124,816.8405,546.6976,0
619415488,761.4705544873386,491.7347498634468,618.9282,542.4469,0
619415505,755.101159977891,502.0179941065612,627.6426,587.5344,1
619415521,763.655469697168,495.7475094778243,745.033,498.6861,1
619415538,760.4625370710395,501.7429485936756,646.4672,577.6034,1
619415555,754.9823652569684,512.8346003638276,611.1793,628.8074,1
619415571,748.6813722741689,507.3229701861266,603.4795,498.6173,1
619415588,751.7064524801256,512.1831831738307,697.0606,590.5107,1
619415605,748.987072290234,509.72627859852736,633.3846,521.8647,1
619415621,747.5790444080652,508.75865330562203,645.724,535.1172,1
619415638,750.4380058297158,508.66747221923714,705.6173,544.2953,1
619415655,749.9350644209655,508.6577647615402,657.3817,545.2782,1
619415671,748.734884464628,508.9705731598687,644.8065,549.5109,1
619415688,748.0650417054771,504.03598382594447,658.7054,480.5661,1
619415704,747.6259650743364,505.7225916698227,653.4037,566.662,1
619415721,747.5971535819981,508.89768191859775,657.9022,589.1251,1
619415738,744.7025470298476,512.63278022876,603.6845,599.7408,1
619415754,743.2515550079506,512.3044137716573,633.622,542.3595,1
619415771,739.2497211477502,507.5216754251583,589.3125,474.9423,1
619415788,738.0505217023632,504.4756337115087,638.5724,499.1907,1
619415804,734.5765432587815,504.58659627280076,587.0012,546.9946,1
619415821,733.0401645089805,500.73696921106216,629.4373,484.0461,1
619415838,732.8704937182226,497.76312382572013,654.4174,496.3523,1
619415854,732.4178072747011,497.2871515330015,643.5864,535.3967,1
619415871,737.1533217829111,491.8675696500974,758.6492,453.7143,1
619415888,743.9796016831001,487.9775203628641,801.1859,476.7752,1
619415904,750.8833383388866,485.4744365601974,802.4401,497.8199,1
619415921,753.3553184475711,485.7570202793521,709.5596,539.0706,1
619415938,753.2259499342033,477.9842870134579,658.9512,411.0815,1
619415954,754.8363946124797,471.1599824655847,696.9139,419.6308,1
619415971,754.6954625085422,475.98865847290244,661.951,614.9796,1
619415987,758.2439127464711,474.60307054790064,729.5331,508.6494,1
619416004,761.8949130596925,464.30645306974134,749.4994,362.7148,1
619416021,767.1166157105724,457.4182630699101,791.8873,407.2765,1
619416037,768.6516312517219,455.0251946768126,697.9866,487.502,1
619416054,771.4399166082455,448.65944989071374,730.7581,422.7562,1
619416071,771.3865673401289,446.8417770803429,666.329,480.6016,1
619416087,773.0237048642146,446.51927315981834,713.144,512.0409,1
619416104,776.178747712041,444.2616435707605,744.4322,468.9876,1
619416121,777.9271681812011,451.2352199231384,704.4229,621.0954,1
619416137,778.6353881916784,453.83782411924915,698.6447,546.7521,1
619416154,775.6164464619613,453.8838443478736,621.0426,502.2274,1
619416170,938.9532917441204,379.5276267463285,905.0618,423.6279,0
619416204,1130.5741761143984,426.4164116285973,1133.9036,468.6169,0
619416238,1106.130494080526,410.1445441408825,1077.4924,437.5377,0
619416271,1112.4942377680736,392.0532989758881,1133.927,401.5853,0
619416305,1126.4869702311698,407.12537026528975,1177.0619,493.2336,0
619416338,1135.7852627496445,427.1933143700019,1176.837,544.4714,0
619416371,1092.1078115436,633.2796937594529,1067.9977,665.981,0
619416388,1085.4128037092717,532.3234816858969,1069.1718,569.6285,0
619416404,1136.8225012746993,492.9688543831282,1201.3844,494.7408,0
619416421,1165.973635266766,463.93665510406777,1248.9998,449.6708,0
619416437,1175.4285813795093,479.1719204545808,1212.646,562.7617,0
619416454,1212.3109399482012,475.6193809316858,1405.0594,502.7076,0
619416471,1312.3454907712705,527.8309586924306,1345.726,565.6282,0
619416487,1256.3010844317018,558.8209072527667,1274.6681,595.1315,0
619416504,1256.8762104909456,539.5253641769143,1279.6243,558.3519,0
619416521,1285.4728435440163,538.9735928209202,1381.2389,575.3463,0
619416537,1285.1777276005248,530.1893588088527,1313.2509,543.0906,0
619416554,1275.1228262569537,536.4536585511763,1248.8087,597.5682,0
619416570,1277.5134534514657,534.7509470539026,1317.72,564.3452,1
619416587,1262.4991547209233,518.4606113112116,1189.0007,466.8897,1
619416604,1255.9186661762176,492.20819288269865,1244.7592,366.4224,1
619416620,1256.2747089964416,479.9520200843709,1295.9283,436.9973,1
619416637,1084.5822804786753,319.3503676496272,1087.824,366.384,0
619416654,1218.4597427699152,482.0290294886824,1235.7113,521.8,0
619416670,1215.9913900943268,460.6581223534917,1233.6528,481.0564,0
619416687,1242.8444866983473,423.67111422600647,1342.4993,396.1637,0
619416704,1258.0065756056752,419.99656862826413,1344.7231,452.9456,0
619416720,1269.987898482674,420.815216767563,1359.8955,467.2974,0
619416737,1268.0997233633657,433.17265335265336,1300.6256,475.2384,0
619416753,1176.5762919834265,402.3259660874527,1192.1047,445.6852,0
619416770,1187.6743885312517,465.6492519044148,1207.4016,566.4201,0
619416787,1215.259155318882,493.5829156132405,1292.2917,585.5615,0
619416803,1227.7682524830516,502.9681608098997,1287.1563,567.6904,0
619416820,1237.067243844002,483.2187505107443,1308.8837,448.0827,0
619416837,1239.8397326849547,501.29568822976836,1266.6937,624.1223,1
619416870,1244.0570991323343,507.3485809388358,1289.3149,578.1439,1
619416886,1246.7712080000676,516.3874907046371,1281.4163,610.3066,1
619416903,1234.8963335023282,514.3668971424481,1143.4236,535.2726,1
619416920,1249.3872684307055,519.779967502152,1412.6619,598.634,1
619416953,1250.484931475203,519.1384727303293,1280.7844,548.4357,1
619416970,1250.8856726127847,522.252845904652,1270.1154,586.5334,1
619416987,1253.3546899786145,511.46257044286745,1314.4119,438.0867,1
619417003,1447.7626782729901,610.6354254145157,1502.8613,644.821,0
619417053,1348.5484605807985,545.0592493526055,1388.1884,582.1152,0
619417070,1319.2520669261858,523.326854813071,1320.9894,540.6149,0
619417086,1276.5494194171422,524.1886272178255,1199.252,563.7392,0
619417103,1213.6145137655374,486.92649737033724,1013.4819,420.9028,0
619417119,1157.2445822737434,459.63654364834736,907.0958,399.018,0
619417136,994.4878779402043,330.8700797027505,977.1305,377.2635,0
619417153,1089.4225673794758,342.97472389415896,1091.5327,388.9352,0
619417169,992.9144148114132,260.9364559952374,872.092,232.3102,0
619417186,979.9294908891658,219.68018665145087,946.4066,193.2564,0
619417203,967.8547817959234,232.98729078050906,907.2856,322.4057,0
619417219,960.9074202561936,228.49138114361816,915.3563,263.2278,0
619417236,958.2105856382107,236.9040226368097,923.4706,327.3384,1
619417253,947.8995076255129,253.31478698942274,848.1708,393.7118,1
619417269,745.0827491674663,211.45689669739332,684.6707,262.9903,0
619417286,749.8254063242671,311.01710121784225,681.2498,358.0081,0
619417303,765.522612642742,313.5569847356228,718.9346,362.8893,0
619417319,774.5294595217414,267.47577726426994,745.4703,229.1039,0
619417336,765.984388317008,263.0215943991553,675.4139,300.2431,0
619417353,767.9928104816713,266.005787193843,716.0048,327.028,0
619417369,785.7758133992604,264.4402783730147,835.1044,307.0503,1
619417386,779.2032403285634,234.10156792105332,692.3873,118.0741,1
619417403,788.9626850598356,224.80752832857328,820.4839,220.3723,1
619417419,790.0659547048515,228.10235718246074,742.9258,307.1211,1
619417436,784.2704605252384,221.81096433131466,674.7678,226.7514,1
619417452,786.2823820848008,220.24340622546308,756.2432,262.6768,1
619417469,787.5941962315605,231.58331013707036,738.1016,393.5287,1
619417486,789.5807515812949,230.66274179963278,761.5264,273.6707,1
619417502,793.6842571867809,233.89680021814308,791.7018,320.576,1
619417519,804.5319768175461,234.7381175700817,905.4423,295.1222,1
619417536,960.9959816762903,379.5167545476646,931.8851,423.6454,0
619417552,858.5354304825211,284.70537528809797,815.9611,333.0359,0
619417569,875.2861029025078,277.60752737773714,857.9836,319.5483,0
619417586,864.7814749878511,284.01975387599583,796.9393,344.558,0
619417602,879.2564302662245,375.70770746630365,859.9922,679.3029,0
619417619,881.0322426160396,367.0206961413189,847.1861,376.4188,0
619417635,828.155862659446,313.92928640648887,776.2961,360.8863,0
619417652,803.7791195689849,245.9278729687678,752.9119,295.9607,0
619417670,835.8585007519823,275.42990346920413,825.4424,352.2784,0
619417686,843.1375165544357,284.95442555877025,812.8721,351.1929,0
619417703,833.6496156293797,316.2502730680655,739.6733,451.3361,0
619417720,829.648495346498,313.1871964659398,760.3207,347.5247,0
619417736,825.8989130061624,317.98848482097634,749.1963,386.0281,1
619417753,821.1773064453101,310.75740434144427,739.4922,316.6803,1
619417770,821.1619628078925,320.11052030398594,762.5494,425.6662,1
619417786,817.1592464954686,320.89533647789585,726.4404,371.4427,1
619417803,818.5665216273812,335.5730052622493,767.6328,496.3907,1
619417819,816.3767069486272,338.1092423785521,735.2214,401.523,1
619417836,818.3112250197333,336.3057012893989,789.4613,360.5813,1
619417853,815.4417278546216,333.68668027404834,726.3784,349.4099,1
619417869,819.0920090364234,335.27764731255644,813.7566,395.3832,1
619417886,818.4985200061643,324.19100524949005,767.8705,242.8842,1
619417903,817.0170851093677,315.3531204398775,750.9152,259.5468,1
619417919,822.6895576633203,310.45476590754055,865.3765,302.7836,1
619417936,825.9168266725939,312.75371186925923,820.3509,396.4184,1
619417952,827.4307376669018,302.55475877678685,810.0825,221.7519,1
619417969,827.2227098153519,295.56604276738676,776.3662,259.7404,1
619417986,811.8228791408269,77.35893875954031,778.263,135.103,0
619418002,851.9135864508543,153.4749971758596,820.0193,207.7924,0
619418019,837.5773352205947,163.93216197093355,783.2457,227.6896,0
619418036,820.4046706613624,167.11131834364625,738.4016,226.7017,0
619418052,809.1938065349548,157.62679590791188,730.2181,184.7302,0
619418069,790.8021877802764,142.25887147999214,665.2136,139.5405,0
619418086,799.0159884718129,130.90372498211175,813.2301,134.439,1
619418102,799.6686378047004,109.73039739293543,777.2908,50.955,1
619418119,799.9474098209852,121.2864839982769,755.519,254.061,1
619418135,795.1817218002859,122.42429142190159,710.1869,188.236,1
619418152,797.8241452732304,119.00367930975587,788.3416,149.4426,1
619418169,796.5666285073485,114.51531910882518,746.8896,133.8501,1
619418185,799.1193593486443,122.73029142095135,782.6583,258.624,1
619418202,802.8476021949999,123.09587845372458,810.7183,183.1905,1
619418219,803.9568566820824,126.64397003192467,774.2753,220.4586,1
619418235,802.1607527557103,125.35222826322399,736.1067,165.4894,1
619418252,797.3828053075325,121.37098778461534,688.6716,129.7227,1
619418269,792.5319555868534,125.97233449586152,670.6269,239.1167,1
619418285,789.468712071845,125.33698228907936,702.3638,171.6931,1
619418302,785.2771019350978,121.7551471285974,682.4377,129.5579,1
619418318,782.174764513705,120.00774020549561,695.5466,153.2865,1
619418335,778.3109088456793,125.78003337049485,666.9545,263.3747,1
619418352,770.2699262715244,122.6374325783644,594.9434,131.9529,1
619418368,770.0785865243352,123.12127904714727,736.8071,186.2046,1
619418385,764.9111612495179,119.60979175479568,641.7398,123.7197,1
619418402,766.2540610040895,129.64264376500057,748.1406,337.2382,1
619418418,768.827414248809,140.30541767119567,770.7416,351.4696,1
619418435,769.9312862100911,145.89791459554857,747.2257,273.4907,1
619418451,775.5339206829447,146.6785947508575,847.4751,197.6187,1
619418468,778.4725589101419,153.83952519763628,781.6937,304.6177,1
619418485,958.2486023336651,583.1943269731729,909.7374,618.0145,0
619418501,979.5065851975817,460.2187099090004,946.9586,500.6839,0
619418801,902.0404960825765,379.197840954194,773.6135,346.0463,0
619418818,876.5999269597517,368.1710554076584,771.1783,392.1269,0
619418834,877.3686160327496,365.5040409101958,835.8043,403.1689,0
619418851,864.1870102706353,375.4371018707993,748.7385,457.3727,0
619418867,856.5558139273707,375.13924480896816,761.8136,418.0259,1
619418884,856.1908772548095,383.5912349931179,799.155,474.1072,1
619418901,852.7707710297801,397.22344691756587,764.7479,526.2934,1
619418917,849.8471676671559,403.77484435954875,766.0201,491.1735,1
619418934,848.7053125838399,401.4802604326768,786.819,422.8965,1
619418951,849.0443251320291,403.02720372695615,799.37,456.6229,1
619418967,860.463626104844,378.2127142040065,809.6743,422.2738,0
619418984,860.5402262824132,384.2653307701125,809.2087,428.05,0
619419001,822.1907286328278,343.9797852947483,723.4268,351.1608,0
619419017,822.4674141623026,380.7690508514845,757.3398,494.6323,0
619419034,818.8663868214935,382.74193590123303,745.3683,431.7735,0
619419051,826.6517774292049,378.8808991445682,807.4373,408.0575,0
619419067,830.9457048441569,388.8705453898694,793.5879,478.5956,1
619419085,834.4661553779055,381.3341956792589,806.0853,382.828,1
619419101,838.0761552013095,377.5104424789718,813.1788,397.1824,1
619419118,839.418762738863,382.5743907818484,790.9118,463.0633,1
619419135,838.5228253356934,378.29921252727235,775.5421,387.9354,1
619419151,834.7622136192227,374.2576287302658,739.1222,383.7558,1
619419168,832.9421273439665,372.5588204815235,756.1578,402.2139,1
619419185,838.5865261761724,382.9990434737114,845.0409,533.451,1
619419201,837.0813251298023,394.2572787986385,746.0933,556.0063,1
619419218,838.9850701647899,389.005650984002,815.1195,368.1599,1
619419234,840.9634662910007,393.67695743952,807.4214,488.9861,1
619419251,840.0627565937076,395.6047684226027,764.6132,457.6469,1
619419268,842.4531645686022,401.6532709651434,815.5069,516.2686,1
619419284,844.3045670884164,405.99498039778325,810.4362,497.8738,1
619419301,845.7609110410365,405.7364266723545,811.3599,435.3369,1
619419318,934.1469434896629,675.98556876203,871.8427,706.5361,0
619419334,886.6478232364109,462.3913996396671,833.7643,502.6399,0
619419351,880.9127469107013,438.4333292472835,824.2431,456.9565,0
619419368,869.9926691585343,453.4625479154919,785.1816,522.6892,0
619419384,882.2849883489794,464.81168766093424,869.7141,536.9965,0
619419401,873.6202348122621,483.47539564677214,767.6478,592.1771,0
619419418,870.8660729359189,472.02611906477483,802.9448,457.3741,1
619419434,865.5998331232298,479.37144983651854,766.2452,558.8041,1
619419451,871.9885852762944,471.4359370903391,872.9996,459.7553,1
619419467,868.2917420761855,476.79692876427043,772.7211,554.6458,1
619419484,982.9138073691204,714.7439729240673,927.6055,743.5855,0
619419501,817.2292606908657,600.1036641473232,736.5791,633.973,0
619419517,841.5328556772157,663.6424973716934,783.933,755.152,0
619419534,830.1222656690749,662.5117701611774,719.0001,691.0659,0
619419551,835.6062145643862,658.4008268755824,774.5564,677.735,0
619419567,834.7329943776049,664.0941293550397,745.6158,716.2206,0
619419584,832.2036017154613,636.6493132331028,748.7402,541.0709,1
619419601,827.684074977457,636.7477246096701,714.1063,670.9696,1
619419617,824.6545077361077,628.9548382855295,723.7525,613.4346,1
619419634,824.7675480249914,606.0407673344724,763.0439,477.8719,1
619419650,824.3255297142649,599.6821324524312,746.1787,588.9723,1
619419667,796.0465453579463,529.692313662295,717.304,566.7516,0
619419684,961.4242297810079,514.6206254639054,919.9327,552.5776,0
619419700,878.2307638906092,519.0263063951959,716.9127,560.7656,0
619419717,863.3320094450141,532.6204973998616,760.901,595.3542,0
619419734,868.4951258514528,542.9357183161646,820.8391,608.4683,0
619419750,880.8546597365881,602.3733950776087,851.8971,858.3887,0
619419767,884.7308970773977,502.9308670215777,827.6889,541.3249,0
619419784,786.3959900763655,468.4195764579192,711.2179,508.2659,0
619419800,831.751293180969,532.6834089380857,809.6058,630.88,0
619419817,887.432825887212,574.954443003241,950.9718,690.058,0
619419833,918.5921738496428,603.121760714797,963.1295,715.8735,0
619419850,945.1802058607487,615.7945947947641,1010.9706,695.0063,0
619419867,977.8877016424861,556.1294329775089,936.1337,592.2109,0
619419883,959.1704766493791,586.0902617704272,910.5918,620.7793,0
619419900,993.9841834039822,569.5628835427968,998.2568,589.3629,0
619419917,984.8610798806528,571.2037852498505,920.6423,609.7739,0
619419933,979.4848948484371,570.2460290128262,917.5933,603.0094,0
619419950,979.8155292111003,571.179978307039,938.4773,610.1566,0
619419967,977.850336655279,576.1383881846979,920.5165,634.338,1
619419983,978.9878936486762,582.9048762263889,939.7208,654.752,1
619420000,977.0147865980574,588.5366591198963,912.8808,657.9478,1
619420016,987.0799754068078,590.1728812501375,1035.6042,634.9064,1
619420033,986.88296088908,595.7516983314174,935.7371,672.5127,1
619420050,986.8351691418236,601.9974977528517,935.8102,687.4077,1
619420066,982.5523456917737,599.5562873162062,887.7928,606.6311,1
619420083,979.0206429402559,868.9028349199941,908.6354,890.6967,0
619420216,901.411809062186,510.0773591787809,847.327,548.166,0
619420233,929.8578709416431,551.3546358641886,908.8549,626.9205,0
619420250,940.3691785096875,558.3128277028204,914.264,607.2702,0
619420266,925.7928553292539,542.7053336739257,825.3348,534.8267,0
619420283,935.3957917612948,547.4459651348914,929.5307,601.8301,0
619420299,949.1122279301013,519.5882406075382,904.4924,557.3027,0
619420316,963.8158378081453,531.7404177152669,921.2623,568.9183,0
619420332,954.5317638790375,551.1762849531033,895.1124,605.9434,0
619420349,934.0486327720283,561.2150066314787,831.0111,615.9019,0
619420366,946.7353586525861,555.4250489347351,946.0978,574.9299,0
619420383,947.0723063898768,568.5883892630775,894.2935,653.2979,0
619420399,942.3975146853204,585.9688252805249,854.7325,700.5897,1
619420416,934.6609469788875,590.6715528928323,824.0024,649.1152,1
619420433,927.8797946720003,587.9752478987944,820.5645,603.0995,1
619420449,924.1016376975364,580.2223344085969,841.814,557.7418,1
619420466,929.1777452439002,579.5744149260693,929.6101,608.9388,1
619420482,930.7634800445862,585.412208859326,890.3495,670.4785,1
619420500,931.305892598742,574.9928134430185,894.8108,510.8391,1
619420517,931.172492317906,565.1295809396794,886.9219,503.0165,1
619420533,931.0378141252324,552.7214882634189,890.6638,460.9333,1
619420550,927.7594338943547,542.6414271442817,840.1764,474.3578,1
619420567,924.3368987242956,530.2823307306796,837.0493,433.726,1
619420583,923.1887944461713,528.86503349824,858.0436,565.0934,1
619420600,919.7051606562582,524.7393576924303,819.426,525.5208,1
619420616,914.3366544837119,515.1939661239627,789.1747,444.2157,1
619420633,913.0919502270935,516.0973093789418,845.6039,586.5831,1
619420650,912.5656761503452,506.4890208081912,872.4575,429.5657,1
619420666,911.7558235057053,514.411482144884,840.8052,686.7747,1
619420683,911.4600986380512,526.3957570236183,843.1072,751.85,1
619420932,1250.4020305176246,559.5696746774875,1267.4208,595.8386,0
619420949,1273.596013293484,706.942355589112,1282.0378,736.5079,0
619420967,1100.6841608963236,649.1355205074221,872.4242,625.8796,0
619420982,1039.2939498794278,642.3085664528099,856.7349,661.7096,0
619420999,1008.1121858927418,634.3136521660856,857.5329,644.5002,0
619421016,995.4378405792069,634.915055397198,892.6671,670.2035,0
619421032,1076.64471601797,806.3490102714505,1033.203,831.1241,0
619421049,977.6119841578067,684.446331709257,923.9513,714.6653,0
619421066,994.535925151665,638.5708088565951,973.5463,627.2603,0
619421082,985.8777105591982,602.9824039511388,926.9968,569.6392,0
619421099,984.0701183486805,601.6941353836845,933.2678,632.7803,0
619421115,977.5436025914784,580.0219986010012,910.2426,534.5604,0
619421132,902.6141520477411,677.2162701030547,833.3589,707.6707,0
619421149,973.2688403258774,608.8247568628593,925.6482,642.493,0
619421165,929.8724356589837,600.2038929125425,821.7601,625.9503,0
619421182,904.3103545828467,643.9306745646911,768.9218,758.814,0
619421199,874.2949634045714,647.0072873358295,693.3568,686.8097,0
619421232,860.1459944209173,655.669618417262,714.8334,718.7653,0
619421249,848.7075582029178,655.6037756031794,704.8097,685.5527,1
619421265,841.4143315513571,660.0397562399456,710.4817,714.5902,1
619421282,838.0276468477509,659.4382597583826,733.7495,685.3899,1
619421298,837.8363752252003,665.8834497742413,754.0963,741.7059,1
619421315,837.4344573662268,666.2466508661073,755.313,697.8198,1
619421332,838.2983393927755,663.793380892402,772.3655,671.372,1
619421348,839.5435256723373,660.2351485754665,780.0728,656.601,1
619421365,837.3530842921836,661.4265476359424,729.1201,704.1086,1
619421382,834.793572480715,663.2245249190165,718.962,712.7388,1
619421398,834.8016442249948,664.3728771146397,755.2011,707.088,1
619421415,837.490668648998,666.1220891874661,797.4425,716.1801,1
619421432,835.5508419455208,668.2412563487396,721.7953,722.9425,1
619421448,833.6073979894612,664.8559568450002,726.14,649.8112,1
619421465,833.2933009921817,670.3332854975026,741.0753,772.1412,1
619421482,833.9676875967939,672.9210547461116,762.1871,734.8196,1
619421498,833.6238929054248,675.6847487119124,742.6554,739.6215,1
619421515,832.3528319508945,676.6154763519917,726.558,714.1171,1
619421531,831.5023537643286,677.2459552717237,733.8282,710.6179,1
619421548,831.8824206244765,682.510798699489,750.2944,784.1709,1
619421565,829.4258541540842,683.9834848918433,698.162,727.0478,1
619421581,830.2444775422948,689.5618991812902,757.0292,794.6594,1
619421598,827.9199262552012,698.7523018538687,685.8077,856.3813,1
619421615,783.3112549587379,723.0722709973786,683.9534,751.2809,0
619421631,771.8647698522507,654.8507501763285,676.3235,686.1616,0
619421648,766.9682466868496,645.5774942314957,666.1324,668.4725,0
619421664,769.6196238940521,644.7303390254057,681.1188,674.9456,0
619421681,767.3797858593979,642.1112171251357,664.6543,666.6358,0
619421698,771.5458646633749,634.869721327593,700.3495,640.1218,0
619421714,777.081170783643,642.2810053807316,713.0251,709.0657,1
619421731,782.0775958570003,640.0911430986921,725.7235,659.9932,1
619421748,1027.2579555226139,687.6438260420462,984.067,717.7795,0
619421764,1274.576994599979,594.6198687475278,1293.6017,629.3181,0
619421781,1281.9468308161747,619.6473267078734,1306.8993,677.044,0
619421798,1298.7395905558035,625.713943371688,1359.5942,670.4489,0
619421814,1298.3600056459845,634.7635543515005,1314.6567,693.0526,0
619421831,1290.812397594186,634.2069717201159,1273.5724,664.5359,0
619421848,1279.997185845484,599.5716354704102,1299.74,634.0505,0
619421864,1256.6277472514394,725.3829724094373,1259.6877,754.0846,0
619421881,1241.1523249830198,728.7144407903608,1221.459,760.396,0
619421897,1226.796926628943,718.0658128872942,1191.4006,726.8167,0
619421915,1239.0175718463645,688.797539097698,1294.0765,636.5271,0
619421932,1240.0131650849537,687.6328723222642,1247.9429,714.6509,0
619421948,1243.1848935821029,673.432728567216,1273.0171,639.6118,1
619421965,1227.4939331365722,673.9960048246617,1117.7916,709.9489,1
619421982,956.3597157904306,448.59568453495467,919.8658,489.5626,0
619421998,878.9498020114032,328.93488139407816,836.7185,375.2706,0
619422015,889.4425696119813,251.91328493461657,876.426,228.4785,0
619422031,905.9393486364387,238.99746435865165,920.0258,265.3948,0
619422048,901.4982608608774,234.49309895047165,857.6674,272.9626,0
619422065,906.5109570944438,239.92627411402287,900.1827,311.4024,0
619422081,900.9533548918787,232.55473395428947,842.2889,249.4666,1
619422098,901.6558599686141,237.13237481263042,875.2555,313.8041,1
619422115,900.0121453884618,242.1307017533176,853.8755,324.6029,1
619422131,900.2835246583729,240.43478049933685,874.7418,278.4385,1
619422148,897.3932489685022,238.60986439759972,839.796,274.5757,1
619422165,908.9197345468319,114.89319918330071,892.9484,171.0453,0
619422181,938.7051978861784,239.50113851887915,917.6879,289.9982,0
619422198,955.4581903764615,247.0149190709973,957.0215,304.3633,0
619422215,945.1201137136616,275.0947166717435,891.9563,377.1648,0
619422231,933.4221520130802,265.2298334670016,869.5154,286.1519,0
619422248,920.702748422581,290.52838129389306,821.6884,433.2108,0
619422264,891.7887541048113,295.91440660005526,683.2713,367.2625,1
619422281,874.1223925811274,299.02264754171057,711.7492,362.0599,1
619422298,869.4011386361797,299.1094852846265,795.5469,345.4158,1
619422314,858.5391119158968,291.2309931028303,728.1094,280.9063,1
619422331,851.1681841765039,294.7652780881163,736.9738,370.1444,1
619422348,847.0117810504725,299.7741650446061,760.0094,389.749,1
619422364,713.4682543717112,110.556131241147,655.5168,166.6592,0
619422381,756.9726163080516,235.31596054447633,696.9359,285.7744,0
619422397,778.3577426012398,200.46149224913424,755.3417,219.3889,0
619422414,800.5027414555808,261.9580542218882,789.565,428.1071,0
619422431,805.3281750797922,250.19694638143858,774.5629,266.0603,0
619422447,806.7400431647774,229.81260338870237,771.4678,203.8755,0
619422464,798.4523289820721,220.05825742321957,703.3368,226.5481,1
619422481,799.0887254178028,232.17940662335178,746.3627,350.9089,1
619422497,806.0766176156291,240.22492884926797,807.8303,341.7673,1
619422514,812.4903739527665,253.78867696445872,810.9028,399.7582,1
619422531,809.543457285834,249.07914917451404,731.3195,258.4943,1
619422547,814.6634302740711,250.34594801430967,819.9896,309.218,1
619422564,818.4417768061637,254.9018038728327,808.2517,345.1166,1
619422580,817.7605355070034,270.43971389608646,740.1105,472.0906,1
619422597,821.0886813671063,285.8179593228354,796.9055,490.2113,1
619422614,830.1515853101907,503.7706544442397,761.1974,542.0573,0
619422630,857.05108986143,554.5544936857606,789.241,590.5551,0
619422647,907.2590475044951,453.28490469703956,929.9505,397.6419,0
619422664,888.0097294363482,451.82023427881245,789.7606,490.2161,0
619422680,885.2649983492555,447.71212664701955,824.6608,477.4982,0
619422697,877.294863309767,445.8834634213817,786.5998,480.5913,0
619422713,866.6768346664153,444.5286987898079,749.4523,479.8864,1
619422730,868.7748422471053,453.9413626188017,823.999,547.1801,1
619422747,862.1498987268001,448.94644824506355,755.8589,457.7865,1
619422764,865.3199839473185,459.2585469387258,832.1157,573.942,1
619422780,870.2836056252266,456.4056347436178,868.4703,473.0629,1
619422797,868.7860223195253,463.15015146307434,789.9742,561.2,1
619422814,868.2271212006837,476.63951923978885,791.8925,640.5559,1
619422830,866.0523255834015,481.14678362909956,775.9886,560.0511,1
619422847,864.6141586928303,487.2836654444495,780.8929,584.9977,1
619422863,870.0784966425974,494.95103866361313,883.3693,611.4622,1
619422880,869.1815989222098,501.05147077979456,788.6989,600.4559,1
619422897,1021.8476742856333,697.3788101440551,976.5848,727.0629,0
619422913,792.7122227767535,377.7955347862142,727.2706,421.79,0
619422930,773.0974955910325,376.4430517433334,679.8452,419.1624,0
619422947,763.69687005383,357.39733756516927,674.7288,366.1496,0
619422963,773.503556962118,370.94736825159754,736.4613,453.8833,0
619422980,783.5505876809309,379.2372870920366,760.9046,454.1406,0
619422997,951.5613128532854,732.1055860245359,887.8518,760.1143,0
619423013,834.3824832814203,432.44677678733126,772.9307,473.9972,0
619423030,839.1702345176574,462.3952147758772,779.0446,531.0969,0
619423046,813.9387907052443,473.22885714432414,681.2709,533.2283,0
619423063,802.0878268998549,458.9526356972132,692.8054,458.5195,0
619423080,794.942178696385,415.8683700149152,708.8,296.8437,0
619423096,803.6671800438849,260.09504076593095,751.4677,309.4805,0
619423113,794.8692592145387,233.69697253127336,743.1993,284.2773,0
619423130,789.2028855131628,246.74933471627594,727.0198,309.1434,0
619423146,780.9581453317572,242.08235021799268,706.4571,283.3274,0
619423163,794.2854453656531,264.32557683696643,781.8352,376.491,0
619423180,799.4648162000286,254.17814195781034,775.0699,265.2199,0
619423196,808.9951103425157,242.39141382130754,820.676,237.8152,1
619423213,801.018579309889,231.9553291353406,698.8516,225.7382,1
619423229,798.263532950031,235.3429777359003,722.2026,309.0252,1
619423246,794.1687203389145,228.10111187416052,710.4181,228.2096,1
619423263,790.503934754779,230.67964662486366,699.7517,304.1069,1
619423279,793.1708294395656,221.45756370986558,781.1299,194.2545,1
619423296,789.1721897813849,211.20922572221443,700.3837,170.3039,1
619423313,788.9805166404144,208.8779645853803,739.7728,243.375,1
619423330,786.7439002772802,207.72344906837387,708.0555,253.683,1
619423347,787.4214689562411,204.56384591916765,752.3812,227.459,1
619423364,782.6897014680798,206.54514532871687,659.3667,288.8267,1
619423380,782.5369767792287,209.26227015627083,729.1301,300.0688,1
619423397,683.7137132563523,35.38130153939377,626.251,94.8811,0
619423413,706.1458981441797,73.07894827408815,650.0668,130.8849,0
619423430,709.8722448271476,158.77966829197769,643.3195,294.257,0
619423463,719.7564240204321,140.0860518361961,687.7909,159.0061,0
619423480,710.4464936992496,146.0991325507729,613.1369,217.4138,0
619423497,717.4260263583233,171.6558639194918,678.9314,320.422,0
619423513,710.0288102740686,158.27616791146087,609.0248,148.5651,1
619423530,705.4700631879952,148.9771058596405,615.5924,151.5154,1
619423547,707.1579729175709,129.8123296167006,672.4051,63.6848,1
619423563,698.1291506018425,116.32330216054126,563.5488,78.2297,1
619423580,699.8415607199647,132.14473799810258,644.0693,317.7302,1
