timstamp,smoothx,smoothy,rawx,rawy,fixation
629816104,1006.8774667418812,698.421271482731,967.1546,677.7587,1
629816120,1005.8816750339296,696.2314940659805,957.306,674.0458,1
629816137,1004.589780957995,694.3124170526186,945.7075,678.054,1
629816154,1004.0483312129614,694.8148818965467,967.8107,716.0022,1
629816171,1002.629502300222,692.7670095146196,955.9156,671.5491,1
629816187,999.9074843457671,689.4927545944334,938.2417,649.5323,1
629816204,997.708335104171,685.690597060485,948.6213,638.214,1
629816221,993.6390354816639,681.3300209645718,918.9105,628.2659,1
629816237,990.6256586798987,680.576066379047,931.7718,681.9001,1
629816253,988.9823553796607,680.4739442000916,954.9261,695.0568,1
629816270,987.7033806333078,679.0170524088672,975.4037,670.2527,1
629816287,985.7990520385225,679.1275090768859,961.2604,692.9249,1
629816304,981.9758749927582,676.5753991619081,922.6616,649.9026,1
629816320,980.6668498935583,677.4115663622799,964.419,701.7902,1
629816337,976.5518999625108,678.1174053777811,910.9459,698.3777,1
629816354,834.1578854286643,494.29498235678693,828.6372,506.7613,0
629816370,817.1624706331573,416.7088937106194,817.3726,434.792,0
629816387,806.0150565209357,442.7159489054355,789.9814,482.9694,0
629816403,804.7386805568326,444.6086617072729,799.3049,464.0325,0
629816420,805.7022977670658,449.0634677079285,804.7829,476.9031,0
629816437,804.265131104432,452.25536328836495,794.2408,479.1107,0
629816453,798.5830780861304,455.7517551771835,764.9373,486.3595,1
629816470,799.8349169115584,449.9030031709235,807.5334,433.6233,1
629816487,796.9352374008905,445.27112965560883,776.9128,432.615,1
629816503,800.2083637200666,442.2169816274195,825.7925,437.7075,1
629816520,802.2543747534041,443.81605260045063,816.3292,473.2538,1
629816536,803.0546750516557,448.6080373092525,803.7419,505.4492,1
629816553,805.4341072795156,449.37404974254156,825.736,471.6273,1
629816570,805.7657995622208,447.49543272285007,807.1581,444.3775,1
629816586,805.8352062079564,445.06209822847455,805.1082,435.8247,1
629816603,805.8913177494344,444.72603121460264,803.131,457.8802,1
629816620,806.8032955749402,431.92794360472976,828.84,303.264,1
629816653,789.6687559946665,3.9715989084012655,822.7734,51.9528,0
629816686,794.7007379179964,33.22066317976062,837.5816,204.3548,0
629816703,804.8011163082699,14.85865637759697,873.0811,10.8008,0
629816720,852.8701114580407,31.615239277850325,1076.1512,138.417,0
629816736,809.0770955190219,132.40971847621392,832.3608,171.0902,0
629816753,821.9921630025888,170.77881088353956,842.6144,206.6829,0
629816769,834.2618468176072,156.68601176248316,870.3759,180.58,0
629816786,848.328560852925,159.07276448677564,899.4856,200.3065,0
629816803,843.9463860349383,149.35339210233835,855.766,160.1176,0
629816819,847.9336629926373,141.02475840522644,890.7639,149.0787,0
629816836,835.0373864960736,104.31175746555783,810.7981,-19.9034,1
629816853,835.4118866939195,83.15906908272021,876.4175,15.2405,1
629816869,826.4886357802939,62.86822946277406,805.7396,-13.7311,1
629816886,816.0507192531126,63.676529409144834,764.5457,120.2091,1
629816902,806.44716509559,71.20835994691036,749.452,179.2347,1
629816919,792.492726822288,78.07743235014279,687.6113,183.6221,1
629816936,779.2120571943885,85.64265027248287,671.8306,199.7682,1
629816952,770.0434727064369,88.52291145796606,704.6611,159.2989,1
629816969,763.978338555182,94.10515077742905,727.5151,193.1337,1
629816986,959.4039896555298,35.273350186847765,996.4306,81.0358,0
629817002,772.1265508405281,138.72968413658984,793.4762,176.9415,0
629817019,788.417417480676,161.30878617132726,823.5525,218.7837,0
629817035,770.5128900316429,134.50924899675968,759.5083,123.5102,0
629817052,785.245480785791,96.15898952136888,865.47,32.2874,0
629817069,785.6416296537652,63.19540176630327,825.5934,-11.7813,0
629817102,773.3027000779093,64.85633390482755,737.2829,118.6965,1
629817119,770.8683921207539,60.625482416708756,786.4384,84.4306,1
629817135,789.2778281559921,52.437338681913516,950.7612,49.2651,1
629817152,779.6828050298202,60.357720343773806,726.119,163.1171,1
629817169,778.3720546360739,67.6111709915748,789.3755,169.2771,1
629817185,1229.4221510442217,121.46971842142048,1269.694,161.065,0
629817202,1212.5798253149117,119.54807269513996,1252.3651,159.2777,0
629817218,1010.6064997085259,130.61115381511527,831.6744,179.6573,0
629817235,998.925313906796,102.79073802487935,1013.4225,92.3325,0
629817252,992.5652834358242,81.10929345979784,1013.9966,64.2739,0
629817269,939.7755197897708,87.57696271770034,755.8602,153.9609,0
629817286,651.8149634453821,127.99858146059017,669.4424,166.953,0
629817302,764.8652248012936,56.71616540039593,792.6824,100.8684,0
629817336,810.0341557193062,7.786502701933107,886.1359,121.6659,0
629817352,804.2298915674186,33.28721732888586,810.9259,149.1561,0
629817369,802.7581326623883,45.24508712913381,822.8956,132.9509,0
629817386,794.5050604435622,48.96491565225614,780.8542,109.1095,1
629817402,788.2017829087937,55.156797581885094,776.8739,131.0314,1
629817419,791.4672603997976,40.84472617732928,853.2832,-4.2883,1
629817436,799.0944309286263,34.806816137219826,893.8258,38.2956,1
629817452,804.2557410888041,27.350767038987634,884.8909,16.8455,1
629817486,805.9101394770188,22.09129616837804,855.7275,26.5311,1
629817519,809.485177507987,34.614028639321475,864.7792,197.8027,1
629817552,811.066048622736,27.639726002735397,863.3075,5.7,1
629817569,816.3334318806458,24.023685055019126,909.6516,35.0286,1
629817585,817.4625100507856,32.09552576440907,849.868,169.2614,1
629817602,825.994193523157,45.4043789937107,947.6184,242.5854,1
629817619,992.523160658839,226.13733443105218,1015.1192,258.0798,0
629817635,998.1263170077629,205.47193506376854,1022.6365,238.9134,0
629817652,1008.1106519486673,217.14245617582228,1041.4258,260.5413,0
629817668,1018.3284095358161,217.23283669394937,1063.665,249.9456,0
629817685,1014.313507480038,220.12690086691106,1024.9672,260.4109,0
629817702,1015.7086498301766,215.96072303921642,1046.9888,233.3492,0
629817718,1017.5879900263185,218.54158063710037,1050.0692,262.7455,1
629817735,1019.653203456586,217.03221522835102,1056.8623,241.4465,1
629817752,1015.871100903116,220.24737789893308,1011.4491,272.5013,1
629817768,1015.2329730090629,225.83837525880247,1030.3779,296.3795,1
629817785,1013.2904063632061,228.13731601824847,1018.4326,276.4774,1
629817802,1013.0975874840772,229.88813253800754,1033.7522,274.7572,1
629817818,1013.5286341600695,229.90934427693315,1041.7687,259.893,1
629817835,1014.2360951680472,233.1779770588526,1042.588,294.7373,1
629817852,1012.7315433502113,233.63589382387792,1018.032,267.1471,1
629817868,1012.7243774004264,235.5138701447589,1034.3839,284.6932,1
629817885,1014.1808772037605,233.07546531284552,1059.145,233.508,1
629817902,1012.3200488665823,231.0675139237467,1012.6707,236.85,1
629817918,1003.8334588142229,237.19280507874976,902.6404,343.3602,1
629817935,1001.3830072147329,243.78335436320398,986.1125,355.0869,1
629817951,997.6189833561931,250.6505289311501,962.0909,364.403,1
629817968,991.0200045758367,257.3637736178984,912.6097,367.576,1
629817985,983.2624271214462,262.70989605764646,889.4551,352.5901,1
629818001,977.7282436051079,268.56171425786937,919.6632,364.4132,1
629818018,969.709018450529,275.33933616603946,871.0125,382.9435,1
629818035,965.6110453982582,283.0584365074327,931.0988,402.3641,1
629818051,960.5627964903532,289.2693314970032,911.9366,384.066,1
629818068,956.9285251578932,295.7488819376394,931.5197,393.0974,1
629818085,953.8171695914892,300.1910564708426,939.1367,365.5726,1
629818101,950.6166498464455,302.97511315229093,935.4839,343.3814,1
629818118,948.5490460967128,307.70179961464856,948.7815,378.8571,1
629818135,806.579154589427,455.2109464409711,803.2175,470.5012,0
629818151,793.0419151834369,534.3439942727016,782.6536,543.8965,0
629818168,808.834994484935,540.2133905604975,814.4427,554.78,0
629818184,802.1090281064969,535.471669241794,778.7909,536.173,0
629818201,802.2778863582263,533.7235555218377,793.2609,538.5565,0
629818218,797.7953930370754,534.5751634173165,769.0405,547.294,0
629818234,797.3912599527027,543.9784212258802,780.8189,595.2933,1
629818251,793.3201840031372,544.9122684976651,757.5435,558.1033,1
629818267,784.1505899789275,544.2258994005363,710.345,548.1432,1
629818284,782.5874784054183,546.3507130409187,759.2728,569.2718,1
629818301,783.4786055675504,545.0210064041268,782.6263,542.6884,1
629818317,784.4689708285522,545.2285574148098,783.9084,555.1896,1
629818334,785.9141135087864,546.9022067313962,789.1127,570.2446,1
629818351,785.903323185015,545.6547195522908,776.2726,541.2607,1
629818367,785.6537469606665,549.2483812716406,768.4268,594.4481,1
629818384,786.3531164701769,565.5446733698952,766.8726,749.2091,1
629818450,657.2884688543477,829.1463966674881,617.4574,817.2987,0
629818467,674.6779443479411,679.0326140699879,647.859,678.0669,0
629818484,674.1018155850829,706.6225936952985,642.1313,729.1831,0
629818500,658.569731214906,708.9234187507564,596.2661,709.8899,0
629818517,653.9463070648377,697.1519239479926,613.7431,662.3348,0
629818534,653.8564067552121,699.500416959246,623.8018,705.7655,0
629818550,656.6306215257474,697.4334423908567,642.8135,685.8716,1
629818567,657.8814710287679,694.4512991519551,638.2047,676.5924,1
629818584,657.4514573189995,693.9567932037512,626.014,689.3207,1
629818600,658.2109190538555,694.0556344065922,635.4021,693.202,1
629818617,657.661308205847,693.0945563625231,624.8264,684.1621,1
629818633,658.756014412574,694.4150161026023,639.3903,704.1017,1
629818650,655.4366094606293,692.8958012596256,593.8207,677.3562,1
629818668,656.5560140202131,694.7165001048573,639.0727,711.045,1
629818684,661.90133202968,693.9882821343082,696.3408,684.479,1
629818701,659.3323482584966,692.7018136049172,598.8805,676.9732,1
629818718,656.8472046766263,691.4256687519098,597.1509,675.6799,1
629818734,657.1796837427139,688.408019617226,637.0682,651.9651,1
629818751,658.5961685248037,687.0620844805132,651.8064,671.3334,1
629818767,657.5385020647902,684.2845364049447,617.0166,650.3776,1
629818784,655.5510772325641,681.6584316945115,601.4984,650.1195,1
629818801,655.2782389252087,681.2100199784735,624.9841,679.3152,1
629818818,655.4239342975716,680.9105809259662,631.45,680.7711,1
629818834,654.646945351175,682.3583057572407,613.6879,706.2803,1
629818851,653.5501984434975,682.1865815885906,609.8296,681.8794,1
629818868,653.2049634686251,683.4504598573805,620.1603,703.5415,1
629818884,652.7610598097732,682.0109876651926,621.778,661.4063,1
629818901,651.4761652942578,681.6854749574262,604.991,678.132,1
629818917,659.3733388613649,683.2749509302191,765.3499,708.1997,1
629818934,912.1509318870347,639.6841182427307,897.6574,641.6385,0
629818951,907.9671152874748,636.8591417520042,893.5458,639.017,0
629818967,894.132439617594,623.1118615427987,867.1127,613.5392,0
629818984,916.9040074486866,635.30827286043,948.0113,660.1402,0
629819001,918.1740028916706,637.2585143480275,907.2687,644.6471,0
629819017,916.4536019639629,645.977902788143,891.4773,679.0568,0
629819034,918.3638127275242,651.5357584777953,910.3819,677.1505,1
629819051,919.5166202694252,654.399418399188,909.3713,669.7189,1
629819067,924.6684151567422,653.9905996470424,944.9529,651.2527,1
629819084,925.3423423404828,652.8321662046887,915.1942,644.7278,1
629819100,926.0115359828405,652.6802653877796,915.7336,651.7144,1
629819117,924.5044613953544,655.2997021036492,891.7961,677.4936,1
629819134,921.9602966183904,655.9302277561519,879.3209,661.2047,1
629819150,921.0955774123656,655.2649762218797,896.8969,648.277,1
629819167,917.6834637800386,656.2071342442978,862.0,665.6985,1
629819184,916.2054365984301,656.5403044272898,883.8062,659.6722,1
629819200,914.4881294613889,654.6419527082098,881.0582,632.5305,1
629819217,914.7847058451557,652.6787144086312,908.2487,629.9387,1
629819233,914.4023951736592,650.990608871089,898.1008,631.8652,1
629819250,912.9918666780218,651.3709794906513,879.3929,658.8027,1
629819267,914.0142599805706,653.8138907271398,913.6995,688.0945,1
629819283,911.4420837058296,655.2653043431493,857.3707,675.4597,1
629819300,907.7492689852811,655.4567487714062,838.3948,657.8779,1
629819317,903.682304174906,654.8935198358668,830.3565,646.7635,1
629819333,900.4785428821729,655.2195758693518,840.9714,660.1102,1
629819350,898.9278783056313,656.1713930198225,866.205,669.993,1
629819466,901.689879966332,662.800307979832,932.0302,759.1934,1
629819483,902.3191561514352,657.0075974787671,911.5707,565.6301,1
629819500,902.051278338091,649.9687555206127,896.8156,544.3829,1
629819516,902.5821411068212,643.1902445683797,910.0897,546.6798,1
629819533,900.8841367085569,633.478225216,873.5243,497.1934,1
629819549,899.6014528855908,625.383468697522,878.6837,521.5908,1
629819566,897.5772112907257,616.6863841736863,862.7201,507.4599,1
629819583,897.0334474411935,609.9096113417592,894.5177,541.0536,1
629819599,897.4807781037739,601.3009131105885,909.4082,506.4068,1
629819616,896.5769149350808,593.1699209883456,881.9443,513.8242,1
629819633,898.329350052397,586.1655929332312,929.9393,527.0347,1
629819649,898.3491492287329,578.585553356396,898.8276,511.8043,1
