timstamp,smoothx,smoothy,rawx,rawy,fixation
629666931,981.2219361353934,673.540732583977,980.55,608.1361,1
629666947,983.1556403147097,668.1875935774957,977.3508,607.4166,1
629666964,985.2605421385847,664.482520231202,978.8035,630.9905,1
629666982,984.3164643588103,660.5771171409431,933.1101,626.782,1
629666999,986.7250230305507,658.3028271539575,1000.1624,650.6365,1
629667015,986.2357690163619,655.4677451672451,950.6769,635.3925,1
629667032,987.9458116228814,652.0961496331012,989.5593,628.6914,1
629667049,987.4785711899649,648.4228238585222,954.203,614.8378,1
629667066,987.8332670547776,643.7682609165832,977.1682,599.5992,1
629667083,988.3800736465314,640.680466973393,979.8899,619.8708,1
629667099,986.9960180064486,637.3195435561131,952.7557,609.8567,1
629667116,986.388918128639,636.1129960052214,957.8694,645.749,1
629667133,984.650403909083,634.5220224242693,949.0516,634.4779,1
629667150,984.5103561347627,634.6021704679745,979.4172,659.1975,1
629667166,983.9473524786262,633.5255223483998,975.3135,636.7171,1
629667183,981.4055176042277,632.761717015034,936.6995,634.9471,1
629667200,978.6023896769774,631.6344520631602,932.386,625.6793,1
629667216,978.0518630353386,629.773037804778,972.5673,616.5736,1
629667233,977.3878677887533,628.0282036605125,966.6874,616.5433,1
629667249,970.8646080623076,627.3420838654305,856.6021,629.8728,1
629667265,968.6992370852314,625.2672767176244,941.2161,605.6984,1
629667283,968.1720271325127,621.6478756346818,967.8602,577.8363,1
629667299,969.3160227134921,618.7977275283457,995.5142,591.6588,1
629667316,970.5745688060365,617.7790507279965,992.1279,617.6005,1
629667332,969.562276958255,617.9585510150858,947.6225,636.5486,1
629667349,968.6798259521725,618.8020236305081,944.0117,636.6309,1
629667366,964.2763572543081,620.5186888122406,883.473,649.4777,1
629667382,962.0064414145206,621.6409660902508,916.5837,643.6014,1
629667399,963.2755722212291,622.148038838447,978.8375,637.5992,1
629667415,964.120041168348,621.366138667474,975.2821,611.5697,1
629667431,960.680923585292,619.1357267473122,900.6147,586.4695,1
629667449,960.4706892286183,607.1235075214267,971.6246,428.39,1
629667465,957.9976284914925,596.8835608104062,927.1782,458.9275,1
629667482,957.6578523793219,585.9862641773296,961.0821,446.1491,1
629667499,957.5560078180906,576.277302707223,970.083,465.2661,1
629667515,957.8120171130824,564.6941363083583,973.0179,429.8188,1
629667532,955.4832832199193,556.2907187330512,925.2904,476.4281,1
629667549,955.5990013803707,548.0479298630787,964.9001,472.9518,1
629667565,954.255165626427,539.1131228027527,941.5397,455.2301,1
629667582,952.9558127262974,529.2686934930869,943.3796,437.2768,1
629667598,952.2612492399941,521.3360095665362,948.3153,461.0506,1
629667615,949.7789448419544,511.384246742975,919.2694,425.6055,1
629667631,947.3926328930773,504.5069234998443,915.4789,466.8695,1
629667648,946.1077734377071,498.0054107251203,937.6844,468.0776,1
629667664,927.6191950966281,289.77159456725553,942.4973,317.0844,0
629667681,949.3142718817614,241.7964105707453,968.9686,272.5917,0
629667697,941.7369297693339,267.6419236534786,949.008,320.4717,0
629667714,939.5662097948411,267.3902160415836,952.3549,295.7415,0
629667730,937.8116873672226,267.80390043827373,949.4684,297.7318,0
629667747,928.701017627161,267.3896299177671,908.6075,294.6823,0
629667764,925.8779109108671,268.2691804234794,928.4495,301.0024,1
629667780,929.4928127945361,265.5646668943126,970.1914,279.9966,1
629667797,925.4602958362256,266.441793072815,914.1877,300.9581,1
629667814,926.2605807316286,264.65348340891546,951.3977,281.334,1
629667830,925.5059840279473,264.94190073650964,936.3247,296.5512,1
629667847,917.2746513036598,266.84735734766053,855.2975,312.0848,1
629667864,915.4961953294676,266.0798629503583,917.1716,287.8835,1
629667880,931.7567216472615,262.3519203257009,1133.1011,255.3089,1
629667897,946.2902332055105,260.96306475943896,1131.5745,277.1219,1
629667913,957.8544001499121,259.1268576304958,1111.6309,270.1548,1
629667930,969.6665928482361,254.72303434998184,1132.3785,236.3207,1
629667947,979.3560874997213,255.91153588242182,1109.7546,303.6918,1
629667963,990.4519027284477,255.31089107328066,1143.8389,280.7362,1
629667980,998.2609468256971,258.1344087288843,1101.3326,326.9105,1
629667997,1006.076120273719,259.7829912604819,1111.4982,312.2856,1
629668013,1012.667454204323,256.9319995747639,1105.9783,248.4225,1
629668030,1021.4831054731246,254.63726710346575,1149.5753,254.686,1
629668046,1025.8086481865037,251.99646341453695,1083.715,247.9432,1
629668063,1033.7576972851211,248.21268988911226,1153.2852,228.8758,1
629668080,1039.160541530867,249.51282546585267,1110.491,305.1364,1
629668096,1044.1825883195427,252.79875838989784,1107.823,336.0727,1
629668113,1048.7094492478727,249.17098225744786,1115.2169,227.5662,1
629668130,1051.9214420875674,246.11351120950883,1097.3717,235.1028,1
629668146,1054.0962193125274,244.42611417273088,1082.6658,255.6686,1
629668163,1134.228432536667,228.0221378743033,1162.0931,259.8692,0
629668180,1090.9173992899835,218.21124280656713,1117.9313,250.7566,0
629668196,1097.8089440817726,158.23789755817367,1142.0765,139.6468,0
629668213,1090.903072552349,186.36395937294853,1101.6278,273.3394,0
629668229,1078.5887992873168,193.03899587101893,1067.752,245.6321,0
629668246,1075.1288898366224,197.13229271086243,1088.3335,245.7959,0
629668263,1080.499628540456,205.54586216574182,1132.5695,276.4807,1
629668280,1087.0840371204001,209.04164662640156,1152.8104,259.9511,1
629668296,1090.3762386178591,216.02671359303753,1136.0929,290.5454,1
629668313,1093.2802208227108,218.43442793316115,1140.7568,265.6174,1
629668329,1098.1206034269662,220.44230863815807,1164.4659,265.9475,1
629668346,1100.7122443554433,221.6597705072512,1149.2501,261.6004,1
629668363,1100.9187065492422,221.2228523536108,1127.875,246.8266,1
629668379,1101.353004543014,222.26385507091726,1129.6984,262.2422,1
629668396,1102.9491976877039,223.6704072035373,1144.6694,267.8531,1
629668413,1104.6656200714597,223.88581670388376,1149.6196,255.5845,1
629668429,1101.5190907828448,227.06692740551284,1081.2764,292.7541,1
629668446,1103.4447133048259,228.1967312350552,1153.1094,269.8372,1
629668462,1102.5301427018026,229.88826167902445,1112.2401,278.6832,1
629668479,1107.5431960894548,230.466072336288,1203.8094,265.2529,1
629668497,1100.296794292462,231.8587908968518,1014.1307,277.5548,1
629668513,1102.347798544156,234.39021691743724,1157.2499,295.4384,1
629668530,1098.254581265225,234.74911069260287,1060.2976,265.5653,1
629668547,1095.2014020100517,230.1333492135371,1081.8304,191.8423,1
629668563,1092.0103203457468,226.9476468929569,1075.8954,211.8122,1
629668580,1088.7451289561138,224.1577449709428,1072.2704,216.7882,1
629668597,1082.802319254363,221.22313570728258,1023.7557,213.501,1
629668613,1076.60348548802,216.5058303885339,1018.6702,184.2123,1
629668647,1069.2663659942084,210.5222005117305,996.9102,162.2067,1
629668663,1064.3635764682413,203.7045306676099,1038.1107,146.4747,1
629668680,1058.8733858903324,197.07916545560101,1023.941,146.7962,1
629668696,1053.6723879530332,190.1882769716051,1029.6411,142.0735,1
629668713,1046.684854520675,183.79571518857884,995.6943,136.3893,1
629668730,1041.7855695215655,176.4070728530156,1026.7878,132.2894,1
629668746,1037.3532088404,169.39163660900908,1027.5325,131.4453,1
629668763,1038.405758057591,166.71843633823934,1119.1698,197.6034,1
629668780,1040.5020196430469,165.8441806315908,1136.151,225.4631,1
629668796,1042.6738551352998,169.55686291020683,1128.9658,293.2699,1
629668846,1042.9919850608144,171.605619083598,1092.3279,265.4178,1
629668863,1045.2509445731675,174.2150357308478,1124.0571,268.064,1
629668879,1047.7273895238277,176.4269898978259,1128.2747,258.683,1
629668896,1049.3450310712108,179.85996626435477,1106.9875,275.5143,1
629668913,1051.4067128369597,184.1906603894266,1109.9099,286.6943,1
629668929,1051.6533811863947,191.70463567694273,1071.7715,338.6919,1
629668946,1055.0259948582786,198.11935293603324,1130.8258,321.0052,1
629668979,1112.1143390921798,294.83724505304554,1133.6372,321.8366,0
629669012,1037.8085403070127,308.19209548687854,977.3401,346.5363,0
629669029,1020.6951601888186,313.1869862826345,1001.4784,347.9647,0
629669046,1010.6367880508988,312.32559352769533,996.7502,335.5196,0
629669062,1013.6780776900409,314.49090389465715,1042.468,347.8193,0
629669079,998.5720156523198,328.60755526994745,1012.9716,353.127,0
629669096,1006.4028486773252,358.73171398782966,1018.6245,381.0707,0
629669112,996.4432030053421,358.1427307791635,998.0659,379.9736,0
629669129,995.3810387017102,345.55862104880896,1008.1815,345.6548,0
629669146,995.7110422119166,341.8823502866971,1010.8737,355.5092,0
629669162,997.6896193085045,337.8701606319978,1020.683,347.392,0
629669179,1000.8826794858851,340.40726642933635,1029.4193,375.973,1
629669195,1001.0945703543542,339.6765593684753,1015.9861,359.7463,1
629669212,1002.0694604671887,338.39146059072493,1022.9099,354.5879,1
629669229,1003.8904215031727,336.762931808469,1032.5579,349.8148,1
629669245,1003.2761319150194,336.7361712455403,1011.1228,361.139,1
629669262,1005.0123354402878,338.7782302012173,1033.0784,380.44,1
629669279,1007.0719053409412,338.09977224963455,1041.6204,355.9015,1
629669296,1000.3029430739759,336.34606896277944,940.183,343.4661,1
629669312,998.7809308592457,332.6758766437378,999.36,319.6495,1
629669329,997.1441944655232,331.27181688086074,993.8533,342.2117,1
629669345,995.6914866838329,329.88322438326566,994.5049,340.7609,1
629669362,995.9674235562334,331.6996593011532,1014.1416,380.4224,1
629669379,994.6069102231927,332.14847476137993,991.382,363.6814,1
629669395,995.9694380795024,329.6654652678219,1035.2506,323.7114,1
629669412,994.7733385585485,330.45965830295296,991.9803,367.7542,1
629669429,993.7390419284316,329.68901992026025,995.4362,345.5182,1
629669445,995.8506146360116,330.525409551596,1044.2322,368.4715,1
629669462,995.5145774862448,331.7388290083525,1003.7372,374.3512,1
629669479,994.8551715401071,331.37840499554704,999.9362,350.8271,1
629669495,990.2864720023874,331.53691770543674,931.1715,358.5298,1
629669512,990.7104379503876,332.5167943572602,1015.0136,371.3271,1
629669528,991.3024976490432,331.6841938725741,1020.1853,342.9743,1
629669545,990.2187668927781,331.81660276896645,988.7228,358.0404,1
629669562,991.9020795035626,331.3331864278225,1038.5917,348.146,1
629669578,991.5363373439756,332.4269440688328,999.2902,373.4722,1
629669595,989.1068824236335,330.5881118906917,967.1089,328.5984,1
629669612,982.1391206988778,335.45088220356035,872.6858,436.424,1
629669628,742.6852057070512,516.7013756590231,731.8206,527.5176,0
629669645,776.0836832490526,601.8484526148014,759.4942,606.5048,0
629669662,759.7211727771886,666.8230278576013,714.8856,726.8751,0
629669678,760.2979823649769,711.0841270328656,728.1885,789.1025,0
629669695,751.4501760055882,724.5233773132087,693.4736,756.3126,0
629669711,745.2352934449844,739.3376974125903,686.5112,786.6731,0
629669728,740.4515915779682,742.0782627150672,686.5408,747.0104,1
629669745,740.7913108771961,750.7948497014135,709.6738,789.3169,1
629669761,735.9469099248911,803.0731320806516,701.2709,793.1375,0
629669778,737.9773576038965,759.9129453071113,706.9289,753.1052,0
629669795,721.3332749617707,753.9940064880798,673.3832,742.1294,0
629669811,727.3767280401099,755.8951001331365,708.4968,752.9108,0
629669828,729.1519389835702,776.5564636506138,696.8145,825.3569,0
629669844,728.6602507422066,778.8980747312147,692.9205,778.6635,0
629669861,730.971679015319,779.1071526055721,709.6847,771.1873,1
629669878,736.441551977745,775.5657618299082,738.3735,748.0048,1
629669894,738.784721952588,780.8273228523019,718.6156,804.7005,1
629669912,735.9356497321826,777.2999655735562,682.3655,743.7468,1
629669929,733.4269928328135,776.3373448546633,679.339,760.5732,1
629669945,731.4810947528351,776.9552847744052,679.9854,774.0003,1
629669962,735.0601216957806,777.7809726849998,738.8386,776.9885,1
629669979,726.7502149516822,778.4379930401236,601.9142,776.2579,1
629669995,723.3999316902,775.7690826293846,656.4157,739.5737,1
629670012,720.7910030920739,774.7115111023816,660.3938,755.6443,1
629670028,719.7280624884114,775.5999977746274,676.4442,778.5972,1
629670045,720.9976974967319,781.7062771888116,702.528,846.5553,1
629670062,722.7316479990354,782.4128718471826,716.2903,780.3429,1
629670078,723.0410901267314,774.7626638734979,705.8524,666.5427,1
629670095,723.7270971130511,761.1485115659135,719.7473,576.8589,1
629670112,727.2659019602738,748.7889344122084,765.3164,585.2905,1
629670128,730.193983129082,736.9230032294506,757.6927,584.0404,1
629670145,733.9526414573563,725.4043972195848,773.7342,581.2166,1
629670162,735.0275728858978,714.0202105808432,730.8381,575.486,1
629670178,735.1491334748882,701.0510575444247,718.1641,543.3143,1
629670195,739.7378357365749,691.4353936119543,792.9272,587.2871,1
629670211,741.3890260005631,681.912828796063,743.9431,581.3861,1
629670228,742.5000969525045,670.0219152889638,739.7571,536.1591,1
629670245,744.7271519148817,662.0629805514283,756.2798,590.9523,1
629670261,746.6949422774466,653.8209053652993,754.3453,578.774,1
629670278,749.0392641896696,644.8826791477529,762.4774,570.397,1
629670295,756.235362112785,635.4614457988406,849.8648,553.4685,1
629670311,760.4502898436405,627.0727974314536,801.1072,563.0902,1
629670328,763.9793041332598,618.4705730508375,790.8499,558.4349,1
629670345,767.9431865349375,610.3390266860389,801.1123,551.7279,1
629670361,790.6467327989803,548.3971525520404,779.0109,556.9307,0
629670378,813.7758514784427,561.8560361001167,801.9183,569.4211,0
629670394,821.1811748901212,542.8167370311135,820.4042,534.1508,0
629670411,823.8542020787406,535.9586369141736,821.1017,532.8526,0
629670428,832.4922641069946,539.7347357833233,848.7418,559.4824,0
629670444,832.4832027914664,539.9097172036396,822.7004,549.7824,0
629670461,827.6160861570523,541.38815566516,792.4655,557.1644,1
629670478,822.2492733003895,540.9635485863488,780.5031,547.7207,1
629670494,821.4438610334788,541.8603639241412,806.0719,556.4105,1
629670511,825.7455648430227,546.161355108315,847.2198,584.7114,1
629670528,1055.179191280852,778.4904878716803,1034.7434,770.4288,0
629670544,1174.7901150974922,954.3334546754234,1144.4696,933.5653,0
629670561,1182.2644463764532,932.9421113485257,1163.4846,893.9375,0
629670577,1174.2859727472578,960.4158163431832,1122.4448,989.9451,0
629670594,1178.1540247684068,961.8006336384104,1159.0283,944.0175,0
629670611,1186.7492041384508,958.2425235098042,1192.731,923.9335,0
629670627,1186.5733509547335,976.4887586588309,1146.2344,1036.27,1
629670644,1239.5378866255674,970.624888662036,1210.3556,948.6951,0
629670661,1182.8987880830289,959.7977289973988,1152.4392,938.636,0
629670677,1199.248110924466,945.9369569341802,1188.6233,912.9653,0
629670694,1215.813510740933,947.6418798238386,1221.4236,930.588,0
629670711,1221.2614962688117,945.2613057592196,1210.4675,918.662,0
629670727,1219.2372607733157,954.1598647900039,1178.9972,965.9128,0
629670744,1215.5875313533245,956.9159232764677,1166.7274,948.0939,1
629670761,1216.0767200681548,961.011002013215,1187.7253,961.2231,1
629670777,1221.2340045016474,949.924714603767,1234.7141,860.191,1
629670794,1226.2447500077678,941.7035721814797,1242.1954,865.1649,1
629670810,1231.4327781374536,937.1161715974094,1250.8558,884.0018,1
629670827,1236.8971714637394,927.6392028385056,1266.9642,831.4603,1
629670844,1240.175735418818,920.3374830591816,1250.2478,840.0497,1
629670860,1240.6976692382634,914.2462752500749,1222.0208,843.1727,1
629670877,1240.3917902523795,909.4438935686495,1211.9749,849.8558,1
629670894,1240.1293549776074,906.7680864122584,1210.7878,869.0229,1
629670910,1241.1450725531695,902.7521014703025,1230.297,848.9431,1
629670927,1244.0427107873666,898.7452301857196,1259.2728,844.3347,1
629670943,1245.4155794759006,894.7015335604776,1240.3773,839.2971,1
629670960,1248.4812361592762,892.1810112031678,1266.6681,855.7677,1
629670977,1249.2594381999072,887.2944123987761,1237.0239,819.3511,1
629670994,1250.4816161233873,882.5180738465192,1245.7202,816.2566,1
629671010,1253.5069200950813,877.879600941619,1277.1755,813.8083,1
629671027,1255.2075976227468,872.9283495674074,1258.4373,804.8182,1
629671044,1254.4155571950557,868.432736962313,1217.5697,807.3593,1
629671060,1253.873622255216,865.9125897984845,1220.0718,833.7473,1
629671076,1255.9642370816284,864.8758634490141,1264.9451,853.6941,1
629671093,1256.7902798521845,863.10997057627,1245.4962,839.5289,1
629671110,1259.3173401705765,860.9565005244626,1277.8021,830.5543,1
629671126,1258.717585205248,860.4736914146698,1221.1543,854.5245,1
629671143,1262.3559927159592,857.7619471318025,1302.0776,816.1616,1
629671160,1262.398988252788,854.476045043947,1230.3243,813.9263,1
629671176,1264.0402915854659,849.5436793337184,1267.8445,781.1332,1
629671193,1264.8459325815672,847.6381765449805,1253.572,828.6547,1
629671210,1265.0798635408928,845.0215104301342,1244.5134,812.5597,1
629671226,1265.4784314005315,843.8132463564474,1243.764,837.0363,1
629671243,1266.3331837672727,841.4687184590281,1254.2332,813.3179,1
629671259,1270.3697422955147,843.2627366442471,1309.8367,878.5378,1
629671276,1280.2381757779801,847.7204677358816,1417.839,908.5866,1
629671293,1516.9517943373958,1107.7332877768954,1487.1104,1075.9495,0
629671309,1419.2909352939132,1103.1648379981216,1386.0874,1071.6837,0
629671327,1447.7400492011955,1083.7233865750386,1448.2817,1035.6804,0
629671344,1429.9254682346057,1073.9612151871042,1364.2108,1026.6857,0
629671360,1411.4720048448016,1094.7051371610191,1316.9183,1121.0868,0
629671377,1123.2579288580112,861.9733011191157,0.0,0.0,0
629671394,1435.0062763490298,1054.3433712385356,1406.4197,1026.4043,0
629671427,1529.0895877737246,1126.3508514955204,1498.1815,1093.2216,0
629671444,1589.409736166754,968.0728341208427,1649.2826,800.0117,0
629671460,1517.3947630565406,1030.203405893363,1334.8153,1119.2643,0
629671477,1132.6466013007528,757.32777779684,0.0,0.0,0
629671494,1192.8566009636504,820.7820507484151,1411.1593,1048.1818,0
629671527,1442.4609700432686,1072.7950777329022,1412.6421,1043.5212,0
629671560,1402.7927973108788,1040.3962500221228,1374.1204,1013.4584,0
629671577,1412.604787762461,1033.2670313476135,1395.6406,1000.2556,0
629671593,1421.5686742308783,1033.8065173617183,1412.51,1008.3846,0
629671610,1404.7439121770135,1032.879861412885,1325.009,1003.9497,0
629671627,1398.4024172002419,1032.4396034494864,1344.8492,1004.5176,0
629671643,1399.3820062265054,1038.8747997525381,1373.7239,1041.1425,1
629671660,1397.7332530885285,1039.4759357762957,1359.3639,1015.4525,1
629671677,1398.7999454466394,1044.704259296325,1374.8763,1049.3264,1
629671693,1397.267588220208,1036.8109734521113,1362.233,954.1329,1
629671710,1393.611706118938,1037.6327820194506,1333.4111,1017.4423,1
629671727,1141.2381155184216,1001.9556028802153,1105.7166,977.7271,0
629671743,986.889026317225,1025.8884666829563,943.4915,999.881,0
629671760,1008.6582432876228,1023.5700554809408,989.0198,995.5983,0
629671776,1009.4753379092374,1019.1610508541471,969.7865,985.5317,0
629671793,1021.8008820411073,1022.2637881338978,1017.0884,1005.1438,0
629671810,1031.0663428305018,1031.172072152778,1023.3019,1037.2184,0
629671826,1020.1702932257663,1035.1528783601188,919.7521,1026.0009,1
629671843,1012.5353438003903,1034.5258641810294,923.8782,1003.8486,1
629671859,1013.7462870023487,1035.913023032384,978.9172,1017.1575,1
629671876,1011.6292006406792,1030.5607214621027,956.1859,966.2111,1
629671893,1011.1112399222447,1027.9784671819014,966.6237,982.0152,1
629671909,1011.7932468644689,1028.205952143284,976.3229,1004.5698,1
629671926,1012.5483725079561,1025.3296197448415,980.8958,973.6958,1
629671943,1011.5854510595007,1023.1827411373155,961.0494,977.7,1
629671959,1011.670799009124,1020.6235852573525,973.5825,970.3444,1
629671976,1010.2870723315838,1017.154957729783,955.3695,956.5039,1
629671993,1007.5620350450772,1017.474287308796,931.2543,999.4836,1
629672009,1007.6710595814607,1016.1635848784091,970.7628,978.6016,1
629672026,1005.7371239911074,1015.057717876306,940.1698,979.8474,1
629672043,1004.7077976754441,1011.4087179911522,955.2388,943.746,1
629672059,1002.346516716071,1008.3015662216798,932.713,948.1828,1
629672076,731.6810940226101,732.8576006485952,702.6169,728.0084,0
629672092,688.0042975808369,510.7574781051154,675.5357,521.9885,0
629672109,671.4894429173688,419.3236732841493,656.3068,352.5777,0
629672126,644.4358592765859,393.1365695645787,588.4813,365.0203,0
629672142,623.9243165137063,379.08875273423246,560.5612,361.9838,0
629672159,606.8425011690002,377.6880209126471,534.0908,394.5774,0
629672176,508.0133909230886,357.02233869277455,501.3002,379.3404,0
629672192,556.9625878480924,352.60990305460547,552.4858,375.2619,0
629672209,529.1830428783348,354.11287525511887,494.6268,378.0304,0
629672226,536.6366111887771,351.86050817771473,547.3376,370.4066,0
629672242,544.0067109455267,357.349810534816,560.0156,394.7798,0
629672259,552.4478945820455,360.0655340126386,580.5127,391.9432,0
629672275,558.2765558657795,361.76950711210964,581.235,391.2032,1
629672292,559.9890080417728,363.66128383077086,563.0657,395.2925,1
629672309,564.9898603725102,365.9902856866432,591.8634,401.5482,1
629672325,563.0804782728991,368.57804391620135,539.2899,407.3083,1
629672342,566.8481287494931,366.5008395223092,594.2675,370.9889,1
629672359,569.123539702345,365.2619081350183,584.4365,375.8624,1
629672375,570.0090332995286,363.2239874230912,573.3297,366.1662,1
629672392,566.9578617703816,365.7559332965593,523.6054,412.3616,1
629672409,563.0812163672966,360.83154886052444,516.3453,331.3138,1
629672425,387.4281364175604,189.84192545937415,389.8499,224.2385,0
629672442,451.17909826398727,239.76017801178244,451.9352,270.5583,0
629672458,447.3545892712583,237.82227244725934,444.322,266.9656,0
629672475,438.7787232236966,226.26332669115874,424.3837,236.7332,0
629672492,433.99072267498576,223.4370300617803,421.5216,247.808,0
629672508,439.51756729688907,220.57106248946593,465.1293,242.5749,0
629672525,437.43695809525633,214.4816400877083,431.6522,220.0077,1
629672542,436.4933430458887,214.73658713898905,433.061,249.4747,1
629672558,438.55768752563046,218.6109129999505,452.9071,275.5814,1
629672575,438.5541021471688,221.67697444567557,438.3336,275.3394,1
629672591,436.84178825172813,221.23257135484985,424.0653,249.6526,1
629672608,432.6124190901238,222.62294344510929,393.4169,266.1733,1
629672625,430.5302714808505,223.7908741265175,411.0076,265.8661,1
629672641,431.12147680103647,225.21380497638273,439.4865,270.1431,1
629672658,650.5956248218497,325.4914566475617,651.933,350.1356,0
629672675,675.0713542753807,319.49516788042246,677.8387,344.5809,0
629672691,671.8887322152824,302.4049726036438,674.0458,312.9157,0
629672708,686.5425041957915,324.5834195878852,715.9509,390.274,0
629672725,696.6379905329715,332.01560765632485,728.2708,376.4146,0
629672742,690.0134681895806,336.26288060535643,663.1257,375.1583,0
629672759,690.5284609012003,342.98284561957763,691.7524,396.0666,1
629672776,693.2689918088906,346.36921903346,709.2412,386.6088,1
629672792,693.2627317306956,347.62274901451815,693.329,377.093,1
629672809,698.1496025454661,350.0533453022957,735.5529,388.4504,1
629672825,701.6878674089838,352.89340200701486,730.2413,395.7813,1
629672842,703.3052761729559,355.70214801397907,715.6027,399.7289,1
629672859,705.8010700683855,359.0629388650955,727.2429,409.3063,1
629672875,710.1493452891625,359.0593129629877,755.9832,377.9363,1
629672892,707.992604109714,362.87717370781627,676.1138,421.2883,1
629672909,709.3531276915246,364.58416337869596,722.0736,400.936,1
629672925,704.2846658056825,364.3148196894311,636.8837,378.6192,1
629672942,696.3382594430981,364.7154575044476,589.3255,387.3327,1
629672958,692.8805690327323,366.1023535549447,646.9,401.2218,1
629672975,687.0449489779086,365.0242302446767,609.8995,368.9927,1
629672992,681.7706938056601,364.83063490563757,612.3611,381.0518,1
629673008,679.6322166704097,364.5458189670198,658.3486,380.0083,1
629673025,677.5576390915402,367.03487330854136,653.4236,421.0089,1
629673042,675.2411711163917,368.12147945428774,648.779,401.7699,1
629673058,671.4214634228433,367.71169710966115,622.6429,379.9741,1
629673075,670.3460654946745,364.5096994557662,670.6157,337.1532,1
629673092,670.2173966156322,365.24900539752207,679.8162,397.8152,1
629673108,668.8287071087601,363.7651950135372,659.0194,363.1813,1
629673125,667.4487018823099,363.1849527653939,655.8818,377.2965,1
629673142,665.3630549764722,361.67764206411874,642.5175,362.3139,1
629673158,664.091571891912,361.6819215105367,652.9132,386.3752,1
629673175,672.1998745862002,361.41858524806054,822.7125,378.0291,1
629673191,1031.874720002002,305.66641363756185,1049.4358,331.8578,0
629673208,961.0205321063684,253.63630381292296,980.1491,283.5771,0
629673225,1019.5682133522126,252.4793664064823,1101.7615,281.4674,0
629673241,1030.2330978933253,241.33227317262023,1076.5416,251.6487,0
629673275,1043.2758798797192,229.7646159719414,1109.9998,229.8229,0
629673308,1062.4883918501052,235.49429531445006,1162.5265,288.1369,0
629673325,1061.6706602120964,227.3004219258011,1084.1288,222.423,1
629673341,1059.897113135888,227.16998603000292,1072.6537,259.1021,1
629673358,1064.4404052473471,228.81236990347415,1118.574,271.4642,1
629673374,1050.9153814937665,231.2247984631601,966.4051,280.0792,1
629673391,1055.2895271906286,231.81402165169214,1117.6558,268.0151,1
629673408,1045.9251182766293,241.58783188017154,973.1337,354.8159,1
629673424,1050.5188171763343,247.99429643984683,1117.4144,334.5656,1
629673441,1057.1012124375002,246.60254052490978,1154.5336,259.7154,1
629673458,1062.5694984246945,243.75481149023568,1151.1306,241.7476,1
629673474,1068.2744520392785,240.03685914087797,1162.6294,228.3447,1
629673491,1074.05691109158,236.6602147364849,1170.7571,228.7339,1
629673507,1075.0420087909097,241.70959619180343,1099.2295,333.7802,1
629673524,1081.9373060782816,242.00758473006908,1193.999,275.254,1
629673541,1083.425917153127,246.66771563293813,1112.8672,335.4093,1
629673557,1082.6717131852988,249.3149476271731,1081.8965,310.8158,1
629673574,1080.237778561558,254.3036237307237,1052.0171,346.7182,1
629673591,1077.8954674520105,256.7868322747435,1055.7115,313.4636,1
629673607,1075.0884614242527,257.7018478262931,1049.1611,292.0324,1
629673624,1073.5630622771043,260.90821782437513,1066.8722,328.1533,1
629673641,1074.9485053292744,265.5207282148213,1114.7693,352.174,1
629673657,1075.311906983689,258.40578902306453,1113.9003,171.8289,1
629673674,1076.4635546433751,263.36671262428183,1111.5977,361.0867,1
629673690,1075.8232940319542,266.8650832437698,1082.2665,340.186,1
629673707,1076.1062376145442,273.0241760397251,1095.0648,384.9837,1
629673724,1079.518120703665,269.0152030839723,1166.3699,223.4057,1
629673741,1082.672589927815,265.5586306978543,1149.3369,231.9297,1
629673757,1129.4381780338308,558.9943868633344,1129.8977,566.8585,0
629673774,1017.2733216248719,516.0417096068456,1016.9726,526.9855,0
629673791,1028.4992807517135,543.0943243840613,1035.8098,577.1129,0
629673807,1046.3083044893006,535.87893911474,1083.365,531.9768,0
629673824,1058.7093386677882,537.9649872975366,1095.5194,553.0555,0
629673840,1071.6203381799846,539.1669266575935,1123.0121,552.7603,0
629673857,1073.5508028916597,536.040426165146,1083.4142,531.3197,1
629673874,1080.5773696302654,530.8695112559674,1124.6062,513.1543,1
629673890,1085.6659394867293,530.548902373532,1119.9619,539.0549,1
629673907,1085.9493954302027,532.4189174105736,1085.2139,555.8034,1
629673924,1088.1776721780855,536.4720517367781,1102.7332,577.5157,1
629673940,1089.9980086233334,535.2745548028206,1106.0952,534.2493,1
629673957,1092.0782243659207,536.1783366418958,1110.3116,553.7103,1
629673974,1095.3733984362689,533.8292710052629,1131.114,520.1426,1
629673990,1095.5594905868702,533.2324743037037,1095.1433,537.0408,1
629674007,1099.6516866300456,535.694800530059,1144.4041,572.6101,1
629674023,1100.6983258287833,536.3002673403028,1109.3179,552.2424,1
629674040,1100.107695932498,535.8779378030962,1088.5129,539.6492,1
629674057,1100.2710669135697,536.9031770357251,1097.9646,558.5624,1
629674073,1099.19946905865,537.2252231219261,1080.45,549.8196,1
629674090,1099.278679565409,536.5156887323038,1099.4226,535.6216,1
629674107,1100.491534186865,536.6698032101993,1117.1436,547.6613,1
629674123,1099.8940920509822,537.1900745407592,1088.141,553.1983,1
629674140,1102.2852121694636,536.2689361566933,1140.2101,531.9842,1
629674158,1101.9665781714575,536.8789274114976,1093.7932,554.8904,1
629674174,1102.424207735278,536.3955715115283,1108.9991,538.3473,1
629674191,1102.813662527547,535.5196941302225,1109.0148,532.0826,1
629674207,1105.6688945566525,530.7209583158706,1158.7141,469.8736,1
629674224,1105.5859047428357,519.4846208996681,1117.009,365.6874,1
629674241,1089.0851443304143,215.77613204126314,1116.2292,248.4974,0
629674257,1094.4987624257958,309.20965734549793,1114.1653,335.1625,0
629674274,1075.811084220867,272.3025761630915,1081.472,266.7732,0
629674291,1052.0581266800978,264.55306287699403,1026.1121,279.6041,0
629674307,1074.732608714698,252.20538930510574,1171.5791,248.6276,0
629674341,1070.3977216176138,249.95121589896715,1076.7792,272.5942,0
629674357,1075.5670732415279,251.62790347643238,1124.5906,290.0162,1
629674374,1082.5415975749895,248.4554047450855,1149.6108,262.3847,1
629674390,1085.6905707936905,247.87298936512778,1130.9492,275.502,1
629674407,1084.0404227851973,246.92821215196784,1094.5566,271.6622,1
629674424,1081.7741057288895,248.27829467657565,1084.2091,290.0022,1
629674440,1080.7067734563768,245.8249397682545,1096.1293,256.2988,1
629674457,1077.560177422019,244.61239542783545,1070.3469,265.2986,1
629674474,1080.0549861607897,239.3404786101523,1137.2617,220.2595,1
629674490,1077.1283701842606,236.8804826265377,1069.9562,245.3844,1
629674507,1076.4247201212056,237.63452324455235,1092.5914,280.4564,1
629674524,1075.3072348235266,237.23747886916593,1087.1997,266.7706,1
629674540,1077.7363202791348,233.1335080717134,1141.2261,218.4789,1
629674557,1080.2526055961107,234.05990163022045,1139.3481,281.3485,1
629674573,1082.6002960098822,231.27255425981085,1143.5962,230.8416,1
629674590,1084.8242961336623,231.55367781128922,1140.1298,271.5143,1
629674607,1084.552036240297,231.30223810755382,1102.4738,263.5653,1
629674640,1085.855340498091,231.47594600823453,1127.9889,269.2165,1
629674673,1085.9407899664645,230.96553809444683,1109.6082,258.6094,1
629674690,1086.2976064061959,231.55246169655118,1113.1945,274.6177,1
629674706,1083.2908466153453,233.02190818349746,1054.4202,288.0654,1
629674723,1072.348435828444,233.45690599317453,916.0085,272.0936,1
629674739,1071.1731105113854,234.04646568933555,1084.0646,274.4729,1
629674756,1071.6027021035732,235.78673733920948,1110.0746,292.8062,1
629674773,1076.648908843452,235.32771134895148,1195.6361,257.88,1
629674790,1077.377852243241,235.42914959361138,1117.495,266.8125,1
629674806,1078.2304267748268,236.6207422322702,1119.1487,291.3601,1
629674840,1082.0019679317402,229.3390288655898,1180.4563,146.618,1
629674856,1046.2926084482315,252.01915715130744,1068.8179,282.1019,0
629674873,1080.6862476156602,255.86395154224505,1104.2117,285.6781,0
629674890,1076.3493666069298,257.6017269856494,1094.9319,288.8951,0
629674906,1097.53814802453,201.6777361370919,1179.0494,132.3421,0
629674973,1099.2158776767542,184.0060988522689,1138.4561,171.2151,0
629674989,1102.3469661115296,173.39341648564485,1149.2023,171.8084,0
629675006,1101.6814049413172,160.9440551272192,1134.7813,143.1859,1
629675039,1107.6795361144862,161.95690138942948,1174.7905,206.4966,1
629675089,1113.090935014815,166.17603928848416,1179.0874,230.8449,1
629675106,1115.1767425463502,172.91103723480475,1157.0662,257.2981,1
629675122,1114.992453339992,174.0473237143672,1142.1399,219.0737,1
629675139,1116.9940619845868,160.9201766022362,1176.561,87.0982,1
629675156,1119.3338465280904,169.66492293575155,1165.7286,288.5302,1
629675172,1024.9334827289838,401.8607722464348,1034.3171,421.0801,0
629675189,967.5339328712765,732.4284929999998,947.5321,727.6789,0
629675222,917.3053335912504,712.5817294337063,846.6235,690.8791,0
629675239,891.5287343632676,700.6607481653916,820.2484,676.2954,0
629675255,865.6627890237199,663.3936674614009,777.55,561.3763,0
629675272,859.4060958338991,643.2574573345665,824.94,572.9156,0
629675289,855.4445361859757,610.6367822307043,841.1697,614.6794,0
629675305,835.4670404327904,600.0028750148094,821.3022,604.8102,0
629675322,830.9958988908429,584.038099626756,814.6523,575.2293,0
629675339,854.3551022874268,576.0775057698413,892.3975,568.0386,0
629675355,850.0305072629545,576.5782445532286,824.5569,584.6451,0
629675372,850.6962224687459,579.048759513038,840.5366,594.5399,0
629675388,850.9098055018532,584.7602393594859,837.1514,616.4859,1
629675405,849.8698303259116,581.2613168616507,833.0199,568.3453,1
629675422,850.730478842447,579.3620499303915,845.7217,573.9338,1
629675438,848.1674480318609,575.7397286643893,818.5027,557.3038,1
629675455,849.43489962048,577.5520796321038,847.5248,598.7466,1
629675472,850.3228323939967,579.9912595671613,844.8632,607.2289,1
629675488,851.2127323607921,580.60841914366,847.5962,592.2853,1
629675505,849.1915354697713,583.2825696600275,812.0728,615.0643,1
629675522,848.994563656965,582.7511190823639,835.2823,582.1869,1
629675538,848.7605368986228,584.3550009987796,832.3445,606.9352,1
629675555,847.5114098339378,581.6006924286347,822.6121,554.774,1
629675572,743.8393269824256,376.0401197719193,744.588,397.0487,0
629675589,711.5440367869703,370.2410102170362,711.5336,391.6604,0
629675606,771.5660790406473,412.65219994051273,829.046,470.2714,0
629675622,789.063673781477,418.7629921062372,822.8362,447.7639,0
629675639,790.5290557813496,424.78220607563213,791.5396,458.5439,0
629675656,796.1268095630726,422.0356717905314,818.2142,429.2943,0
629675672,794.7222141865058,427.8090033658778,782.9067,470.8182,1
629675689,796.8098186158209,433.4165047454859,804.0411,479.6471,1
629675706,801.3638227590703,434.5922757110359,829.5182,457.4739,1
629675722,800.0683976182769,436.3344891795268,785.4615,463.8575,1
629675739,800.1589475219705,438.4648223648499,796.1974,469.9464,1
629675755,799.3654671701208,436.3644653952236,790.3906,433.5244,1
629675772,801.5071865160356,423.60782362343207,831.9908,323.6924,1
629675789,802.139399462273,413.8727574143059,815.7679,339.3659,1
629675805,804.7671797884778,404.61607411753005,842.5654,332.7159,1
629675822,807.3172849617445,397.11933528280554,844.1757,342.6643,1
629675839,808.7401959630193,387.70842719536756,834.6759,310.4714,1
629675855,809.0986606872665,383.0211960918632,816.7042,361.1677,1
629675872,808.1217229195954,375.9337374530213,800.7908,323.9716,1
629675889,807.3851582816964,369.9037296640986,803.2261,331.3349,1
629675905,808.3183968700712,364.1790610334773,829.3517,329.5512,1
629675922,811.7012814291484,360.74872319289193,867.4417,356.9072,1
629675939,808.4694464142049,350.4076710155221,770.598,251.0749,1
629675955,804.6910447850388,342.6091005252783,757.1157,281.0955,1
629675972,801.6438298352286,336.4977716239548,765.9546,300.1685,1
629675989,804.6726055607436,341.881484333365,854.1603,471.8645,1
629676072,754.6372248010872,277.91709357842234,763.8696,306.0386,0
629676088,774.0559304055505,234.27396235933563,811.312,225.1913,0
629676105,801.1422087965148,220.14331672880775,874.9844,226.638,0
629676121,803.5241638129911,209.34575609294984,829.6722,213.16,0
629676138,810.6799609213194,204.031087554756,858.3607,218.8723,0
629676155,849.1752751031755,198.58402162813417,868.551,232.4813,0
629676171,844.2254054771224,174.65490585217694,865.3798,210.2846,0
629676188,819.8697345866285,176.0827389960087,814.634,212.9159,0
629676205,833.1117133417113,180.72484984216874,880.0342,224.4693,0
629676221,825.7518755926599,189.04688516608365,820.257,246.434,0
629676238,832.6275545166161,185.65275629250274,881.7201,207.8339,0
629676254,830.0807454930887,185.70034426740435,836.7133,220.5986,1
629676271,824.3474533583523,186.0854109171899,809.2411,222.7998,1
629676288,831.7170992748856,188.56708709956663,901.4323,238.3613,1
629676304,833.6536361016497,186.89356459110496,869.1274,209.5298,1
629676321,831.1780539073798,184.59158728498522,830.4663,201.549,1
629676338,829.3159142116149,184.6340014818527,831.2303,220.1569,1
629676354,822.4455297179243,184.83409574519615,771.8979,221.7802,1
629676371,822.2250032860204,183.40953943544324,842.8821,204.6937,1
629676388,824.3321626709322,183.70266669266306,870.3223,222.3314,1
629676404,823.4702606651568,184.05537347181036,833.4379,223.337,1
629676421,821.7692043507913,185.17682571548997,819.7999,233.1965,1
629676438,820.3434886107187,182.83775576714217,825.5901,189.7949,1
629676454,817.6825905796071,184.94307585299552,800.5002,246.7563,1
629676471,814.9038892542151,193.76209043186637,787.6304,340.4991,1
629676487,811.0926197068752,199.595148828269,771.7448,305.2813,1
629676504,810.0720996435743,207.12871149544662,810.7375,334.2239,1
629676521,806.726477246596,212.48843797999393,773.4471,307.6068,1
629676537,806.3427526146658,217.76745606967913,820.0199,310.4193,1
629676554,804.2385359021637,221.99304466391658,790.6821,298.3079,1
629676571,800.8310607676754,225.80720028204732,766.4374,295.4,1
629676587,799.7658322255414,232.10158790315293,801.089,337.4712,1
629676604,797.8258357421611,237.01054418573838,785.558,319.8539,1
629676621,796.4107263261358,243.13383621875187,790.9149,343.1044,1
629676637,793.9203071369901,248.41739533811474,770.615,333.9371,1
629676654,802.0126180738471,255.23503654949334,957.4871,363.0239,1
629676671,801.2352447001999,260.7412296186021,803.2938,338.2923,1
629676687,801.174527554835,265.9603109846766,809.704,338.6814,1
629676704,799.30640499544,271.41304757221474,782.246,348.458,1
629676720,798.0809458115555,273.78194923209463,790.3242,305.5932,1
629676737,530.8590337012783,72.6474952144689,548.4095,115.5774,0
629676754,375.4932719823648,0.7289625029510588,393.0124,48.8248,0
629676770,388.0612292346642,6.563575355834006,418.1187,59.6421,0
629676787,388.4664837050323,6.329712408782347,406.8322,53.5651,0
629676804,390.9959424504344,16.71259992838219,412.9789,92.1842,0
629676820,393.2673422452088,10.424734498043525,421.8342,34.6255,0
629676837,397.09959870112675,15.904902763787833,431.0963,87.6154,1
629676854,397.09286764717376,17.38106429875225,412.8221,71.8,1
629676870,397.4801068158072,17.706426899551886,416.4687,66.0827,1
629676887,398.6957067811463,18.629562223117272,424.0344,71.3419,1
629676903,401.19402849442866,16.516961851501154,440.7578,46.5409,1
629677320,360.7430044784232,157.77691377852182,364.7807,194.4891,0
629677337,403.34852972328895,131.37889131017164,411.1881,170.0162,0
629677354,392.1191804319155,147.67298976207522,385.2226,200.1982,0
629677370,391.2919093687172,159.37255621769214,392.8141,217.4667,0
629677387,395.67191018153113,158.95481518223295,414.6257,194.2079,0
629677403,385.6660378920343,167.5867757137113,346.2449,234.7847,0
629677420,395.5316904095751,172.45925974432686,448.0547,229.5003,1
629677437,401.3004437544109,173.49816049470536,439.4631,213.7409,1
629677453,401.9894195559232,176.56626908259332,408.3214,229.8979,1
629677470,401.1462589755773,176.95616506962028,397.4861,213.6988,1
629677487,402.47689328484444,177.62321129479994,416.8465,216.764,1
629677503,403.78642464721804,178.16854458555605,418.8516,216.6784,1
629677520,405.5367756935265,178.74295681718263,425.8002,217.821,1
629677537,405.6043493921124,180.17715628271904,407.4257,227.8628,1
629677553,405.72259549822786,181.3902178370268,408.3292,227.2531,1
629677570,402.9793728482402,181.5079450099084,371.6567,215.8046,1
629677587,403.70532539973294,181.10353113616242,417.0911,209.6555,1
629677603,404.68728188804766,181.5538769969903,420.7044,220.4221,1
629677620,403.41501247167724,181.66251853055167,388.5878,216.454,1
629677637,403.2770606955474,181.3727635665404,405.3616,211.2692,1
629677653,400.76683508993676,176.05831926180764,374.2021,140.4854,1
629677670,398.1337758668099,172.55504417655123,368.2944,163.0026,1
629677686,398.25625986408727,173.66719254091817,405.9056,228.6255,1
629677703,393.7238259246201,167.11494721402642,337.8557,114.1917,1
629677720,389.83328996548096,161.02673854146633,345.6327,117.6532,1
629677736,389.6410075805976,155.04432092243528,407.1722,115.9228,1
629677753,390.65661522976245,155.5279700960155,418.8188,213.5742,1
629677770,391.94911333302315,155.24671550460334,424.5388,200.4246,1
629677786,398.5105619062523,155.67569215066112,517.4067,210.4321,1
629677803,753.5033525810363,89.2538808911443,778.2095,131.0452,0
629677819,969.8636608357409,142.2985326823213,998.488,180.3092,0
629677836,1170.4459447765287,173.5868494346329,1409.3359,238.3942,0
