timstamp,smoothx,smoothy,rawx,rawy,fixation
629807729,929.4278398945685,580.7534028173098,916.2772,525.6459,1
629807746,927.0872064603001,575.9007712302559,889.0391,521.767,1
629807763,927.0369871302029,571.8405938521121,927.6775,534.1046,1
629807779,926.4657282982854,567.7125504025981,918.4784,529.6174,1
629807796,925.245759274859,562.0204684422271,906.3477,503.5241,1
629807812,925.3204985069713,557.1498304837838,930.5994,514.3328,1
629807829,924.0671794868064,552.9261559442979,901.7357,520.8923,1
629807846,923.15220319276,548.7850671031188,905.6995,518.3351,1
629807862,922.2534417180927,545.6304513281334,911.1432,532.3975,1
629807879,921.0986671434844,543.2781434806982,904.8862,541.4121,1
629807895,920.0266428218998,538.8299479534683,905.1106,505.865,1
629807912,918.644174849685,534.6829680660305,900.0123,507.6184,1
629807929,918.7531188198789,532.890993700505,913.2087,544.0951,1
629807945,918.829978694504,529.8647996787038,923.8036,518.0618,1
629807962,921.6520567859317,527.2603682016958,963.3543,519.5577,1
629807979,922.2280123290062,522.7471850691757,934.5101,484.0598,1
629807995,922.9600067529268,520.5892100658209,934.4964,522.16,1
629808012,917.4215388449844,519.0129030851218,820.2131,526.4247,1
629808029,912.2847113428908,516.2549605877455,829.3926,505.3626,1
629808045,906.7069597840404,517.0618461712074,811.4227,558.825,1
629808062,902.3162556311875,515.0927446962849,832.3213,509.5159,1
629808079,896.1881920893425,514.456741435802,804.0696,532.0836,1
629808095,888.7458184790489,513.0509421739016,779.1708,513.9999,1
629808112,883.0721387583399,511.3823906236051,810.0823,512.7372,1
629808129,878.087342447784,508.7211077126794,819.4267,488.6657,1
629808145,873.3241149860278,507.3394817001847,820.3984,509.8696,1
629808162,869.328457922798,505.2058434747696,833.8503,493.7913,1
629808178,865.1652599397075,504.58162318928794,820.0564,514.6688,1
629808195,859.2749982243976,501.8106558092739,786.3851,477.1741,1
629808212,855.5454105494605,501.1208579454443,819.7864,508.3563,1
629808228,851.185774570656,500.5044616341469,804.1307,509.1472,1
629808245,849.2842371465255,499.60331912956315,841.9127,503.4441,1
629808261,846.2976677560242,498.556754871135,822.4036,501.6336,1
629808278,842.9362132316705,497.90371335231976,809.6705,506.6329,1
629808295,842.6323935450108,498.3165121502734,858.0134,520.4091,1
629808311,839.6405954799322,489.7885639680415,820.7627,376.508,1
629808328,836.163056564165,478.23157923627116,809.4202,327.2918,1
629808345,853.7913629337543,273.80245082149884,867.1572,302.2509,0
629808361,855.533360071115,279.5189503805232,868.4957,307.5537,0
629808378,849.7730878262865,273.8660245527635,857.4783,297.0771,0
629808395,862.8387612768141,272.4696506300446,903.8759,298.4773,0
629808411,856.8814394949919,266.14447201324595,854.0211,277.7961,0
629808428,850.6468467168512,271.8599120027052,836.7968,321.4669,0
629808445,845.9071322277925,266.44794939343353,838.1476,270.9627,1
629808461,844.9338971622324,270.3716341129879,851.1979,320.4002,1
629808478,844.4495430990034,271.10609210954783,854.6962,304.2235,1
629808495,842.4730048678307,268.51771812617403,842.8414,279.1703,1
629808511,837.4403824842409,247.6632057244008,824.1989,117.2956,1
629808528,837.3327814954605,228.8698065578847,868.5254,106.1597,1
629808544,827.3516156475289,214.9158301251831,755.2444,128.5047,1
629808561,826.7795504408672,198.01984881825786,857.4829,78.3977,1
629808578,819.790976072896,186.1477516565239,772.1945,113.6227,1
629808594,814.4378016941032,175.88412588519583,784.1536,118.0111,1
629808611,624.9461078177447,70.54868764768801,646.2703,113.658,0
629808628,733.7417197928738,127.53089403011325,754.5433,166.543,0
629808644,737.6548677829624,119.3315499208291,764.0059,151.3541,0
629808661,742.8369670600292,108.15242876329219,778.076,128.0065,0
629808677,758.3492192953582,101.54765428966255,831.4694,124.4951,0
629808694,758.7011900818,101.0363004084324,783.6232,140.4875,0
629808711,759.0434353904524,103.45635293393936,782.9355,155.5217,1
629808727,761.0416480251745,98.5515830793461,798.9764,113.6091,1
629808745,762.2487398359581,98.2681990002946,794.2195,138.3121,1
629808762,762.2912208177729,96.94059095535742,786.8978,129.5888,1
629808778,780.4520877404858,93.32784304902974,964.2866,107.8174,1
629808795,778.9879835706897,90.96010717983428,787.7527,114.1048,1
629808812,780.2095120382587,91.50579146803025,813.6049,140.0116,1
629808828,780.4491584907507,89.37222832442143,806.381,111.9732,1
629808845,203.58128052911155,177.1627247056625,200.0093,212.4246,0
629808878,614.9146663127,80.46641994163618,635.0392,122.8542,0
629808928,647.8945300947594,20.432615254825738,531.4427,251.3869,0
629808945,691.0829417390067,36.138914617830366,889.6218,137.9967,0
629809061,386.2972125871893,122.37633857342378,394.2246,161.661,0
629809078,453.656861337342,66.49998689193471,468.7581,109.8529,0
629809094,448.33284614395166,76.29247687968926,456.1078,127.9927,0
629809111,557.057830883139,12.930948264509196,815.2501,-56.5826,0
629809161,655.3689538791623,0.7482564304438708,910.7222,153.0005,0
629809211,726.0960716248279,7.451622016140544,786.8517,98.3887,0
629809228,736.557495110044,21.314886106982883,785.3684,93.3649,0
629809277,469.7794644211901,101.68482294806441,482.6039,142.493,0
629809294,446.2291804799645,120.62934477810154,456.5941,160.058,0
629809311,440.4786879563797,105.25890538646735,447.1933,131.5775,0
629809327,502.98974699886514,115.71529394315019,643.2289,174.8991,0
629809344,491.24862469433833,119.01380819563556,465.5823,167.5569,0
629809361,481.1650165931098,118.65331705589382,451.5067,156.7456,0
629809377,806.1261601840055,66.46549512696676,834.7207,109.9233,0
629809394,778.0183390816048,86.50702805599194,803.8887,128.5045,0
629809411,773.4401586781895,67.9703274359087,797.4392,94.1586,0
629809427,769.0969845732993,76.50542441960627,785.1083,135.0422,0
629809444,770.6106969663732,41.52400407986194,813.1807,-9.4456,0
629809461,765.0786819581166,24.395947987734612,778.5088,9.4697,0
629809477,752.8065094426439,31.893036420583115,717.4175,113.3341,1
629809510,792.1597745861425,301.8920699308311,800.8564,328.2873,0
629809527,855.7227915649689,442.89293264768344,855.2552,459.09,0
629809544,851.543189959565,432.7373980103451,848.2555,440.2723,0
629809561,847.9835711393135,455.253933158355,835.1954,512.1034,0
629809577,871.6456466832418,368.842357113103,971.8827,152.5478,0
629809594,863.2473201488453,377.5894962526955,830.546,432.4854,0
629809610,833.8060927446596,399.92967134395514,836.0333,419.2334,0
629809627,831.9389282060527,394.3085166346819,834.557,414.019,0
629809644,881.386204726425,240.8388617314727,962.3188,129.7112,0
629809660,872.0907885526926,279.58642985857466,859.8442,379.7601,0
629809677,856.7051402411133,295.81757419441095,816.9313,367.4562,0
629809694,856.9024445928319,305.91333457393733,865.6894,368.4947,0
629809727,881.00247638833,318.8551719889583,891.7043,344.0471,0
629809760,896.5157135775365,331.0742330063325,906.8063,355.3853,0
629809793,840.9718859644541,309.8138883888448,795.1066,315.9636,0
629809810,839.4434136791626,323.3865813775605,843.0929,373.3557,0
629809826,858.3925883537303,351.37678854021027,917.3748,451.0972,0
629809843,897.4267853552986,352.0248028421845,1064.6683,376.3548,0
629809860,1129.225807636553,530.1766775719484,1132.0474,540.1288,0
629809876,1124.9893602920463,649.9425964275698,1117.7983,651.2155,0
629809893,1117.18547924549,636.07030631201,1103.8927,625.5095,0
629809910,1108.204186534934,632.4538764329038,1083.9038,628.3831,0
629809926,1109.8475127838396,638.2646344249385,1106.8494,656.4736,0
629809943,1110.4156180014327,637.7691690009156,1106.2729,638.0675,0
629809959,1110.9409626541512,640.262260594134,1105.7589,653.4517,1
629809976,1112.249245209996,642.4891352181943,1112.0347,656.0345,1
629809993,1116.6130566049494,647.3358503788229,1136.7697,678.3353,1
629810010,1113.7770963224887,645.2919796240321,1085.0974,631.6891,1
629810026,1117.1317584100095,646.3298036524933,1138.0847,655.2612,1
629810043,1114.7631774441254,645.5183990448209,1084.9834,639.4775,1
629810060,1114.6530499202722,646.688730832215,1105.0764,658.3136,1
629810076,1118.917690386564,648.7284885310307,1156.3054,669.1984,1
629810093,1119.84129750581,649.2106571531622,1121.3203,654.1776,1
629810109,1118.4044600071907,648.7750083539337,1092.1934,643.9435,1
629810126,1116.7247955288124,648.1202541784808,1087.4956,640.8743,1
629810143,1118.7540606587709,648.3237063982431,1138.1721,651.3765,1
629810160,1117.4601454564859,651.703257490193,1087.0647,693.8912,1
629810177,1117.5884142987836,654.5261619879363,1108.1892,689.2189,1
629810194,1114.274595194785,659.0909819698076,1051.7498,716.1133,1
629810210,1103.3719439514282,664.5094608521695,925.3851,731.8999,1
629810227,701.8210883215695,730.9977113053749,671.767,726.2746,0
629810244,627.9164215545501,789.2653305701581,590.2413,780.2988,0
629810260,623.5222857096705,790.8639388870043,580.8658,783.2581,0
629810277,618.9388514861964,794.2699638260268,570.5182,791.2064,0
629810293,619.3964662171009,793.7414347785086,582.6636,782.9398,0
629810310,621.0204340955332,797.7418227674843,587.7924,802.6844,0
629810327,629.1502429279827,796.0307826628125,632.709,778.6479,1
629810343,625.2042656326412,790.8986665657469,565.4535,754.2178,1
629810360,615.1568144628684,778.1748437489122,515.1919,691.8004,1
629810377,608.9939584181539,772.6022560013964,528.3849,727.9446,1
629810393,612.8912710453706,772.4488050977482,611.7561,766.2236,1
629810410,611.6677685369286,777.7567641447389,559.8527,817.0054,1
629810426,607.9331543755706,779.1932325510634,532.4543,785.3207,1
629810443,602.0708091158031,772.8086198758708,508.6782,703.5032,1
629810460,598.4625045720234,773.2097318241533,522.8295,772.1547,1
629810476,592.6635864830525,776.1561044134718,486.1302,802.5822,1
629810493,597.2097702163379,778.1085541729774,622.9077,793.2917,1
629810510,596.5626591304397,778.6851188291159,554.1058,777.3882,1
629810526,599.1240149803527,780.8710637541078,598.8246,799.255,1
629810543,601.1984832359328,778.9934102728263,598.0887,745.3419,1
629810559,600.3391479858713,772.516345321205,559.1381,679.1555,1
629810576,600.150030411576,767.3252654630186,567.7482,693.1058,1
629810593,600.2726011463488,768.9199795024203,563.9073,789.3611,1
629810609,612.4177703391899,1113.639831306667,547.4703,1081.1653,0
629810693,607.1624991202825,703.8011000805866,575.7223,701.0211,0
629810710,601.7292900926354,636.5817012858716,575.4976,576.4791,0
629810726,596.404487758227,614.025470828947,564.637,576.4819,0
629810742,597.3194904809494,609.0493453695603,577.3812,600.075,0
629810759,602.6888829004093,607.26208436023,601.488,605.7247,0
629810776,631.0972479620151,569.6304199606882,611.6084,576.5791,0
629810792,578.8669854860462,607.9057427810402,554.231,612.0659,0
629810809,602.868050563968,582.35965427497,608.2037,564.75,0
629810826,610.8207390077098,567.4264125277844,609.4505,547.1268,0
629810843,611.0311340211167,569.2811411687649,590.7206,581.6761,0
629810859,611.0979532637873,571.3647992687282,590.0281,586.0349,0
629810876,606.3773187364911,565.3997560518476,564.584,545.8993,1
629810892,608.2121950494811,565.2952507859193,599.3304,572.5511,1
629810909,611.7943744905441,564.0123541516109,617.3793,563.9908,1
629810926,612.178451331582,561.1913376148126,596.7886,549.7776,1
629810942,610.2802390290768,559.6950728275012,574.7561,556.8715,1
629810959,609.9493442761705,556.782424545693,589.4892,541.3694,1
629810975,609.7533810172939,552.9627131702272,591.6847,528.1443,1
629810992,606.4695455720608,549.3198099748621,554.7566,524.9009,1
629811009,607.8403846474132,548.1988924005318,606.9521,548.724,1
629811025,606.0568934890466,543.3422050943477,570.8855,502.8923,1
629811042,604.4128204712346,539.5840765596537,569.9268,510.9808,1
629811059,602.7047025532135,540.1774687251336,562.5012,562.7787,1
629811075,600.5092080565564,539.3321569966189,555.047,543.6663,1
629811092,599.8697613377615,538.4650111830279,576.7888,542.135,1
629811109,599.1526934331051,537.0909585066177,575.4686,533.7723,1
629811125,597.5396037691839,535.236453557611,560.8787,525.2861,1
629811142,596.5801137381017,533.1863888889188,570.5422,520.5919,1
629811159,596.255931579031,532.2345120583674,578.8384,535.1614,1
629811175,595.2778154548193,531.7025514477172,566.5568,540.2837,1
629811192,596.3990260146052,530.7168002648582,602.5239,532.2373,1
629811209,601.1075634957654,539.6696362126156,651.5659,686.3285,1
629811225,605.7887262071603,548.4276647769109,652.6094,685.7612,1
629811242,611.082240098947,555.8991987430239,666.702,667.9078,1
629811258,617.7446761679188,563.3891710392012,693.0096,670.7531,1
629811275,621.7321850299579,569.9088122403822,648.2991,657.8986,1
629811292,627.3096328224492,574.8733090510292,676.082,638.6704,1
629811308,631.2743687700148,579.7534630518074,654.7091,634.2164,1
629811325,634.5804061009791,585.2778911602517,643.7915,645.7232,1
629811341,639.0055383961093,591.3315404301364,663.4849,661.2577,1
629811358,642.99673952512,596.7172157618415,659.1659,654.2457,1
629811375,648.6371666976881,602.1460383524978,689.2908,654.5803,1
629811391,652.6907979730413,607.714327352974,667.4089,664.0702,1
629811408,655.1525733552149,611.8481396012872,645.7122,644.3809,1
629811425,659.5906270685956,618.7749527469866,678.4865,692.7686,1
629811441,661.46557375387,621.7976245554803,638.9789,635.3679,1
629811458,664.0593445202594,625.2669512226373,656.6722,645.9989,1
629811475,665.6674617918184,630.2770018616098,640.3583,674.6549,1
629811491,667.67070942559,636.921787172629,644.8165,705.9563,1
629811508,669.650193369199,642.5589706651763,654.8005,697.3065,1
629811524,669.9184519236195,648.1448326183485,623.0128,696.7766,1
629811541,669.6624762819802,652.3604627262282,618.4395,681.0284,1
629811558,673.775122532908,655.832332421562,700.5099,679.5713,1
629811575,675.6492830361832,656.9605351914158,665.2041,644.1223,1
629811592,676.5509911208437,657.8422612737035,652.774,644.4041,1
629811609,678.9327995317524,659.3604760245049,680.6045,657.9421,1
629811625,680.4847569551021,661.316235417881,665.4755,668.0093,1
629811642,680.8861370218973,661.2073275825828,650.676,637.8148,1
629811659,680.6925906712538,662.0468110235014,641.139,657.9604,1
629811675,681.1226192479426,663.7962465411362,651.3039,675.9316,1
629811692,683.2024129478549,664.9463785189897,687.0222,667.8297,1
629811708,682.2831010109783,664.3214657031715,640.9933,656.9084,1
629811725,679.6039712360283,665.4112041633682,606.7986,684.3392,1
629811742,680.8192048859843,664.9485264792118,680.7546,657.2885,1
629811758,680.3751122214163,665.1553408235657,651.979,668.5211,1
629811775,681.4886899025673,665.5054882814946,674.7377,669.6149,1
629811792,682.2729591189945,665.5940795919677,671.9868,663.7036,1
629811808,684.382785511044,663.0442083447666,697.3322,621.1117,1
629811825,686.8487635464858,658.9901428650118,705.0565,598.344,1
629811842,692.5550774583269,656.4979026607335,764.0471,625.0497,1
629811858,696.8027396820895,653.0855141743574,739.2371,608.8,1
629811875,699.2139820987367,649.2134521880788,710.9351,600.6007,1
629811892,701.5826709613215,645.9908619274555,708.1669,610.9595,1
629811908,704.9783666584146,642.6736146727125,726.4175,605.9412,1
629811925,709.1214396438365,641.5118306663506,742.4265,644.226,1
629811941,712.3971105814712,639.2132270693119,726.4318,617.7756,1
629811958,714.6157491327801,636.0989268699087,713.1561,604.1934,1
629811975,719.2200477233737,633.008568402556,757.4141,605.6906,1
629811991,721.2258283730117,628.869260093171,715.5037,589.4954,1
629812008,723.5902581671575,627.1783536801271,722.7173,625.2629,1
629812025,725.4409144820486,625.7532565000897,712.9265,626.6873,1
629812041,736.8888376318366,628.0704282962348,884.3236,682.9457,1
629812058,1076.824266449791,663.6526933903883,1066.6621,663.9182,0
629812075,1164.2862585462663,645.1601549378537,1158.9926,646.791,0
629812091,1165.8870975856319,662.1989881346781,1159.5134,678.3601,0
629812108,1169.4273167539575,668.8340202589239,1168.6023,680.9036,0
629812125,1174.8296956657396,679.9181863747003,1180.9583,709.3458,0
629812141,1175.257331161039,680.9808613542967,1168.6488,683.4136,0
629812158,1178.6448796298193,681.5450577617221,1187.5862,682.583,1
629812174,1178.655015600597,682.7563203745563,1169.8579,687.6268,1
629812191,1180.0314350129458,685.5612606324636,1179.5754,700.9759,1
629812208,1178.5910424745373,685.9585670608616,1158.4613,686.4738,1
629812224,1179.3700758334423,686.2400353555076,1177.5339,686.1356,1
629812241,1180.6707008181168,687.4000066162613,1183.5327,694.8311,1
629812258,1181.657961423261,688.4911842684807,1181.9796,695.8151,1
629812274,1183.9262707437729,686.8318968227869,1201.2769,667.9374,1
629812291,1182.1145407759911,685.6844839962649,1152.5747,671.7599,1
629812307,1181.404114130109,686.552376017613,1162.9559,694.4056,1
629812324,1182.3960561321956,688.7057142452194,1184.2705,711.312,1
629812341,1182.0152931825146,693.5540231901001,1162.4226,748.1794,1
629812357,1180.319575142394,697.0262026650764,1143.7627,734.4542,1
629812374,1182.4592578583402,696.8082917137452,1205.293,687.0913,1
629812391,1181.2169136015882,697.3822396860726,1152.8674,698.4355,1
629812407,1178.8791208177458,697.5552551557412,1134.7534,693.4471,1
629812424,1178.238290848269,698.1345131401486,1160.4902,699.96,1
629812440,1177.7688632634033,697.546115441717,1164.3496,683.2224,1
629812457,1177.8357870984403,695.6018161362882,1174.9143,662.7271,1
629812474,1177.5462058708983,696.3730847732811,1164.9486,704.1438,1
629812490,1178.5255210635617,696.7913035392614,1187.2736,699.2394,1
629812507,1180.637622416498,696.4732440463238,1208.4967,688.074,1
629812524,1182.0534563767849,697.0486235412624,1195.447,702.504,1
629812540,1182.3222164720767,696.325768932091,1177.1124,682.0657,1
629812557,1183.9644534127688,695.8089437916876,1201.8756,685.4759,1
629812574,1186.3025655819147,697.720254120256,1209.7395,720.1176,1
629812590,1187.0610884160415,697.4826149298076,1184.8903,689.4081,1
629812607,1188.087187481418,699.2099779624416,1188.5439,721.7805,1
629812624,1187.5537198374857,699.9287108154969,1163.6316,708.6503,1
629812640,1188.0143563054955,701.976991109411,1178.9299,727.5126,1
629812657,1186.7454436029566,704.1572356952847,1149.948,730.0319,1
629812673,1186.1875340304668,704.7996454354982,1163.5103,706.2961,1
629812690,1184.1351388823985,705.9188358563887,1137.1761,715.9678,1
629812707,1182.244181970125,706.0546241139597,1139.5103,699.0734,1
629812723,1181.0133832980544,705.6350825574598,1154.3975,690.7864,1
629812740,1180.4776841549603,706.4496608165691,1165.5575,712.2874,1
629812757,1180.1920698648505,706.7603561200324,1170.2069,704.7527,1
629812773,1181.60968820725,707.6828891135495,1201.6499,712.3597,1
629812790,1180.5690753967033,708.9784662217085,1151.04,719.693,1
629812807,1179.6407222595842,709.6230404072028,1155.1436,712.3146,1
629812823,1178.8775262975255,710.7536863586837,1159.3489,722.4171,1
629812840,1178.9171526552082,712.0211096930447,1170.8489,728.6753,1
629812857,1179.1443717369932,713.6894264296386,1171.4559,733.6858,1
629812873,1172.8247110451712,712.5971157460782,1063.0493,684.543,1
629812890,855.9402117083123,730.6427174883598,831.8141,725.9901,0
629812906,708.5545995804968,654.260647991631,685.0697,655.0997,0
629812923,682.3321288305117,661.6406016547161,629.4745,668.7574,0
629812940,692.7919226790729,656.5381501025564,691.0734,647.7737,0
629812956,700.597658839346,644.4271443679986,704.5649,612.7175,0
629812973,702.1259967833275,645.881694011954,684.5384,652.9954,0
629812991,700.4374093930917,646.0383343814972,668.3599,648.4721,1
629813007,701.6941584918457,651.5867994795534,682.8383,682.6157,1
629813024,702.5733951029367,653.6280487139744,683.5679,666.8655,1
629813040,702.4854956300115,657.7319331368321,674.8779,686.394,1
629813057,702.6214472887699,654.986031337443,681.61,633.4674,1
629813074,703.8632332717862,654.9764784128456,691.5278,655.1299,1
629813090,701.8021690976428,657.0999386435503,654.4435,676.5627,1
629813107,704.7571933241545,657.41393147109,712.9401,660.0593,1
629813124,706.0931454798595,657.6848754074532,696.5754,660.0209,1
629813140,704.9715537666021,659.8038367400333,663.7899,682.3027,1
629813157,708.316926864083,657.1024263566115,729.496,625.0352,1
629813174,707.6374495769717,655.9986461374766,673.7865,643.0035,1
629813190,708.2366777604809,655.2285742627298,691.993,646.5066,1
629813207,707.5679991053285,655.9730086760096,671.4787,666.6536,1
629813224,706.0641535154455,655.498784232086,659.3953,650.0809,1
629813240,698.0610730544328,648.2415662878661,562.2217,551.9995,1
629813257,634.9837924301482,444.6680810129255,625.9216,460.6724,0
629813274,644.4392709531612,561.805032903401,626.1047,569.3246,0
629813373,698.7869332333771,532.0738882708331,743.701,514.2726,0
629813407,641.07108154753,388.295578974423,540.9924,143.4654,0
629813423,615.8159201884492,315.3116528690906,557.1508,142.1198,0
629813440,667.558085656982,228.12840587507108,917.5644,-53.3496,0
629813457,518.8139732835499,67.0160516841952,536.3666,110.3505,0
629813473,922.5886445117769,196.35422887323844,944.9576,230.4344,0
629813490,930.5953099324389,185.34014546796797,963.3721,210.0331,0
629813506,930.1168179640811,170.1348398012684,956.3816,178.1402,0
629813540,889.5713216531857,99.63170877477874,810.964,-52.9295,0
629813573,870.3727843027743,53.86955601848963,840.0326,-66.1357,0
629813590,930.4845722465114,200.69765034278882,952.7985,234.4654,0
629813606,993.2020967876754,168.2857309214425,1020.5823,204.4202,0
629813623,952.8419778284614,167.5614776869646,936.9983,203.055,0
629813639,841.7509751258809,186.85900844247203,629.6434,257.1142,0
629813656,811.7340351260302,204.31581187463817,734.5269,285.4976,0
629813673,741.8948477483482,212.18563083852746,471.8274,272.8902,0
629813689,581.346819185229,311.193902586441,581.2097,336.8539,0
629813706,561.3440676965913,280.41698206274816,562.9727,308.3012,0
629813722,543.3445321715802,262.1435567324192,528.6455,274.4352,0
629813739,521.5216229101545,270.64391445656685,476.0988,314.9665,0
