timstamp,smoothx,smoothy,rawx,rawy,fixation
634584456,958.475786655676,554.8335013043885,1017.7963,455.8649,1
634584472,956.6058635528794,561.1802272959434,916.3387,616.4642,1
634584489,957.1401315205142,565.2171532592035,958.8125,578.2866,1
634584505,955.0689165700171,567.3549491239881,909.6507,540.8811,1
634584522,955.8145729427016,565.1103876921642,958.7314,459.7479,1
634584539,956.7688324882787,569.2654955118188,968.9337,589.6235,1
634584556,955.026036387708,567.5386309439633,909.0615,474.7663,1
634584572,956.0884716347072,567.0369233728561,965.536,495.0659,1
634584589,956.4945838059388,566.9790425606046,958.7834,505.3453,1
634584605,953.0378295960944,564.7215764758865,877.62,454.1589,1
634584622,952.5103730058789,564.075217605475,940.5879,498.9148,1
634584639,953.1008927086722,562.6046177143934,956.519,479.5092,1
634584655,949.1809882484426,560.7500900558981,876.1498,474.6885,1
634584672,946.3850300557541,559.2348396738486,897.1261,478.6184,1
634584689,946.9266459612322,555.2933547620732,957.3584,435.3326,1
634584705,946.5780951555322,552.4180618657001,935.5084,457.3824,1
634584722,946.7841839185007,551.1422307452782,952.3564,489.2212,1
634584739,946.2343095450071,551.001616610751,931.8317,504.4325,1
634584755,946.875770232502,551.3410172542742,961.6804,516.8107,1
634584772,948.4469590616754,553.9531107457138,975.5447,567.5391,1
634584788,947.3141503703243,553.4431097456372,924.1333,498.7885,1
634584805,947.9471322763956,553.898670728846,959.752,523.4252,1
634584821,950.6929066734631,552.0410076368875,987.8351,486.1451,1
634584838,949.0715753651192,551.5981901282855,908.578,501.3727,1
634584855,948.4826447850072,549.011465035356,933.1899,452.7372,1
634584871,947.769830210311,545.6231096301452,927.5231,440.2234,1
634584888,946.7976285540134,541.0268456409129,917.5848,405.6653,1
634584905,948.5041153384766,533.6342973034479,972.691,358.9498,1
634584922,947.1814051265169,528.9648226275667,914.6621,406.2006,1
634584938,945.4001476611713,524.9476097834571,906.4852,417.1185,1
634584955,944.3461632683932,520.519712898256,923.5588,397.7523,1
634584971,946.169443765396,516.2098935098555,966.428,417.7935,1
634584988,947.1939560177968,511.9681365675682,955.9739,409.5388,1
634585005,944.578754102767,509.7421885870472,883.806,437.4009,1
634585021,943.9926330395476,504.52564691689173,924.853,368.0938,1
634585038,944.7826034256854,502.642613393248,954.2081,447.0279,1
634585055,945.9547278888393,501.27509344595677,955.1813,441.4703,1
634585071,945.71732060224,501.81230366651477,936.2546,477.0273,1
634585088,946.2744589507996,502.1021794503284,949.8756,471.0121,1
634585104,945.255799484268,503.23218587544744,912.3739,477.7796,1
634585121,940.0832395495136,501.0466530121618,838.274,408.7358,1
634585138,935.5937257247109,498.42241152885003,851.9263,396.3919,1
634585154,932.7436681586377,491.5949936996769,869.9883,311.5014,1
634585171,927.6593209492188,489.8684133117864,834.0232,408.9815,1
634585188,922.1905372210728,486.68383841017294,830.4451,372.2205,1
634585205,916.2848960808931,485.1538314471671,818.9047,404.9437,1
634585222,911.5638548053194,480.8321168692077,837.9056,351.0916,1
634585238,907.3453861541291,475.9648599157259,841.5543,339.1646,1
634585255,901.5528620587982,472.0946420452617,812.4199,354.8636,1
634585272,899.2121282832895,467.71188568884065,874.4766,350.1002,1
634585289,896.8467336390673,465.0344627673463,865.8903,372.6158,1
634585305,891.0844305347111,466.8251441580559,805.5858,456.7826,1
634585322,890.810255387278,467.1720668317259,906.4491,427.1569,1
634585338,884.5676590269,470.1985258880953,783.4109,472.1693,1
634585355,889.4856868064446,468.809118283093,989.2949,390.0699,1
634585372,1096.2594392064525,403.7521721460018,1094.7937,341.7733,0
634585388,1064.4865078591529,370.52125427468775,1058.7241,301.2766,0
634585405,1075.4098170769803,376.43136942755706,1082.9451,316.4168,0
634585421,1090.0575845388464,368.1531567087622,1116.9529,283.5067,0
634585438,1090.3390575445794,367.1212869975051,1087.0154,295.8483,0
634585455,1090.780949308465,364.27469444334315,1087.9221,283.3724,0
634585471,1094.4334248559655,368.920180538629,1111.1433,329.1133,1
634585488,1096.6677335735167,370.27381425353957,1107.3395,313.0738,1
634585505,1095.654364408604,376.6430390146622,1086.7749,358.5306,1
634585521,1098.2801096720498,378.64967211681954,1117.1547,330.5317,1
634585537,1101.805294755435,382.69014145650226,1132.0696,357.0959,1
634585554,1096.906398269016,382.58287235842965,1044.264,310.6297,1
634585571,1099.0948485213462,384.84572871393914,1120.8401,345.0679,1
634585587,1095.1591874413407,390.8934526437764,1050.1519,394.2155,1
634585604,1097.9638392025001,395.6699574496046,1133.075,391.3561,1
634585621,1098.5690327422847,398.053530600584,1105.2122,361.5772,1
634585637,1096.5305138628762,400.7132026551693,1068.1814,366.9789,1
634585654,1095.8390220510494,409.41729842071584,1090.4491,468.3752,1
634585670,1094.3797949829266,418.22734439103385,1078.343,479.8819,1
634585687,1092.7006367144725,423.16565046344584,1070.9719,423.9697,1
634585704,1090.1707578381931,425.7955686251205,1053.9174,388.7592,1
634585720,1087.4759198477377,425.1071874953145,1046.5156,333.0571,1
634585737,1085.986388298344,425.91438811523096,1066.1646,362.8068,1
634585754,1090.0362806137493,424.40295871329056,1159.8816,328.3787,1
634585770,1087.7367518330536,424.38776724771037,1050.1946,350.1049,1
634585787,1092.8178830754487,425.0335134568984,1182.2957,373.081,1
634585804,1094.4558461705967,425.6266614283609,1121.5347,369.945,1
634585820,1094.69909275107,426.1835111401013,1096.4664,369.3603,1
634585837,1097.3831079377746,424.89611795790483,1140.49,337.6085,1
634585854,1102.1754871885455,422.01643692523,1179.6897,309.4803,1
634585870,1138.516598890079,666.859921715351,1153.6653,647.4237,0
634585887,1087.1492891786572,656.2698591085104,1097.4993,631.5656,0
634585903,1154.744745502662,593.1653576584649,1237.4692,496.2518,0
634585920,1160.5069255790838,604.0621878458134,1187.4841,602.839,0
634585937,1182.4242785729793,580.83812230338,1263.4406,477.2275,0
634585953,1172.6858243082386,603.4793244673667,1149.4333,677.3257,0
634585970,1162.9654211571565,604.8970834045978,1125.5883,582.0653,1
634585987,1171.9774702286995,608.3768536285215,1244.5442,608.9419,1
634586003,1173.2696251773411,614.6067488750926,1199.2778,637.2228,1
634586020,1173.3249554041372,610.7259614696045,1186.5793,550.0391,1
634586036,1179.6274408126462,607.2783671543963,1249.6819,551.5717,1
634586053,1176.8992970626723,605.8383606043274,1162.4797,562.8851,1
634586070,1175.434644304582,609.7977395730219,1175.8125,628.3868,1
634586086,1174.6412202494066,608.7132296958886,1179.4375,568.3936,1
634586103,1172.4333466739504,608.6784226479065,1160.3016,580.1942,1
634586120,1169.765308781797,608.4795076320228,1150.9285,577.1697,1
634586136,1172.9245062948505,607.0476006191225,1230.981,563.3787,1
634586153,1173.0524604786197,607.5297272984149,1190.3389,589.4011,1
634586170,1173.8343296311364,616.4712783254618,1206.7188,730.163,1
634586186,1182.2149146148547,624.6119180648216,1328.959,734.0258,1
634586203,1189.692846119336,632.7990041765827,1322.1208,742.522,1
634586219,1258.0851815289607,808.2693681579735,1290.2175,818.6322,0
634586236,1263.8333857161026,697.1989373328518,1290.9133,691.2911,0
634586253,1257.963490152823,700.3139185900822,1278.5233,697.6083,0
634586269,1232.6879893319935,711.6864387083381,1204.6492,728.1077,0
634586286,1248.826471365495,712.5889996847513,1327.8162,714.2351,0
634586303,1264.4577857683512,710.0761467193613,1358.0897,698.9487,0
634586319,1270.2468596269462,710.193475689535,1328.1008,709.2156,1
634586336,1279.1612561073925,701.0380732205413,1359.478,639.4901,1
634586353,1269.902957797436,707.0543728289967,1230.9719,745.5342,1
634586369,1263.4564950878726,707.3257289112616,1237.823,701.7623,1
634586386,1261.96178995849,703.2747698426135,1274.3796,658.4858,1
634586402,1257.104459716018,699.0639557390953,1234.6832,646.6986,1
634586419,1259.9678237817402,700.0226693179142,1319.8567,709.2756,1
634586436,1269.5362734520324,700.8580754712093,1407.843,714.9133,1
634586452,1270.8663801783118,705.0935110057266,1315.071,757.4163,1
634586469,1270.091540856859,704.9844616065983,1285.3442,697.7278,1
634586486,1265.1420278680964,526.0187149134838,1283.8074,494.4942,0
634586502,1125.9782072568728,294.55534573255073,1121.5466,218.3033,0
634586519,1181.3514297212314,327.42781847244515,1244.6187,301.7448,0
634586536,1168.5049841004409,347.16960370157284,1144.218,324.9507,0
634586552,1177.9062191749006,333.4266705732553,1207.7767,221.3277,0
634586569,1174.1610025631858,330.35077912886567,1158.6057,247.9162,0
634586586,1177.736430825419,293.0827671964878,1177.5354,220.315,0
634586602,1234.1257236036156,366.64953037899124,1242.2767,308.9681,0
634586619,1227.0609924028913,314.10449266546584,1221.7657,187.2378,0
634586636,1217.4404609347234,323.6084042173847,1202.3447,278.9316,0
634586653,1217.4336892889564,307.8574927271858,1219.1238,186.5893,0
634586670,1206.5808936531644,298.7023199180067,1161.3545,185.1521,0
634586686,1201.2921315438457,298.548546597341,1176.2421,226.809,1
634586703,1184.218083993324,301.0895578550613,1080.0891,241.0289,1
634586720,1181.5355800149882,299.41588006810736,1165.0691,214.7741,1
634586736,1183.156422401621,291.183153482314,1196.6897,149.5221,1
634586753,1179.9364408474735,280.55158276173495,1148.7645,105.0854,1
634586770,1181.4941970351217,278.7543025578154,1198.9561,191.3697,1
634586786,1186.473302354773,280.90049401110787,1243.3772,239.9478,1
634586803,1183.7035632446612,275.2138829125014,1149.7152,133.4146,1
634586819,1185.2053238315898,277.19136253205966,1206.1492,235.1613,1
634586836,1183.6645704132338,276.574253928429,1164.3147,196.7582,1
634586853,1191.9141388921848,272.964169980189,1301.6538,158.8062,1
634586869,1195.1583795366048,272.16460079472694,1237.6379,194.366,1
634586886,1197.4305389398087,269.33484737319975,1224.5671,158.6473,1
634586903,987.7469122921441,402.71320133711083,977.2062,332.8097,0
634586919,726.5829265392769,428.53460106686856,695.6111,343.8122,0
634586936,674.4973523907402,493.6818203940956,589.4009,486.0369,0
634586953,664.6370183758606,530.705218281847,616.3093,539.7576,0
634586969,663.4641447347976,558.7922607073638,634.5065,583.6536,0
634586986,659.0025528992468,574.70635945337,614.2173,575.7578,0
634587002,552.6293405509426,653.4114021193096,518.3896,590.0107,0
634587019,617.7639838679831,668.9412153577555,589.7137,612.5361,0
634587036,615.8915661261233,592.661826068309,578.0761,437.0196,0
634587052,658.9632441469475,568.5141159048733,719.6925,451.3513,0
634587069,663.3647032765161,562.1785735696188,646.3319,473.1432,0
634587086,664.5811051254882,569.4759604877979,641.2917,535.7635,0
634587102,656.4547949616824,564.8515915185611,581.6814,467.4366,1
634587119,652.8229384429951,561.9306167774441,598.6556,472.0069,1
634587136,667.3353642327663,550.9410277775521,738.8221,404.3884,1
634587152,666.4543343291465,556.7952315905969,630.1921,539.8253,1
634587169,662.290301191816,565.5956629197561,597.3987,580.0795,1
634587185,929.3827755582229,868.2129737592468,937.1669,864.0467,0
634587202,637.0054487121637,566.7160663218937,605.4652,496.3348,0
634587219,656.5217307278123,566.3056131177719,647.6489,498.1826,0
634587252,658.5084113385677,596.6242799245126,637.4146,601.8544,0
634587285,669.8344254258055,604.3340640345104,680.2442,570.113,0
634587302,667.1308760849918,608.7215396838778,629.0175,565.0408,0
634587319,619.6937290837636,717.9310477930285,594.2432,669.0221,0
634587335,646.2000707730505,622.6532407966413,618.2096,561.3317,0
634587352,623.7248404723362,595.8643304767777,566.9188,496.5712,0
634587368,607.0212148505875,620.7800583821324,542.3199,611.1119,0
634587385,599.2133805448219,653.5984798586782,549.0109,703.5573,0
634587402,609.2922506811354,666.095179518371,626.2598,666.5381,0
634587418,621.3464455815639,681.9301690811785,661.5576,718.4275,1
634587435,623.1402897817936,676.9130845693408,604.6891,586.1143,1
634587452,626.9526971469277,678.1597985212933,626.8628,632.4626,1
634587468,625.4311857841822,678.4636839147373,584.5559,623.0594,1
634587485,628.0546612537505,678.7282315510911,623.7631,625.9645,1
634587502,630.8961444295749,677.5118929646356,629.9664,609.8864,1
634587518,635.3237296173387,683.0317603053095,656.8218,693.4411,1
634587535,637.0331656019944,684.6990595699143,628.0052,649.7589,1
634587551,637.833193210807,690.064346573012,621.067,703.7448,1
634587568,643.4661101425003,688.3187557720315,685.1327,611.7475,1
634587585,687.2913091369196,395.02440394098784,651.3837,302.456,0
634587601,721.3035559512005,329.7385104667338,684.9735,229.7995,0
634587618,703.6056200510311,331.38112179083026,646.8466,231.0425,0
634587635,708.52309290136,330.87742485018725,681.8189,229.7396,0
634587651,703.2465177627597,326.39762533212024,647.6584,208.2691,0
634587668,712.5440246859712,317.86948406813457,712.9428,179.8022,0
634587685,710.3048456822906,318.30480716055956,660.5134,218.128,1
634587701,709.3839252591125,320.724858380188,666.4416,234.8421,1
634587718,704.7815237827665,319.21675991391413,632.8485,203.047,1
634587734,704.2329882272533,324.92550679958805,664.5651,272.5647,1
634587751,699.3394941710086,324.21669888613457,617.1905,211.5973,1
634587768,695.8713044363845,318.73553401951284,621.9501,155.3905,1
634587784,693.0327200554533,320.45517214425047,627.1143,235.7834,1
634587801,693.3804815042125,324.4321537294471,663.8113,270.7721,1
634587818,692.168863039983,322.87706195824364,640.4643,198.0286,1
634587834,688.1941648524728,320.455171903618,599.7322,180.4552,1
634587851,687.8815061517286,319.6650306686259,648.3561,205.4306,1
634587868,685.6754886496792,319.21026613741753,619.3871,207.826,1
634587884,685.5830613684933,320.53805610972495,650.7028,238.619,1
634587901,680.9532806668783,322.354925198981,577.9206,243.392,1
634587918,682.7573623625188,325.9660033123492,680.4459,283.0848,1
634587934,688.6845838898414,328.3540867475591,749.8284,269.0538,1
634587951,697.6438270051325,321.091050261821,798.2098,98.7824,1
634587967,705.8737435878782,315.6209394366672,792.4245,126.7831,1
634587984,711.3081387089197,311.53419068192505,748.916,146.3921,1
634588001,720.9982079498237,308.5470206536908,830.1263,170.0116,1
634588017,727.1299532494098,306.8956644169924,772.0864,189.7793,1
634588034,736.1673756212367,307.7066547683713,832.1813,240.1716,1
634588052,744.8629159849063,304.1295845139871,827.8337,152.7287,1
634588068,749.7904463484433,301.38668407875986,763.7509,162.7957,1
634588085,753.5492907638154,297.92813790578225,746.1189,145.2045,1
634588101,760.7554731516304,293.4554153587349,811.4802,130.9035,1
634588118,765.5850730206466,291.838681629218,770.2194,183.1998,1
634588135,771.1573128761709,286.7877756739684,790.6473,112.8537,1
634588151,777.6470690991246,286.7475113759857,814.3938,209.8543,1
634588168,782.8293173558641,282.9080699538332,799.2365,126.9799,1
634588185,786.3622320879097,283.17939194136994,771.8257,209.3541,1
634588201,792.0059838490611,279.8183566834602,815.4032,138.3778,1
634588218,794.0234380502907,281.07733247239435,753.7081,220.6213,1
634588235,793.524925731509,287.3126152120684,720.1952,322.1908,1
634588251,704.5295732906069,563.94613747591,678.4663,497.983,0
634588268,744.5211035736055,714.5538051253833,729.2823,674.0742,0
634588285,736.9044172816215,690.2173088054207,710.3828,617.0729,0
634588301,755.8222828262824,684.3436428692809,780.2074,629.5457,0
634588318,756.8462807529147,686.9274578890576,744.6687,652.4321,0
634588334,757.6572123056256,675.2736434167049,742.4352,577.5832,0
634588351,754.2264006752548,672.7028762326271,718.7218,611.8379,1
634588368,747.8175771477324,672.9527623433944,690.7596,626.4574,1
634588384,732.2436676028336,668.0812919703515,600.4446,575.9817,1
634588401,728.1664312028794,672.3304818185155,680.8217,660.6354,1
634588418,728.6286608248699,670.3087443656093,716.6987,603.9262,1
634588434,729.2111669350928,666.4578289936791,717.5626,579.0983,1
634588451,728.3671481835369,672.4910027763442,706.6327,694.4551,1
634588467,727.1363805604237,671.4006765875239,696.6497,609.2987,1
634588484,726.054822588406,672.2782066335576,697.741,635.1264,1
634588501,727.8274389322914,670.9684246043937,734.1855,606.6643,1
634588517,724.477899077799,673.9682634435296,664.8839,666.2418,1
634588534,719.1881890889133,675.8113414587923,630.9545,649.2321,1
634588551,721.8444219251029,672.8709142401947,745.0212,580.2197,1
634588567,716.8542340664383,672.309405264562,626.3397,609.7183,1
634588584,716.6934507757151,675.0559060753492,703.2545,671.8514,1
634588601,716.771683403987,678.0194905443047,706.7749,678.325,1
634588617,715.9531053074147,677.8677799574706,688.4272,622.9013,1
634588634,716.952403022291,674.6786318723307,716.6095,568.671,1
634588651,715.3306929359021,674.1938450502616,672.0979,614.8757,1
634588667,712.5770939379195,678.2039786201465,653.9557,699.2966,1
634588684,712.0656653367251,678.7312927892156,690.0598,636.5276,1
634588700,709.5787980733893,672.02254933478,646.5248,492.9576,1
634588717,739.875731524432,428.1298411941003,709.9891,344.2983,0
634588734,732.9413075271909,326.80677659984025,697.433,227.2606,0
634588750,715.6532249690181,301.31568478713274,657.4941,166.2237,0
634588767,721.1094001314116,264.1352705377259,689.6633,70.2738,0
634588784,725.5744682341636,275.25446504978487,702.9041,207.0916,0
634588800,726.037031642784,281.8172532819948,690.8394,205.1561,0
634588817,720.5443960544404,288.28157296630616,654.5588,216.2986,1
634588833,741.0932598391313,283.35942790860815,831.4749,153.1434,1
634588850,729.4393749441996,280.09886678748285,604.2323,142.664,1
634588867,717.0313731069116,278.18641515136227,575.9534,147.5177,1
634588883,722.7373215913011,284.2593018764825,740.2356,240.0952,1
634588900,723.4655149314807,291.04264679730875,696.2948,256.3347,1
634588917,730.9184956597175,296.80213200802524,776.2788,260.5442,1
634588933,735.868217283533,304.06015672762965,757.6858,288.5572,1
634588950,729.2739199779339,307.1498040587691,610.6586,231.9261,1
634588967,726.8547620947699,305.69013059458837,657.0563,173.1141,1
634588983,590.2572639757082,172.5639135041312,535.2042,39.6363,0
634589000,561.7325879681968,158.98162726393426,503.6313,21.9719,0
634589017,566.7078164473462,162.15006089081072,514.7106,29.9626,0
634589033,570.9242537224013,159.58235536950716,522.4111,18.0315,0
634589050,572.4597661957545,162.40819886525261,520.6745,36.6628,0
634589066,569.1183925718452,167.46570266212993,498.6919,54.0692,0
634589083,570.167683077192,170.26851474452886,519.5591,51.2465,1
634589100,572.32868767136,178.1131780535619,531.7664,97.1535,1
634589116,567.8301682672527,175.0260973066371,477.2333,13.5977,1
634589133,568.4941193408121,182.30318402184602,520.571,111.553,1
634589150,565.6309884498048,180.90157439668258,482.7083,30.0892,1
634589166,558.7539637670382,184.00803704973978,436.0918,76.7862,1
634589183,550.1118813110196,184.96613584938802,403.2949,53.3761,1
634589199,550.5462066042164,180.70355843772603,500.2956,-7.4853,1
634589216,553.1489868652972,175.53379282496795,528.4128,-24.5912,1
634589233,556.1150829679358,169.0620647493198,535.502,-50.4545,1
634589249,563.7198170199134,161.09894803549741,604.6232,-77.304,1
634589266,565.0546431900513,157.53767078020877,521.7311,-22.8023,1
634589283,567.6364134737872,151.74444911136865,540.7574,-62.773,1
634589299,567.358273917192,146.8594609745813,497.9887,-56.9056,1
634589316,566.8605210695295,145.58501146376898,496.8188,0.2659,1
634589333,566.7979493469314,144.07220640154526,503.6743,-5.8279,1
634589349,569.1615156297246,140.22606510892751,543.5901,-48.1292,1
634589366,570.0975500605743,142.00810062028876,524.7961,50.7391,1
634589383,567.725940290632,142.42219332951228,465.8114,20.606,1
634589399,565.253997186113,149.52166104224705,468.6457,147.1166,1
634589416,563.900909442134,157.97089968724697,489.3969,176.7663,1
634589432,520.0841890923334,339.0260759030639,467.4844,226.0764,0
634589449,509.07989524443724,313.8902576335551,454.3135,196.3775,0
634589467,483.5267739771438,329.6250611119163,400.5931,228.8734,0
634589483,482.1228378318889,336.2442099036763,423.9969,235.0069,0
634589500,474.65681531355455,320.94150027930016,391.2973,148.0642,0
634589517,485.0739664576352,315.82864414798604,472.1042,177.0882,0
634589533,492.5859487832329,317.3463049631469,476.4114,210.8739,1
634589550,489.0435353379245,314.2148411931602,408.8264,173.4665,1
634589566,491.6304439149828,320.40622693040285,456.123,252.0506,1
634589583,496.7149298584569,318.77180255095305,481.1786,189.5197,1
634589600,489.8879772615282,320.3813145476085,371.4086,213.8443,1
634589616,495.9695734171904,321.5681649232987,500.909,220.3963,1
634589633,501.7630306303476,318.3526548970826,505.1103,168.0295,1
634589650,502.93351420820636,315.3880292624312,456.2895,162.9264,1
634589666,503.5004696578068,317.37631067010614,453.0114,227.3049,1
634589683,505.9161595564029,316.3788769365606,477.8128,187.9361,1
634589700,506.6326029948634,313.9182576525967,455.52,162.6967,1
634589716,506.07332569868606,312.6988463282176,438.2569,178.1766,1
634589733,507.2635183753232,312.8823737294436,466.1335,201.5453,1
634589750,507.8935295760907,312.0951126933906,457.9925,184.5357,1
634589766,514.8528391628793,312.18542101844355,563.6353,205.8272,1
634589783,515.2229764549766,310.91381136551,457.8441,174.3932,1
634589799,514.0060997168792,307.54909247768313,429.8876,133.2134,1
634589816,515.4386117672425,304.13023155647164,476.0244,132.5431,1
634589833,514.8306475416232,302.3632482283545,442.5472,158.7234,1
634589849,515.7723495214365,302.557895344218,472.4543,196.4094,1
634589866,514.9054724516358,299.9201342173038,438.1964,138.6955,1
634589883,514.6917989883237,300.71225854398233,453.4025,204.6443,1
634589899,512.4776818796794,300.39753974668037,415.7333,179.6843,1
634589916,508.05892254919405,301.8274244911525,375.6402,210.667,1
634589933,506.13548764432227,299.169875954139,418.1817,131.3325,1
634589949,505.9325579367266,301.54384621395764,455.0046,234.8937,1
634589966,692.9377526421206,358.755990394893,655.6938,261.1445,0
634589982,916.2183965522486,452.0103657518933,902.1844,384.3902,0
634589999,1022.9294644201807,439.2168693463841,1131.7864,370.2574,0
634590016,1068.3852748323407,445.2632782141169,1164.5309,407.8472,0
634590032,1088.9194148682402,462.5184685990947,1156.9353,471.9179,0
634590049,1108.5709526645558,475.08400684025963,1195.6957,486.1896,0
634590066,1145.772165864319,548.9127296524658,1155.6514,512.2809,0
634590082,1114.7735705340954,507.3244999536301,1120.0044,462.2271,0
634590099,1146.593629805936,531.026792988116,1191.2062,521.2325,0
634590116,1159.970510614129,539.5940625593267,1200.0278,523.9155,0
634590132,1148.6512008726402,537.0083847686451,1121.0452,487.2653,0
634590149,1138.6853510633416,536.0132234882515,1104.7522,489.4552,0
634590165,1133.3928018686738,534.9617509693071,1113.9326,487.5341,1
634590182,1124.0156625930663,540.1510671336605,1075.4122,531.2715,1
634590199,1121.5714284755957,543.4424111789211,1114.522,527.7992,1
634590215,1123.7880918765509,536.2245946986509,1148.6793,434.0348,1
634590232,1122.2803086283366,546.6633007407469,1122.5427,607.4504,1
634590249,1125.8768895904311,540.74162092574,1168.2751,439.8895,1
634590265,1133.1593885769894,540.3968397604621,1219.7806,502.515,1
634590282,1135.1331783611517,537.148949092007,1162.8875,459.8746,1
634590299,1131.7463493028881,536.8789673110033,1096.6599,492.1534,1
634590315,1128.250277234383,536.1275199890814,1090.3262,484.266,1
634590332,1130.588892069961,537.634199583346,1171.7212,523.1565,1
634590348,1261.907970380012,685.4946091065965,1288.245,677.691,0
634590365,1238.3613285912197,660.896896486678,1261.5156,647.7131,0
634590382,1257.1519737747603,668.6298900603158,1302.939,668.1664,0
634590398,1233.5174285214218,698.5776314736956,1210.1289,755.7462,0
634590415,1240.0400917022046,713.7117057977279,1289.4033,761.0251,0
634590432,1259.091064494454,720.0373400485977,1369.1571,750.0597,0
634590448,1252.7431625009401,727.0175113952922,1247.6285,760.1627,1
634590465,1284.0780995116581,521.7212139238675,1304.1041,490.9069,0
