timstamp,smoothx,smoothy,rawx,rawy,fixation
631701264,893.8931613344469,501.1175755645874,909.4597,444.023,1
631701280,897.7711704664097,502.71905473401324,932.5637,470.1448,1
631701297,899.4510751501153,502.8434696420899,911.6274,454.1343,1
631701314,902.3857057437148,503.8982791526094,930.0905,466.6582,1
631701331,905.3329524024647,504.15992889069054,934.2333,456.527,1
631701347,907.9344239988424,502.67125157357236,933.2461,430.374,1
631701364,910.1337822313907,500.90358494653145,930.5695,424.3729,1
631701381,913.9361561034934,500.71012392122583,957.3856,447.2545,1
631701397,915.5358080557053,500.1255543577817,927.0923,441.6158,1
631701414,917.705902896015,501.1167747418526,938.0981,467.9772,1
631701431,920.1098150993046,502.2957244916368,944.3307,471.921,1
631701447,923.95136928157,501.8568863721216,971.127,442.5699,1
631701464,926.8754993312685,500.24538302056914,959.0104,421.1519,1
631701481,930.055768214036,500.25477273406494,966.1449,450.2776,1
631701497,932.8541399666269,501.6139487724739,962.2477,476.0245,1
631701514,933.6835601726672,501.84507969534906,930.0637,456.1539,1
631701530,933.886913682897,501.2978751722404,920.8193,441.4926,1
631701547,934.9252964609318,503.5861321052105,937.3752,496.3116,1
631701564,935.019790820049,503.8883038653986,922.2005,458.4205,1
631701580,934.2587059434945,503.0830710782918,908.1277,437.168,1
631701597,926.5209892589613,501.77139861357847,777.1326,431.6862,1
631701614,926.7071816465522,502.46626468322995,925.9495,465.4,1
631701630,927.1222757883834,502.19962370962196,932.1565,443.111,1
631701647,928.4207381928,501.9711659777533,944.8885,449.9058,1
631701664,928.753897465465,503.14845055392425,928.1123,477.4255,1
631701680,929.2496298813658,503.9586243047046,929.6291,466.8905,1
631701697,930.5081079480499,504.0838209886649,941.0082,455.7761,1
631701714,931.8450026000064,506.3106701027228,953.5902,495.4055,1
631701731,932.5955069917787,506.8181147986757,938.785,466.3714,1
631701748,934.8367872499738,508.5370937158029,967.8828,487.8441,1
631701764,936.7300088409636,507.77020799548416,963.548,436.4999,1
631701781,938.1420138785994,508.46718012672414,957.1064,469.3266,1
631701798,940.2379210569868,510.4677095706371,967.5408,493.4977,1
631701814,940.3818312688272,512.7609147805579,933.9535,502.5873,1
631701831,941.2306710699653,513.6807199175929,947.9019,474.4047,1
631701848,943.4308059872577,514.582445285039,973.1027,471.4381,1
631701864,945.3981225360618,509.92412438744566,969.7057,361.6653,1
631701881,947.0633240529348,504.5591454352835,967.7313,351.2467,1
631701897,950.2825166114972,498.896251305796,993.9595,343.8574,1
631701914,952.4037934554638,495.90240244026006,975.8609,400.0285,1
631701931,955.1984122240718,490.2023579062212,990.5344,344.8207,1
631701947,957.9917955165413,485.7008934670463,994.5345,363.9698,1
631701964,960.1397487584921,480.95862373477746,982.7434,355.638,1
631701981,961.3716855025664,477.9741904055251,968.0899,392.1914,1
631701997,856.1975872221703,326.2368007186814,849.3332,254.6664,0
631702014,763.8308989759139,242.4805812042461,752.172,162.6446,0
631702031,779.2351880378615,268.3261219203879,784.3962,220.3954,0
631702047,785.3032390923836,267.68497944178887,787.4008,188.5087,0
631702064,792.1949905005599,265.2009518521906,803.4968,178.1316,0
631702080,793.3339019391606,266.6051361139909,787.5237,195.1211,0
631702097,794.1811991002454,270.66879925310144,787.8934,215.9448,1
631702114,792.0539663826922,268.19807135517084,768.4703,174.6555,1
631702130,790.371106211825,268.7026344064373,767.9696,195.6795,1
631702147,789.8489093797158,271.2110933574602,775.265,215.875,1
631702164,791.818505084158,271.7361720431521,799.006,198.6174,1
631702180,788.816634583143,271.46510794744376,749.2673,192.2727,1
631702197,787.7725684465545,273.54063975465334,766.8132,220.2193,1
631702213,786.6468269552383,273.3736188700725,764.3842,194.1984,1
631702230,780.9226757054605,271.7358477319976,703.6963,175.8474,1
631702247,777.6399651512238,270.0741825085887,729.11,172.3084,1
631702263,772.0636047196599,270.1469869330195,692.4146,197.956,1
631702280,766.2223060102656,268.1150305335264,682.0811,165.1181,1
631702297,762.7147301506333,267.2762375513506,710.774,181.2899,1
631702313,759.1096373218304,265.75272994940923,705.2436,168.9906,1
631702330,754.9893454302415,264.0383511990503,692.9689,164.5697,1
631702346,751.506008995099,262.5546792296653,699.0735,166.7481,1
631702363,748.8044541616338,261.27370281788797,708.3933,168.6108,1
631702379,747.8905032773179,259.5299510931425,735.7703,157.7577,1
631702396,745.2683148708069,258.4685858125313,703.9558,170.1448,1
631702413,743.4233053074397,258.66514064942135,714.5111,192.4634,1
631702429,741.462785313693,257.90616649522127,709.9481,173.6983,1
631702446,740.3837452931385,258.61884219430493,723.0507,200.832,1
631702463,738.7064683306377,258.4408469683436,710.0203,183.454,1
631702479,738.55534705589,259.0926427571096,735.4828,198.2455,1
631702496,736.476260787161,258.20603820092055,698.2203,168.6354,1
631702513,735.0464019037086,259.3288856866422,710.8422,205.7134,1
631702529,733.1863020098265,257.800006337668,704.1918,158.904,1
631702546,731.0166871634237,257.52648771923685,696.012,179.9325,1
631702562,731.1228026830338,257.2767659077719,736.9811,177.3342,1
631702579,730.6540266290108,258.14979665187775,722.0258,201.5063,1
631702596,730.465172884106,258.4856192776751,725.1703,192.2485,1
631702612,729.8539788497834,259.6109717098942,713.469,203.4718,1
631702629,728.932358567009,259.2319318678554,706.4644,175.9931,1
631702646,727.8038893369397,258.83428555992015,702.1295,177.6893,1
631702662,725.3848237292208,259.2511087767849,679.3665,192.6701,1
631702679,724.7631061836144,260.55523486994616,705.7959,208.4205,1
631702696,723.7229189738861,262.680981751484,698.9509,228.0593,1
631702712,723.9092458071294,262.4831455736122,720.5136,178.3127,1
631702729,724.7601816421949,259.8400753997886,725.9905,127.84,1
631702829,778.3099864570146,546.3978735868614,765.6574,509.1914,0
631702845,690.8667984560897,411.13425256974983,674.0112,358.1467,0
631702879,708.2759686360241,358.980278627219,711.4048,237.7934,0
631702895,712.701601139527,344.6081883056705,706.8734,248.641,0
631702912,714.1076826668151,343.0119881671958,703.2648,274.4064,0
631702928,723.1130489702225,344.4651086980719,745.6366,286.4431,0
631702945,730.8257320183362,327.070923935589,716.7663,260.5596,0
631702962,707.8296121709806,328.2304930528717,692.4444,262.7902,0
631702978,722.2866767955767,327.9760659033451,722.9808,261.0718,0
631702995,718.0850645290478,336.76114539151007,694.2258,292.4029,0
631703012,725.4275469855145,330.32504408684224,734.1613,241.6887,0
631703028,722.1864020256883,333.7034061443108,693.8215,284.202,0
631703045,713.6130932692334,326.0748185254939,654.6495,219.2581,1
631703062,712.7934007186137,329.9233679982177,693.14,290.5979,1
631703078,713.9206454566115,328.45579602851234,707.5468,251.3924,1
631703095,716.0102561997163,330.28012344711243,718.073,280.0946,1
631703111,717.3169009389164,328.5607177708224,714.1545,245.9446,1
631703129,719.9654030239751,330.90881806132546,730.4089,289.1382,1
631703146,718.4798597647384,331.41887572494795,687.3547,272.0034,1
631703163,716.1063661708233,333.4161437197037,674.2419,292.8912,1
631703179,714.1516196893939,333.2410954051869,676.4563,265.6677,1
631703196,713.7348108560856,330.0066307032916,694.8779,220.1537,1
631703212,714.869182011899,329.0447574233356,716.0264,249.7743,1
631703229,718.171087580806,331.45550179880763,748.7295,300.7499,1
631703246,717.5948814020969,334.16277247571804,693.2926,310.3566,1
631703262,717.373297552054,336.263530032126,698.3678,302.7838,1
631703279,719.6735726525994,335.7962042952494,738.8938,258.9055,1
631703296,721.3562477370167,336.89187061320837,730.4845,286.7831,1
631703312,721.8382594376767,336.3678514670195,711.8631,259.2311,1
631703329,721.2857281859212,334.74855198865384,694.8453,239.5819,1
631703346,722.4682223237916,335.10008236158416,724.7014,274.6356,1
631703362,721.5363708145335,334.951308380499,688.4081,266.849,1
631703379,721.3413220643082,336.6283415670174,701.2188,301.5924,1
631703395,721.4189074484607,336.86741592754845,706.4384,274.3684,1
631703412,721.6117172186318,336.6453756889161,708.8315,265.5941,1
631703429,723.424767596478,337.9663530305342,738.6229,295.1839,1
631703445,724.5357361345561,338.8297989710766,726.4886,287.1855,1
631703462,723.963496795043,331.372553124609,695.0724,121.9904,1
631703479,721.769361805378,324.7798970381218,668.8082,140.2998,1
631703495,721.6774693817772,319.2378462667006,704.568,162.3609,1
631703529,721.1038922537282,315.1771481180652,699.8962,185.4232,1
631703562,721.5401453550212,311.22369933108985,714.1213,189.7825,1
631703595,719.7608910503703,306.74272855250405,669.6965,171.8548,1
631703628,718.7201932029064,300.7809501864193,688.0709,147.2202,1
631703662,720.2522120165972,295.6291244299806,736.7755,154.2322,1
631703678,719.3396512323046,291.59770605062977,692.3695,177.8654,1
631703695,718.7366542996695,288.4688873004081,697.1769,188.1747,1
631703711,718.4749467691635,287.2998465945348,704.5002,227.6333,1
631703728,717.3861270283725,285.689798623242,684.3306,213.3555,1
631703745,716.4088593250524,286.02074540454134,684.8345,250.0852,1
631703761,713.4789291092985,283.4613844021063,649.3932,187.1213,1
631703778,712.307325408796,281.7627642040659,683.3198,195.0733,1
631703795,711.8637676766589,278.69775788446645,698.2814,167.6912,1
631703811,710.3691625694252,276.1118342589799,681.0608,179.9647,1
631703828,708.8690075727717,272.098316209268,673.9594,148.6752,1
631703844,708.3994134722495,270.0280826863575,692.4915,181.9999,1
631703861,707.4971335406437,269.7905855158008,687.5098,210.6975,1
631703878,706.4102474244036,269.8041295430291,681.7382,215.873,1
631703894,705.9543411699768,268.3458497382395,690.3275,180.491,1
631703911,706.0293049778408,267.5065985257594,697.3251,188.2721,1
631703928,707.3238587148156,266.3229601606644,722.1518,182.3394,1
631703944,710.9333379574,274.8340029577498,759.1433,370.8231,1
631703961,745.1402691029558,615.7449709515048,730.1692,589.7029,0
631703978,760.1348795524871,583.7958447102884,746.2155,552.6215,0
631703994,746.7764159094198,580.8021639951309,718.0383,546.8433,0
631704011,750.8976001488993,584.7231250193239,745.1273,562.636,0
631704027,759.5570142771438,599.1568893263561,772.4044,617.9996,0
631704044,760.7763293235795,590.0833848187618,751.8623,518.3844,0
631704061,756.6766245729948,595.0616033934216,720.9395,594.0536,1
631704077,755.6423638737591,594.5825422019423,735.1028,561.7661,1
631704094,758.6884141240427,594.1227362300627,766.1991,559.8165,1
631704111,760.919659273553,594.2404327184842,764.3776,564.6124,1
631704127,761.3975124502052,597.3158155524083,750.8359,596.8354,1
631704144,758.7601731218984,597.6840446589325,718.5454,572.3774,1
631704161,760.6372034640976,596.2640557308864,766.2235,549.1694,1
631704177,759.2945663011913,595.4414721147862,729.7911,556.16,1
631704194,761.1723739541155,598.4571145139345,769.1171,606.8412,1
631704210,761.2915376634892,601.0892653799217,747.8527,606.3541,1
631704227,761.092983025851,604.481285018607,743.4957,621.676,1
631704244,761.9430603981075,604.636080601935,758.9545,574.1947,1
631704260,762.3223262681321,605.7385207905136,752.681,590.4114,1
631704277,761.2765407752738,604.7786497749937,731.0477,557.873,1
631704294,761.7811507878749,603.7371745430356,755.1158,555.0109,1
631704310,767.6889973047067,607.1627574462698,843.9343,630.3846,1
631704327,1006.7899282330044,560.859862438218,1007.1538,516.7054,0
631704344,1004.7998149404289,601.95640308284,1004.8029,563.722,0
631704360,996.6770017242578,608.7952990718339,987.5656,579.9634,0
631704377,993.195200029644,601.4338758773712,985.3511,547.105,0
631704393,996.1265902556418,594.0035679914819,1005.0985,529.5632,0
631704410,995.7203170908111,592.2919540510436,993.6166,545.772,0
631704427,994.3897503897554,590.2801823001073,987.1049,540.305,1
631704443,997.3489463524429,582.2501215474914,1015.5121,488.4448,1
631704460,1000.2969527255832,581.0127748809958,1020.7671,531.2805,1
631704477,1003.3575156676509,583.4595825178925,1026.9655,564.3513,1
631704493,1001.546039958767,582.9825109156623,984.4482,539.3448,1
631704510,1000.8391031121863,581.8362824877859,993.3177,530.3701,1
631704527,1003.0481838893023,581.7148030242895,1025.576,539.8024,1
631704544,1005.0083362298984,581.7758666325822,1025.8678,541.8966,1
631704561,1006.3857552960876,583.4942833999974,1021.0718,565.0935,1
631704577,1004.5144243985386,582.369431334086,979.3088,527.4895,1
631704594,1195.0690288361197,796.3466651875516,1204.8173,778.2458,0
631704611,1329.3372384918596,869.4663183464347,1346.3469,856.4679,0
631704627,1298.1538770328802,813.8635863530872,1281.1542,732.0715,0
631704644,1293.9070398137244,844.8221511492483,1299.9045,900.6339,0
631704661,1284.8176348538614,827.5974567965278,1271.5728,752.9148,0
631704677,1293.1898842099338,843.4585222501565,1343.1624,898.3435,0
631704694,1290.4886465645218,851.1307169207415,1291.332,879.6548,1
631704711,1286.9958204834911,848.9582755724244,1280.7173,820.0144,1
631704727,1288.159565013864,858.819429210158,1311.2917,919.7152,1
631704744,1290.102678671428,860.6273200090839,1320.6973,860.5195,1
631704760,1292.8606199635556,865.7938145368825,1331.8804,899.3521,1
631704777,1303.015721907557,865.8594635749834,1415.6682,846.8409,1
631704794,1309.0638781968794,869.8942770484209,1384.4419,897.4041,1
631704810,1313.0703653654355,874.9357446944574,1368.6348,917.9742,1
631704827,1312.6168454432263,876.0305523335898,1317.3564,872.9867,1
631704844,1310.9985933947264,876.5373445281977,1301.4077,866.9866,1
631704860,1311.8743607158035,878.4688092441041,1334.8649,888.5919,1
631704877,1316.302691987126,879.7508773177747,1388.335,879.2075,1
631704894,1318.7924491227495,880.6745903656586,1364.0125,876.2854,1
631704910,1326.2303804057733,887.721516181292,1443.73,978.2468,1
631704927,1329.7097519288639,895.7044933172743,1387.2949,1003.9628,1
631704944,1331.4166499347687,902.117224244132,1362.0461,984.9442,1
631704977,1300.7793134507406,706.5969742330948,1317.1287,671.573,0
631705492,789.2693156355409,538.6741315264169,777.2916,499.9379,0
631705509,752.6003712207433,569.4485222055961,699.4775,573.0322,0
631705526,762.6752105574797,560.8392046120406,770.509,505.7861,0
631705542,780.4146258803555,537.3072852932444,823.9947,416.9464,0
631705559,796.3904467961484,529.5478946535659,850.8189,452.7804,0
631705576,744.3585167862107,586.1730428604907,729.5201,555.9583,0
631705592,815.0049334095879,554.5772545482712,804.4077,517.0874,0
631705609,790.8021202891058,554.58771133657,753.291,519.0164,0
631705626,795.4531126981701,575.3689584196646,793.2643,588.4048,0
631705642,795.7185025429559,581.5353935578577,784.6307,569.1259,0
631705659,786.9461959015015,583.2688970295603,738.1699,559.5274,0
631705676,782.8019541715121,581.3840110994141,749.4443,538.6385,1
631705692,781.7708514201038,586.1931826896454,763.4187,585.9709,1
631705709,785.5342797568442,586.4364136994403,800.424,554.478,1
631705726,781.9345298459327,584.1546923395969,741.1184,532.6832,1
631705742,794.8415304832693,581.8742660776074,897.5078,522.6295,1
631705759,793.2927657860765,583.9259930231151,764.386,573.4788,1
631705775,785.9007601761094,577.605428887858,695.6141,476.0307,1
631705792,728.7424758532055,372.11883035206694,714.2932,312.0929,0
631705809,675.8240304325922,379.53282433732124,658.2954,322.6461,0
631705825,689.3635551288357,382.5339778806014,686.8549,328.4272,0
631705842,692.235763734818,399.6669148368172,681.2859,383.6437,0
631705859,694.743982218044,387.9644880426197,686.2049,291.3054,0
631705875,693.9846884841013,381.7265530008018,674.2874,296.6932,0
631705892,701.6133210360139,380.76557141385683,724.6583,316.6889,1
631705909,699.6955736946879,384.7427641076273,670.9248,354.8669,1
631705925,702.0374735573862,384.2607644804052,701.9893,322.7932,1
631705942,703.2859412040006,381.8059940662585,696.5387,302.8801,1
631705959,706.1624737439917,382.30597918850617,714.6593,329.0228,1
631705976,706.255847060405,381.14437416434697,689.8892,311.6615,1
631705993,707.0876519789952,379.2130758531558,698.6412,299.808,1
631706009,707.6961332881401,377.959712528012,697.2331,305.6203,1
631706026,710.6672446324706,378.22691360737605,728.5105,323.6063,1
631706043,712.4909457331273,376.89228908548995,717.1767,300.9273,1
631706059,713.1598312187747,373.9674908864088,703.4623,275.3303,1
631706076,791.9070716684541,157.2120087227634,782.3701,64.1492,0
631706093,813.4219656777665,175.60087261109317,805.0085,84.3041,0
631706109,803.1908809858452,201.8371612224984,783.0859,144.9643,0
631706126,806.2772739451881,202.53639433657202,803.8247,116.5416,0
631706143,808.2025965062063,213.1730292063165,805.1157,163.0521,0
631706159,806.4416579515051,213.78486695655675,790.0228,130.6881,0
631706176,808.9566897078116,215.49569251328379,812.9685,138.5244,1
631706192,808.2347493686118,212.4893738930183,794.8433,106.3201,1
631706209,804.11009036086,213.3712766661434,765.7894,135.313,1
631706226,806.5974005845902,212.61429439479005,817.8476,119.2066,1
631706242,808.7488478924321,212.65297758383116,818.8184,126.2419,1
631706259,807.7069762404961,209.90003547221744,788.4768,95.2861,1
631706276,810.1987010721953,210.75386027071497,827.0974,133.7779,1
631706292,811.920298969441,211.05893800319257,821.475,128.1349,1
631706309,810.8590636734475,209.3766461041502,788.266,102.2116,1
631706325,811.6785684273012,208.54408408195906,812.3089,111.3227,1
631706342,812.965168777019,208.3585566152184,819.9242,119.7538,1
631706359,813.6709388042802,208.3161908440549,812.9567,121.9816,1
631706375,819.7178467309018,206.86601463978138,894.9365,95.7396,1
631706392,823.9032167243125,207.91564766820622,871.626,137.1905,1
631706409,831.7987968284427,207.34736567310608,935.3818,107.6223,1
631706425,836.104580401002,205.55107534534716,883.446,87.1625,1
631706442,841.0816726989034,204.8224734575396,898.6918,104.3753,1
631706459,847.990365310343,206.42266532544056,935.9174,145.1852,1
631706475,853.1714893191175,207.0824522566909,911.5887,129.2115,1
631706492,858.2898022982662,207.37348086281511,915.1434,122.2641,1
631706509,862.8157954319782,206.00014742919905,909.3775,90.4818,1
631706525,864.8770369289807,207.3585810150252,869.1503,144.3544,1
631706542,869.129170925254,204.72481836620176,912.8864,64.7743,1
631706558,871.9389723830301,203.78222762974306,890.5714,98.0269,1
631706575,874.0858337297734,201.66340680134607,882.3534,74.3546,1
631706592,877.2549154198871,200.18512023063548,898.1541,82.8403,1
631706608,882.5709403710919,199.2849605593863,939.6733,98.6776,1
631706625,886.953035961147,198.15321610180277,929.1565,90.5068,1
631706642,890.8682146747525,197.48892598894707,924.9916,103.8726,1
631706658,889.2964377731045,195.73648634465297,826.8253,81.0521,1
631706675,885.0220694511548,194.31990565633447,783.5986,89.2127,1
631706692,882.5235969533696,194.4766661123873,817.6467,114.7256,1
631706708,878.2720716231855,193.5187842176668,785.4102,95.8199,1
631706725,873.9392839409683,191.957298777171,791.8066,81.0011,1
631706741,867.5279946018211,189.1623375541219,754.741,57.5668,1
631706758,862.2215013269193,189.39242038140932,771.9489,112.6796,1
631706775,857.2707701558303,187.05077845524352,782.524,64.301,1
631706791,852.1416946162395,186.7797787396306,777.0077,103.6682,1
631706808,845.7663447684133,186.93402151149502,748.6885,109.0618,1
631706825,840.5206744244091,186.2662289639205,769.8984,92.0199,1
631706841,835.4470410828808,186.63200068002578,770.5988,112.4326,1
631706858,831.5291619112003,186.52063881305176,787.5437,101.4374,1
631706875,826.3811938444563,186.303621339253,769.1916,96.7125,1
631706891,822.5345914445028,186.3362945183418,785.3781,104.6125,1
631706908,819.7790195271866,186.28578563067367,806.7682,98.341,1
631706925,813.097975613242,185.88594211623536,723.1871,91.7006,1
631706941,807.1644088361727,184.2939161577022,733.4,69.2055,1
631706958,804.2793195823301,183.6693958041267,787.6145,90.1867,1
631706974,800.8541648368557,184.35479560274152,768.9839,114.105,1
631706991,797.185661161528,186.12237957204417,759.2656,134.5663,1
631707008,794.2497734223087,186.46227175330057,766.9985,102.2148,1
631707024,791.5165890732134,187.02349141842265,761.6284,112.3103,1
631707041,725.7641979113694,10.098814400456005,713.3169,-101.2688,0
631707058,747.1507345455875,79.83560913923398,735.5114,-22.4621,0
631707074,731.5089371221485,70.53013438063185,702.5873,-42.4602,0
631707107,733.7290733496762,62.02611944725636,726.2772,-61.6995,0
631707141,747.393001328546,78.72939766638429,778.3538,31.4236,0
631707174,739.8567123264979,122.45060042854104,694.8556,223.2812,0
631707207,715.0278766720382,242.05386292599889,700.5727,164.0804,0
631707224,703.6962605939997,260.31815604222663,688.4816,185.3874,0
631707240,700.4747710993238,264.67666977565165,681.6256,195.5843,0
631707257,701.5727645911514,267.0031434860289,688.493,198.2751,0
631707274,703.0462555918641,271.2677237514781,692.271,212.1219,0
631707290,705.2534111744117,274.2560303445165,699.0873,214.0918,0
