timstamp,smoothx,smoothy,rawx,rawy,fixation
631686181,1073.0574621259511,555.5876694853345,1086.1812,533.453,1
631686197,1074.3190211746944,556.9720954339778,1097.5269,531.6772,1
631686215,1074.3041116275003,557.9110420692645,1074.1487,526.8703,1
631686231,1073.6938788450384,558.7725380481198,1062.3184,524.6741,1
631686248,1074.6533097522101,560.2477529516136,1091.2239,538.7866,1
631686264,1073.2882927773226,561.8972022547443,1052.5457,542.2332,1
631686281,1073.6851061323696,563.5917668758027,1084.0931,545.7196,1
631686298,1072.2261981755028,566.1116842371118,1049.9418,559.6966,1
631686314,1071.7924535409559,566.7581940919342,1068.0773,523.3414,1
631686331,1073.0387204657395,567.7145632234668,1097.9851,532.7742,1
631686348,1072.013019684493,568.726852517163,1064.564,533.397,1
631686364,1072.681973488889,569.9628272370195,1091.5591,540.7037,1
631686381,1071.1449188795023,571.4283422687922,1053.6545,541.3406,1
631686397,1070.9403239731182,572.8898368375101,1071.5129,543.2064,1
631686414,1070.7742816871935,575.5948864906976,1075.3945,571.6091,1
631686431,1071.191309125288,575.1523274382931,1085.3743,507.3812,1
631686447,1070.6808860975684,576.519305285918,1068.7427,550.1162,1
631686464,1070.9043127603838,576.342711598763,1079.6874,521.097,1
631686481,1069.1740346283345,576.1412617079645,1046.7397,519.2078,1
631686497,1068.0610734922702,575.4599481780452,1055.968,513.0424,1
631686514,1065.421130964017,567.8551888333719,1027.4752,373.8007,1
631686597,1063.3098265679857,573.7222239029268,1031.5975,646.3079,1
631686614,1057.1423970315907,565.2198483247591,960.7585,361.4171,1
631686630,948.0073902457337,346.79185477567336,946.2849,274.5253,0
631686647,898.7020389826903,373.9671718263657,893.9888,307.5064,0
631686664,900.6941245538442,372.07292927009416,898.2189,303.0281,0
631686680,906.4352193481534,366.1822007282003,914.3353,284.5011,0
631686697,911.2514939871346,362.3144704430199,922.3914,280.16,0
631686714,911.203124449132,360.791014754488,906.8673,285.3948,0
631686730,913.439708071079,358.8667715209161,920.9742,278.8923,1
631686747,912.0825764656545,352.54158049875844,899.7893,241.5811,1
631686764,913.6587217340855,346.2162942413961,921.0663,227.8949,1
631686780,913.9308365016126,340.838009462571,912.2325,224.965,1
631686797,913.9384597701367,336.4494221426402,910.1221,225.3624,1
631686813,912.9838830188961,335.3128608733901,899.7401,255.2024,1
631686830,909.8691737602227,331.62449921406136,873.7071,222.4621,1
631686846,908.4894835074516,331.6219870452899,889.9915,264.1469,1
631686863,912.4439108592721,329.4747376687466,956.8386,231.5056,1
631686880,915.4069472586942,329.46901506133315,948.4469,259.6581,1
631686897,916.3260746929878,327.7927117883187,923.3956,234.7059,1
631686913,913.5313391368265,323.17531609494654,870.3625,187.6281,1
631686930,908.4666220977215,317.6974749057044,833.2378,169.1924,1
631686946,905.4536835579056,316.14300356094634,860.1538,228.0323,1
631686963,902.5136230518082,312.54874767034397,858.7277,190.3716,1
631686979,901.2058324806834,310.73397165257626,882.7576,216.9648,1
631686996,898.4569916518362,308.1870750690812,857.2974,202.0898,1
631687013,895.897769994087,306.5055440747601,858.1474,214.9846,1
631687029,894.8853650547605,304.81171619897293,882.8228,211.4044,1
631687046,890.9918808217537,302.6999601128607,830.811,203.0069,1
631687063,887.7765393571444,302.6765773324979,839.9552,240.2626,1
631687079,886.5673767945665,302.2920818413562,873.6094,230.4003,1
631687096,884.4638947112505,301.556280166535,855.6185,222.5118,1
631687112,883.7832204841723,301.17128216899516,879.5406,226.8435,1
631687129,881.419429192623,301.1789435573008,846.7687,234.3486,1
631687146,880.2728874790552,301.3296411585987,869.1221,243.3976,1
631687162,878.3676502402841,302.445630344223,853.5386,260.3698,1
631687179,877.1265309298385,303.69572764010627,865.3789,258.8321,1
631687729,326.70443922852246,120.89560125596407,868.4267,122.4877,0
631687746,489.2134712904255,165.69473441592086,966.4874,217.852,0
631687779,616.9809514294366,191.3880880519951,1117.3745,203.5424,0
631687796,1115.050109154103,323.76037507057805,1123.0457,241.6374,0
631687812,1130.5516537100746,305.0083359998407,1139.5488,219.609,0
631687829,1130.0748824785292,316.6691331604168,1138.4021,246.2493,0
631687845,1123.051367661972,323.99835243142246,1116.6615,258.7122,0
631687862,1128.7650221302572,328.002275176898,1155.4766,258.6346,0
631687879,1134.8780541372694,321.10646941775866,1169.489,205.6471,0
631687895,1133.277058103718,320.3379235387491,1133.7432,233.1359,1
631687912,1134.3147371286652,314.58794181112467,1149.7535,192.387,1
631687929,1134.5524728090954,313.15000466501965,1145.1036,218.5629,1
631687945,1137.1076287916685,312.11588890263675,1166.3937,218.8454,1
631687962,1136.692962525604,314.64057824006585,1141.4073,255.6672,1
631687979,1136.6757579652196,319.2906232893825,1144.8513,284.5193,1
631687995,1132.4170804537812,313.9736755184208,1096.9052,170.9467,1
631688012,1128.2390810173865,305.8417410701436,1091.8113,125.5387,1
631688028,1128.749160212522,304.39752818625453,1145.8406,204.0815,1
631688062,1140.000674067989,305.82789644090946,1291.3372,238.3331,1
631688095,1146.7441826958614,309.63454402546654,1241.2339,278.0215,1
631688145,1154.6264413286137,312.96749885275466,1265.7717,274.0228,1
631688161,1294.113932828025,494.9883525585275,1311.3511,430.1481,0
631688178,1238.417150438324,334.9910125716337,1253.4204,249.6029,0
631688211,1253.4097831613085,348.4128838617126,1284.9238,279.0432,0
631688228,1243.663629562252,349.2638575774718,1238.3127,268.3178,0
631688245,1245.5447060487647,341.8920453125813,1267.0199,231.9294,0
631688261,1241.132231677163,343.5201394109788,1237.9065,267.3804,0
631688278,1245.2994778344596,353.80642199563624,1281.9561,327.2134,1
631688295,1337.78473491667,784.6684355741837,1355.7878,759.2836,0
631688311,1298.0445019368526,923.4556054169226,1312.9355,919.3646,0
631688328,1377.6775869702246,933.6556218886213,1480.9988,936.3665,0
631688345,1344.7486179295108,874.7509522909963,1293.6938,730.7311,0
631688361,1356.8623275573343,897.165340119381,1412.9594,962.4526,0
631688378,1339.790642840755,872.5160521747111,1286.8428,751.872,0
631688394,1326.7859851167866,850.8774775296044,1278.1399,719.1733,1
631688411,1326.2676676947142,852.6031569349389,1341.571,852.0667,1
631688428,1318.7884171488047,839.1933496124809,1284.8594,725.2233,1
631688444,1253.8759597991595,765.7544656091347,1267.1804,740.9877,0
631688461,1280.8397649313251,734.0426722398013,1295.8809,703.7057,0
631688478,1278.3693927028833,761.1098763287538,1290.3391,765.6508,0
631688494,1286.2425884215425,771.9267747731856,1317.7949,770.5402,0
631688511,1280.799145795687,771.6231274994883,1278.4436,745.9016,0
631688528,1281.0923148963439,780.9839882330461,1296.9253,798.9,0
631688544,1292.6233558079225,810.2488585118627,1366.3685,949.7703,1
631688561,1295.2068327109807,821.0353306735786,1325.1262,869.8458,1
631688577,1298.8003722820933,829.1541917049535,1338.2035,868.0967,1
631688594,1304.245930741661,838.7612030366467,1361.2734,897.8036,1
631688611,1308.6827875200354,840.7621260126547,1361.2249,835.1971,1
631688627,1314.1257984473896,842.0727240545334,1379.4855,830.5293,1
631688644,1317.0692140499152,848.3407510776232,1359.3096,895.2649,1
631688661,1319.022980766379,850.4592154459368,1352.1448,851.5475,1
631688677,1320.5351630115586,858.2244260789621,1349.1111,933.9941,1
631688694,1322.6021441654318,862.8933226989004,1359.1656,900.1777,1
631688711,1325.3137760202237,863.3170493089796,1371.5469,842.1366,1
631688727,1326.5365744229673,866.6202982472197,1353.0818,889.991,1
631688744,1327.490706332211,870.5109622355294,1350.8306,904.5554,1
631688760,1326.613630738279,874.2972067165039,1323.7819,909.0841,1
631688777,1326.2932855408926,873.6779120663995,1333.0203,837.3869,1
631688794,1325.7160829101715,876.242959663391,1328.9001,895.0348,1
631688810,1326.5446025029137,876.4153979187006,1352.8945,854.3152,1
631688827,1328.1064532887317,878.518501550936,1366.3353,891.1222,1
631688844,1329.4409516352575,882.2559353672564,1363.7125,924.7146,1
631688860,1330.7496225431446,884.3924174257968,1364.7341,897.9714,1
631688877,1331.8751701020822,883.3089765633903,1363.0531,838.9185,1
631688894,1333.5250897217843,885.6652623366837,1373.3035,906.6886,1
631688910,1334.752274019936,888.7248229879557,1366.8804,923.2689,1
631688927,1336.1826457515751,894.1070386584236,1371.5372,971.7632,1
631688944,1336.4461288254165,899.3210764270349,1351.2725,972.6412,1
631688961,1337.0730031823073,903.2574472599329,1353.1796,931.0687,1
631688978,1337.717718674153,906.2381621180465,1354.7334,923.4641,1
631688995,1065.0982504237236,881.1935340531139,1066.8835,880.2749,0
631689011,764.4543891484085,806.0335590172325,749.4489,806.2788,0
631689028,729.0221775598804,812.4418810011263,674.5391,823.6875,0
631689044,731.771693928159,827.2374293020094,720.5555,865.1079,0
631689061,726.2842362252273,827.0105372256153,691.9107,831.3175,0
631689078,728.5527411115835,820.9628724063875,721.2677,796.9973,0
631689094,708.2596456453524,795.1543213242078,690.0967,796.0676,0
631689111,709.2728677052016,794.9427262388133,691.1693,795.786,0
631689128,719.6353968420271,827.2190836799989,712.6682,868.605,0
631689144,724.3168200985106,821.9875903447524,716.7584,813.6566,0
631689161,720.8107271645231,817.1113548677845,692.2038,804.4612,0
631689178,718.6303908156979,819.7808774820335,691.788,836.1666,0
631689194,719.6791825236942,818.6711486020909,707.5552,816.0356,1
631689211,702.5474496462849,810.9347281805663,579.6371,767.2066,1
631689227,696.0409942256638,809.851941120042,633.1594,807.6499,1
631689244,690.3617271673302,809.1569307445633,628.7089,809.4297,1
631689261,685.0774735747665,806.7736626641656,622.6924,790.3318,1
631689277,680.3396892618765,805.2249955305363,619.5358,795.7333,1
631689294,679.1374694352137,804.7306834263496,652.229,804.8191,1
631689311,675.2813649451299,806.0218015038892,617.6507,828.6852,1
631689327,670.4730099404827,802.870638857282,599.9038,769.4197,1
631689344,669.0116466468222,802.2588179227557,638.1539,800.4463,1
631689360,664.0852068968493,802.3638523688185,586.8188,812.2714,1
631689377,663.86903126297,799.6358091151636,649.8224,764.9806,1
631689394,661.5660607368472,800.0448180320101,616.8707,814.2614,1
631689410,660.6282419117905,799.8278082251935,635.1753,803.114,1
631689427,659.7697398953494,799.2551739966099,634.7138,796.4467,1
631689444,654.5434611131872,799.4044097661246,561.2291,811.1703,1
631689460,651.8758107471238,799.7644135866334,599.3134,813.3409,1
631689477,649.4960829910215,800.9133249014337,601.1818,827.7482,1
631689494,647.8727948713824,799.1000086228422,611.855,772.2754,1
631689510,646.263683222077,797.4848797959593,609.8055,774.8735,1
631689527,646.0140360351028,793.4753705086098,632.0416,726.8627,1
631689544,762.4633494853454,545.8085730580958,748.9055,509.1428,0
631689560,768.6489831545505,513.3980916741092,755.6404,471.8816,0
631689577,783.0287103131942,529.2099828028827,785.8209,506.8226,0
631689593,784.2018413401795,524.5796825729274,774.4615,473.3496,0
631689610,781.5150442177356,529.6474504800392,760.5403,507.4006,0
631689627,784.660837287654,530.997600322703,785.4813,496.7352,0
631689643,785.0776305708868,534.745834987144,774.7488,516.1078,1
631689660,775.7865631014658,534.6779523296618,706.1356,497.0228,1
631689677,776.7345769753767,535.2581402288471,771.5085,500.1361,1
631689693,543.769216558407,490.24610699637503,518.0028,454.3005,0
631689710,708.5720234080841,485.2973982304571,692.2867,442.154,0
631689726,738.5569602070032,525.4458416846628,755.1339,531.3876,0
631689743,753.9782571192213,495.1223546222717,772.8445,381.3246,0
631689760,758.3124265285438,484.14781751501766,758.2624,401.5242,0
631689776,765.4344825314806,485.281437810792,781.4033,444.559,0
631689793,752.3777800972866,420.43443943819676,738.994,366.3449,0
631689810,706.9925082108153,514.5884947651871,690.4408,475.6709,0
631689826,744.5084283071197,480.9065698848174,770.0785,395.8767,0
631689843,711.0993801210321,506.0077384950693,624.1319,525.5013,0
631689859,721.6268616533083,506.42918700826436,739.2924,465.7186,0
631689876,730.3713495030984,515.3234165833361,751.2318,513.853,0
631689893,733.6693739384348,513.534820010783,735.2092,462.122,1
631689910,727.7404925864411,499.08906222668594,676.0706,362.6683,1
631689926,717.423534141828,478.55648958786713,629.8266,281.7913,1
631689943,713.1513952779594,468.068889612315,665.1641,337.7396,1
631689960,710.0375388407833,457.1496841317264,669.2151,313.1031,1
631689976,707.0853446686801,447.28574872394705,665.7151,305.513,1
631689993,702.584953112062,436.10787276067316,643.3649,272.8416,1
631690009,697.6676575339549,427.8268911628153,631.2738,292.7689,1
631690026,696.757299106506,417.085625502329,675.9099,243.4941,1
631690043,697.2306493613903,410.6703701441759,692.7766,289.6462,1
631690059,696.8933082115998,404.74091438482867,681.4949,287.5703,1
631690076,693.7222199022686,400.2340731374261,639.0583,302.7361,1
631690093,691.4005458370124,394.59889166536993,648.2706,276.8987,1
631690109,689.1842530687113,389.7009662592545,647.0795,281.4036,1
631690126,686.9747654899222,387.43481725123803,644.3602,320.0835,1
631690142,685.4587862067189,383.76589352827267,653.3751,290.3119,1
631690159,683.1507860270352,379.1900693912003,638.2505,268.8943,1
631690176,683.5883221078775,375.9624926543809,682.6097,286.0502,1
631690192,693.9148398576198,240.44382240096343,678.2585,163.0735,0
631690209,741.559208593547,16.755094491486485,729.9778,-94.2888,0
631690226,742.5410314641375,52.84912731906998,731.6187,-12.0218,0
631690242,722.9768204897481,90.98541131555986,668.3154,79.1099,0
631690259,722.0345273566038,104.00921958503528,705.9355,49.4722,0
631690275,727.8321927778159,116.86527372737204,738.9556,76.0233,0
631690292,724.2268193688245,119.65767378976285,692.4431,38.1516,1
631690309,727.3749310605457,126.06488326346293,733.6277,70.5181,1
631690325,729.5656388410715,124.85595441061206,732.0764,17.1116,1
631690342,727.3919187735332,129.12427752070116,696.5273,69.4089,1
631690359,729.2779008157773,134.0965223439432,732.6719,83.7359,1
631690376,732.40189863219,137.35522375243275,749.0767,72.504,1
631690393,732.5978594476115,139.8543146544036,720.5173,70.0001,1
631690410,730.2574495531585,141.29859094230815,690.0164,61.6198,1
631690426,730.9188129642184,145.0295228359144,725.2456,94.6708,1
631690443,733.426676614968,147.2769859931454,751.1785,77.7988,1
631690459,734.6812632094644,149.19919450279232,736.6243,76.8996,1
631690476,735.4990106761536,151.07279754088333,731.7507,79.2881,1
631690493,737.1068430837666,152.54586864012566,744.7563,75.0552,1
631690509,738.6773994866946,153.43348921107147,745.9538,67.425,1
631690526,737.8085138076066,154.21391600663674,708.4454,68.6268,1
631690543,738.6909297797313,155.35061418536247,736.7999,75.4153,1
631690559,749.1591640748322,159.34679977827258,898.2198,122.9517,1
631690576,968.8624784678917,195.82469563746315,969.2421,101.2772,0
631690593,1069.6840350104671,203.91269431265331,1075.7972,106.5418,0
631690609,1080.0911584019204,184.18017035454739,1098.0135,60.7053,0
631690626,1067.259609030944,186.84021006129865,1046.2856,94.2968,0
631690643,1068.707796712799,186.34716245112767,1079.5682,84.7401,0
631690659,1078.2227989816274,187.4276357766045,1124.4845,90.8256,0
631690676,1068.9824536058145,192.9298893165166,1027.0521,126.3878,1
631690692,1059.6039585251845,194.83781210959256,1008.187,110.8383,1
631690709,1051.8572017316676,194.39944771778516,1003.8021,94.3802,1
631690726,1046.1865110794595,194.29896644307584,1008.3447,96.6564,1
631690742,1042.1154291415867,194.10614617611438,1014.1355,95.2946,1
631690759,1037.8177384511223,195.72865714793772,1004.678,116.2583,1
631690776,1034.9891218845435,198.08845820129378,1014.4292,127.8128,1
631690792,1029.8679164327816,197.50445959998754,982.1663,94.144,1
631690809,1028.8386814758512,196.99440236525962,1027.2625,92.7025,1
631690825,1027.798316628053,197.27274067573907,1025.2203,103.6513,1
631690842,1028.582459314582,200.29066133278877,1048.9287,144.9615,1
631690859,1029.291213695975,201.79041046351037,1048.236,124.7565,1
631690875,1028.193369668458,201.95618411449738,1021.1128,105.813,1
631690892,1032.4190439355657,203.50828282155993,1102.5601,126.5949,1
631690909,1362.5455897364545,241.36422943771717,1385.2295,137.7761,0
631690925,1368.5171303228917,270.4398220028769,1391.369,170.7493,0
631690942,1375.2684814212832,272.17913786582693,1405.6069,174.1859,0
631690959,1364.1167563475497,271.4838189650013,1363.2494,171.4016,0
631690975,1362.1546828312478,274.08338636100586,1378.5657,184.1893,0
631690992,1368.2213445754403,272.4143922857131,1416.4604,164.5028,0
631691008,1364.7310499238386,275.719717850846,1369.1711,195.9693,1
631691025,1363.5057990730986,275.5833223885729,1378.7166,175.9301,1
631691042,1363.1082679913973,277.42786577732846,1383.0094,192.8229,1
631691058,1362.058304367135,275.74858941796225,1376.571,162.4612,1
631691075,1363.423020654093,276.87863864682186,1398.3796,188.4102,1
631691092,1365.8192819659864,280.35861000390895,1411.4813,217.055,1
631691108,1365.8768567094562,278.9718051254783,1388.7615,163.6823,1
631691125,1365.1918423552413,278.0554635145282,1379.7869,168.0426,1
631691142,1364.1707200570777,276.94190954053164,1374.5389,164.1657,1
631691158,1363.7373668373612,278.35716244714956,1380.9583,199.2908,1
631691175,1363.398449428096,277.5483716975843,1381.9205,167.265,1
631691191,1362.348671229217,279.6839440014822,1370.847,213.3471,1
631691208,1362.39648760659,280.7100703737176,1386.4392,197.0493,1
631691225,1361.7336838840818,281.8738297111046,1375.2983,200.9551,1
631691241,1360.2126566154757,282.7805988261202,1360.8828,198.2942,1
631691258,1359.4095683789683,283.7394556912118,1371.345,199.8126,1
631691275,1358.7412199117489,284.9594088949691,1372.8206,205.491,1
631691291,1360.2158573551187,284.67740495181073,1408.9001,177.6085,1
631691308,1359.2129390536713,285.1213752808728,1366.4531,192.9901,1
631691325,1355.6406352213462,284.0426382320515,1320.6821,166.368,1
631691341,1092.3588515451925,256.29849888010506,1099.458,165.4804,0
631691358,1039.9718243954565,477.3799437088476,1042.7397,420.0517,0
631691391,1043.0736602713762,429.5487101525123,1049.8641,310.6865,0
631691408,1029.5356241704783,407.79892471155756,1003.9167,292.9614,0
631691424,1019.4736679156123,387.8872446273013,990.6134,253.0396,0
631691441,1014.3863196806516,369.4085129078636,996.1659,216.9887,0
631691458,1012.4300933822892,357.00973819251533,1005.3967,217.4518,1
631691474,1007.0140433763961,347.6361149334363,976.7961,215.8,1
631691491,1002.0175295637348,339.8780780336052,969.9775,210.9738,1
631691508,999.0800248005919,333.2018126559201,979.3805,205.7162,1
631691524,997.4341342050429,326.6401549225105,986.9492,193.8174,1
631691541,996.0601402855259,322.3261245682303,986.9044,207.5844,1
631691558,996.2521302851844,317.1278017706116,1002.5967,188.2383,1
631691574,992.7382320102741,314.1754848318531,957.4258,210.529,1
631691591,991.2799058886192,310.8163923257919,978.7899,198.9176,1
631691607,993.2155862113182,281.2072408129936,994.4794,197.8367,0
631691624,951.7300073813765,283.779055851699,950.5992,202.4089,0
631691641,929.9587140867822,300.61218565764335,904.4165,242.5252,0
631691657,925.9875600067535,303.694816787416,914.9963,233.3763,0
631691674,928.997293112019,299.03630183558596,936.1671,204.4498,0
631691691,921.1203691868961,303.3744538255495,885.4054,246.6712,0
631691707,920.2449151713889,301.1482910749217,913.2539,211.0447,1
631691724,920.2454158944148,298.9372040254097,917.8348,206.3222,1
631691741,923.6057083592652,298.2214612819392,944.9697,213.8911,1
631691757,922.7546670447806,297.9634931000383,913.1541,218.1151,1
631691774,922.6859617839831,301.3215563927123,919.1664,255.8796,1
631691792,920.2401224932975,303.11976816062014,893.726,244.8649,1
631691808,918.1289827193954,305.33359246946287,893.6288,253.0912,1
631691825,916.4823220852255,304.15126390438377,896.305,211.9213,1
631691841,917.5666446994898,303.9693514538599,928.9922,222.8954,1
631691858,915.8286535355875,302.77564162081575,892.2438,209.3137,1
631691875,911.1698047524491,296.85538168692,849.191,137.401,1
631691891,906.5384239728726,292.35856934891143,844.0664,152.9023,1
631691908,901.5956849054088,288.6424205569539,834.157,160.82,1
631691924,898.1387668316344,285.31488428418265,852.1434,162.5258,1
631691941,896.6412058273349,282.62475623185304,879.8364,168.8822,1
631691958,893.3297266671817,280.2269022906466,848.0037,172.2563,1
631691974,892.6677275370366,279.38306199526573,888.9841,196.1642,1
631691991,888.2039377735912,276.53613258928743,822.7377,160.1088,1
631692008,884.9256468769884,275.2532060239281,839.4069,185.9405,1
631692024,883.7168138132043,273.877078296626,872.7435,180.9764,1
631692041,883.2413560595476,273.00649094944174,883.6579,188.303,1
631692058,883.8585260061452,271.76761125236044,901.593,178.7235,1
631692074,881.6431463843854,270.3128902638543,848.8469,174.5764,1
631692091,877.7496372044875,268.5966175270089,815.9861,168.6958,1
631692107,875.4400496639688,268.15646856296917,842.3865,191.1115,1
631692124,873.969787809423,267.1766112095685,863.969,179.7752,1
631692141,871.8901467538749,266.6421321858672,845.0443,191.4535,1
631692157,870.6908608459781,265.8149510966174,860.1515,181.9495,1
631692174,871.0704479609941,265.7910122069891,888.9766,192.0912,1
631692191,868.8503487467286,264.20462134422627,833.6711,165.7447,1
631692207,866.7515307903566,264.1238891370145,837.0157,190.2293,1
631692224,865.8765899972632,264.0208560283769,858.0402,187.3101,1
631692241,867.0894067018013,261.2002781369137,897.556,131.5801,1
631692257,871.5597109836807,256.0976480951793,952.4883,83.25,1
631692274,1147.003750876106,417.3608082322988,1156.2701,347.2834,0
631692374,462.3295869290402,227.31479083335347,1294.9069,469.6164,0
631692390,646.031008114506,291.76899497242636,1195.4684,417.9905,0
631692407,756.9917139000509,325.97011649234315,1191.8894,390.11,0
631692424,1158.656573379797,488.1406629389472,1168.1664,427.665,0
631692440,1170.1181013580865,484.1657382742029,1180.3091,422.6734,0
631692457,1180.2113606238918,500.94474350001735,1201.4252,460.1582,0
631692473,1177.693372686253,502.94516865458627,1182.8372,448.4664,0
631692490,1182.1357860670178,500.55997208938896,1206.8733,432.2,0
631692507,1179.1853541616358,503.40272410116023,1177.3181,457.4468,0
631692524,1181.9938917794282,498.8718388450767,1207.3571,413.0966,1
631692540,1182.325660697055,498.9711029923325,1194.9399,439.8713,1
631692557,1184.2701051640447,499.1640072219078,1208.6252,440.3793,1
631692573,1183.1614969526775,500.3658810505475,1184.6521,451.4485,1
631692590,1181.319507479614,504.84334803137347,1175.3221,488.9166,1
631692607,1183.363515670296,506.9979340494122,1213.8521,468.7502,1
631692623,1182.6498908437447,509.0388131869754,1185.4977,472.1274,1
631692640,1184.4478264751226,508.0802223223064,1215.2456,434.9299,1
631692657,1181.1264604348412,506.98965548022903,1151.9185,434.131,1
631692673,1181.255070581478,503.62166407468067,1194.3948,397.8892,1
631692690,1184.747578192762,503.4387000986233,1241.7561,440.2994,1
631692707,1184.5541993886802,505.16000598464484,1191.5247,472.1118,1
631692723,1178.7257453334637,513.1218893144751,1105.4022,579.4723,1
631692740,1173.2206878330628,517.0921961658611,1105.2222,520.4655,1
631692756,1168.240945012108,521.702528152405,1108.5862,535.5787,1
631692773,1165.3603395386463,527.3662476185316,1138.573,557.7098,1
631692790,1160.986182610663,532.7623509911365,1110.8135,559.1509,1
631692806,1158.736175747484,537.55354483206,1143.4583,551.7338,1
631692823,1155.6684293060148,542.5385631044661,1126.8506,560.5037,1
631692839,1154.2363465877631,547.1517862677995,1152.8376,557.0886,1
631692856,1149.909422065721,553.5711065617534,1099.0089,598.2881,1
631692873,1146.6334907761473,558.8853267740586,1114.7192,581.5464,1
631692889,1143.5466089866545,564.1314731367913,1115.184,585.1704,1
631692906,1139.923388112309,569.8111589402689,1102.3439,599.2764,1
631692923,1135.3472661502315,577.4319736702619,1081.4058,643.9946,1
631692939,1131.3645220599249,583.0380543370234,1093.3026,597.83,1
631692956,1129.0968877546334,585.6568476844994,1124.0691,547.2054,1
631692973,1127.6265109946014,588.8388075837548,1133.1552,562.411,1
631692989,1123.5575645220065,591.8046813986315,1084.386,564.0548,1
631693006,1124.1859084073735,599.0989976476822,1163.8699,655.463,1
631693023,1223.2096260504486,849.339213844283,1234.2537,837.662,0
631693039,1224.1454993095513,814.4907070808085,1235.4524,797.8231,0
631693056,1237.641108101907,811.9378066433015,1263.9856,790.9368,0
631693073,1235.5452460453816,812.1278953012898,1243.042,795.2881,0
631693089,1234.9620618239583,814.1056828038803,1244.9904,803.7347,0
631693106,1232.3153476833193,820.2034253286066,1232.9126,831.7123,0
631693123,1229.568682296904,821.5220526382551,1227.1066,813.0872,1
631693139,1229.3106613782452,820.7525632976107,1239.6599,799.2462,1
631693156,1227.5723084301858,822.0443414809735,1227.0908,816.1903,1
631693172,1229.6654422031136,821.7401625775352,1258.4523,802.0731,1
631693189,1231.1073566271034,821.8747526905878,1255.6318,806.3029,1
631693207,1233.5119350176064,819.9887009093767,1268.4141,782.8082,1
631693223,1234.2551657339627,821.6473254279128,1252.9714,824.0349,1
631693240,1235.9084720083902,823.3172998433714,1265.1827,826.4189,1
631693257,1234.706932379047,825.2587806834973,1230.775,834.045,1
631693273,1233.8091798705193,828.2681400691793,1233.2839,852.3638,1
631693290,1232.9549341230354,828.1954144527858,1233.0856,809.5171,1
631693306,1232.56483115237,828.4327988962663,1238.938,814.3254,1
631693323,1233.6171390677896,830.4084409672763,1260.2745,842.4824,1
631693340,1235.5470267848307,829.6696995886388,1275.2412,798.4139,1
631693356,1234.069313734573,829.0932994942735,1222.2925,802.8156,1
631693373,1228.4756258736445,831.4118949154621,1153.3416,856.5422,1
631693390,1224.3482483723271,832.0314778124598,1174.0674,827.0854,1
631693406,1221.39450190364,833.4572190785731,1191.1057,842.1376,1
631693423,1217.684450292384,833.8867607391385,1175.8657,825.3571,1
631693440,1211.267844553663,839.2357715541293,1125.1458,921.4652,1
631693456,1206.2244570837781,842.6640216059635,1145.8619,886.9915,1
631693473,1202.6433060018464,844.9418233629865,1168.8583,866.1837,1
631693489,1198.1286401793056,847.2776853158346,1148.8866,870.0758,1
631693506,1193.850818396422,849.6180416920631,1149.8096,872.2123,1
631693523,1190.7429270487683,851.3128607438277,1167.9631,860.8199,1
631693539,1186.8182672208222,853.1726447084314,1153.4958,862.2438,1
631693556,1184.8392166857705,853.1312417361181,1189.0667,824.8146,1
631693573,1180.719037185001,854.4357500959192,1143.4746,856.0023,1
631693589,1178.1915577253524,856.5135087152773,1169.3624,873.4552,1
631693606,1171.643894668003,856.9017934546013,1090.5372,847.5729,1
631693623,1164.6824938738498,855.6963178867364,1078.8145,815.9811,1
631693639,1157.58986536777,852.8824015823569,1073.8569,784.5176,1
631693656,1151.1711265963418,851.9074438455688,1080.2908,824.0649,1
631693672,1145.420828431928,851.5448791318606,1091.046,835.468,1
631693689,1139.9071648891652,851.3331929375609,1089.7607,839.8163,1
631693706,1136.1604198433672,850.6134524293495,1118.2321,826.9554,1
631693722,1131.870882873429,848.8238910389435,1101.1803,811.1471,1
631693739,1126.3386082563547,848.9823565232826,1074.0044,851.1051,1
631693756,1121.84314531003,846.5703563107098,1084.4316,799.8744,1
631693772,1118.1178311582048,846.9935927702961,1093.6091,857.2562,1
631693789,1116.0518218599902,845.9948441637179,1119.3464,822.7213,1
631693806,1111.483005284213,843.3561732433709,1069.1555,792.1272,1
631693822,1108.0242160829248,842.2148987807719,1086.8453,823.5461,1
631693839,1102.3728028100154,839.778950303939,1043.0796,793.7589,1
631693855,803.4714140564811,799.6920991964778,790.7416,797.4984,0
631693872,775.270940823472,799.5151582585589,760.9249,798.4076,0
631693889,798.2108810674574,768.8476569458238,809.7419,726.6378,0
631693905,808.1116268240753,788.8499973861755,816.1548,829.7395,0
631693922,808.7241923734831,779.8354083007564,798.2175,743.8575,0
631693939,799.0895476260031,774.3222944237534,746.1182,745.6233,0
631693955,803.0507351377353,775.1654436074479,811.0046,773.8643,1
631693972,806.7079425199472,775.4232210866965,816.5439,770.8868,1
631693989,803.7293753517483,775.2420916160404,769.7309,769.3023,1
631694005,800.9390375778285,776.7311693880237,765.9487,785.2969,1
631694022,794.490386182533,772.9523811552899,725.3213,733.5267,1
631694038,793.1584935195461,771.1235528071668,769.1154,747.5724,1
631694055,787.6407078131073,772.9514843258944,718.78,791.5006,1
631694072,784.1601835554183,776.728453503565,735.1045,819.4088,1
631694088,784.3919329066013,779.684238323779,777.8162,812.0776,1
631694105,773.3975722478903,781.0198374279078,626.2583,798.2969,1
631694122,577.2137271665587,788.4958731593313,551.5753,793.6268,0
631694138,609.2642694157453,831.4880021991308,585.2059,841.467,0
631694155,611.8787116764087,834.0338514320429,590.6971,847.0692,0
631694172,577.8769729500631,823.4490219263873,480.7321,812.1453,0
631694188,579.2462728745954,815.5895588879907,558.5215,797.8677,0
631694205,591.5121390068321,822.9223100351288,617.6855,863.7701,0
631694222,588.1247651155383,816.0679341108859,545.551,787.2838,1
631694238,482.7595124138818,418.4525452129426,453.9251,374.7061,0
631694255,504.9345803202186,354.33896858668334,477.7567,300.6053,0
631694271,515.4294964777623,395.09264166333855,499.4335,392.7537,0
631694305,496.01450220564004,417.4127794112887,426.8291,424.9449,0
631694338,482.7889032929942,429.71185739661973,412.4703,430.1289,0
631694355,477.3958808403242,435.3916812553917,426.3119,419.5119,0
631694371,475.1307784782327,444.48802771822847,434.7285,454.3538,1
631694388,175.8218260410182,411.8760113400041,129.4241,379.2902,0
631694405,450.67082527140116,470.7593250324727,419.6822,435.7125,0
631694421,454.40792858472656,480.9437373126085,427.4529,458.6528,0
631694438,470.001178134279,477.8309788798853,472.8616,434.683,0
631694455,477.4336185356528,477.7457787189472,470.9691,441.4863,0
631694471,516.3053467135843,447.7399466703216,650.7336,266.3405,0
631694488,710.2331620213901,288.8912543506308,695.2219,217.7644,0
631694504,679.1687089265868,298.7898708285944,662.3165,230.2942,0
631694521,710.5123223175285,298.06680394623635,728.5231,226.1776,0
631694538,705.8989809208829,299.2805759870699,680.7005,232.928,0
631694554,713.7019980721312,298.1672248049211,723.2223,223.5274,0
631694571,711.3486425613692,295.2814785708965,686.3303,212.4817,0
631694588,709.7671283565933,295.1459243161485,686.3607,224.6675,1
631694604,706.1970183726769,298.76903350769896,668.8966,254.1081,1
631694622,707.7431315387441,299.7657793256047,703.684,237.2117,1
631694638,708.7203776509385,301.34711221347214,701.3302,244.9403,1
631694655,708.9080234507946,298.79909292938305,695.4666,204.1993,1
631694672,707.7703868529322,298.91910344484546,681.4998,230.9269,1
631694688,707.1023935195268,298.28553763625195,685.136,221.6855,1
631694705,709.1084060786759,296.7621316308288,716.774,207.7847,1
631694722,709.0336998891801,296.46379457870484,692.7214,223.3971,1
631694738,715.9957805704917,290.45794503847685,788.1544,136.103,1
631694755,726.8396404805243,284.96829014483603,851.4597,133.6142,1
631694772,736.6853399852979,278.7780806625335,849.4409,115.6538,1
631694788,745.7152041755404,269.4516214138514,848.2219,56.9291,1
631694805,755.8221190036136,261.6278998839849,874.5539,70.9539,1
631694838,764.1994934408109,254.9489937252945,856.9168,82.95,1
631694871,772.4086455803822,247.34207068007595,862.739,59.0305,1
631694888,779.2224288644079,245.38462065981213,846.9857,154.1397,1
631694904,786.7469437326263,242.62605262485826,866.3264,134.9897,1
631694921,791.2076408794122,241.06266165899348,820.5255,154.9272,1
631694938,796.3043147656483,238.9410765967347,837.5916,140.2173,1
631694955,801.0255553334566,238.8914762581396,836.8095,176.3785,1
631694971,804.9428145531641,236.51101230382775,828.5042,128.6467,1
631694988,808.5021291659001,235.684638029439,827.4559,155.591,1
631695004,811.1489243333687,232.71688834311564,816.4127,110.7112,1
631695021,812.9345795938493,230.4779128125126,805.5582,122.1107,1
631695038,814.8354491976038,227.67608387000365,798.0164,116.0455,1
631695054,817.6492720373254,226.27563367404775,827.6021,138.8002,1
631695071,825.543935006166,227.49518533724708,921.0651,184.2916,1
631695088,831.8543731428139,229.05135883228797,901.7196,187.5538,1
631695104,836.681447184306,231.61812737472414,875.6454,204.6592,1
631695121,843.310570724371,234.45089832554808,914.4653,207.7421,1
631695138,849.6601774683922,237.45911570387977,913.1319,212.6008,1
631695154,854.756316868897,239.8752929478587,899.4686,198.3771,1
631695171,861.0759491369845,242.15148262450182,927.109,194.7879,1
631695188,866.7434298261323,244.66888593489384,919.8439,195.5948,1
631695204,872.8109140033919,246.67703908695339,931.3494,188.5919,1
631695221,879.35485987642,248.74961130118865,946.2225,189.2878,1
631695237,882.8408419977669,251.39916429354656,898.6879,202.6101,1
631695254,885.8846963737138,252.91845470080887,893.4332,183.6149,1
631695270,889.0358410729918,254.26169726413016,910.4236,172.8673,1
631695287,893.0791951812641,255.9177367295986,937.0122,181.2339,1
631695304,895.9032929675634,258.8599998849673,917.1433,208.8257,1
631695320,898.3110096136195,261.79218701602537,912.4795,206.191,1
631695337,899.6922407081978,264.08220430044094,899.4736,199.5449,1
631695354,900.5858995240212,265.3834552946138,891.5865,185.0585,1
631695370,901.5280454226784,267.31248228965853,895.9526,198.3901,1
631695387,905.4268217867136,269.5568035502332,951.5389,215.633,1
631695404,907.6398266630944,271.72615095165054,925.3531,215.247,1
631695420,908.902872394329,273.7723659982599,905.9043,217.6441,1
631695437,908.8974617743669,277.5344012583475,887.2899,253.0914,1
631695454,911.9902644779241,282.8284592192771,946.8451,287.3264,1
631695470,914.1202931829674,288.474276702316,930.7726,292.1389,1
631695487,914.3316546603198,292.9034276398889,898.0337,274.9928,1
631695504,915.086853208008,300.3359917061548,909.0575,332.8119,1
631695520,914.4257629945471,305.633789012557,884.4147,296.3915,1
631695537,913.8548685742118,311.0096450546453,887.4839,301.3992,1
631695553,914.4891483163442,315.7674461552736,914.6574,295.0229,1
631695570,914.3731421810504,319.8563593834531,911.5012,291.1298,1
631695587,915.3633295484972,323.58427757638395,929.656,287.3516,1
631695603,916.6834239234316,327.8998628903994,933.0632,304.5278,1
631695620,918.6809097049598,332.92183349405514,949.8466,322.3475,1
631695637,917.7601355663893,336.2407796965726,896.0862,295.0516,1
631695653,919.3262028600876,339.17001907621415,940.6583,288.3746,1
631695670,917.5102463968624,340.9693005020942,881.5249,272.3103,1
631695687,917.140083250632,343.9030920568136,907.1915,298.4253,1
631695703,916.0336154925399,346.3151321133776,894.7458,292.155,1
631695720,915.3971748536228,348.47442150542514,904.6306,291.1948,1
631695736,913.6330465590738,351.0235577910997,878.4609,305.2198,1
631695753,912.6629903897532,352.8082476037542,892.7311,291.3475,1
631695770,911.1694500249878,355.8082577952968,884.6521,318.7489,1
631695786,910.4841631561231,359.97567812777487,901.6964,346.1866,1
631695803,908.2183263284463,361.4615767344383,869.9532,300.3901,1
631695820,908.4629000420227,364.82720942181015,914.8788,339.0413,1
631695836,908.0211296849092,365.87593094838735,900.4804,295.8877,1
631695853,906.9204098778671,365.2185044128789,887.2383,264.0705,1
631695870,908.5256855826942,365.87460271246465,936.97,292.7454,1
631695886,906.3351989085775,367.3557465017452,872.0325,316.0039,1
631695903,906.8478218762986,369.34209887655516,917.8661,326.2095,1
631695919,911.4476426864044,378.92570872885864,989.5806,476.8609,1
631695936,1019.7710349260523,766.892027981416,1019.6428,751.5123,0
631695953,1063.031315909626,835.6453002927309,1064.9714,828.3337,0
631695969,1063.4835409537513,847.6183249482517,1065.7827,855.613,0
631695986,1062.4393037385166,853.6791619598943,1061.9689,862.7238,0
631696003,1061.7556839983524,861.8224950208439,1061.1921,885.7622,0
631696019,1061.8226165039093,875.5301665069406,1063.4475,934.9218,0
631696037,1066.155368022883,875.5690758908006,1090.3494,871.9894,1
631696054,1062.1852708850618,875.5389141501245,1039.2983,873.4773,1
631696070,1060.6508130988996,878.1783635438401,1051.4237,896.3565,1
631696087,1059.2805986608714,878.1290739300587,1050.2216,875.5191,1
631696103,1061.4063967245932,876.0150423061589,1082.3879,852.3325,1
631696120,1061.9361273382028,874.3339717668927,1068.8588,854.1205,1
631696137,1059.4964773405552,875.0398905562748,1035.5427,882.0876,1
631696153,1066.8928348996603,872.4467567297221,1151.9508,835.5408,1
631696170,1080.5449552605098,877.6560701732153,1242.2656,936.7506,1
631696187,1092.0144734537391,881.2535823382027,1230.9082,921.0712,1
631696203,1101.1052978211903,883.0664364568423,1211.918,899.4663,1
631696220,1110.5195070652192,887.0337852214951,1227.5106,935.4423,1
631696236,1121.134501629966,892.7922555996859,1256.4565,968.4751,1
631696253,1129.9413899963224,891.7360420458391,1240.4219,860.5096,1
631696270,1138.1646279335132,892.9587002409147,1240.4937,899.675,1
631696286,1146.9755776418015,894.1008606104771,1259.0488,899.2784,1
631696303,1154.737816032297,894.1009354105059,1250.7097,880.5342,1
631696320,1161.8484106433336,896.1811510087878,1247.6675,919.8102,1
631696336,1168.0060418184485,896.3760063525863,1239.1215,886.9155,1
631696353,1173.1721033078447,896.7648173735508,1228.9048,891.9875,1
631696370,1180.976268388779,899.7858348649737,1282.3547,941.7107,1
631696386,1389.1387324870263,962.0201204365251,1409.0225,959.8211,0
631696403,1379.101009895356,1001.3109950468681,1398.1733,1005.0925,0
631696419,1374.008102628216,990.5502737769335,1387.5459,980.944,0
631696436,1352.513132419772,985.718353941064,1325.072,979.1084,0
631696453,1341.9402721550587,981.7011351190439,1326.2976,971.9227,0
631696469,1344.6416434601704,970.7201684871051,1374.0844,922.1237,0
631696486,1347.4421037839218,974.0801271648974,1379.6938,994.2312,1
631696503,1348.692155452293,966.9725838879607,1374.4012,920.4753,1
631696519,1350.3770471573328,961.2109614400254,1380.2732,917.5327,1
631696536,1350.2949166944013,954.1896619894725,1367.5463,894.4065,1
631696553,1342.9911106130698,957.7757064787803,1295.7018,996.6616,1
631696569,1085.0663540576093,1000.7018931777151,1087.2795,1015.9838,0
631696586,1100.3017568222494,978.0835403970678,1103.5244,989.55,0
631696602,1105.7554489298004,990.8062883363186,1114.8903,1018.146,0
631696619,1099.298321578944,1000.7463158824288,1088.6116,1038.4684,0
631696636,1103.0197123088906,1011.811510824651,1117.7397,1064.7512,0
631696652,1096.901082842777,1008.4073732922317,1074.3949,1009.3914,0
631696669,1094.957839229035,1014.3908759203772,1087.7666,1064.416,1
631696686,1097.8790954782378,1017.3548777578198,1118.8843,1052.4825,1
631696702,1094.2770444259072,1020.9158593330451,1071.4971,1065.5367,1
631696719,1092.585120670465,1024.4722636550343,1082.0908,1072.1382,1
631696736,1091.15450175498,1028.910165423187,1081.6031,1088.3171,1
631696752,1079.561013574946,1031.8473926341198,970.7516,1083.2461,1
631696769,1073.45104433324,1032.6347934701776,1015.2695,1060.1938,1
631696785,1068.1195137479342,1035.2686124787842,1015.2849,1086.0013,1
631696802,1062.8705858864369,1037.9923983349317,1008.5042,1091.7729,1
631696819,1059.2660887202505,1037.057015654692,1023.6235,1042.0249,1
631696835,1054.068462855347,1039.8548041191866,995.8357,1099.1191,1
631696852,1049.7361657207712,1039.9459290206273,1002.0873,1059.886,1
631696869,1044.1825259457123,1037.2901772547648,978.3373,1016.4034,1
631696885,1040.9794792956993,1037.2667809034563,1008.3995,1057.4578,1
631696902,847.9055072875794,981.1494024840088,836.6349,1002.9978,0
631696919,604.3411177259114,853.3325239949041,579.8693,866.6106,0
631696935,623.1558649365701,882.4515527828553,619.2571,931.561,0
631696952,671.2422207092558,887.115790620527,751.2913,909.2161,0
631696968,669.355928111078,898.2672433347724,641.3672,953.1358,0
631696985,662.7657956682558,902.7034638606066,613.1123,941.0114,0
631697002,653.7682453462048,902.4773407551437,585.1658,920.4252,1
631697018,605.054827695306,895.5265172836398,580.3707,914.7741,0
631697035,656.6901793612121,887.2829759545353,635.0168,903.324,0
631697052,646.9157438538136,887.7001038411219,614.368,905.045,0
631697068,646.5734514860912,891.445174998664,623.5835,916.9994,0
631697085,644.5512917279723,889.8406604807254,615.9135,901.4576,0
631697102,635.5419052296527,894.4439043960357,575.2375,934.3485,0
631697118,632.6839171738421,897.677450248383,595.368,934.3583,1
631697135,624.6500426201396,883.0627548043195,553.4041,804.6384,1
631697152,625.1019942948161,595.7953611040954,603.3665,571.6479,0
631697168,650.6252603403269,642.1008900805958,630.0756,623.5297,0
631697185,649.2250164412953,622.9821316512872,627.3475,580.0229,0
631697201,647.2840018224067,618.9448224789718,622.6581,588.3121,0
