timstamp,smoothx,smoothy,rawx,rawy,fixation
629797507,778.0561308482204,545.2421017427474,766.1979,554.0006,0
629797524,782.5433718911054,529.6792462114365,778.0608,525.1695,0
629797540,780.8449202323975,537.2945269379773,764.9676,560.7391,0
629797557,778.1822566701657,534.559204711928,759.6851,536.5332,0
629797574,776.3014475194208,532.4595117226643,758.5236,534.5393,0
629797590,762.6537436475604,515.5623428487742,752.6471,526.4669,0
629797607,727.0818010852365,528.5519783619953,714.6453,538.505,0
629797623,725.6292209750096,530.4307308134419,711.3241,541.9849,0
629797640,737.3865187439015,537.5360520360822,747.7118,559.9366,0
629797657,739.7031767010916,532.5891358368692,735.5876,528.5439,0
629797673,748.983582112582,530.9782159875822,775.2742,534.9398,0
629797690,753.2001093657216,534.9735873414554,760.2047,562.6007,1
629797707,759.8614531514938,523.4304614394099,793.533,471.7758,1
629797723,772.8217325743719,514.4834119644116,856.0342,471.1547,1
629797740,780.449361568464,507.13332413069537,832.2764,469.4598,1
629797773,790.6979614670267,503.7758730150272,868.7835,492.6712,1
629797790,790.4492141899029,507.57696441466504,770.231,554.6348,1
629797807,788.4678567030808,510.1582764773411,751.353,547.4564,1
629797823,789.6306528181611,509.66952475609094,789.0807,517.8635,1
629797840,790.9691317495233,509.2234114923845,793.3246,517.5896,1
629797857,790.366613019372,510.05407464003355,768.4617,532.0353,1
629797873,789.101126601647,509.28296960551023,760.7269,512.927,1
629797890,789.6416976721384,510.8290374111099,783.2235,541.8011,1
629797906,789.8647704022231,511.39088274710224,780.5367,529.9613,1
629797923,787.6567472713812,512.2196768691497,743.5327,533.9651,1
629797940,786.0517089230889,513.6413549567109,750.7587,542.8646,1
629797956,782.9290734679178,512.237652756753,728.8553,503.0955,1
629797973,782.1536100299313,511.3568574417654,764.8833,509.9278,1
629797990,788.3146261538145,509.0446283771441,882.6777,487.9925,1
629798006,798.8377789026905,505.9347350215841,961.7103,474.6274,1
629798023,807.7458345711069,503.0009729580932,939.4143,475.7529,1
629798040,995.6045538761545,457.9257429163963,999.2544,473.0742,0
629798056,954.4935717745179,455.16494396173096,956.797,470.5015,0
629798073,937.624912905001,451.76434394869875,922.3717,464.1914,0
629798089,947.5627222601997,448.5091957752658,971.2728,458.3473,0
629798106,957.4141755970073,445.4599952224656,991.6207,453.1855,0
629798123,958.4451862357962,440.40664016762923,967.5596,438.5641,0
629798139,961.0457286242,445.9080018799675,974.8405,487.1055,1
629798156,963.5534775938662,450.0033109102154,979.1218,487.6451,1
629798173,966.237980202112,452.60580213529954,985.5311,483.8108,1
629798189,963.5804285396359,454.2500100228866,943.4752,480.3959,1
629798206,964.3004733128796,454.6816786563842,972.3739,472.4591,1
629798223,964.6940281014606,453.765154935191,971.2352,460.5067,1
629798239,966.2724168342535,451.5401793301683,986.5,446.1488,1
629798256,967.5376900909653,450.2088461475803,984.5435,452.8343,1
629798272,968.8548720641407,451.53527367144267,984.5186,481.223,1
629798289,971.2113180684271,449.70345971133713,1003.3081,445.3274,1
629798306,966.9184690095834,443.27954322441127,919.3964,386.5297,1
629798323,920.5807086464318,174.20793824781788,944.6943,209.8922,0
629798339,838.5294442073523,114.49575413414877,864.4138,154.4828,0
629798356,855.4583686479552,142.6479883203043,894.8976,206.6508,0
629798373,862.9145852040714,145.84195007793141,901.9396,189.3242,0
629798389,867.3686648292652,154.92370084417425,902.3386,216.7921,0
629798406,863.4409830351399,155.1497186135056,870.5573,192.5948,0
629798422,866.6650533489247,155.7329411014738,906.191,194.9555,1
629798439,870.8240743988541,157.3962530074357,918.2405,202.7581,1
629798456,867.6162031770089,155.55000998549042,869.3458,180.5871,1
629798472,868.330190903971,158.08034538622306,895.4918,212.2159,1
629798489,872.1014810050351,156.92935119013543,928.8002,184.2935,1
629798505,870.4322444300032,152.40856972834848,880.9092,151.0898,1
629798522,868.8664661649113,151.50268615777506,876.8813,181.1703,1
629798539,866.8207949726867,146.87561232763704,872.5308,140.2032,1
629798555,867.4335924147812,141.58735848908995,904.5099,127.0178,1
629798572,870.0140452406041,139.94619347933372,928.1197,164.043,1
629798589,872.0391535901402,141.7835351191269,919.897,205.1029,1
629798605,880.0620753921604,154.44028618412244,996.0671,345.7928,1
629798622,958.1059459072284,394.6617603329138,965.5239,414.3833,0
629798639,1043.3525015546456,399.85088961454426,1053.6064,419.2212,0
629798655,1040.7554348494405,407.67032393184627,1046.9357,433.7068,0
629798672,1038.6160668382258,411.70628254550024,1042.6564,437.6177,0
629798688,1037.2155367181383,409.36052037638325,1042.7682,421.4961,0
629798705,1040.2037584813793,407.97560416159524,1062.385,421.6927,0
629798722,1041.7326884708098,409.068013719837,1058.379,432.7391,1
629798738,1041.5675861754212,411.60520096729374,1048.4131,443.6793,1
629798755,1040.9484527531658,411.99146900031917,1045.4871,432.5964,1
629798772,1040.0062377792249,405.0626984841902,1046.5961,375.5021,1
629798788,1042.7170202993107,406.5452323019632,1074.8281,437.6475,1
629798805,1041.4299395780308,409.98795897937487,1035.5356,458.1279,1
629798823,1040.517674129928,411.11282978030073,1039.4177,439.5973,1
629798839,1042.5940659607686,416.31981376374705,1069.8441,484.7195,1
629798856,1043.4791783325436,433.0094530162649,1045.5845,620.8005,1
629798956,1045.822499408816,437.4984344958097,1077.2083,495.569,1
629798989,894.6627371155212,177.1179185245188,917.545,212.5838,0
629799006,938.4868585341364,217.03564243317882,959.7633,249.6219,0
629799022,927.5417004267566,160.73305413535508,946.3138,145.3026,0
629799039,910.3720540776953,144.84330383216673,903.7142,153.6169,0
629799056,904.6898711602103,147.34836608523167,912.5858,192.3402,0
629799072,910.531717853833,150.85408617556973,959.3134,201.3966,0
629799089,902.2928072717729,159.39352982348794,882.0733,234.8768,1
629799105,901.3503536009416,162.53858794509966,919.3685,215.5437,1
629799122,903.9469651081807,162.34155719111232,947.3743,197.0155,1
629799139,903.1270214018006,169.46116746552258,916.6971,254.4426,1
629799155,904.5770216922336,170.7280412673469,940.7444,214.7583,1
629799172,906.9343276087687,163.50391109483485,959.4605,137.1759,1
629799189,907.2310609049517,164.7451634446163,933.2554,212.2834,1
629799205,908.2030477907492,164.95293583493518,942.5979,202.9019,1
629799222,911.6628886200936,164.85643877350373,975.6638,199.7807,1
629799238,908.8194168183811,170.95624393727553,890.0242,273.1403,1
629799255,907.849699432458,170.15582926668208,919.6504,194.365,1
629799272,907.606948041728,168.62336028675512,929.9758,184.3383,1
629799288,908.0874837377489,169.743482397893,937.5071,218.3868,1
629799305,909.247968619165,166.0899154514248,954.1261,154.0372,1
629799322,906.139954421407,173.5713041179863,874.252,308.1049,1
629799338,905.9191535178963,181.29609010857047,917.6808,316.9353,1
629799355,905.0673759719746,180.07808332462602,918.2866,190.6162,1
629799372,905.6829082310799,178.77703313457275,942.3919,189.3292,1
629799388,904.9148939729353,173.10626417665722,924.9713,122.7399,1
629799405,904.8253322568913,176.59583737500395,923.8466,262.0503,1
629799421,903.6795620062261,170.11271685943177,918.869,107.9256,1
629799488,935.6241385730366,3.431784984835486,970.2021,90.9212,0
629799505,938.5434890714848,30.730763865350358,977.571,150.9129,0
629799521,937.7063258427538,70.28060595924366,954.9163,255.7655,0
629799538,887.3998283139272,169.33790487586356,910.644,205.3654,0
629799555,871.4817842658846,206.86959705043822,891.0298,240.173,0
629799571,905.9005349072048,219.38417881971984,960.355,263.379,0
629799588,914.3880472933753,230.03203456461915,949.2697,281.2429,0
629799604,922.6331681166382,186.53061759781212,981.5055,101.5031,0
629799621,917.3215307056885,192.09019606821428,915.7534,247.7139,0
629799638,917.3666543649788,192.31938986311616,939.6693,228.4515,1
629799654,886.0508657066822,191.68868776450017,719.6108,223.3521,1
629799671,881.1358555620998,188.1223027757892,873.5271,201.47,1
629799688,875.7564112201999,179.31554634328037,864.7376,154.3945,1
629799704,869.3069894418709,170.5631387426923,846.1887,141.3346,1
629799721,867.6706626625464,169.22139408295445,880.8805,197.8422,1
629799754,867.7864455123521,167.02577012489851,898.6846,187.1995,1
629799771,864.643766474152,171.2950243106229,853.6642,253.1532,1
629799787,860.1066444640323,177.86811474221918,828.5707,284.1175,1
629799804,863.9251638695494,175.94916216689037,941.3745,190.824,1
629799921,419.059897571233,29.4360628625947,791.9516,271.5236,0
629799937,495.6403661282098,71.25740309068226,802.2309,264.4893,0
629799954,778.7348940398622,117.44858008746345,802.0878,157.2043,0
629799971,894.6863591495339,103.61127381864644,923.6153,144.4033,0
629799987,911.3242187503355,112.33440000095891,956.6876,160.5746,0
629800020,898.5670058252143,124.04794496614197,897.6424,184.9036,0
629800054,902.77248102253,119.83916378494997,944.7792,147.6839,0
629800070,901.0193852612445,125.90746983372455,919.2434,187.0909,0
629800087,892.4896264463357,125.20559106570903,876.8758,160.898,1
629800104,891.6746495925365,123.23752593066983,915.6635,151.7663,1
629800120,888.2632040897149,130.03871705171673,888.252,210.806,1
629800137,879.1960087416205,146.57730240646706,824.4058,298.4727,1
629800154,877.068512697382,139.8570877359543,891.5713,122.7422,1
629800170,1090.8486305311312,48.633838490533606,1131.8073,93.4664,0
629800187,1113.4119082464535,139.48065423927036,1147.7622,177.7372,0
629800203,980.476616123608,149.6574622692309,870.3954,196.5149,0
629800220,916.7604293374458,157.74799495219406,809.9926,209.4527,0
629800238,904.317334250819,157.23072972205108,892.7289,192.5476,0
629800271,898.5995471057558,144.37897980462554,907.2175,135.2865,0
629800304,821.6069891028834,227.43167058404094,837.5549,259.2307,0
629800321,830.3603965076766,134.05354381136704,854.3235,172.6211,0
629800338,860.0221933120586,155.31822111312016,912.3456,212.0358,0
629800371,835.0659273449883,336.61570789855233,761.2742,694.5793,0
629800387,823.4302109949691,475.2785045139687,749.9089,867.7688,0
629800404,808.6109363071254,554.8637932052785,712.2199,846.2028,0
629800421,771.5243520030344,847.665571791811,734.5424,834.5092,0
629800454,790.4753833097049,813.6108311753768,757.0197,802.9275,0
629800471,772.4370502449856,834.2613659094421,716.2175,841.1766,0
629800487,769.8985206515157,852.2643628880746,724.3987,871.861,0
629800504,778.1340771666921,860.399096229487,763.8878,868.3502,0
629800521,783.7675969145132,862.5576650753648,768.212,855.6252,0
629800537,785.7939219415501,867.2092182475376,755.7662,872.9779,1
629800554,789.6021649540969,870.4129474742829,772.2822,871.845,1
629800570,788.3944484169748,872.1048931652705,739.9474,866.4335,1
629800587,789.48705798674,853.2075109418187,772.3092,706.7322,1
629800604,791.1822913598415,838.007346315516,779.7725,709.8772,1
629800620,795.4276540675089,828.1280822054807,806.8743,737.4932,1
629800637,789.8054217913115,824.6274683005306,698.1323,787.668,1
629800654,791.6866802274382,817.3149737197905,783.825,742.0532,1
629800670,794.7143280331935,812.5419509306041,799.2652,761.3104,1
629800687,795.1000794151978,808.4399138350451,768.0481,763.1828,1
629800704,794.2518839756829,806.226371591825,749.9592,781.4373,1
629800720,788.943339332585,802.3390462585564,687.1643,756.8517,1
629800737,788.6951340856248,800.2319419910503,755.4983,776.0425,1
629800753,785.3452294765499,795.6990729216516,710.8575,739.9258,1
629800770,791.866521118642,794.293428419343,859.9674,779.3244,1
629800787,1138.217961090429,813.9589345717477,1118.0432,803.3514,0
629800803,1267.781686596323,924.9740170765191,1243.4351,906.3602,0
629800820,1267.2393478225158,923.4494043765507,1242.561,903.535,0
629800837,1262.8030514586344,918.2420813829609,1230.5187,890.5204,0
629800853,1258.6527164274073,910.924144657682,1224.1873,873.2794,0
629800870,1253.9186819843583,917.3349321615457,1208.4849,922.8832,0
629800887,1264.714926442105,908.0199518399792,1300.3187,848.615,1
629800903,1274.8180221337323,898.620125083225,1317.5055,832.1915,1
629800920,1275.7479272767757,900.5824401969971,1257.4979,897.3187,1
629800953,1283.856736826585,897.1242083291709,1326.1316,857.6361,1
629800970,1278.845026937723,896.504997512605,1211.4067,876.8022,1
629801003,1274.489577257501,901.3057125516593,1205.8171,926.5591,1
629801020,1273.9049933864278,906.101473164328,1240.9885,933.0691,1
629801036,1271.3762075462193,906.8920945515729,1220.187,896.4792,1
629801053,1264.0766395121327,897.1526125725985,1166.9232,778.5457,1
629801070,1051.3495717650978,426.93545765261774,1059.6819,444.3456,0
629801086,980.5013212940089,275.4447382065036,998.5818,303.811,0
629801103,956.7264374119316,230.7062904032112,956.6249,220.9092,0
629801120,955.4777906097222,206.95692365872037,979.6451,196.7104,0
629801136,952.5912048687775,195.03362490634,970.3336,196.9678,0
629801153,949.609933851713,187.25377963969305,964.2773,194.5343,0
629801169,934.7425673749054,175.07473014797426,959.3269,210.7003,0
629801186,944.328883513402,191.42192919336438,967.9356,225.8658,0
629801203,950.767891313528,166.2937212270389,985.4177,179.3139,0
629801219,948.7842422292325,157.39415339363902,972.6772,178.0171,0
629801236,943.5507143935458,154.6337615103926,954.694,184.3887,0
629801253,950.2675493633376,152.41019530553993,1005.531,181.9069,0
629801269,956.0562409558479,146.74621339555875,1015.0563,159.2941,1
629801286,955.1166376375245,151.05919606054678,974.085,212.3022,1
629801303,956.6789388956722,150.4840697614011,994.7081,184.6866,1
629801319,955.0270341325809,154.0217851003204,966.3324,216.1931,1
629801336,947.6043142617528,174.19591682542315,894.463,365.3778,1
629801352,927.560783657955,171.4520226469554,766.4994,180.1753,1
629801369,919.1271657298633,168.67010034268313,866.2587,176.1773,1
629801402,909.9664033277347,165.04833608146183,846.0138,163.7124,1
629801419,901.2279104554152,162.81300737312137,837.2567,175.0486,1
629801435,897.1144946431413,168.5717702447701,878.4882,267.3398,1
629801452,896.2526224215585,176.58461457201645,914.6428,301.505,1
629801669,176.59947257210007,138.16464348059904,175.2023,176.2444,0
629801703,277.9327327360916,133.00591545057824,386.2052,166.7455,0
629801720,444.38458542234764,92.04997956264977,806.6393,58.1747,0
629801752,364.53953860232326,99.32737981353998,122.8034,160.8147,0
629801769,290.2413369145923,119.65732912700251,-15.215,233.4142,0
629801852,1081.461352312564,228.3237186592715,1107.2816,260.1336,0
629801869,1138.1612645312973,233.49774654398655,1165.7261,264.9492,0
629801886,1145.9432335171855,201.16038849927355,1187.1777,205.0416,0
629801902,1153.6840017601878,208.20055559449182,1198.6904,254.623,0
629801969,860.9130682995809,142.608761427814,0.0,0.0,0
629801985,914.9277925748088,159.29114043050703,1163.5305,258.7134,0
629802002,1041.17074508469,253.64839632105978,1063.366,283.6116,0
629802102,1042.2935592522497,4.268310325601568,1074.7606,277.9276,0
629802135,1049.368455344025,118.35719736856592,1077.2871,470.2164,0
629802152,1056.8154162334959,189.70224721982373,1092.5605,479.2591,0
629802168,1031.172520453189,486.27051321264844,1033.8524,499.3755,0
629802185,1070.6654452708467,473.2353390134909,1075.929,487.2963,0
629802202,1070.8642637677226,471.2599485955444,1076.6656,483.6365,0
629802218,1070.279457281101,469.5177849453078,1074.9102,480.6455,0
