timstamp,smoothx,smoothy,rawx,rawy,fixation
629737072,1043.0977283043699,539.2704107344998,1118.8828,521.9357,1
629737089,1051.0838637517413,539.3713010589289,1122.0334,552.7296,1
629737105,1055.2249878150142,539.9478754337978,1087.9041,557.7164,1
629737122,1061.157978103497,542.3937767969519,1115.1052,579.3051,1
629737139,1066.1157092642593,540.0020360360779,1115.5747,524.5533,1
629737156,1068.9150793014837,535.3662213759985,1095.4078,494.0095,1
629737172,1073.1878415807762,534.1114629636753,1117.5352,532.626,1
629737189,1076.4525227851698,534.6188810237413,1106.3073,554.5555,1
629737206,1077.9865794353993,533.6093897515667,1086.1665,533.7932,1
629737222,1071.170470133138,532.00825495488,958.3618,524.2728,1
629737239,781.0988421955665,517.7443911983245,771.6187,528.4962,0
629737256,859.9696311569066,482.2651257616093,856.4263,495.6106,0
629737272,852.4061405611387,488.69717586809804,839.6836,507.5231,0
629737289,846.4727108215096,492.53767400129203,828.7397,512.1805,0
629737306,830.4285108983928,491.76710072271294,775.915,502.199,0
629737322,825.767878737053,499.1312451535405,798.7924,537.9869,0
629737339,824.4537702476514,502.7884180040375,810.6492,530.7368,1
629737355,821.7957623833603,503.8238126921615,799.5645,520.5087,1
629737372,820.6137351194224,505.94947728557906,805.5002,529.9902,1
629737389,815.7834877700643,504.7236603418843,773.1544,506.9542,1
629737405,816.145193054915,504.0202905620865,814.821,509.6551,1
629737422,812.5798636132604,501.8075993090562,775.4778,494.5302,1
629737439,813.738804513665,504.0860547555536,819.2134,536.6342,1
629737455,813.6156639640909,503.1710944139116,808.1588,505.5118,1
629737472,814.1121890847761,503.38300475333,814.6174,517.1548,1
629737488,815.2674624550937,505.2795918852958,822.0215,537.4077,1
629737505,815.0002732756918,504.9924648813275,805.7485,512.4575,1
629737522,814.7587405456701,504.7653810251396,805.6226,513.0199,1
629737538,809.7054301579635,504.24838884208975,733.9393,509.0075,1
629737555,809.5407649004613,504.41899871205186,803.2177,518.0814,1
629737572,810.3826246081915,505.07045749294076,818.0034,525.0363,1
629737588,810.1002141470236,507.06905363249473,798.442,544.9518,1
629737605,813.5252026265317,510.39408337692305,857.1582,565.8312,1
629737622,814.00277453915,511.70050523967,812.146,537.6482,1
629737638,817.8578703690412,514.5570657349555,867.6981,562.2461,1
629737655,817.8511081800423,515.5841910532044,805.2835,535.6948,1
629737671,818.5813329264752,516.4993925069673,818.4368,534.9064,1
629737688,816.7535620641532,515.150700038136,776.8387,500.0742,1
629737705,816.7063941227846,514.7789796586679,806.8268,515.8433,1
629737722,815.6155228230115,514.6595423820659,787.8442,520.3262,1
629737738,813.9798157592758,514.7213996008346,777.5624,523.7205,1
629737755,815.2210313472128,513.9848717588277,835.6762,508.2653,1
629737771,815.513546931665,514.7339644754727,813.9886,534.3088,1
629737788,816.5810686115286,515.1726398613315,827.0656,530.3247,1
629737805,816.8971523036231,514.8356289311774,809.2399,517.2416,1
629737821,817.3476998880573,515.3729297404687,813.5465,535.5424,1
629737838,818.042297177524,513.9392462502509,822.4128,502.9194,1
629737854,817.6237437324941,513.8483841633944,799.5043,523.6453,1
629737871,819.7967250721437,517.2460399477872,842.4357,581.127,1
629737888,821.3194627695933,520.0840326081363,828.5878,569.8398,1
629737906,823.9568729415587,520.4579604700958,857.4403,530.9297,1
629737922,822.8332544123579,523.942251314287,781.3953,580.3644,1
629737939,825.7750894588652,524.5165060038577,864.5876,538.5714,1
629737955,830.105552931126,526.4473531500294,887.0474,557.8514,1
629737972,831.4820335584722,529.2567136733467,833.8475,574.2424,1
629737989,833.2558637222386,530.8716104173911,844.4813,557.9478,1
629738005,837.6399251526907,533.4924364191111,889.6178,572.535,1
629738022,839.4289094387755,534.7794726751534,846.0057,552.3558,1
629738039,839.8349896450106,536.8454511940931,814.2885,565.9457,1
629738055,842.6740477301468,538.7849591378014,868.155,566.3477,1
629738072,843.3577269498883,539.6524145334937,833.7249,551.1523,1
629738089,844.2796695518066,540.7531000830018,837.1426,558.3055,1
629738106,845.7812837032246,541.3450557322338,855.9465,553.2766,1
629738138,847.71594895536,541.5859482813352,860.5668,545.5753,1
629738155,848.1859429026051,542.6447287690297,840.0818,562.5031,1
629738171,849.4347436323786,543.7170652519194,848.6617,560.8959,1
629738188,850.766252410433,543.5562242445083,854.9937,542.1476,1
629738204,850.9756787500928,543.9190532364477,831.2568,548.2991,1
629738221,851.4235979759738,544.8122416837074,839.8693,560.0542,1
629738238,853.6141794653181,546.6180504471272,869.5891,576.4896,1
629738254,851.2319708997195,546.9088103339893,789.6034,553.4304,1
629738271,851.8159510275705,548.0083079895028,849.5408,565.9781,1
629738288,853.4005602442043,552.1501574120095,861.5518,618.967,1
629738304,856.0718002504393,554.0283729902848,886.545,582.8369,1
629738321,855.3894447073426,557.2628334605478,822.7501,604.5118,1
629738337,854.7705813838859,560.2665567525953,825.5629,604.0045,1
629738354,855.0596605901526,563.0647219789212,843.8158,598.6547,1
629738371,856.5836040021763,565.2771900873475,865.0744,593.1454,1
629738388,857.0485644062073,567.7995175955239,850.4876,605.556,1
629738404,859.1200466658088,568.8763401394967,880.2921,581.9385,1
629738421,849.8240802184147,568.8184457148737,679.4404,560.8126,1
629738437,849.9131563134634,568.8243474668207,841.1007,568.6234,1
629738454,848.3371246962164,569.20304493187,819.0626,571.3456,1
629738471,846.3502434890406,570.9948527734222,810.7265,597.626,1
629738487,845.4860338522485,570.8503321657105,826.918,569.1534,1
629738504,843.3920322893023,571.9914214167553,803.0857,589.2101,1
629738521,648.2469308940662,687.671875094256,619.7058,686.0725,0
629738537,608.7466950939428,742.154981992879,574.2126,736.5964,0
629738554,624.7718162740613,711.4146462016678,612.4974,679.6522,0
629738571,620.8682326195167,702.5440341887609,583.3542,683.6503,0
629738587,631.7418769471184,711.4454536368067,631.8676,732.8708,0
629738604,635.977508770199,710.9305115560456,622.1204,705.785,0
629738620,626.6148801354648,713.4135469616917,546.2961,721.1624,1
629738637,621.9578414037776,719.2461155652334,559.2928,746.4482,1
629738654,622.7839701175947,720.2424692822115,596.462,721.751,1
629738670,644.1878246324591,719.7569734338952,780.5671,711.7195,1
629738687,647.7090449958353,723.7046941060746,640.7937,749.2952,1
629738704,647.6198727608318,723.0762869408723,612.1157,712.2333,1
629738720,648.132172906258,720.1729698273409,621.0172,688.5862,1
629738737,649.4202026323992,718.657163495117,630.2751,699.6895,1
629738754,650.3306836716962,718.3730098182402,626.4484,711.7689,1
629738770,647.8462420672593,715.4874499101569,585.6221,680.6162,1
629738787,647.3145530465295,716.8718123771558,605.587,730.375,1
629738803,643.9325682626418,718.6769945751305,563.6383,737.0947,1
629738820,641.2518563109776,720.4799087140675,570.7034,738.6963,1
629738837,640.8030141171419,722.0869844521519,602.6512,737.5552,1
629738853,642.1993992514206,726.7269834294684,627.4561,781.5682,1
629738870,968.0442909958836,754.7936794033068,946.2225,748.4237,0
629738887,1075.880870886287,716.3615403333815,1061.3474,712.8076,0
629738903,1172.2722513438805,756.1713760669456,1254.7136,786.6201,0
629738920,1258.880720431721,876.3972303761125,1396.7518,1082.7761,0
629738937,1303.7716351373392,963.0677545744473,1393.0251,1178.2021,0
629738953,1325.801202127986,1021.7273032683412,1363.7185,1205.4502,0
629738970,1318.4220062702814,994.8035047615855,1290.2703,971.1447,0
629738986,1190.288690800867,635.2347253292259,1186.8066,637.5923,0
629739003,1207.6672173276154,694.2255270558628,1213.1565,746.8959,0
629739020,1212.984759484994,679.2095564610162,1220.1138,650.4342,0
629739036,1195.7898258232476,675.2428309614996,1137.0999,663.7186,0
629739053,1175.1597867597523,678.7403466805093,1082.6888,690.7012,0
629739070,1188.4384164572116,687.8269882893704,1180.5599,686.3733,0
629739087,1074.0933250228416,559.7137911075898,1072.3754,567.5097,0
629739103,1064.1997847694058,557.8619873582203,1052.1615,564.0731,0
629739120,1066.172182124514,566.9635980645501,1066.188,591.0186,0
629739153,1099.0297635630536,581.6080600213718,1194.0632,628.0037,0
629739186,1099.9727232232344,595.1421370238215,1094.8511,649.1243,0
629739203,1092.5511729414607,600.9805307995966,1047.415,630.9873,1
629739220,1089.4704423932985,606.7649528887681,1062.954,640.6506,1
629739236,1094.7655431285775,618.6274461253664,1119.1912,693.4573,1
629739253,1106.2845869607918,628.3921282971395,1183.4144,695.917,1
629739269,1112.0871658579274,639.8266652964912,1145.2336,725.4289,1
629739286,1117.509676564621,643.5149343182462,1155.7915,669.8274,1
629739303,1122.5879275414065,650.4466141134715,1157.162,707.8886,1
629739319,1128.066375863015,653.8683547991338,1172.1698,679.9133,1
629739337,1130.4128970032866,659.5430496626752,1137.8586,710.1364,1
629739353,1134.657713996755,663.1392928021374,1168.1444,692.7254,1
629739370,1138.0442152875748,663.3291669016883,1165.2925,655.2513,1
629739387,1142.314462382627,667.8263854486426,1177.5232,711.751,1
629739403,1143.586971344752,670.4381594708933,1139.9281,691.7489,1
629739420,1147.8526305745668,672.6999013861233,1188.2129,690.2615,1
629739437,1148.5530934289186,675.566506086475,1135.8004,701.6813,1
629739453,1152.081787786066,677.170826718329,1184.5549,686.7598,1
629739470,1153.8240334463462,679.7779255254416,1157.4215,703.8555,1
629739487,1160.81455581525,688.8952144759504,1239.085,804.278,1
629739503,1297.186326876622,908.3703047137184,1275.3308,890.9681,0
629739520,1321.5629269291157,891.1041541094654,1302.0605,874.9601,0
629739537,1312.8379959055799,890.0613276844745,1284.137,873.0229,0
629739553,1318.8709179389343,891.3127506060179,1311.537,877.468,0
629739570,1320.8009488580847,889.6701721272436,1307.6805,869.1018,0
629739586,1313.842546976302,896.1064530081325,1263.0896,903.0522,0
629739603,1309.13987757399,897.8346399505664,1264.4475,888.726,1
629739620,1309.6019965070823,904.6154273905012,1288.7134,923.4413,1
629739636,1306.2466244679817,907.6149405852867,1260.583,907.7971,1
629739653,1302.5442637515066,908.9077935470103,1252.2765,899.1479,1
629739670,1303.8463078954585,909.4230496851956,1294.7371,894.4724,1
629739686,1303.2422296406717,913.1471669217376,1274.0734,925.343,1
629739703,1305.705449522114,911.2321966081793,1312.1022,873.9635,1
629739720,1307.0099088907132,913.9178117198226,1297.615,920.7598,1
629739736,1296.345640311901,914.1666392172847,1150.23,896.6427,1
629739753,877.328718905475,833.7763516941812,845.5387,821.6571,0
629739769,648.6951874580769,758.0239059961101,614.3849,751.3271,0
629739786,648.4266082768239,763.5917158862402,612.9132,761.6425,0
629739803,641.4805088308258,761.3794365993301,592.651,750.3293,0
629739819,639.2856487289989,759.8746397748165,598.1837,748.9061,0
629739836,627.1488848826223,758.3841691245402,543.1824,746.263,0
629739853,625.8392799483661,782.974083357053,588.6021,774.4628,0
629739869,586.6821106467436,753.1207482751499,550.4016,746.7612,0
629739886,602.3044906374747,763.0494208251207,581.1698,765.1653,0
629739903,610.4790058777448,759.4358115473697,591.9696,745.9225,0
629739919,611.3592458744787,754.7856121045395,579.5203,735.5311,0
629739936,614.4518163285966,745.160282440649,595.3545,704.4842,0
629739952,616.756374007188,749.7338005268176,591.2794,764.8307,1
629739969,617.1355565459577,749.485714585221,584.1484,742.3162,1
629739986,616.363356245333,749.9519191158192,575.3047,746.9637,1
629740002,621.6229051479891,752.6906326737874,625.5775,765.6387,1
629740019,617.1474570784267,754.3327146202274,540.8704,760.3063,1
629740036,618.4655831757286,756.1683370699091,593.9803,764.5325,1
629740052,619.0697987330182,756.9603490797913,588.7354,756.611,1
629740069,618.0274905912403,755.8040703294084,571.7252,736.8627,1
629740086,616.6426893462552,755.5997693964803,565.1886,746.2427,1
629740102,614.5509718767595,754.3963821144552,555.1331,734.2123,1
629740119,614.7137313023433,755.7628459460067,581.1501,764.777,1
629740135,616.736997657002,754.0996462090048,611.399,727.2175,1
629740152,619.2630987510095,757.4539588589423,615.134,792.4861,1
629740169,618.3076330290593,757.1544334362566,568.3032,745.239,1
629740185,617.6425570880731,754.7539959586348,574.7759,715.5477,1
629740202,617.987272677134,753.3644092714666,589.4559,728.5398,1
629740219,618.2729808114699,753.5327218507827,586.8092,750.5833,1
629740235,616.7297884792446,752.1946136237391,558.3658,728.0544,1
629740252,615.4604242356661,749.8012653620367,563.6876,711.2502,1
629740269,614.0871539761987,747.1029500069033,561.7349,705.3011,1
629740285,613.7578978237981,745.859659418524,577.3516,726.6603,1
629740302,610.245482344754,744.7319697403735,520.6782,727.5912,1
629740318,609.7522395697086,744.9238136353971,571.2204,747.7604,1
629740335,608.1686993264584,746.4490921480154,549.1414,768.6543,1
629740352,607.2094906459629,745.7703937298988,562.6437,732.8547,1
629740368,607.4008822719984,746.193710800707,578.9602,750.8274,1
629740385,607.2832981202193,746.7312973572941,575.9702,753.9799,1
629740402,609.6203268028987,746.9802575868152,621.0996,746.6554,1
629740418,608.7182648832086,748.699599562462,558.3008,769.0245,1
629740435,608.7659203379418,746.9424676096974,581.5715,709.6191,1
629740452,607.3605436596955,746.4225001146071,552.3701,736.0736,1
629740468,606.0966052436121,745.9590895269123,553.5034,734.0988,1
629740485,605.427097412655,745.3872497007416,562.9537,732.5593,1
629740501,610.946771143342,742.9596472306856,682.2103,704.1432,1
629740518,800.4519619662378,611.7338487573951,783.9821,615.681,0
629740535,796.6870229340024,599.4485773879278,781.0835,604.2848,0
629740551,806.4399717807562,594.5649895845073,802.1124,595.2425,0
629740568,819.4830043640507,599.6246101029002,830.7697,613.8115,0
629740585,826.9722609413728,601.8034054241356,834.605,612.4274,0
629740601,829.5720944557061,601.1242392061106,825.4303,603.2711,0
629740618,832.1066481905185,597.8142694241425,831.5205,587.7788,1
629740635,829.1440708000787,599.8657780846352,795.2258,615.818,1
629740651,829.3746159832634,597.0154848182484,817.9515,584.3956,1
629740668,829.406137044032,598.2948778030578,814.1462,612.4391,1
629740684,829.934476464973,597.2329815360009,820.6631,594.1448,1
629740701,834.3884469821429,596.5684360797975,862.5145,596.3234,1
629740718,835.855830062814,597.7592971049842,834.3173,614.0162,1
629740734,837.2340929173193,597.2305875277749,836.9892,597.1758,1
629740752,835.9392089306525,599.762630213357,802.226,631.059,1
629740769,835.7016952097367,602.9675187352016,813.7764,641.9398,1
629740785,836.0556968986217,604.7882416764166,823.036,628.2852,1
629740802,836.489196132306,606.2422717227839,824.9622,625.4877,1
629740819,1030.457950059319,574.3879242292862,1025.863,581.1079,0
629740835,958.8823823308136,481.7295875636306,959.1689,495.1426,0
629740852,959.2426574673128,436.9937150832412,967.2654,412.2598,0
629740868,963.2399002574134,430.96966370953635,977.08,437.17,0
629740885,965.7801709167389,423.1846391507041,980.7728,419.7275,0
629740902,969.2643172559017,420.1644935671302,989.9982,427.5501,0
629740918,970.4032265172873,420.96086621052973,981.1892,442.9954,1
629740935,973.6228655015832,422.54835718109075,997.4521,449.3064,1
629740952,976.4406149282055,421.0151452941699,1001.9663,429.7393,1
629740968,980.8306635619214,416.88220582630873,1022.947,406.761,1
629740985,984.7833751974791,417.4463330398147,1023.2426,441.0148,1
629741001,986.2756265033507,417.4349766818644,1004.4089,436.3784,1
629741018,986.9143368514051,414.69517050695396,999.7011,408.8899,1
629741035,988.0017649641602,413.7243079355893,1004.8263,424.1343,1
629741051,989.3358165862492,414.70562454310414,1007.8022,444.8683,1
629741068,989.2778666060527,413.1655508571403,993.843,415.9806,1
629741085,989.3148590817485,412.79725409734107,994.2313,428.7062,1
629741101,989.8768588266594,410.11159348091275,1004.7892,398.3904,1
629741118,980.5020406308962,406.5159867209087,859.005,383.6076,1
629741135,971.298926155187,402.63192956828385,853.7052,376.369,1
629741151,959.63534395206,397.8999483797053,808.2771,361.0524,1
629741168,952.4085461492089,395.92181646507095,867.0331,396.914,1
629741185,944.8381065554751,394.0154870366871,855.289,396.0024,1
629741201,937.2912611738843,392.0531958846343,849.61,393.2595,1
629741218,929.2222606569063,389.770651542156,835.057,386.471,1
629741234,922.4199026447843,388.5570959282384,849.1014,400.9304,1
629741251,915.432408104213,385.58152192694143,842.4166,371.7998,1
629741268,909.6458531950705,384.50392230885734,854.9869,399.539,1
629741284,904.4409523170576,384.2131667994754,858.5248,410.4529,1
629741301,900.2709647318247,381.9165717028933,874.3384,376.866,1
629741318,891.0174965950536,383.87118719481214,770.8633,443.7325,1
629741334,882.0300033790309,382.63125518563993,780.7471,400.1583,1
629741351,876.2625234742864,381.4369972051337,833.5785,390.1078,1
629741368,870.9296883040975,378.51966241577315,838.2881,363.6749,1
629741384,866.7525495821999,375.9151590035931,852.3217,365.4725,1
629741401,864.2452547562355,374.9369051443406,874.3686,391.2322,1
629741417,860.0179430777009,372.50513198019723,837.7796,367.8094,1
629741434,858.959644043769,371.04364297825214,889.1371,382.4608,1
629741451,854.4446613832557,377.99104911178046,808.8526,514.6651,1
629741467,852.6468092315592,388.2969127269152,849.4783,565.5911,1
629741484,859.8594843328872,397.4416241143763,1008.3782,550.4135,1
