timstamp,smoothx,smoothy,rawx,rawy,fixation
619320191,969.4083939299506,461.18460718801214,844.2241,535.5159,1
619320208,963.9776268521332,464.925266832508,865.0023,538.6514,1
619320225,814.6522376732827,580.428567438928,735.2598,615.1935,0
619320242,840.100950875272,515.8738040176918,772.1867,553.6201,0
619320258,877.6095515897174,498.9666686033925,866.4719,521.4863,0
619320276,876.029341300012,479.04955477314087,818.8992,480.8279,0
619320292,872.0539016861744,477.1253761843716,800.5977,511.5906,0
619320309,862.2245917347859,468.76862896029724,759.4564,477.7613,0
619320325,855.7760697648187,478.9762169160492,752.3958,566.5521,1
619320342,859.2631637685821,470.8550940615179,829.5943,466.008,1
619320359,856.3071864076688,471.28256103693724,772.3784,514.5984,1
619320375,858.8649594710438,479.47300646324453,817.0841,578.3364,1
619320392,860.9098929378797,480.35082342793083,821.3938,526.1346,1
619320408,859.7634517078768,484.8140767001604,782.5975,561.9626,1
619320425,862.3699498520414,488.2570735981315,830.3495,557.8497,1
619320442,863.4271504070019,493.16296186734047,811.0619,578.637,1
619320458,865.6583881852374,502.46426992979116,824.6139,636.0646,1
619320475,866.407899213771,506.30970035256684,810.3367,580.7878,1
619320492,867.6731502962631,507.56505091528464,822.6035,552.505,1
619320508,867.3853632893253,504.9526683073728,802.9716,503.1618,1
619320525,868.3109073266124,499.0835683613876,828.4797,456.7692,1
619320541,867.1799006112016,494.3931155865411,791.5496,468.8314,1
619320558,866.8743539346349,493.05329223329863,801.5144,514.039,1
619320575,866.3054630375768,491.053344149003,797.4772,503.4898,1
619320591,864.4778952606164,492.31143093935896,768.2289,551.593,1
619320608,863.9733963897347,497.48020403410067,787.0917,612.6473,1
619320625,860.8699749375501,505.95405610451434,729.5963,667.137,1
619320641,859.6508284195808,514.5475930922149,765.2311,673.3813,1
619320658,862.8447883721888,517.4343345815377,863.2216,586.0917,1
619320675,864.3301508695996,518.6359519922692,831.4474,560.9505,1
619320691,863.3704160089349,511.5724709669676,793.7772,427.1415,1
619320708,864.9966445431952,502.8235190557488,850.6298,398.6262,1
619320725,863.0612765395034,497.72933924144706,769.7875,457.9252,1
619320741,863.0848603944683,497.47802829080086,800.295,539.8168,1
619320758,864.0736336673228,495.6017606980423,833.1865,509.1381,1
619320775,867.235396409268,502.62627690158035,859.1284,653.063,1
619320791,868.0019444316004,506.5511134430422,811.4767,605.1492,1
619320808,868.527506671332,508.9017369056436,805.2373,576.0212,1
619320824,870.3198116145761,509.51844458550545,835.2773,557.2668,1
619320841,869.1049003470862,506.6335864014261,786.1,488.6639,1
619320858,869.77217249696,511.3100882755914,808.1207,620.6031,1
619320874,870.617851360314,508.6548127080631,829.0672,505.4932,1
619320891,870.3839333896613,506.4556394203534,806.0858,507.3669,1
619320908,869.4651986858738,504.43834110947796,787.598,514.1809,1
619320924,862.6321466424108,508.42543231526633,658.0528,612.9988,1
619320941,856.9205939155959,513.2365508997484,678.153,628.5016,1
619320958,852.4085284674154,516.3772390794696,706.8199,606.3199,1
619320974,845.9986562811697,517.1857833961614,667.2903,561.316,1
619320992,839.488521202238,523.7846867212736,655.1123,655.3321,1
619321008,836.323234437851,524.3670969666531,730.94,551.6599,1
619321024,829.154767155802,525.7487846342719,644.293,562.4603,1
619321040,828.0138906250141,526.9211886106218,764.8867,563.1676,1
619321057,830.2716585416384,528.2429164649758,834.097,572.7887,1
619321074,827.421377805372,528.3521094459998,723.6802,553.1823,1
619321091,827.0589092078314,532.1445240705544,764.1624,621.1573,1
619321107,821.9156557256807,523.9887313886022,680.8895,429.5737,1
619321124,818.7802604056409,518.5584126593338,709.9259,480.453,1
619321140,819.7462705823774,516.9756841699806,791.5945,543.9081,1
619321157,819.3094126583487,513.5466829033691,771.492,502.8943,1
619321174,817.2527003690697,506.00294879745434,736.2629,431.6025,1
619321190,811.348594545541,496.6261360705868,650.3624,387.1321,1
619321207,791.6567063426018,141.13358206190424,747.8361,195.9386,0
619321223,695.137912493457,99.36001828610691,634.2455,155.9514,0
619321240,671.2126560490116,113.25255420516064,573.5315,182.3728,0
619321257,709.6200898286453,202.60263694491482,718.9737,423.9785,0
619321273,735.0011021434996,200.17189127702684,765.2411,244.0734,0
619321290,755.2394869412881,186.19800116745228,799.7236,185.4063,0
619321306,768.5230879706062,193.4196218555437,787.6266,278.842,1
619321324,761.2993781970109,62.39427155503819,718.1659,120.7581,0
619321340,895.6144276829158,65.91474755170857,881.28,124.2876,0
619321357,883.1216265308045,142.19972068873935,836.8474,269.6704,0
619321374,837.2261316909638,135.78867242493126,694.0837,178.253,0
619321390,810.4393230441783,130.75969905260797,677.338,171.4655,0
619321407,805.4848689380422,147.26385597569282,736.3402,263.4783,0
619321424,789.072508742287,154.65382142429073,645.2125,242.1474,1
619321440,789.3742221998206,157.98156777143268,747.4762,228.9888,1
619321457,779.7199608292898,388.05570004053857,710.5139,431.565,0
619321473,738.6812761785372,288.886037904924,669.7325,336.874,0
619321490,745.9565764895726,262.3508803247281,692.3091,286.3112,0
619321507,763.2206696791113,264.1633504985096,743.2337,316.9206,0
619321523,804.5461688339278,246.8200625776181,907.2178,248.0004,0
619321540,878.9335699475115,195.72166382460665,1220.8442,57.7229,0
619322289,976.4365245425955,457.70201740103363,943.4552,498.2783,0
619322305,780.7990860676241,643.5925201264375,688.2345,675.429,0
619322322,839.5497149157861,655.8271621447482,828.7756,698.8989,0
619322339,857.0568153688124,634.0415478935955,827.8862,625.0786,0
619322356,870.5688962557409,612.6168754051121,854.2356,585.6738,0
619322372,878.8521906672187,605.3338768671813,852.0424,612.6664,0
619322389,878.2786384146953,613.3888952352675,800.9017,685.2863,1
619322405,879.5556422440029,628.612258796739,809.0857,745.7471,1
619322422,883.0636476103825,632.9313394721198,837.9219,691.9474,1
619322439,852.1130654001395,636.9256603403352,775.6273,669.1569,0
619322455,939.1691570392369,654.4042775653842,879.9464,685.9471,0
619322472,913.7098007061227,658.9023688735826,817.2361,694.457,0
619322489,902.3514097465155,654.2354237413158,808.7091,676.8383,0
619322505,900.6747278943694,634.7278413294188,834.5705,611.9709,0
619322522,897.7562316841675,624.230983774859,822.5626,618.3734,0
619322538,874.6734047370525,607.6767976182491,677.0969,565.3883,1
619322555,851.8298940149078,609.0646917115766,618.9726,652.2502,1
619322572,838.8550732032237,589.8337347043189,675.6559,503.8968,1
619322588,839.4332883282485,578.2810183085334,785.644,534.7224,1
619322605,824.5925819381296,565.2631662659784,614.6439,503.1394,1
619322622,813.6087366907626,559.6892107617226,628.2139,555.0221,1
619322638,805.5322030683568,555.717371203144,645.1803,563.1918,1
619322655,804.8913469820909,554.686066545679,732.1991,589.6979,1
619322671,803.3344700778085,553.6326082119094,716.811,587.4452,1
619322688,795.987428949879,554.4500438871287,621.3196,608.1804,1
619322705,796.643328864524,557.8772878686183,736.4796,641.6501,1
619322721,797.2216214197861,561.0582799916604,734.6582,641.1217,1
619322738,795.2902025650523,561.6765689886034,693.3049,608.3171,1
619322756,796.3719056917081,564.5192696663917,740.9076,639.6905,1
619322772,795.708721040058,564.4869309467186,712.1769,599.7533,1
619322789,794.025080448213,563.8315175813639,691.8295,590.0961,1
619322806,795.624924544444,564.3443218276632,750.8071,607.0919,1
619322822,798.2983030360349,562.436481458446,775.3745,569.8198,1
619322839,797.5961651024505,565.8181612361413,700.7136,651.3698,1
619322855,798.8025081127632,566.5451480266521,741.9883,610.6273,1
619322872,800.9769543994537,562.2455723247128,769.4558,530.1384,1
619322889,776.9384601997924,340.3177102805955,711.5367,386.0044,0
619322905,760.9493440883153,178.09457588731968,707.0579,231.1722,0
619322922,755.4138573300713,179.9968829301446,693.2528,234.7844,0
619322939,777.9055083424815,160.29055732550398,787.3747,176.877,0
619322955,793.2473832061646,163.77190074123686,801.6675,227.7259,0
619322972,795.3249401677618,167.27302195167368,757.5933,234.1802,0
619322989,786.9850046067381,172.49241649012347,686.5349,250.027,1
619323005,774.4075562243153,169.37552720671826,637.2969,205.2322,1
619323022,777.3279432281064,172.863481009921,750.2948,248.3276,1
619323038,779.4898725169495,186.70593888600024,739.837,338.1082,1
619323055,778.2292014296057,197.09065845847644,706.1991,329.1104,1
619323072,778.0234864290203,211.77004555432435,711.2077,386.1998,1
619323088,773.3170518186677,209.91735743006026,665.9775,236.438,1
619323105,774.5172858513303,213.0441887016096,735.5695,289.1788,1
619323122,779.6247492938894,218.29773781555562,792.4409,318.3459,1
619323138,776.1111368245105,221.22019339355438,668.1058,296.5492,1
619323155,778.1238500172733,217.2531122145553,760.9793,212.8096,1
619323172,782.2256333804526,222.19855741671208,787.6768,327.4391,1
619323188,781.8820419333699,220.81655523825728,722.8857,246.1365,1
619323205,788.5768854749871,228.2242069818352,837.2504,369.8552,1
619323221,1050.7351355307014,527.5342393044692,1027.417,565.0142,0
619323238,934.2550946048011,377.1357975775799,899.5657,421.3394,0
619323255,918.4775426989858,388.5285262432437,859.1163,443.0164,0
619323271,914.6393388874565,433.1917152846966,853.1474,559.4492,0
619323288,933.5788286215482,437.9977264751345,960.3644,492.391,0
619323305,929.0204482728167,450.6205646985972,859.6207,537.8945,0
619323321,941.927560453167,456.6645618365074,975.112,523.9853,1
619323338,949.3514435117247,461.75995628623576,958.3682,528.4927,1
619323354,944.5710248892088,480.9348034498505,849.9951,640.0198,1
619323371,941.1142783725517,488.03483964171716,860.2225,573.5442,1
619323388,937.6431084078142,477.0461098518805,867.6679,424.0242,1
619323404,931.6188598490878,487.38118553477017,811.4164,613.2055,1
619323421,929.1969986249214,487.1363635784936,857.0856,518.8779,1
619323438,924.7300202292373,480.47111090283,831.0133,448.2725,1
619323454,921.5210013485976,487.0062253999975,828.2446,593.542,1
619323471,922.503451285405,486.11999562389235,896.3029,511.1512,1
619323488,922.4609568542348,484.41181105005654,881.7709,500.0977,1
619323504,926.7540005889464,478.757044315805,959.679,446.604,1
619323521,930.1330061499834,479.70791148821326,940.2717,531.9833,1
619323537,930.5241407755385,477.7230380250142,893.9738,491.5187,1
619323554,1116.2919207878695,555.3687534083555,1104.6189,591.66,0
619323571,1149.3085815528495,577.8035316009007,1142.7234,613.1116,0
619323587,1139.559586974778,584.9607368240871,1117.7081,626.73,0
619323604,1146.89871989318,586.7490548562713,1156.4475,625.0209,0
619323621,1143.7632623623106,589.391541866351,1122.8015,631.5676,0
619323637,1149.2074156731562,570.5389788676262,1176.1541,535.4633,0
619323654,1163.9068492576423,577.8725222555244,1243.8079,648.0751,1
619323671,1166.740691036393,573.1968298005706,1185.1644,583.2147,1
619323687,1170.6367459726328,564.1262121537994,1205.1345,543.1514,1
619323704,1170.6099075741715,562.3785020600405,1168.4431,587.6663,1
619323720,1176.274494573973,557.5820111327613,1235.943,557.7909,1
619323737,1172.2625438807424,551.7116998749569,1129.7651,540.0316,1
619323754,1167.3386176322472,552.3149879223048,1105.011,598.3881,1
619323770,1164.632302347459,556.618935984455,1123.8202,639.6817,1
619323787,1154.7995910150046,563.9725185652127,1010.0675,680.1964,1
619323804,1147.454092002972,572.2535250904398,1031.9781,700.0589,1
619323820,1142.1828605143492,572.759192554314,1063.7721,610.1844,1
619323837,1146.48214932485,577.7959600415211,1211.9872,670.941,1
619323870,1153.590599384682,572.6825654591883,1278.4628,537.0395,1
619323887,1157.9492284375283,571.9680090040714,1230.6931,594.9512,1
619323903,1159.0081331081858,573.9816635906574,1170.0511,634.074,1
619323920,1166.3470402689777,570.2116498443174,1297.7627,550.1342,1
619323937,1165.910580946827,571.6197298502314,1146.4182,626.2083,1
619323953,1167.505858370222,571.7614886834972,1188.1943,607.7314,1
619323970,1166.830582230221,571.9142201768105,1144.3003,608.1625,1
619323987,1168.4244453600202,574.792812895489,1186.155,651.8031,1
619324003,1173.7937947551613,572.7046239483782,1272.5303,573.5049,1
619324020,1173.445635854034,575.1692610371902,1150.2563,646.9318,1
619324037,1174.3214665804576,579.9527886288574,1173.0049,686.053,1
619324053,1172.1458030973238,581.9509247360501,1114.4032,641.7829,1
619324070,1172.7439409991218,582.9488588858438,1175.1311,626.4095,1
619324087,1174.6744654356457,579.358596592818,1208.8989,550.5571,1
619324103,1174.7279791590872,584.1927782253099,1154.3771,692.7833,1
619324120,1174.150186216549,592.5764148627563,1140.9052,752.2242,1
619324137,1178.9309058746594,600.9927697808009,1252.0328,754.6951,1
619324153,1181.941936422126,607.1690237935934,1224.9441,709.4399,1
619324171,1181.5540566116797,617.997198860114,1153.0713,801.7633,1
619324187,1183.958226149777,625.5983150644191,1211.5598,744.1247,1
619324204,1184.6524456977243,632.1246944049774,1179.9463,726.3494,1
619324221,886.33985036021,617.7328544339751,819.0476,650.8842,0
619324237,576.64764813379,665.7075152381894,437.7743,696.2755,0
619324254,614.4675788309485,585.5537683446041,544.4797,543.5819,0
619324271,639.1286853104173,573.4961290023996,583.8945,585.9375,0
619324287,644.6237053722647,582.4387217505349,544.8179,642.7708,0
619324304,661.8256021940683,592.2675997018059,625.8971,663.4797,0
619324320,679.2718808069634,541.5970560470146,574.1095,577.9648,0
619324337,656.817683534214,631.530873151759,538.4833,663.7616,0
619324354,659.788746978078,571.4519120589322,556.7841,549.2467,0
619324370,664.789940826921,568.6750255799349,566.5446,598.8237,0
619324387,650.1078236712208,569.9715232156591,482.5408,608.9441,0
619324404,650.3256686083445,585.9593506943014,530.4384,680.424,0
619324420,649.1893386692777,579.9000698191301,530.415,585.8715,1
619324437,666.7144325950003,577.2705792074943,680.5887,597.5753,1
619324454,669.7587301076829,583.4260412714294,577.8656,657.1998,1
619324470,677.4007550346142,567.6695423184892,648.1074,489.4533,1
619324487,845.9812350552176,115.83973452764778,816.2753,171.869,0
619324504,789.3833477147685,219.95920079095637,737.7922,271.1602,0
619324520,784.7467941715322,215.53986724738837,727.3378,262.7244,0
619324537,764.3543629611236,148.98384793822297,676.8136,77.1417,0
619324554,767.4928883728237,175.69769967677814,719.5594,305.4624,0
619324570,761.0097299557475,187.6280350498417,671.2278,285.1177,0
619324587,778.1438612223021,187.69513231554953,829.1461,240.397,1
619324603,769.6931950518704,196.73102330385998,650.928,298.3277,1
619324620,765.4363322728576,187.80177437585306,682.9113,182.4387,1
619324637,771.0963638871602,195.85178068861896,764.7343,305.7779,1
619324653,776.9251817498134,209.8620686733928,771.6113,371.477,1
619324670,788.4812466465528,388.6322605245925,721.1217,432.1263,0
619324687,784.9096459174268,301.7790954262713,724.7944,349.2365,0
619324703,773.9889347933645,284.26392643820634,701.481,315.8214,0
619324720,790.8078260896219,275.4212812972744,776.758,307.4472,0
619324737,787.4068838055355,275.48970825962425,717.71,324.5424,0
619324753,793.837151408604,262.4441928373579,774.5906,263.0856,0
619324770,788.8206157946397,257.87457405205697,705.4005,286.915,1
619324787,783.0419165841757,280.0524781364318,671.9518,451.7869,1
619324803,781.6146880622645,267.2975760711523,721.025,234.2144,1
619324820,782.298711352945,264.2490387974122,734.2758,292.1399,1
619324836,783.391420660564,257.5449825203998,743.8618,254.8072,1
619324853,780.3037580785948,256.4740622947107,690.2954,298.9082,1
619324870,776.7961929643886,249.23959164098335,685.4426,233.5545,1
619324886,777.4886280957503,254.04411012505827,726.3751,356.0925,1
619324903,778.9847073801745,255.2483330143219,742.738,320.1277,1
619324920,779.8065646865675,253.62000354462828,737.6014,286.8087,1
619324936,780.8218880273006,258.57834090609424,733.8656,368.6884,1
619324953,780.4096729051276,252.4002148706709,724.8014,226.2066,1
619324969,779.088362989708,258.4146551736364,692.8185,387.1008,1
619324986,777.7273493234012,264.25457261998247,690.3275,389.607,1
619325003,779.3245260107958,268.28812543302513,745.5494,368.0809,1
619325019,872.6090013138881,499.5597890440688,813.2498,538.0925,0
619325036,865.4672581425011,434.6055918754476,810.5564,476.0967,0
619325053,919.1668019375251,468.3009532858442,934.8629,540.4623,0
619325069,913.1173767641237,452.49438114715326,854.8432,463.0728,0
619325086,900.9672489076117,449.2093708702518,809.2534,480.8065,0
619325103,890.9542759127876,467.8215287711879,784.1608,577.647,0
619325119,870.7305174618882,468.3288824504916,694.8523,509.8004,1
619325136,870.8455194120834,461.21315544288984,821.9208,461.5493,1
619325152,940.3693493709761,922.2185387296863,856.6808,941.5278,0
619325736,800.8418879799656,491.3229471243421,726.6816,530.1412,0
619325752,830.6743546008298,490.62608442589215,799.3198,528.8881,0
619325769,826.4077011021409,488.27559827417383,748.0017,522.8004,0
619325786,853.8663884217847,531.4670736641441,874.6248,690.8541,0
619325802,876.7975436756054,557.7980015020389,911.9567,691.2097,0
619325819,964.0779334226424,701.0214818339946,905.9523,730.4661,0
619325835,930.3674264375901,762.6037971182889,859.2466,789.1924,0
619325852,938.6883546090831,717.8348055780992,887.7272,703.8749,0
619325869,940.6532372425667,730.5305239129704,877.0739,782.8959,0
619325885,943.9005290454862,691.1427910563211,904.7175,609.6207,0
619325902,947.466013517952,696.9299689802086,900.7329,749.3842,0
619325919,947.004408044464,696.4263446865698,882.6028,724.5682,1
619325935,945.2383604326579,689.2150295428764,875.1149,680.2715,1
619325952,944.0683195131838,682.8869093924416,877.4189,674.4199,1
619325968,941.6051234308665,684.9480892684068,856.0208,732.0639,1
619325985,942.7138426911613,682.5600916329905,895.1202,695.6572,1
619326002,938.9789527358546,684.5959216023176,833.9614,734.5154,1
619326018,936.3910814840978,687.6469817677475,840.9944,747.7771,1
619326035,926.2961074806682,689.6896680197647,731.9148,740.5522,1
619326052,913.9599206207716,681.2879358957682,693.7774,621.6755,1
619326068,733.8772831202122,640.8311029296608,631.3934,672.7344,0
619326085,792.5510347374777,631.2694811228793,703.6724,663.6838,0
619326102,811.791830747882,631.572282393805,750.3827,664.3095,0
619326118,807.7405803078854,644.5373123006393,708.6366,700.941,0
619326135,808.6924246623945,655.7545682711715,721.3926,718.6218,0
619326152,816.7526818619664,655.936486057407,769.2448,687.4714,0
619326168,806.3868616234121,671.0527819201557,648.205,771.2537,1
619326185,813.0987880778198,676.1781458755755,769.4921,733.3325,1
619326202,813.5909320485538,684.0206058301214,723.3152,761.9154,1
619326218,814.9079127566109,676.6374408968035,743.6075,651.2645,1
619326235,817.0525272674137,673.6430292652002,752.9923,678.8345,1
619326251,822.4309423181131,667.3623973399119,800.3489,642.8374,1
619326268,829.84356332047,659.0573055995997,839.8837,613.0895,1
619326285,829.2796413068068,653.2755809910246,739.3365,629.5653,1
619326301,830.0250903692865,652.0547653959567,753.7008,675.1372,1
619326318,831.9069402221002,654.0195464916327,769.2118,712.3455,1
619326335,835.5109034815392,641.2865842273563,818.0968,527.1478,1
619326351,811.3688117559783,291.28050740106596,757.9601,339.251,0
619326368,846.6818676393051,334.74994890947397,796.9169,380.7792,0
619326385,838.0922440280913,320.84643001925497,778.6033,354.2547,0
619326401,820.6992340092045,314.23602971667185,726.3936,348.6563,0
619326418,819.9581242776998,324.40000767665236,760.2542,399.7825,0
619326435,824.5076580678362,344.9450534939828,783.6783,467.3186,0
619326451,827.7026785368681,337.0145064444121,796.2919,345.0368,1
619326468,823.2295769967155,333.1377539822347,739.0246,357.2968,1
619326485,824.4194763718091,324.5064275733844,786.0891,316.0259,1
619326501,833.2635628637976,315.19463448885483,869.6954,296.447,1
619326518,832.6365102928189,311.66885231501294,776.4484,333.1443,1
619326534,827.492413332406,304.9316698237902,723.3335,296.7588,1
619326551,831.6710863203429,299.9866735464747,836.0497,305.6477,1
619326568,1128.5890636159484,490.3993802296189,1125.5808,529.6743,0
619326584,1175.0830512362702,682.358316083649,1164.4336,712.9224,0
619326601,1159.3408382061905,710.6218414241188,1120.9587,766.7584,0
619326618,1197.5540885691316,690.9650992760213,1287.1071,683.8448,0
619326634,1217.2139494381104,671.1708374319646,1292.4513,646.5199,0
619326651,1210.7039733619656,671.8449676407755,1176.0376,706.1368,0
619326667,1203.4319612802228,663.3431593129245,1160.5239,655.9749,1
619326684,1191.4255168095042,658.838969170708,1104.1982,666.8155,1
619326701,1176.5651769772041,653.0077634773637,1053.2737,649.3569,1
619326717,1185.9256735052418,649.1526032898026,1272.2834,655.9927,1
619326734,1188.8509166803472,654.8459020059008,1210.325,734.6891,1
619326751,1193.717233880349,657.6577050496544,1241.5649,715.355,1
619326767,1197.2907011197042,660.2433091651942,1233.1641,716.894,1
619326784,1198.9946010211695,659.62553124029,1216.1729,685.0361,1
619326801,1202.1225346440938,659.0100577393221,1240.1663,684.2412,1
619326817,1205.7781548678572,661.8574161948122,1249.2107,725.6815,1
619326834,1212.5674639152771,668.1348128374007,1300.9307,772.4923,1
619326851,1214.125381994381,668.8640582039342,1228.3813,705.4531,1
619326867,1222.365635740775,664.6455134905907,1353.929,638.7289,1
619326884,1033.4354535080477,697.256466824243,990.6965,726.9608,0
619326900,809.5232459348275,612.7898782373317,726.0309,646.0699,0
619326917,792.5152722201377,634.9465112564644,680.606,688.2618,0
619326934,800.8253319357717,634.4749594169998,733.7417,665.7728,0
619326950,800.5367354713,630.7438697665681,713.3781,652.5369,0
619326967,814.7610146443059,643.0848798670972,793.0251,721.2899,0
619326984,842.9497285217446,705.8844256085486,758.1104,734.9537,0
619327001,841.5786960528835,656.7189369459285,760.9813,688.0326,0
619327018,826.8169992953123,671.7187713630115,722.3358,716.5881,0
619327034,823.4459750815413,672.2768292508943,729.3242,703.834,0
619327051,824.9516601720871,650.1406343639252,753.0055,619.0334,0
619327068,822.8747415132765,654.2157314379632,727.0964,701.4269,0
619327084,824.19919330183,668.9683280346572,740.0958,768.5215,1
619327101,825.1896067497958,670.7215724109162,745.9261,710.3575,1
619327118,828.7132734976352,681.0417951047667,765.3245,775.9872,1
619327134,825.4052138460117,687.5507392597584,703.3236,761.933,1
619327151,822.3074426967913,689.3295202519025,702.165,730.1766,1
619327168,822.6199199931357,690.5971360422733,738.3271,728.1035,1
619327184,825.8735564260295,690.8878004325836,778.402,720.0374,1
619327201,832.0753276521896,687.9224874314531,828.698,684.8894,1
619327218,832.7633265546299,688.3804388626389,753.5641,721.0565,1
619327234,833.0602072965788,692.7741917689578,743.9517,769.7969,1
619327251,835.6741759345808,695.4859737067057,783.7477,753.5002,1
619327267,834.5208074162359,701.0374511995082,719.8889,794.1,1
619327284,835.2060735974686,706.1363264199197,750.9418,793.5852,1
619327301,839.8541263681923,713.3262182139308,819.904,828.1494,1
619327317,838.4955292922722,714.5557053643,721.7423,748.1743,1
619327334,839.9204907823625,722.2268595712725,764.2227,845.6451,1
619327351,841.5281489192602,720.7760461781751,782.1903,713.7026,1
619327367,843.2612529344052,722.4310638562617,781.7438,762.145,1
619327384,844.7143321365018,722.1316474502999,780.7263,733.7753,1
619327400,844.8613295813971,722.9750943791018,754.0436,753.1744,1
619327417,844.8721153613577,722.5096153572072,754.0355,733.8569,1
619327434,844.7125905037586,721.43932074765,752.1783,725.2094,1
619327450,845.4130738056525,720.9884362754998,769.8137,736.2725,1
619327467,847.3232868966074,717.0015813574879,801.8687,678.8445,1
619327484,852.4020653402689,710.3558487537024,874.7564,634.6016,1
619327500,855.2169431198757,708.5030437289607,819.9889,708.8012,1
619327517,860.285132605199,703.6879574887723,870.1931,663.1188,1
619327534,862.7613598152753,696.7370753709278,821.8237,626.0167,1
619327550,864.494316682463,695.3140741193192,802.2024,708.7266,1
619327567,861.3843600276549,690.7086064946895,704.4082,664.0123,1
619327583,858.7156635453046,692.2308237745623,707.8184,771.042,1
619327600,857.557873378036,693.7262043052398,742.4073,761.9705,1
619327617,1090.8947305176825,576.1878922057423,1071.7926,611.4959,0
619327633,1143.1689737220693,527.0180647374212,1139.9413,564.6385,0
619327650,1130.6444497592556,545.970965604442,1106.0043,600.7349,0
619327667,1111.9025919451108,589.9802273926932,1042.7717,708.0101,0
619327683,1112.7516161764063,624.9687000424524,1087.8611,756.3439,0
619327700,1115.9093602955656,652.8001865564672,1100.6982,787.1877,0
619327717,1114.8912592698093,666.7718695883734,1080.7971,759.8369,1
619327733,1119.7264501997456,671.7436923709964,1130.011,726.3204,1
619327750,1124.147661528989,665.6173181956428,1143.6372,653.8361,1
619327766,1123.4140053097785,663.476649670803,1097.3447,676.3041,1
619327783,1125.611845287283,655.8742553063664,1134.1611,624.5939,1
619327800,1123.5714335598768,645.949105760667,1089.5919,590.9638,1
619327816,1125.5813069860696,638.4168535412521,1138.2844,601.7471,1
619327833,1124.2504168727437,643.1753271962085,1082.8525,726.7418,1
619327850,1121.8659312285251,644.1877972883411,1068.818,689.1696,1
619327866,1120.8869611190373,643.7042442139503,1088.78,672.1096,1
619327883,1121.5927334045105,646.0070554830555,1111.3901,707.036,1
619327900,1125.0729882022679,645.6874532954001,1162.2238,674.6824,1
619327916,1125.6393556574074,643.6184130769234,1117.9182,650.3575,1
619327933,1121.8142195664034,645.2988196768536,1034.7588,701.3003,1
619327949,1124.2334813105717,644.575725739149,1149.585,667.8164,1
619327966,1121.8552768878903,648.4199567194341,1054.6057,734.8352,1
619328599,806.5137716171595,739.8912005807089,710.6342,767.3608,0
619328649,841.6254892197569,668.1041086790652,759.9871,698.8977,0
619328667,851.2414349497961,663.334132113757,784.239,689.8296,0
619328682,836.4583887893218,681.8435276240226,713.2249,747.0917,0
619328699,834.0170722338069,706.0776493915255,732.0198,803.4368,0
619328715,827.6222033191889,709.4332362240605,707.7645,749.9271,0
619328732,823.9269964070145,699.8848937660507,718.7137,683.8074,1
619328749,817.0239140293455,706.3586779576336,675.5718,770.6403,1
619328765,826.5329763434805,720.4680379512753,807.0244,837.618,1
619328782,829.5156635084302,726.8447874312753,763.1052,797.9772,1
619328799,832.1733524149706,732.722551803105,764.8145,803.6955,1
619328815,836.6772339674227,726.610214348572,802.8793,697.2198,1
619328832,841.1015367666815,723.821622662598,807.5444,723.1162,1
619328849,840.4475229011952,723.2386150699839,742.0436,743.764,1
619328865,839.125680182853,722.8620849339425,731.1057,745.6074,1
619328882,843.0801462529345,723.3227285353823,810.3909,755.6398,1
619328899,837.4848036508012,731.2685069090192,651.84,851.4786,1
619328915,838.5973836038011,735.100881745927,762.4471,805.5029,1
619328932,839.4930218942434,739.4739316388718,759.0544,816.9072,1
619328949,839.1016237962845,746.0369580881588,733.693,852.0667,1
619328965,840.3017632498502,747.9646048025677,768.837,790.8406,1
619328982,839.4377933355377,751.7143020940266,728.2889,820.1119,1
619328999,839.1255045974931,752.7551480037054,742.0979,782.5779,1
619329015,842.6071080587398,750.4841968463222,821.3885,733.3864,1
619329032,843.3770804911999,749.5421874852308,767.7582,754.1423,1
619329048,842.3697182716214,751.8601577465627,727.5386,806.5018,1
619329065,843.0506743601433,749.8716518221934,768.5115,739.291,1
619329082,842.2238564906013,755.2656205768023,726.309,859.4932,1
619329098,843.1958843085118,756.9141021198516,769.5913,800.8359,1
619329115,839.2980900743254,756.1259234288771,671.3721,762.1147,1
619329132,842.336811297693,760.7348386417257,808.734,853.0172,1
619329148,840.1777272475886,763.348996709782,702.8051,812.5144,1
619329165,837.1734971677163,765.827737008766,687.388,811.985,1
619329181,838.3089254572124,766.0944876157781,770.8101,783.764,1
619329198,835.8682675581633,765.1719269777913,698.9244,771.2939,1
619329215,834.0042517296788,765.2986747014146,706.7659,784.1033,1
619329231,833.4434651193673,769.2955823748257,729.0947,843.283,1
619329248,835.4344435933435,766.2074850061147,789.7194,736.605,1
619329265,836.0362622039771,764.3500679473391,771.5934,764.6677,1
619329281,840.11456406365,761.8059841476987,840.2783,748.9598,1
619329298,842.4518975780067,764.5641342490628,794.3503,837.7628,1
619329315,843.7805391573498,764.3695651519145,781.3142,777.8651,1
619329331,842.2628412641504,764.9968415398089,719.5841,795.6434,1
619329348,839.5077156088744,770.4662974882535,678.5298,879.1995,1
619329364,840.9134182827684,769.9464716009975,775.7331,780.6019,1
619329381,842.2095895942311,768.7780533230322,782.8917,771.6434,1
619329398,843.7995684992959,771.8134128356193,765.8465,851.7381,1
619329414,847.6590598047102,770.5132334476544,834.0854,774.1971,1
619329431,847.2413376430644,774.9757306293096,734.217,871.1451,1
619329448,851.2390723047799,775.7434481676113,831.9707,813.3564,1
619329464,853.9028592912645,775.980509644016,809.3125,798.1461,1
619329481,852.3437639566284,776.0795038426182,716.9078,799.5353,1
619329498,853.4928947780538,779.6733345836245,771.7814,854.355,1
619329514,855.5449009099684,782.7348025742313,801.0814,841.6672,1
619329531,855.5833851723085,790.469723310438,745.7009,923.4736,1
619329548,1024.0408794382195,741.0836915503603,975.2185,768.7739,0
619329564,1189.4928350757132,820.6856704002572,1169.1968,844.9485,0
619329581,1192.2000521658692,816.2408871503075,1176.5964,836.4827,0
619329598,1194.449389530004,767.5334459893703,1194.4932,701.8838,0
619329614,1183.7393010938806,736.7964733122914,1139.5901,678.6064,0
619329631,1175.2153201538413,721.7164215747024,1125.8972,695.545,0
619329647,1175.8610208868208,703.0304368886889,1176.3009,648.1901,1
619329664,1173.195582625345,693.8401499143718,1147.6647,676.6778,1
619329681,1168.185024282032,698.1063892337327,1112.0132,759.2176,1
619329697,1166.1035296062664,693.6207975255547,1138.0265,694.9894,1
619329714,1164.3778477430758,681.9656134406372,1144.6729,623.9539,1
619329731,1162.0969852110727,686.871838456725,1120.7141,765.735,1
619329747,1170.2072182149554,689.7617055494053,1254.7268,751.6544,1
619329764,1173.7167531070618,693.729432726387,1202.4786,766.9874,1
619329781,1174.951835799352,695.4753321360257,1176.4358,745.844,1
619329797,1178.5720014733758,698.4922832589998,1213.7227,763.1746,1
619329814,1182.9525561631353,697.709271709397,1235.6094,717.9162,1
619329831,1178.7997792132562,701.0914374144111,1092.3347,771.9221,1
619329848,1176.8467200421762,703.330813025701,1127.2719,759.3783,1
619329865,1174.0703789335469,704.9268383507692,1111.2219,752.2278,1
619329881,1171.979446144438,709.3414645139688,1117.1483,794.4239,1
619329898,1169.442450750029,710.6206105469747,1110.9944,751.3202,1
619329915,1169.3105416743447,712.7769914994872,1153.8047,765.8942,1
619329931,1161.959554416071,718.3244216893365,1006.361,819.7985,1
619329948,1013.6677867069444,479.8137053908788,986.718,519.4269,0
619329965,1051.9029034573828,428.0564243373561,1038.0223,470.0825,0
619329981,1043.7744976235742,401.09067494366707,1023.2385,418.6599,0
619329998,1045.648682441999,405.6914929244353,1036.2021,457.5919,0
619330014,1066.7432861992224,416.6823322398354,1130.2288,490.4824,0
619330031,1055.2160105537293,436.4008490941323,978.3601,551.5898,0
619330048,1043.3440501752898,430.38618286942034,959.9131,443.1344,1
619330064,1041.6110962489338,434.9340431188801,1011.3442,500.9613,1
619330081,1040.1013217400077,444.1433804414009,1005.5917,542.7895,1
619330098,1035.593239242652,443.2640073173767,977.813,476.0037,1
619330114,1030.324528829005,449.2207014283982,954.3248,535.5086,1
619330131,1022.5262458476359,455.02608170978516,912.3185,543.0669,1
619330148,1017.0663790671175,460.51588780819793,928.2643,548.2792,1
619330164,1015.2579793933196,466.3883582049745,968.6171,560.1885,1
619330181,1014.9131308623744,467.7073524822311,991.2938,515.119,1
619330197,1011.6638550143573,465.5505271220946,948.9941,474.7258,1
619330214,1010.9847642537495,466.8758324048018,981.4681,517.2489,1
619330231,1009.7191622129816,470.78020388745637,966.5275,553.2252,1
619330247,1006.5428508024268,473.00338667282136,932.7506,534.4288,1
619330264,1007.022628200218,471.9409422266918,998.4251,490.7617,1
619330281,1005.5369708997525,480.5258206832726,948.1945,630.3427,1
619330297,1002.1534030297648,470.4133101356863,936.2047,360.0014,1
619330314,997.5146887905016,468.4501913530619,896.8049,477.7067,1
619330330,990.665785729194,474.4011204228734,837.0011,599.056,1
619330347,985.2015009815561,478.9272045249606,860.4378,580.3769,1
619330364,981.0356321362603,481.26382092708207,884.7204,548.475,1
619330380,979.6089362028362,483.50857668346265,936.4443,548.9318,1
619330397,972.8453758720583,485.49686480644664,823.0662,546.4724,1
619330414,966.6409548538207,489.699927689928,825.7389,584.5198,1
619330430,959.7270045755031,493.8479744457291,805.3976,585.9803,1
619330447,953.5184282131308,494.4057058264324,820.2727,528.7139,1
619330463,895.7678991564678,465.4200290173845,844.5823,505.5417,0
619330480,870.7910289822605,601.5754684587084,801.619,635.4453,0
619330497,852.3488512405678,606.0447705061753,755.9696,643.918,0
619330513,833.1506040330742,622.9623264449853,704.4286,687.8223,0
619330530,837.4565314308476,632.014006588111,771.7914,689.8114,0
619330547,833.1728829250258,603.1076379831798,746.067,528.0582,0
619330563,828.5146611221779,619.5464342907109,714.0319,729.6564,1
619330580,826.0261863401942,620.8585239934895,728.1443,660.7003,1
619330597,823.5054985096107,622.4706621285297,721.9813,665.1268,1
619330613,828.7996496676404,633.051764096795,790.2481,740.6775,1
619330630,824.3235292635271,632.183141699367,698.2192,655.4054,1
619330647,826.8143835357151,630.6760398697796,775.8965,648.1282,1
619330663,826.5313542767651,625.752150178488,747.3911,610.7431,1
619330680,827.5966611845988,619.4819492094562,767.8025,589.4249,1
619330696,824.3162453263658,612.3016668904299,706.8713,570.8873,1
619330713,824.8196669748106,599.9733099881232,767.5926,499.5839,1
619330730,824.2167555018059,591.63818263008,746.6343,536.5615,1
619330746,823.7869825346673,587.2974185737095,744.4142,580.3422,1
619330763,821.9374655072971,580.3626426655305,722.8933,539.9246,1
619330780,821.5745749910259,585.5694754343036,731.5309,704.1796,1
619330796,822.2708960224121,595.7216985806798,743.2869,778.7147,1
619330813,752.766875360888,780.9194425261882,641.4452,806.4467,0
619330830,822.8556149819735,766.4257644578532,728.0697,792.7038,0
619330846,802.6814623716227,752.0440491543908,681.6873,765.2384,0
619330863,806.5421651456668,765.0332790671968,715.4177,816.0678,0
619330879,785.2201766479936,750.9480607825768,610.7031,737.8374,0
619330896,790.7935866735841,745.0018607661423,720.6014,750.2612,0
619330913,792.2193497752365,756.6922316390023,695.2933,838.1948,1
619330929,793.841873142659,754.1949935979399,706.978,766.9727,1
619330946,781.025636437961,755.3135000997956,573.7904,789.0162,1
619330963,783.6729600582482,761.2344505323898,703.1017,829.9743,1
619330979,794.0916054566684,763.3591413394306,798.8223,805.6208,1
619330996,794.085261670248,759.2029751512982,696.1628,748.2345,1
619331013,792.783652623854,758.6772012339977,676.0345,779.8768,1
619331029,795.3669388747325,760.4744411752133,725.8869,804.8031,1
619331046,795.3273754683388,755.4255320897495,698.7004,727.5522,1
619331062,789.3537104093497,753.0994180897494,603.8081,754.7272,1
619331079,786.8026260669551,749.8636168356254,652.4075,740.5885,1
619331096,646.7843312349373,867.9403129821761,504.4478,889.358,0
619331112,740.8388044617611,827.3207688297047,622.6467,850.7131,0
619331129,760.3884651388877,782.5117485627433,678.427,765.3477,0
619331146,762.132566057859,766.311222873769,661.239,762.0138,0
619331162,772.2977374572282,762.4761633818994,704.4399,778.5042,0
619331179,770.1557219931265,767.851965408396,651.0654,814.666,0
619331196,769.0116030732594,771.3731787021738,653.3423,813.9645,1
619331212,772.4085947318417,769.3756246782343,691.0907,784.4851,1
619331229,773.4002968580762,761.4648681034364,680.5708,737.85,1
