timstamp,smoothx,smoothy,rawx,rawy,fixation
631470480,938.159083401399,466.2714337531292,863.8713,393.015,1
631470497,933.4963626384779,465.53392339972606,852.4105,397.443,1
631470513,930.1282840511055,464.07821808244853,876.1556,383.4958,1
631470530,926.8736166620901,463.15823248824273,880.2363,392.6822,1
631470547,923.929243039174,463.1361437576792,883.2855,412.4951,1
631470563,920.0683846750253,462.34014593731894,862.8883,395.2696,1
631470580,917.396009883348,461.8845030401504,881.6129,402.0943,1
631470597,913.9161294163248,460.92636557366217,868.6707,391.0717,1
631470613,910.8842895701779,460.5739798750757,880.5482,402.1074,1
631470630,907.2814082830806,460.6063941407008,865.3881,412.6368,1
631470647,905.2538644613921,460.5192780546562,889.9727,410.3558,1
631470663,903.4691086155715,459.5010777144508,892.4772,390.7758,1
631470680,902.2390967794972,460.0754614852071,898.5989,416.678,1
631470696,899.5091358030979,460.5047600007172,867.8131,420.5957,1
631470713,898.4911119410037,461.0367268687072,896.0199,417.8683,1
631470730,896.4097045135552,460.940835537441,872.6753,405.7069,1
631470746,895.0578647766624,462.84569853648486,880.954,444.8726,1
631470763,893.9237215097604,462.43148374636706,885.4958,399.0516,1
631470780,892.8300198575272,462.36065263239345,882.1824,407.4776,1
631470797,891.7830382280983,463.82258863865053,884.2998,438.2813,1
631470814,889.5331024427045,465.3439701640444,857.5341,441.5133,1
631470831,887.3932594784516,466.7998069121825,858.0132,439.0157,1
631470847,886.3217799752316,467.9113796444522,875.0013,431.5784,1
631470864,886.0031593692632,468.2956955298695,886.1198,416.013,1
631470881,883.6649919483513,469.11867406405435,850.5656,430.2651,1
631470897,881.7431686646829,468.74557492678554,851.3445,400.9279,1
631470914,880.1422641532885,468.54298525697703,855.7249,406.2731,1
631470930,597.2880428647588,434.96544217518976,574.9227,389.053,0
631470947,488.30143373886256,415.06172095456736,459.8052,370.6149,0
631470964,520.2795796731187,388.45033380080673,527.6623,307.387,0
631470981,524.682525314662,403.1880579271591,507.2479,388.8868,0
631470998,536.1089720598707,408.0115997643309,545.8905,375.5825,0
631471014,537.8364906815747,410.47606621393277,518.7275,373.9611,0
631471031,538.968696417273,410.4822971885633,518.5631,362.8311,1
631471047,541.9082177144398,415.58107303267843,533.53,401.6991,1
631471064,543.9788523865936,418.39437557740496,532.1172,392.1588,1
631471080,545.1892982736961,422.30395182616274,528.1069,408.517,1
631471097,546.1282380042146,421.7187373413166,527.8212,368.1111,1
631471114,545.6049112380131,423.14506978155345,513.7428,390.8753,1
631471130,545.5949099021997,425.7817822530371,518.8032,408.2006,1
631471147,547.9624942852229,426.45901640419316,547.9703,385.7253,1
631471163,547.1526140161262,426.8211293138367,510.5275,383.9598,1
631471180,546.5986960989482,427.77334868048763,513.0231,393.2097,1
631471197,544.4645980438814,428.55845260392914,490.2009,393.0134,1
631471213,545.7598236937787,427.8430795191725,538.2831,368.7005,1
631471230,548.221618017268,429.50548919322205,557.1925,406.4258,1
631471247,547.7456534689416,430.4117177802429,513.814,397.2854,1
631471263,547.4426621608304,431.43344520802,516.3293,400.3929,1
631471280,546.2675592427271,431.9841575265899,501.9499,393.8317,1
631471297,544.7303328142013,431.78656665919124,495.2228,381.3725,1
631471313,544.594933244205,433.0420686506165,518.0815,407.613,1
631471330,544.5210301636869,434.18482076723325,519.0478,406.6738,1
631471347,543.5299193866562,434.5595925643023,502.897,393.7996,1
631471364,543.6438930163415,434.1113928943677,522.1229,377.96,1
631471381,546.2886634409637,432.3031467115376,567.7222,350.1353,1
631471397,551.4781160873733,429.1984599777522,614.9283,322.6704,1
631471414,557.956795515627,426.05437749877115,640.2987,320.1163,1
631471430,565.3558949784804,426.56015887354647,659.2054,391.0676,1
631471446,571.62309493427,425.66409922669754,632.3438,362.6328,1
631471463,577.7049262867617,425.31796593848844,638.6523,367.0801,1
631471480,585.6006459590026,424.0078384796044,672.5107,355.3525,1
631471496,591.4116800981656,425.4566000192083,640.9743,409.4261,1
631471513,650.2570053718174,232.96305241006795,632.1418,156.2498,0
631471530,619.3861640195755,256.3934361689527,599.3599,184.2272,0
631471546,642.782785877303,263.6097642939173,648.6872,198.8489,0
631471562,644.4287901463247,260.6943389760118,629.1812,181.3691,0
631471579,649.3532551631845,255.99270650057485,646.4186,166.1082,0
631471596,638.3572467597082,250.24008953511182,573.6597,152.5476,0
631471612,641.1797335709977,248.2166369417326,637.3021,162.7289,1
631471629,640.6332760358325,248.18386159281985,618.5948,174.5629,1
631471645,637.7161904024232,248.33721072068067,598.3633,176.8531,1
631471662,639.0121247099671,248.71305529189243,630.9429,178.0724,1
631471679,637.9005966988893,259.2975314750858,608.8824,288.2177,1
631471695,637.1919330095827,268.1939332730955,611.3221,287.6507,1
631471712,636.7401987620723,263.8550753680608,613.8983,139.1341,1
631471729,636.915898601289,261.43517409755276,620.7313,157.3262,1
631471745,640.0762354130803,261.66530173347354,659.1664,189.2212,1
631471762,641.0178769357321,261.37278800099716,633.3335,183.0181,1
631471779,638.9709698775886,259.9737858736095,592.4326,167.4481,1
631471795,637.5399436396583,269.53834669685426,598.2723,339.206,1
631471812,638.5365370951758,258.34971807417656,635.3021,8.918,1
631471828,640.058101969733,252.22261095780226,644.0242,82.7937,1
631471845,639.8298839216448,248.43938172609592,617.089,118.5985,1
631471862,640.345617657467,249.3575875347133,628.7507,198.0208,1
631471878,640.3855005740608,245.03726764617804,621.6857,103.6332,1
631471895,638.4791692700079,243.84449135887584,588.2578,159.0127,1
631471912,639.2311619686388,238.0994494621665,633.7889,70.4856,1
631471928,638.810440965098,238.47446402129398,612.9341,183.4166,1
631471945,630.6308619835256,233.46342297095592,475.1046,83.8995,1
631471962,632.1369844935452,231.5137143209345,645.6759,133.5357,1
631471978,632.872841351883,230.10714746123378,631.6434,142.3392,1
631471995,633.1977625752301,227.317223166629,624.0461,113.0555,1
631472012,636.0848313795655,226.3244153593698,670.7628,144.4158,1
631472028,637.6728872642414,225.71300420764956,645.0517,154.3117,1
631472045,635.5483176548695,231.80897469329804,581.0662,289.3892,1
631472061,618.8474853692467,486.02824972027975,597.4121,446.5245,0
631472078,614.2105541275931,478.5542137523792,592.5541,438.1708,0
631472095,605.0835118634068,471.41048531134,573.3633,422.5916,0
631472111,608.2885919844219,472.0253832678571,593.1078,432.1314,0
631472128,605.8163773417001,464.46178302442195,576.1447,397.1145,0
631472145,609.5474674541417,468.3551009682074,603.1493,443.8649,0
631472161,604.8861283974181,462.7625596037852,558.8638,390.3998,1
631472178,604.5608443600711,462.92268087087393,580.6902,422.3405,1
631472195,608.2088280886405,465.7042521962442,612.1182,444.3997,1
631472212,610.8054010183401,468.5176646873897,609.248,450.2502,1
631472229,613.3872844519004,468.8765019628585,613.744,429.2441,1
631472245,613.1758752541011,467.3880463372311,588.3578,409.5505,1
631472262,613.3160960292669,466.81528649233314,592.0616,418.2158,1
631472279,612.8075416408649,465.82894823258493,584.4637,412.1385,1
631472295,615.3098094178455,466.39079191944757,622.465,430.7429,1
631472312,616.2497668961092,467.18451023006435,604.6935,435.565,1
631472329,616.906457789181,467.85962473800464,601.9796,434.8987,1
631472345,618.7009503343984,466.82763186281295,619.6959,408.0555,1
631472362,621.0274438757276,467.83020211096857,629.6586,439.8644,1
631472379,621.8476610167412,468.17282275218986,608.6658,430.554,1
631472395,623.1400044639724,468.9657411849434,617.2559,438.4027,1
631472412,624.0892316247282,470.15955370929476,612.9969,446.4169,1
631472429,624.0292461070975,472.8377935816537,597.0575,474.9353,1
631472445,624.4701098293322,474.29520416263153,606.1666,454.1433,1
631472462,626.6561539679128,477.6630320639985,636.9993,490.0497,1
631472479,634.2476231619341,476.60296973895043,734.1935,404.6279,1
631472495,1051.8172690578508,413.1623889649342,1055.6499,346.2392,0
631472512,1184.656399437442,426.9273520408423,1196.0247,356.726,0
631472529,1160.6521021741642,437.95123672449824,1145.1952,383.7652,0
631472545,1155.0133038901427,438.73738322456455,1152.8816,373.5401,0
631472562,1153.169271933655,444.6877986296187,1156.9557,398.5313,0
631472578,1149.0477479472042,444.2392420374938,1141.448,376.2415,0
631472595,1150.1107683498428,445.1696764669037,1165.3037,383.6245,1
631472612,1151.1044160363,445.04189622268194,1166.889,377.3426,1
631472628,1153.136849129673,446.7734567290278,1177.0692,392.9753,1
631472645,1153.2609236972532,442.9063350659485,1163.8481,342.4952,1
631472662,1152.250288684503,445.27317633574853,1152.5605,402.0117,1
631472678,1156.261113453541,445.39720095925173,1204.5878,378.472,1
631472695,1157.4230343028426,447.02281674144865,1178.189,398.2606,1
631472712,1158.594547250933,446.62274961223284,1180.2017,374.1798,1
631472728,1158.4767915522987,448.6039877089438,1165.1423,407.2856,1
631472745,1160.1434475219255,448.7269824021357,1189.3108,382.1325,1
631472762,1160.748686900289,449.56833901506707,1176.418,393.8162,1
631472778,1162.0087283351857,449.519093285287,1186.9148,380.4656,1
631472795,1161.8835303776877,448.28979697769864,1167.5072,361.9463,1
631472811,1162.949115450826,447.92258534510665,1186.1436,374.6569,1
631472828,1163.2803054689364,448.1198031365314,1175.4684,384.582,1
631472845,1163.4268279506894,447.8574667283806,1173.015,376.7639,1
631472861,1163.431112646119,447.96250499368506,1170.9851,383.3617,1
631472878,1163.4283780154344,448.78034588439493,1171.0908,396.6371,1
631472894,1164.4786218132422,442.62804642985645,1190.3331,265.8712,1
631473011,1168.8347828790122,176.98984144727245,1180.7958,71.8848,0
631473027,878.4068154960241,138.8473253048674,873.9408,39.7654,0
631473111,464.43021031607316,107.13362630981486,0.0,0.0,0
631473160,574.0734393616024,128.29977596788876,784.5705,79.268,0
631473177,622.234358199079,141.3013482904199,754.2255,90.8596,0
631473194,652.8765102660598,146.61145792061058,761.3456,75.9999,0
631473210,774.1950466673385,108.4427947702442,763.935,9.1457,0
631473227,770.1493658455407,141.08295715055215,759.4614,46.5849,0
631473244,782.7248430364936,160.28995386003672,785.7908,89.4135,0
631473260,792.5777728438663,154.29051269043336,803.805,46.2883,0
631473277,800.1465805514265,154.02002402455625,814.6083,58.3815,0
631473294,805.9662245111847,153.71991646412997,820.9565,57.383,0
631473310,811.0003625069241,154.47707091001462,827.689,63.563,1
631473327,814.9077363317099,156.0200260951674,829.3939,71.17,1
631473343,815.7123534638246,153.39777179138457,811.8547,38.5437,1
631473360,814.0175568812411,151.34961833381954,790.8987,39.7641,1
631473377,814.3043792615351,149.79535117758093,807.5495,40.5411,1
631473393,808.8546245868313,143.0479915571601,747.2055,-19.8904,1
631473410,799.5241164711791,139.38077862124055,694.1065,8.6213,1
631473427,794.535206250016,136.6111657674101,733.0618,12.9292,1
631473443,789.1258671380555,138.84996794165414,720.185,78.6081,1
631473460,782.3799312367602,136.56511098200352,695.1127,16.4255,1
631473477,780.7798278065939,138.41973225860517,758.7438,73.8305,1
631473493,773.9048407537846,136.87595028160183,679.2977,24.9373,1
631473510,773.710635753268,135.7858488742856,772.6733,26.8426,1
631473527,768.9894519628299,133.4961668852114,700.9242,7.7906,1
631473543,764.4633818155885,130.95711955147289,698.9323,0.9695,1
631473576,758.0106716138387,127.97949114460125,662.4894,-8.1436,1
631473610,751.9424124488987,135.63182515178494,661.8145,181.4649,1
631473644,748.949594188071,140.58773386384294,708.8302,134.6538,1
631473661,746.5739491368653,146.22142113642275,715.6213,149.9488,1
631473677,744.9790887642325,147.51683685664938,726.3018,70.3517,1
631473794,338.50785214130445,367.75964287977973,602.6411,644.1623,0
631473827,427.0257983659389,413.799638371801,578.9465,467.5241,0
631473844,482.1611987401777,442.4407790399389,622.5592,490.3209,0
631473860,518.3039298090324,459.103361014465,636.2781,485.6371,0
631473877,622.7434762844667,526.8199714813798,601.2867,492.961,0
631473893,595.17584455305,529.331341067539,572.123,496.9157,0
631473910,607.8362796012871,519.5022039586753,598.9797,473.4951,0
631473927,620.3023740806736,522.6214682326167,624.82,494.4251,0
631473943,615.591583691412,524.6787063035191,578.6687,498.3253,0
631473960,608.4829277286004,527.3886707502303,556.5325,507.3549,0
631473977,608.9088940803038,532.6529674573934,588.9254,529.0953,1
631473993,614.5934129391926,529.4746551734977,627.7059,473.3963,1
631474010,610.1211579001349,525.0197557964235,556.2673,458.4497,1
631474027,601.9842902331674,524.8673683884807,515.0187,493.0566,1
631474043,593.5611107179526,528.0253487268301,497.825,528.6346,1
631474060,586.389325333644,532.676409798039,496.982,551.5389,1
631474077,583.4434580208341,535.0570309161639,533.9847,530.0343,1
631474093,577.4500393658849,534.6172600018796,492.3631,498.3936,1
631474110,574.6317272463164,533.7939306702364,524.4896,491.321,1
631474126,570.8988461178594,533.9837481020003,507.8692,505.684,1
631474143,566.7746318955199,534.6774237924111,497.1447,514.1347,1
631474160,565.0014361556831,535.3125659403253,526.2072,513.1085,1
631474176,562.4901406123954,536.5259308733613,512.2428,523.9717,1
631474193,560.8144324860199,536.1744565231155,522.0667,498.6446,1
631474210,558.7712152188294,535.0422730695909,513.712,485.3207,1
631474226,555.625196138902,534.4687248916367,492.7829,495.2478,1
631474243,554.5829845322618,534.6549795806411,524.4991,507.535,1
631474260,551.6143577042538,534.5922167020291,489.6009,504.4948,1
631474276,547.6412359091607,533.6293188109452,469.1456,488.4653,1
631474293,544.0752214180159,533.5752753467651,472.633,505.1529,1
631474309,541.2858696856578,533.9217993733514,483.0822,512.4641,1
631474326,540.42084071124,531.6161465012466,514.9968,459.8838,1
631474343,538.4284641587507,531.1431648081189,492.0927,495.7628,1
631474359,536.2431234088133,531.8480517913866,485.8886,518.9396,1
631474376,533.3176676615018,531.6098305408569,469.7814,500.7663,1
631474393,529.8977176759204,530.396350250048,464.9472,481.055,1
631474409,527.3354498958905,531.2938980970678,480.0908,520.0239,1
631474426,524.5859298267741,530.0435744176423,475.9435,479.6991,1
631474443,523.1978498406197,530.5624231965795,492.42,514.2128,1
631474459,523.8509520388502,530.3553886626587,524.9672,499.0056,1
631474476,528.8522276626966,536.2531417768033,605.3839,619.3828,1
631474493,532.4243542941897,540.8329192260667,580.7715,588.1501,1
631474509,536.4135898904709,548.2668344714542,578.8098,644.2035,1
631474526,541.5362679371252,554.2586948684946,595.2672,619.9665,1
631474543,546.4119498832122,559.3073001735313,589.8343,606.7813,1
631474559,551.1301289353748,565.7828647833325,588.215,639.4478,1
631474576,555.4368277967372,570.6958288664102,586.4934,608.554,1
631474592,560.0776124373584,576.5660847371681,590.1946,627.1975,1
631474609,564.1750416411672,583.0833587896175,586.2181,643.6643,1
631474626,569.0145806563503,589.1123794505223,600.9843,639.3464,1
631474642,574.0100930944112,593.6615926013305,606.2388,615.2782,1
631474659,577.4195611288942,601.2592815454769,583.3889,681.7888,1
631474676,581.7724974270909,606.5536528702197,603.1702,641.5646,1
631474692,585.5722620674043,612.2485876607394,597.8739,652.7405,1
631474709,588.7912290021726,615.6098526805212,590.5286,611.3015,1
631474726,593.5697857171238,619.2596614164479,621.3026,623.1631,1
631474742,595.6606016309923,620.8797654924341,579.7131,591.7523,1
631474759,599.8032716684753,624.537140438834,617.8632,636.114,1
631474776,600.7992334974258,629.1323988030158,562.2388,660.6895,1
631474792,601.4782893479156,633.7809006459053,561.4044,669.1502,1
631474809,602.6585426889765,633.9542676124549,576.3886,585.6412,1
631474825,605.1283225890834,636.3070583089933,606.856,627.6876,1
631474842,605.984579652131,637.8337853091671,577.9237,621.179,1
631474859,607.5441777899832,638.5236796830834,593.5112,610.673,1
631474875,613.4226463226087,637.8733694902868,674.6143,582.7725,1
631474892,619.978621232243,631.7016010132003,690.375,473.7976,1
631474908,627.3262377329602,627.4862370704976,709.7302,518.9855,1
631474925,633.7456783582415,623.9695795594141,695.6207,530.7659,1
631474942,638.6671327594889,619.7705818273183,673.5922,522.8038,1
631474958,644.5553617986504,613.9085695352389,698.6556,487.3286,1
631474975,650.4234090739827,607.7401201949175,709.9427,492.6387,1
631474992,655.8820074557017,601.3999455214131,702.6365,483.0529,1
631475008,664.9353122348542,595.8531523498075,772.1169,498.6171,1
631475025,909.2077654937177,535.2225512360857,904.1292,491.2693,0
631475043,1324.8907593683184,594.1029102619909,1343.2981,542.1384,0
631475059,1379.6608557532022,630.7992548604507,1458.533,621.5455,0
631475076,1387.0782637454033,620.7346735537244,1424.306,546.4785,0
631475092,1394.5119480301687,625.8004420478649,1439.5269,591.8619,0
631475109,1402.4783233263063,618.9932717137408,1457.7743,535.5829,0
631475126,1424.3466737775605,617.0095143351356,1448.3203,564.3818,0
631475142,1422.5492254622566,631.4998633513968,1446.3328,581.0027,0
631475159,1424.9182049499884,628.9406016241762,1451.3669,574.9775,0
631475176,1426.714136125221,635.4431710467084,1454.396,599.9766,0
631475192,1428.2357814033112,648.7076635232044,1456.7351,645.0723,0
631475209,1425.878130871547,640.5832887440415,1440.1213,554.6479,0
631475226,1427.0516414561635,638.1025550389728,1457.197,574.2845,1
631475242,1427.2245369320938,639.9538215006726,1452.1637,602.7826,1
631475259,1425.1406580019611,642.0383926603245,1434.188,609.2608,1
631475275,1425.4580274551183,644.7159937114786,1451.953,618.4562,1
631475292,1426.2581380717547,643.632443889415,1457.4391,583.2795,1
631475309,1422.0117504397601,643.4297227302059,1404.8538,593.488,1
631475325,1429.1875691767664,646.7203549007922,1528.7108,631.7623,1
631475342,1435.0080873390154,651.4894272272065,1522.7368,656.7844,1
631475359,1441.7427224683652,652.5165224110324,1542.959,611.3468,1
631475375,1447.5567815513687,654.1982836030054,1539.4775,622.6805,1
631475392,1451.155197327683,658.4109760342272,1515.4562,664.5922,1
631475409,1454.9683886160165,659.8566480242359,1523.3909,625.963,1
631475425,1459.0916394404928,661.8923667590915,1532.6714,637.3561,1
631475442,1462.611898033283,662.4995775895935,1528.1317,616.0486,1
631475458,1466.047538980524,662.9117740655546,1530.8811,613.7534,1
631475475,1470.5007748605603,662.9330393641554,1551.5396,607.0516,1
631475492,1473.111570411436,661.2875232075027,1525.3669,578.5221,1
631475508,1477.2944889514968,662.5550826536885,1555.2043,630.6381,1
631475525,1480.5223189497856,662.9624731019285,1542.8774,616.3375,1
631475542,1483.9084319441758,666.8455520019032,1548.9133,682.9987,1
631475558,1483.8058279074476,658.1334793680088,1491.7021,445.4414,1
631475575,1342.6723197020692,332.52045654020924,1363.6694,242.6728,0
631475592,1329.6917528077636,383.65513480460004,1349.6375,301.5875,0
631475608,1347.960407563048,384.34770085097114,1388.2125,301.7295,0
631475625,1342.4770222403022,395.4350196978533,1351.3337,340.1329,0
631475641,1342.7199817742514,395.4172235843729,1364.0959,314.2246,0
631475658,1343.1450893585472,394.16550087299635,1365.5791,307.1957,0
631475675,1335.1833588518375,395.60949822258954,1314.3572,324.4577,1
631475691,1070.3648296941808,413.571882880032,1075.2587,345.976,0
631475708,993.6094085122056,380.2617371352149,994.3013,310.9557,0
631475725,1000.6834660588488,383.4695338038054,1009.2032,317.717,0
631475741,1010.3488969854152,387.85828282054337,1032.1746,328.1597,0
631475758,1012.8969032294705,385.8644968688937,1022.493,309.4596,0
631475775,1012.8952015163378,394.54530343174923,1014.1284,365.4073,0
631475791,1012.2120575555689,398.0905470290673,1009.991,349.9067,1
631475808,1011.8895202388702,398.0847595090189,1011.3612,329.8436,1
631475825,1009.7672849660487,397.74405767566446,996.2088,327.4975,1
631475841,1013.2478177103051,396.1345909167044,1042.8279,312.8018,1
631475858,1012.2478905171997,397.75531095932075,1004.5752,345.6158,1
631475874,1010.9373630766464,399.6237757418686,999.5893,351.6011,1
631475891,1012.0643186968656,403.20371753084453,1025.3195,375.0439,1
631475908,1011.6525244618238,402.35222477708203,1008.5334,323.2151,1
631475924,1011.9019288706064,403.1699220848133,1016.3669,344.9704,1
631475941,1011.0855828459297,405.4753493223449,1002.1813,368.502,1
631475958,1007.5920738873785,407.06475613469377,963.475,362.2474,1
631475974,994.4402241047255,406.04765769910955,818.1351,328.5829,1
631475991,985.4348234798617,406.20466541107817,867.0085,345.1214,1
631476008,979.1764279007257,405.25283839749113,900.8032,325.5706,1
631476024,970.1968872641819,403.484274082098,850.783,312.6416,1
631476041,961.3740330859072,404.510255759585,844.6686,361.1358,1
631476058,953.1296924834483,405.46811767022393,846.2673,360.7767,1
631476074,945.8088187992705,405.4641841601521,854.553,343.5702,1
631476091,939.4367074193319,404.5227926217029,864.1439,325.8411,1
631476107,931.477039801481,405.99697993479936,829.5231,372.6831,1
631476124,922.9934654120156,405.27972285622434,813.1912,332.0005,1
631476141,918.0950968466134,405.16500063677535,870.1763,341.4557,1
631476157,910.891336486079,406.3656567555599,821.9324,369.1307,1
631476174,906.3881945028917,405.6165791224232,864.558,329.5238,1
631476191,901.2485787139491,406.3378224470961,846.3676,359.4011,1
631476207,896.3825960274046,407.596548706472,855.3086,366.9891,1
631476224,891.2309057893017,405.8907116366592,844.9805,309.7318,1
631476240,887.0139547528058,407.1083540284774,857.1837,369.0297,1
631476257,878.2315926700252,407.12036187928334,764.982,346.7303,1
631476274,573.3486275244172,339.2722920915521,550.1847,280.701,0
631476290,591.5816262801931,319.5209379067755,569.5819,257.4236,0
631476307,579.782761302558,336.9112496080487,544.4541,298.0262,0
631476324,575.8775004830128,330.0756031076141,544.853,254.7848,0
631476340,572.906673436779,327.85909581967707,540.637,260.5392,0
631476357,578.4914525076344,331.768653445765,578.9653,288.676,0
631476373,573.4601024255031,332.9188849908215,524.3561,280.6689,1
631476390,577.1856294039435,337.0317730838915,577.1678,304.041,1
631476407,575.5340097371949,338.9412647581817,540.6968,294.5111,1
631476424,577.7339873657469,339.11549337690286,572.4093,280.2447,1
631476440,576.7667155841311,334.07627232256016,545.3121,226.1369,1
631476458,579.919368984097,332.95280312926593,587.4971,260.7019,1
631476474,579.5718219330647,331.65673584935064,552.4214,257.9633,1
631476491,581.7690874234819,331.13656277085545,582.901,264.934,1
631476508,581.9671707026273,329.1777084129359,560.4077,244.9478,1
631476524,583.8435906491612,328.98311285974944,583.3093,266.9992,1
631476541,594.8465658289367,330.5480577032023,714.3099,288.5568,1
631476558,593.9747656989357,330.5984410916794,553.0338,272.3867,1
631476574,594.1363688306012,332.80960519250954,568.0746,307.1786,1
631476591,592.1058580916236,333.51606935348434,534.5791,285.246,1
631476608,594.1847299553092,330.59938145612824,599.5604,220.7031,1
631476624,596.736179201127,329.5787087677756,609.2747,251.4855,1
631476641,599.9603145586668,328.0356050685891,622.9975,240.6129,1
631476657,600.7449291884299,325.9382510004811,584.1606,230.5911,1
631476674,599.4644197009737,324.5142969634167,549.5486,242.9245,1
631476691,601.0168197483176,325.0857442505903,599.3657,277.8032,1
631476707,602.2595285924538,324.7988025968297,595.4291,261.2691,1
631476724,604.3278921689453,322.8633269606529,611.8026,228.0569,1
631476741,606.9078854685446,321.35631010982854,622.6908,234.835,1
631476757,607.9174299062394,320.29688432465497,595.7172,243.5758,1
631476774,609.6988063263777,320.3031868992763,611.2314,263.2,1
631476791,610.9772356031239,320.2943253930862,601.4232,262.4351,1
631476807,612.8084156967227,319.17761969595784,610.7261,243.3293,1
631476824,613.7683774945734,318.13049192342316,596.6126,239.5963,1
631476841,614.6022702818096,320.7823996884968,595.3406,313.1851,1
631476857,612.3360113230644,327.65893401291567,543.4483,401.5601,1
631476874,612.1934218481726,333.77924784430496,578.1991,383.692,1
631476890,608.9168898124624,340.6871164881689,527.2692,404.2236,1
631476907,607.591176816577,347.7445946552652,559.9942,405.6578,1
631476924,605.6770233115396,356.8702104448789,552.8052,447.5195,1
631476940,606.0865281019098,364.48285448123863,592.9743,413.1516,1
631476957,604.4310810834187,370.9831405027676,559.4351,400.3027,1
631476973,602.8248734392819,378.61028980434565,556.069,426.8639,1
631476990,601.0952852208313,385.21168243512864,556.6859,412.2785,1
631477007,599.75053339264,391.48094992455293,560.6025,408.8634,1
631477023,598.5904255918394,398.3889075510848,565.4846,429.8448,1
631477040,595.9809430161094,405.03094840031207,550.7629,433.9141,1
631477057,595.8758626272838,411.72779023084695,577.4635,437.9041,1
631477073,595.7336949231401,417.67248405046547,577.6698,433.2742,1
631477090,595.1383902139243,422.64676038887325,565.099,418.5906,1
631477106,594.10329639707,427.5859004397799,563.0676,418.6944,1
631477123,591.888622371144,431.403918007862,540.9194,408.2073,1
631477140,592.0794122394414,436.4743096329583,584.8438,437.6549,1
631477157,582.8397460621786,438.1807436934447,405.6763,383.3941,1
631477173,583.7825770951299,443.4961442919479,588.0129,456.564,1
631477190,584.595937924479,448.8123311186331,589.3712,466.7521,1
631477207,584.2326862340922,453.7968027375198,565.462,465.2298,1
631477339,980.96359248663,375.43823775057473,980.9592,305.9449,0
631477356,980.8903367677581,362.4327112441232,980.9598,291.0936,0
631477373,960.8014131624712,333.4219776344681,938.8798,226.4903,0
631477389,961.3287865334327,326.82699793225686,961.7836,236.3509,0
631477406,956.8567080589639,328.4013783139357,941.8014,259.3001,0
631477423,953.82770295101,326.9488790898183,940.2576,245.799,0
631477439,955.593976001484,324.2944010434351,963.9852,233.7264,1
631477456,956.7869320378579,323.0067445995713,963.2742,238.7388,1
631477473,958.4353093217228,322.90864610355726,969.1564,246.2797,1
631477489,955.1850031844799,322.440417703754,928.0982,243.9913,1
631477506,958.3583124588026,321.2737087719854,985.7782,233.4913,1
631477522,959.4484489279424,320.44987134492305,968.7903,235.9363,1
631477539,958.2964244478463,320.18449534091616,944.813,242.2724,1
631477556,957.8196414287306,319.5302972846926,951.3698,236.411,1
631477572,958.6685627014166,317.46536830137137,967.8765,215.1108,1
631477589,959.9974833701159,316.70457872300096,975.3936,230.8271,1
631477606,960.4991416222872,316.20943001947296,965.3576,234.0921,1
631477622,961.2648156956313,316.4735584963067,969.7938,245.1595,1
631477639,962.8377077371348,317.45608130409215,982.8489,256.5358,1
631477656,963.0938186435957,319.6385487261518,963.7822,278.3261,1
631477672,962.9990023629634,318.6465230227792,958.8229,225.4195,1
631477689,962.0151894190255,317.8410476975537,944.3145,228.3549,1
631477705,962.24041836149,318.3318574928226,963.9414,250.3822,1
631477722,960.6768066739859,319.7840234825789,933.585,269.4752,1
631477739,961.3267814926432,320.1090380150325,971.3203,247.7958,1
631477755,961.0524671843735,319.25160700243725,955.5739,226.1184,1
631477772,961.7100652372199,319.0868413581619,972.0528,238.4454,1
631477789,960.8385039542063,319.09599476233393,944.8429,242.7766,1
631477805,960.1686799230235,318.68974513327373,948.3058,234.5124,1
631477822,959.1427301987202,319.4249154714916,941.4636,257.208,1
631477839,958.004124783323,319.20763217134794,939.1344,238.5602,1
631477855,957.7819616465897,319.0569902908518,958.1218,244.1715,1
631477873,958.7335925745833,319.0747645661858,974.9165,239.5659,1
631477890,957.7549402479766,319.2450884048743,941.7316,245.2957,1
631477906,958.1370557047147,315.4178641387708,964.9348,167.2803,1
631477923,959.6298983560033,311.828412185243,985.2094,169.5595,1
631477940,958.8123939434288,308.83131667356,945.0317,181.234,1
631477956,959.0652317837603,306.07182585665737,964.4008,185.0823,1
631477973,958.4728198713219,303.95804278562036,949.093,198.2536,1
631477989,956.5800899886336,301.46257284576353,920.7194,189.9492,1
631478006,954.7767684185242,298.806460582561,928.3832,184.1134,1
631478023,953.5441115310504,297.5319497763797,936.2008,209.9008,1
631478039,953.1572657968725,295.41072519089045,948.798,191.3411,1
631478056,952.1307481682447,293.846516554201,937.2657,200.3366,1
631478072,949.8641477121411,291.6489660299169,915.6279,184.4919,1
631478089,949.0227126141583,289.40112526250664,941.7791,182.3727,1
631478106,948.5925534030845,288.5132765865157,947.1397,207.4039,1
631478122,948.0079458930284,287.80772860087325,943.818,210.0938,1
631478139,953.8024799205043,290.0151944932051,1061.4514,262.6022,1
631478156,1047.8378106469972,452.7371481836184,1051.2047,391.5961,0
631478172,1028.7070378345375,420.42749464865983,1031.1707,355.4477,0
631478189,1027.0071063395576,435.6191936569917,1027.3983,390.2394,0
631478206,1033.6395910403107,435.16195313705157,1050.2495,370.4367,0
631478222,1034.304648103996,438.22733470951744,1038.9158,385.7841,0
631478239,1035.286848324741,442.49755329414216,1041.8557,399.2085,0
631478256,1037.3582824023504,442.26932354189216,1050.6824,377.9788,1
631478272,1043.3541536564437,442.64132424800476,1082.811,380.9605,1
631478289,1044.915322742089,444.59100866893635,1058.1351,396.4496,1
631478305,1045.6782179299757,447.7812041590212,1053.7471,412.5109,1
631478322,1047.579632083018,450.7235898351041,1066.3306,415.4429,1
631478339,1050.0474216915923,448.493703149743,1075.8909,360.8139,1
631478355,1048.5699878531298,447.98315376170746,1034.6133,379.9105,1
631478372,1048.0951750488796,449.258902575226,1044.6328,402.3018,1
631478389,1049.4926434948504,450.6106319192789,1068.1648,404.5007,1
631478405,1048.870239637602,452.44365178095114,1042.7854,414.4995,1
631478422,1047.959380791726,453.22735834566834,1038.1714,401.2553,1
631478438,1048.2702269575336,453.7060627569902,1055.2001,396.9525,1
631478455,1048.1073893095609,456.5924610377633,1048.2435,437.4096,1
631478472,1047.3892733298223,457.3422799298059,1039.6965,404.9296,1
631478488,1041.2364515142826,456.92835375731056,952.0575,389.1078,1
631478505,812.735073275902,334.05505937842565,803.3312,265.3087,0
631478522,807.132872858836,361.0826751991394,797.2455,296.3989,0
631478538,797.5824500407671,365.3252636571022,777.0242,306.8297,0
631478555,804.5987772954223,375.17418757925424,809.1584,334.3721,0
631478572,800.8729753201779,373.36213780738245,778.8453,304.7787,0
631478588,794.5277045133329,370.01812296014685,757.6694,292.9632,0
631478605,792.4605071167531,367.5937690691273,771.5203,291.3957,1
631478621,797.252739515043,369.8206742240614,816.4646,320.6137,1
631478638,798.2296139385363,370.1535529881163,794.6482,309.39,1
631478655,799.2936621321452,369.61555682398813,797.2394,301.4859,1
631478671,799.1597680809493,368.37046331180653,787.3333,293.3196,1
631478688,796.9328534201716,369.0823211335249,764.6727,314.4831,1
631478705,796.7453962090765,368.4145533558829,784.598,297.8798,1
631478721,798.0402303291519,365.99736765017735,802.4896,273.1085,1
631478738,808.2492629990245,366.9166963140634,918.7905,311.4611,1
631478755,1060.5440171438584,406.1186144482514,1064.9194,337.8503,0
631478771,1015.8656636199257,445.28272883718154,1017.4437,384.342,0
631478788,1022.4607204196888,424.1027330469604,1031.6262,335.5034,0
631478804,1022.8328747111146,426.2682787050542,1025.6448,367.3599,0
631478821,1033.1045847750822,420.4016603553031,1068.0822,334.2654,0
631478838,1031.9177646616438,418.6048917534074,1029.3284,345.6632,0
631478854,1031.8583845243484,417.39099951950607,1033.9556,345.5092,1
631478871,1032.5605285727627,416.29330038546993,1039.3164,343.6454,1
631478888,1034.2330828568731,413.12339428909377,1048.6162,322.9246,1
631478904,1032.5785255228561,411.16637267076004,1021.7187,329.462,1
631478921,1034.387364032103,412.64506566872774,1052.8202,361.1354,1
631478938,1035.8969262659957,414.81693423610176,1052.6019,371.7197,1
631478954,1034.2956847123833,416.33775804034013,1019.428,368.546,1
631478971,1032.672534784118,417.66450535355534,1016.8319,368.4993,1
631478988,1033.1947894484713,419.43160306399983,1042.1575,375.6703,1
631479004,1032.3216645357086,421.81448332516453,1023.9468,387.8594,1
631479021,1032.0947724152165,421.7471178338469,1032.1917,353.4369,1
631479037,1031.4847508679952,421.1462838691974,1026.3596,345.2665,1
631479054,1031.6746406743607,420.4764761220511,1037.8423,343.1805,1
631479071,1030.228277023252,420.37447792660237,1012.3653,353.1625,1
631479087,1030.2819037253767,420.70807263123413,1035.0828,359.8947,1
631479104,1030.9605259855155,420.23172505239717,1045.364,345.5589,1
631479121,1030.4708300443983,420.3850354836711,1026.097,357.4476,1
631479137,1020.9723216361725,416.2954412405366,872.2496,285.1491,1
631479154,1011.5125342978728,412.7626294693582,867.1481,293.2778,1
631479170,1004.4068191717495,409.6926021586688,902.8719,298.5781,1
631479187,996.9778592365444,406.84204095005157,892.5135,301.2348,1
631479204,990.7947648357778,405.12705932725515,909.994,320.743,1
631479221,983.5156842514888,400.7061239817842,885.8252,267.0221,1
631479237,976.4723149275087,397.4730321943051,884.9696,287.9684,1
631479254,752.9308899582539,342.03006369321645,740.0494,276.774,0
631479270,599.3027249080869,313.4063547355316,577.7825,250.1356,0
631479288,636.0171074333848,317.5953165613972,655.2733,256.8023,0
631479305,640.5398828640047,319.5039445233284,630.6323,259.436,0
631479321,648.3788550983691,323.32527394890366,653.8531,271.507,0
631479338,647.9554461732573,323.52666251485886,626.8979,260.5784,0
631479355,654.1401072247293,328.15017505001754,666.8734,289.1334,1
631479371,653.5954526958001,333.60013209534753,630.6304,306.5974,1
631479388,657.1989544291723,335.89301478441996,663.3156,288.8844,1
631479404,657.823842204095,337.1134603761063,643.1439,283.7646,1
631479421,658.3233290289566,338.0352206923272,643.0693,282.954,1
631479438,658.5400031665868,342.5838918745752,640.7347,326.5964,1
631479454,657.4965340354966,342.31534448935383,627.0126,275.409,1
631479471,656.442394309401,345.36536185031594,625.1999,318.8864,1
631479488,657.3117066451895,348.2590042151852,648.5505,320.6592,1
631479504,657.0390253217824,348.73893878168496,634.5044,290.3351,1
631479521,658.3893482330827,350.932192458149,657.0118,316.5754,1
631479537,658.6057883128129,350.5911052526661,642.2036,280.0755,1
631479554,658.6916200316396,350.8667117444604,640.5104,290.3014,1
631479571,658.1726473730455,350.5941970480007,631.3065,282.1302,1
631479587,656.8770004300145,350.31896264779726,618.5085,282.761,1
631479604,656.2642883130542,348.72761801165154,628.8983,259.229,1
631479621,656.8693716917558,348.6417658364281,648.7694,284.9197,1
631479638,656.512738561297,348.7940637750613,632.7024,290.1598,1
631479654,654.6215232366853,349.2979170892184,605.8362,298.1258,1
631479671,654.604420008918,349.6337993820713,637.7977,294.283,1
631479687,654.9676624786692,349.1296723629149,644.5074,278.2973,1
631479704,655.3879027324646,350.40276934798817,645.3446,312.8266,1
631479721,654.4779386053818,349.5113242744861,621.4187,271.9469,1
631479737,653.6014555292951,350.11961922532583,621.4651,301.5142,1
631479754,654.7795478201215,350.99527477665515,658.8635,305.7731,1
631479770,654.0267027034723,352.4080847587654,617.2674,313.9996,1
631479787,652.1893162138427,354.414131239547,605.668,328.0942,1
631479804,652.8657852310095,354.8247252044517,648.9838,295.7026,1
631479820,652.1562119540573,356.09648925600095,625.3561,315.8494,1
631479837,652.3893225127822,356.0430688169111,639.4913,288.3794,1
631479854,653.7585101067237,354.72848471569756,664.3665,266.1964,1
631479870,656.8488314907115,354.78686601116493,691.5789,294.3805,1
631479887,660.0652125269564,356.3096574944876,697.1431,321.6091,1
631479904,664.906650383445,355.7752992783006,725.23,279.3184,1
631479920,668.1039204653696,356.7804213655161,695.4409,311.3991,1
631479937,671.0735344018977,357.0837308378093,692.1644,302.3535,1
631479954,674.4059248420233,356.76750022727,698.9345,284.3934,1
631479970,677.3762543592032,355.9972396616517,693.9916,280.5331,1
631479987,679.5222627449058,355.727542938404,683.2192,291.0553,1
631480004,681.6282573216948,356.1562021456495,682.9165,301.6909,1
631480020,683.3732273064004,357.0465133500298,680.7469,314.0009,1
631480037,686.2174213054097,357.11443888063496,701.605,293.0758,1
631480053,688.1965547016933,357.0204852722738,687.8673,291.9379,1
631480070,690.1726184727726,357.06887711775613,689.3256,294.1987,1
631480087,691.0549291337941,356.45421663695174,670.5641,282.1288,1
631480103,691.1744955202893,355.5917263691201,660.3077,275.5744,1
631480120,701.2761179826508,357.3990928951013,848.4005,324.897,1
631480136,1124.9320524614673,400.79855964516236,1133.032,329.2367,0
631480153,1272.3789121657874,446.10029755155864,1288.663,375.1674,0
631480170,1214.280477339505,444.79023809670156,1165.9745,376.7519,0
631480186,1206.2799127372446,443.34157941814357,1202.3066,371.9557,0
631480203,1206.531002740071,446.57225260358655,1220.198,389.2271,0
631480220,1201.3519453357621,445.1935384514981,1192.524,371.4575,0
631480236,1198.4627415038658,445.4269989466761,1196.3187,379.1373,1
631480253,1196.1431184748728,447.4342681914157,1194.6787,393.4121,1
631480270,1196.0623227910287,447.3127564741784,1208.4717,378.3696,1
631480286,1196.044874107269,448.58747501790845,1208.7721,391.6917,1
631480303,1195.2705950413551,447.473857406068,1201.3407,368.9595,1
631480320,1196.7962225603499,447.1275965672019,1224.4998,374.9631,1
631480336,1197.7214614612492,448.32741069623626,1219.8567,393.6776,1
631480353,1197.1378167253765,446.2419475927205,1203.007,353.0272,1
631480370,1196.792421583258,444.5418899965236,1205.1846,355.1672,1
631480386,1197.6839209922034,443.746571155091,1221.3271,365.3425,1
631480403,1197.4433868833687,444.6748438709572,1206.2531,391.0602,1
631480419,1197.5921841574013,444.29675118912536,1211.7471,371.2352,1
631480436,1199.3877582369594,445.3047306769169,1236.7146,392.5157,1
631480453,1199.8580951116326,446.489462419858,1217.6887,397.1802,1
631480469,1205.7227588593644,449.67190466255187,1304.51,429.6515,1
631480486,1433.7541493979322,566.8900280998909,1458.5681,506.7674,0
631480502,1402.310864732206,539.8903017514558,1425.4836,477.1689,0
631480519,1404.0328302588164,566.2688947770324,1428.8041,537.213,0
631480536,1403.8353034214517,562.7941287337638,1426.576,495.2446,0
631480552,1403.2250997035276,559.7952550483822,1424.4657,489.6943,0
631480569,1403.7590226367463,557.1366067343058,1429.2029,484.8246,0
631480586,1402.1243445729992,557.2988300953662,1416.7571,498.4405,1
631480602,1399.5449076975333,558.2707323183469,1406.7759,505.414,1
631480619,1402.615627494202,562.9567495320318,1447.4783,538.348,1
631480636,1403.6265884551945,564.2795586699938,1434.6396,515.3476,1
631480652,1405.9730373237528,564.6322866147724,1449.6002,506.9799,1
631480669,1410.9584733191866,568.9725094479161,1481.4371,552.4338,1
631480685,1416.0202707872222,576.6851690864313,1489.9623,601.2788,1
631480703,1422.909485095789,586.3836661880091,1519.6779,638.8528,1
631480720,1430.661754613836,598.1900497341283,1540.4125,682.3414,1
631480736,1435.3620565143456,600.9663402496722,1510.3069,568.933,1
631480753,1440.1473362614342,613.814781571078,1516.9592,726.5847,1
631480770,1444.8268944583067,616.9354091264405,1522.2545,589.0864,1
631480786,1449.1987491704308,627.4620842800856,1522.697,715.2546,1
631480803,1453.8767421990237,630.1236965250644,1533.3873,594.6352,1
631480820,1455.6275883557207,635.3148933137203,1491.5355,644.5763,1
631480836,1456.7921945572607,635.0643062812768,1485.2557,554.9506,1
631480853,1458.5997823495918,635.9394421437289,1498.3228,577.1058,1
631480869,1459.7274580446378,633.7147127057247,1489.8032,523.3105,1
631480886,1462.4795530379938,631.5198510039546,1520.3301,523.7541,1
631480903,1463.8290052092166,630.5939413675603,1498.6783,549.6531,1
631480919,1463.0501344105558,629.9709965184652,1463.1626,558.3036,1
631480936,1456.8432163558537,620.6600049077537,1367.8019,394.457,1
631480953,1241.890911311346,280.954132170155,1257.4177,187.7481,0
631480969,1132.3036957803652,211.04046685755128,1141.9653,112.2151,0
631480986,1147.2493736763956,247.78062795698565,1173.09,194.8568,0
631481003,1156.5529843966037,256.472985717391,1186.6995,181.9417,0
631481019,1159.2806043156181,264.84512196949953,1178.3423,200.2842,0
631481036,1155.8140333746353,267.99787037161855,1151.718,190.3865,0
631481053,1158.1554821683237,275.41730924722697,1180.6224,224.6939,1
631481069,1159.122053408854,277.23405841163765,1175.4805,197.1547,1
631481086,1159.2749487723245,279.84390846720214,1170.6697,208.0217,1
631481102,1162.9169956648282,280.09669758575586,1202.4458,189.1352,1
631481119,1163.3185426327495,276.12716706447634,1177.1155,145.7175,1
631481136,1155.850727423074,276.14513052316124,1093.6306,187.7776,1
631481152,917.2532689718413,246.11234122558568,914.3713,160.7467,0
631481169,936.0515786656741,282.68240131571275,934.0282,201.7742,0
631481186,943.0745340616934,275.054689050153,948.9521,183.8198,0
631481202,946.3925177550798,260.9371646910719,952.1952,144.2723,0
631481219,941.6877037149476,253.3171970215382,925.4601,143.0515,0
631481236,941.9260011770358,256.64347624809307,941.3641,187.2136,0
631481252,940.2047166952686,253.6944349715901,929.8762,152.7889,1
631481269,937.3796887479571,255.38684343290944,918.463,182.9142,1
631481285,932.3976146643496,257.0205881877778,895.6556,186.6695,1
631481419,665.6763390073137,485.3242037952816,646.9308,443.875,0
631481435,656.8830876814866,516.5410898252627,637.4459,479.8757,0
631481452,657.3707801165075,536.0953792580885,638.2415,524.4481,0
631481468,653.7818244146774,544.7791955884261,626.3505,532.1282,0
631481485,655.5343086546237,544.0608623912157,641.4164,508.4604,0
631481502,658.0440301735367,532.9731208746681,649.2504,448.2791,0
