timstamp,smoothx,smoothy,rawx,rawy,fixation
634611492,1111.0519685900197,514.7829199561373,1204.7349,478.4448,1
634611509,1110.2896039912637,512.0025028003091,1102.6169,424.4097,1
634611526,1113.524057102493,509.0901615283771,1167.1202,423.6398,1
634611543,1119.4379325857167,508.964892668181,1216.6143,473.8222,1
634611559,1122.0904512061365,506.5732124542125,1163.0869,428.5771,1
634611576,1126.851042830299,505.87322820291365,1203.2593,460.4604,1
634611592,1131.4651257285047,507.8984249476002,1206.1628,510.9329,1
634611609,1134.3201357341215,505.6828917131411,1174.2416,428.433,1
634611626,1138.1269981787195,503.0294807919767,1193.6641,419.6246,1
634611642,1140.3059547909309,501.8155168567829,1167.7703,444.1651,1
634611659,1143.4899226358589,498.862673154962,1187.3896,409.8882,1
634611675,1146.3135095414052,496.0694548029167,1183.5532,410.8491,1
634611692,1147.8306075802843,494.11429766153867,1162.3938,424.2141,1
634611709,1152.6235749544371,491.8183072723182,1225.4294,427.6341,1
634611725,1155.7909871951554,490.639498182874,1202.5535,441.6581,1
634611742,1156.0786832653885,489.76547520676246,1145.511,440.4101,1
634611759,1158.483756588125,491.3307032642008,1191.339,485.6555,1
634611775,1159.9490307622286,489.86625447188914,1174.559,425.522,1
634611792,1159.2074728906493,492.9354646059409,1133.197,508.7031,1
634611809,1162.77727662037,490.20917159355605,1215.4866,398.8656,1
634611825,1159.7399959809238,485.56869094274526,1088.5035,362.5835,1
634611842,1157.9659833273136,485.63755261897114,1121.3672,456.5361,1
634611858,1152.8596052049788,484.79993234455617,1064.333,434.8318,1
634611875,1145.3746588238262,479.12929163066275,1007.866,324.7397,1
634611892,992.5047432572765,355.8969365049789,980.0286,279.3025,0
634611908,986.5154465084271,365.90522720793905,974.0396,290.3852,0
634611925,968.9427962544496,375.575201600716,936.9822,310.0886,0
634611942,945.7619768213658,388.4668023234703,882.4922,339.5374,0
634611958,936.8526045507638,392.2871431786118,893.9772,328.062,0
634611975,929.1926615997311,400.00121727026294,883.327,357.8137,0
634611992,929.9177072480309,404.5193156115698,920.6732,355.5165,1
634612008,938.4986152519016,405.80177619995703,979.0503,343.7921,1
634612025,937.7049619155085,411.8399006759117,919.7416,384.3069,1
634612041,947.3287134115509,418.04165111574395,1014.8177,404.1476,1
634612058,948.5730109684736,414.07581721650035,943.1746,302.5551,1
634612075,951.9837726384721,405.54066956132044,966.4263,244.1998,1
634612091,945.085783502388,401.8710629134045,853.0913,282.6593,1
634612108,939.7015601491203,394.92699082421905,859.4198,233.9134,1
634612126,937.0808236227207,395.49256690469247,892.2398,330.3162,1
634612142,932.680801617656,395.5689056717989,863.7422,321.9008,1
634612159,932.6419062579313,399.06004027276816,923.3872,378.0062,1
634612176,934.2711054315572,397.2450111480712,944.6534,299.1396,1
634612192,941.8531482608888,389.4079813460866,1034.2043,203.8136,1
634612209,941.8100958952422,390.33850395142673,925.4799,336.8337,1
634612225,942.585121205524,392.2972285843077,939.7156,356.0415,1
634612242,935.7701814120594,390.41797476515774,809.7506,280.2605,1
634612259,928.3801469453643,392.3710041715681,797.8314,347.274,1
634612275,697.9959776829497,371.4762485693864,661.806,276.1374,0
634612292,824.542044994008,467.1132460707397,803.6368,395.1982,0
634612309,813.8693551404501,432.1790520421371,777.0715,313.4122,0
634612325,799.5174757043471,389.8104637021285,737.6641,205.8133,0
634612342,795.7924660443476,415.25361588198854,762.0409,420.4128,0
634612359,806.7943949174596,425.2134553304513,831.4502,393.8513,0
634612375,802.646657760581,425.5094425880892,755.858,345.4435,1
634612392,803.0306913107125,422.69235995892757,779.8279,323.47,1
634612409,797.0993265755649,422.1055338112253,728.7806,333.9382,1
634612425,796.7514550849136,418.9443339914929,768.0425,310.2661,1
634612442,800.2206257465443,408.8513791562458,802.4396,232.4745,1
634612458,804.1594568548596,409.9748523465001,818.2875,345.1555,1
634612475,804.1230741610804,415.1144209768163,780.2545,394.3275,1
634612492,805.886771114434,417.0011747115703,801.179,360.9237,1
634612508,797.4403489838722,421.7484513797232,670.9968,395.0633,1
634612525,785.1912109906557,426.3014499580879,607.2255,394.747,1
634612542,775.4013335510025,427.2964750578463,625.189,347.6292,1
634612558,764.533141873793,430.7493432991316,598.9391,386.421,1
634612575,586.0866121768195,499.57313849159726,546.9691,415.462,0
634612591,639.1329474635155,497.9233569774319,604.3443,417.3621,0
634612608,621.5343828705686,514.1259254842845,567.8805,452.0703,0
634612625,647.1979641722841,531.9399562803147,671.8711,501.3474,0
634612641,650.8147370135807,535.4642026700236,630.6586,473.7394,0
634612658,653.9817238122768,531.6837736167087,634.3751,440.5382,0
634612675,655.6940779799155,516.5378249968167,627.957,355.5165,1
634612691,651.9795935881272,509.19239545708666,592.8094,381.8686,1
634612708,648.6679051383232,509.4367792500058,591.2511,433.3851,1
634612725,651.6615832664911,510.3804263475065,643.5242,444.0842,1
634612741,651.909815036798,521.1558441969847,625.7949,549.7169,1
634612758,654.0959528277133,526.2586245238326,645.4219,504.6992,1
634612775,654.5377339264132,530.4236342602263,628.4027,500.6893,1
634612791,658.3807726045496,527.8408288510162,668.0085,420.9774,1
634612808,656.8166253844246,527.5599022803829,603.5504,445.0944,1
634612825,654.8418158519275,528.6549166098713,596.7632,464.5656,1
634612841,658.4768101469977,523.5203643263645,671.4019,375.8012,1
634612858,659.9058155309913,522.125900674856,644.9027,427.3868,1
634612874,657.7795400577767,524.3528482868711,593.9083,482.0569,1
634612891,553.0446420360964,688.7157443020869,520.5973,630.6473,0
634612908,502.53830462687904,806.7320465754036,471.7674,762.7732,0
634612924,526.281871406551,835.563391774332,526.0052,832.4073,0
634612941,541.3754878800991,792.1403306420734,541.163,651.4855,0
634612958,544.51121963894,782.9223332341231,524.4044,708.1897,0
634612974,556.9126088146711,745.0804494916401,572.4878,529.2814,0
634612991,553.7110588430814,735.2429012435568,503.4072,631.0121,1
634613008,551.5152672442982,732.7661902966549,506.0247,667.5351,1
634613024,556.5053945171259,727.6493601549033,560.1939,642.7218,1
634613041,557.1199818280846,727.8162021091742,530.9937,682.0746,1
634613057,554.3604576307886,724.7472075324144,496.5963,645.2843,1
634613074,555.6122241808599,723.6374685450409,536.5678,664.8002,1
634613091,553.2212166683486,724.1602286935033,496.7076,680.2137,1
634613107,550.6501425664163,728.4896410357092,493.0833,730.7599,1
634613124,548.639591152222,734.326686196574,497.9997,758.3555,1
634613141,549.4181877808153,734.8038741392984,530.8245,690.0014,1
634613157,548.089673504048,737.8422383011439,503.0109,727.8333,1
634613174,546.3883676905639,743.6901169533332,497.9044,775.7916,1
634613191,548.2956004794415,746.1920048336452,549.9197,730.8613,1
634613207,546.4614646050917,748.0427424673355,491.3827,718.8314,1
634613224,548.2257022299264,739.0223528237295,540.6347,535.0461,1
634613240,545.1842158891834,736.3331079564437,465.591,635.5811,1
634613257,541.4736813213156,742.5124468545897,458.6155,794.4873,1
634613274,538.0959277793588,745.3809339011761,459.1887,737.618,1
634613290,538.9783857729274,746.683603292761,531.207,715.1144,1
634613307,536.3983204951784,748.6358909066508,469.1824,724.7139,1
634613324,535.0066782954896,745.3434308555117,484.6523,626.0565,1
634613340,534.1444435746826,750.4734567853639,500.1219,790.7824,1
634613357,535.0592713664905,750.451378827719,527.6841,693.7091,1
634613374,534.3054762831339,753.6241158509038,498.5716,756.1122,1
634613390,534.9251161084637,751.3654017905583,518.8231,650.7382,1
634613407,537.7899435803798,745.2931278004135,553.9406,583.9301,1
634613423,532.1628161745666,749.630093323349,407.9869,788.6643,1
634613440,532.353822325174,748.3409425345433,513.4372,663.5361,1
634613457,531.3156411972732,752.8740228247466,492.2005,786.0016,1
634613473,530.4685830474696,755.1754959346792,497.665,724.2041,1
634613490,526.3010024910668,757.5921855227712,426.4218,736.144,1
634613507,526.6305058428494,760.4761409845447,511.2653,756.6416,1
634613523,526.2230898575554,766.0733389573667,504.2682,808.9878,1
634613541,523.549233212022,770.6202434848431,456.0396,791.0946,1
634613558,523.2449651336337,771.6017147164177,493.1094,720.6597,1
634613574,522.3712634676331,776.4007714135229,489.0509,800.9479,1
634613591,490.5750239797856,802.3512839316807,458.5912,756.878,0
634613607,505.59177693791014,901.3505449913549,479.786,871.8215,0
634613624,516.651304661778,896.7278765199308,503.254,862.7826,0
634613641,514.8971366686801,867.9607331464989,481.5206,768.1008,0
634613657,511.72981585178366,853.1248568533811,471.6643,766.0548,0
634613674,515.2524989471508,829.6910904215101,497.1948,686.3283,0
634613691,519.1617571272583,815.9251865761194,507.4729,701.2181,1
634613740,669.5860256262233,587.7661591709076,641.8031,522.879,0
634613757,633.1187081827196,542.4979563548793,600.0494,468.201,0
634613774,611.9803886071702,585.5483412279045,558.5972,564.0847,0
634613790,598.1017202490382,578.7908728328598,533.4897,489.774,0
634613807,614.2758016678428,568.6241353583189,631.7114,465.5613,0
634613824,622.3271377990183,563.0120354038781,622.3298,468.1649,0
634613840,622.1412501953897,586.5991789960906,594.4915,650.5018,1
634613857,620.9403038191281,572.5870103480661,576.1642,406.8773,1
634613874,628.6444991496778,574.6369629230164,652.611,524.3959,1
634613890,629.9198171103176,587.9792238019577,612.6908,635.971,1
634613907,630.0835357616875,598.7373840745105,603.7086,632.988,1
634613924,631.5432787775453,597.5740112467222,613.0996,515.1049,1
634613940,637.8112527372446,593.1841162461881,670.1489,477.0458,1
634613957,634.3014926133675,592.9895137253845,559.9496,518.3507,1
634613973,635.5048434105912,594.148056897052,618.0822,541.0041,1
634613990,634.5667618922322,595.3648584510738,590.37,541.9076,1
634614007,634.5012749995964,604.4011443441528,607.3002,664.5559,1
634614023,632.5253770814764,613.6938818658242,579.4181,678.2264,1
634614040,643.9607667119823,614.0797492245184,779.9375,556.1383,1
634614057,945.4192351466149,513.9242010517385,936.8962,457.6937,0
634614073,1111.7229345980468,550.3779925449666,1118.8438,511.5286,0
634614090,1188.5504681028553,567.9704023967141,1286.8136,562.933,0
634614107,1193.3592034131852,574.3790869533483,1219.0227,560.1815,0
634614123,1212.6213918760475,556.5103645335182,1287.1519,468.7191,0
634614140,1223.0685197858068,549.2813049069548,1281.3049,488.8763,0
634614156,1273.2918801047326,548.1580439695034,1293.7373,520.5422,0
634614173,1226.3246136191815,587.7505227241852,1244.8359,562.7188,0
634614190,1235.719990410017,592.0175135424951,1265.5874,573.8656,0
634614206,1253.5797352165382,563.9515639227674,1308.7864,475.6567,0
634614223,1242.2428042672734,565.6534745295457,1224.5027,542.2798,0
634614240,1237.768721434681,577.7583002197713,1240.1292,605.8265,0
634614256,1241.6749693985057,572.5030557860354,1280.266,517.9608,1
634614273,1240.317157923112,574.9054384431465,1251.5161,564.4795,1
634614290,1241.2743162931613,572.5024327450082,1266.4771,528.168,1
634614306,1238.1710998761484,578.8139415642158,1234.3281,606.3328,1
634614323,1238.3016666526012,576.1061848432155,1257.7653,523.3925,1
634614340,1239.7412591924983,578.6226607714956,1274.6962,580.1478,1
634614356,1242.7503194511205,576.4782209793008,1293.0868,527.8029,1
634614373,1246.8991856984549,572.5807732325939,1310.7537,502.3812,1
634614389,1248.3672591225118,574.574086446504,1284.7314,576.9808,1
634614406,1248.6586391037258,572.057416615403,1267.7854,512.561,1
634614423,1244.8019656645042,573.336161205989,1210.7507,563.5074,1
634614439,1241.9121234653405,572.3890940125239,1219.4894,530.1915,1
634614456,1245.7889645319156,572.4510408225187,1322.2498,552.4489,1
634614473,1245.7801280393257,573.5329729495819,1264.6223,565.9044,1
634614489,1243.0446929407121,573.2115787338956,1218.899,539.4003,1
634614506,1034.7236049767175,580.1545179498308,1036.9243,540.2649,0
634614523,928.444040612439,572.2159664450825,921.4119,523.5253,0
634614539,863.6567902023047,529.2161345280437,776.9649,415.4703,0
634614556,825.267124100932,526.4449308349186,724.8326,451.9707,0
634614572,797.9808114330151,518.9050507394579,689.7023,421.7247,0
634614589,789.0281215444837,504.2588672028719,727.9603,367.418,0
634614606,746.4013068475191,525.242288397141,721.8927,456.4637,0
634614622,799.6338743602207,557.2121772942087,781.1436,497.0463,0
634614639,794.0164004168655,535.7907293673296,766.8594,447.0281,0
634614656,789.3898355246506,552.3694205223235,761.5245,528.1066,0
634614672,784.3185812347239,545.0137607807231,746.6755,455.6028,0
634614689,789.7609045848494,550.5453246715989,794.605,515.2787,0
634614706,789.5692754550312,551.3178191148343,769.087,493.5734,1
634614722,794.0740004725667,553.5930857797149,803.7446,509.1771,1
634614739,801.1329929812114,540.2861525695394,827.886,378.5825,1
634614755,800.2344093706577,545.7690772453689,774.5378,532.1798,1
634614772,804.258113671873,545.7551984869457,820.5782,486.7822,1
634614789,805.5339310980742,546.7411726179561,797.9517,496.8171,1
634614805,805.8901603747795,546.4147904809134,788.7075,481.5745,1
634614822,809.8626652043713,542.9617248732495,832.7051,442.6225,1
634614839,804.5767980964714,538.8788713846303,715.911,420.8295,1
634614855,1063.174524784135,613.0008296332938,1069.3765,580.0814,0
634614872,1209.0210722900727,523.5992870524165,1222.8993,487.6936,0
634614889,1967.6630569427161,451.33364098665356,2857.0706,430.1527,0
634614938,1781.2824273434605,550.5169170925466,1448.5638,759.9631,0
634614955,1685.376633174123,617.90632893095,1444.4465,838.3255,0
634614973,1614.561939514576,657.3769800989965,1377.4646,825.4135,0
634614989,1294.4869721286707,868.5536294652746,1332.6479,890.5769,0
634615006,1330.3965872968133,753.5417768603729,1365.8169,760.8617,0
634615023,1324.4771410587434,829.8831832235602,1360.6025,935.4064,0
634615039,1322.2913383808316,841.1151814405858,1357.8176,885.9285,0
634615056,1337.0120173905232,838.1315332425395,1424.064,850.9534,0
634615073,1343.7175743682396,830.8883585330243,1410.7529,819.4274,0
634615089,1352.2473139317065,829.4881109487333,1437.0933,844.783,1
634615106,1355.338250614184,830.310332613179,1414.8201,857.6403,1
634615122,1350.5227539664768,834.6227754070305,1356.6633,886.1383,1
634615139,1356.2705580099855,629.4370007938949,1387.663,619.9694,0
634615156,1363.0941220953823,663.6420703866927,1396.7571,659.8004,0
634615172,1344.3095771517612,682.2566706485516,1357.9673,699.8804,0
634615189,1345.0291698855806,680.2637761144779,1379.4677,673.0708,0
634615206,1324.2164578724264,679.9619268373649,1288.6685,670.2756,0
634615222,1324.2793884982918,687.656706300357,1358.4406,719.3862,0
634615239,1321.0326164270214,681.7592191983716,1334.2864,643.068,1
634615256,1316.4706971481237,680.434917277907,1319.144,665.1755,1
634615272,1312.9167936700471,690.278406661144,1322.7969,760.7946,1
634615289,1314.5908877444174,689.3123519650841,1360.5544,677.2229,1
634615305,1313.340470586339,684.3676407857321,1332.001,631.0313,1
634615322,1315.690939763858,681.7563666155218,1369.9344,651.6874,1
634615339,1316.943455029088,686.0228011568126,1364.2592,732.2751,1
634615355,1320.4020320522047,677.1022203495951,1386.3442,566.3606,1
634615372,1321.2443089015946,682.0083462379471,1364.5447,744.3777,1
634615389,1326.4759551024854,683.9850187454982,1424.8523,712.301,1
634615405,1317.3478915454011,675.8290017475483,1217.3042,546.1234,1
634615422,1036.2513503157968,587.6058878680013,1038.9501,548.9448,0
634615439,937.5748014866381,594.054542267181,932.3893,549.2976,0
634615455,948.4040665886199,612.2932940737071,957.6328,592.7491,0
634615472,965.0827814212823,584.5273386851018,994.8004,479.1044,0
634615488,968.2878984989362,599.1615918185871,978.0485,608.3073,0
634615505,969.7436047328587,593.5491366586953,971.8665,525.9323,0
634615522,967.9878832300861,593.752315164467,955.6346,551.8058,1
634615538,971.3137945731135,590.0393723745087,988.1431,523.9489,1
634615555,973.6387915257849,588.6409568393973,986.8334,536.592,1
634615572,977.8663315326028,585.1709737774046,1007.7266,514.9819,1
634615588,979.7889109173512,583.4046289768676,992.5601,525.5964,1
634615605,985.8858228824681,584.2623207530322,1042.7468,556.0385,1
634615622,992.5674253309866,575.6041812278262,1054.5217,440.0011,1
634615638,990.4682030577187,570.1731761129699,956.6036,462.0508,1
634615655,989.531047057394,571.5686724022535,972.9927,549.9117,1
634615671,987.3946061768461,570.3012792926224,953.8226,511.2403,1
634615688,983.5542692216954,572.1645600793757,928.824,555.4394,1
634615705,983.5311362873542,568.6249473410409,978.2915,474.6824,1
634615721,985.5788394659182,566.2354403956213,1011.2162,491.3653,1
634615738,985.5783547761085,558.5639868943003,976.5757,396.5445,1
634615755,985.5062122046879,556.0382969793937,979.1323,478.336,1
634615771,984.382796948832,551.8052981060806,960.1038,443.5096,1
634615788,985.4592535227341,546.2287073739785,995.9618,417.0118,1
634615805,985.6348375407442,546.58449901462,985.5544,520.9347,1
634615821,985.331582128137,546.714486160424,977.0177,514.7228,1
634615838,985.0767415747875,542.3650003851717,974.0647,427.5134,1
634615854,984.4734898451345,541.1924056541059,970.161,484.8379,1
634615871,982.9545914660185,541.8591973674228,954.5123,517.3835,1
634615888,983.4956084814514,542.9777625340851,992.5588,527.2559,1
634615904,980.6493643960625,543.9803467404354,928.923,519.4648,1
634615921,977.8360198286681,535.7658347825267,920.5204,333.4759,1
634615938,840.3707580293046,367.57801047465284,815.8257,281.8465,0
634615954,849.6823122931503,409.5539216076483,828.0016,330.7936,0
634615971,809.0234637003553,400.9358420997987,739.177,305.1797,0
634615988,845.947349939823,403.9955512642595,903.6879,336.445,0
634616004,835.2173601277793,399.3166710832454,776.2932,299.7224,0
634616021,827.2521971801236,390.08818013729456,767.0513,263.0573,0
634616037,819.8145014914658,391.6099018262229,756.3746,314.6395,1
634616054,820.2234742943896,382.6770847679049,795.7413,239.1967,1
634616071,819.6515260178008,375.76846903354505,788.3397,238.2036,1
