timstamp,smoothx,smoothy,rawx,rawy,fixation
631318405,975.5336678688702,586.0630684402415,974.6995,594.7423,1
631318422,978.200916365111,581.4632803577033,1036.5757,599.9989,1
631318438,977.1470087999352,582.4566996706907,977.1185,693.8088,1
631318455,975.3256895096099,579.5507268539824,964.3301,624.3757,1
631318471,974.2584528696035,577.9686230532385,975.4295,646.567,1
631318488,973.1699532200013,577.9435827110298,973.8756,674.1901,1
631318505,974.7189825361962,577.3263726479829,1018.8829,663.1456,1
631318522,973.9202116079757,576.5439074545526,978.1016,658.8015,1
631318539,974.9519698191565,572.9210354817187,1010.6266,603.6417,1
631318556,973.6663395852694,572.1690786534218,968.6528,656.9485,1
631318572,971.0427095895416,568.9812042692212,944.4677,607.8717,1
631318589,966.4189222932789,569.9333921024491,906.225,687.1852,1
631318605,964.0505388375155,568.9758760921522,952.5443,649.6675,1
631318622,962.0056249550059,568.4521698739262,951.1248,663.1702,1
631318639,962.9911430298166,568.8826249773838,1007.3816,673.7894,1
631318655,960.5290214004489,567.4742000355759,945.777,633.1433,1
631318672,960.073316889859,570.3749129059502,972.7029,715.1411,1
631318689,957.7699236639282,571.4332288567847,940.5667,688.9398,1
631318705,956.707368977181,571.7544195951205,965.1996,673.2361,1
631318722,957.4162051895624,570.9666701652683,994.564,642.5559,1
631318738,956.3994249439651,570.7957820863451,960.2345,656.5231,1
631318755,953.3118417930453,568.6040373871153,923.282,623.6199,1
631318772,952.9943556728391,567.7981959257994,976.2283,650.4358,1
631318789,950.3553646907433,567.7873799270255,927.8728,660.1511,1
631318806,947.672650395503,568.7868307459855,923.0441,684.4127,1
631318822,949.410508954355,569.8841495637886,1004.8965,679.0343,1
631318839,950.340240678763,572.982367612167,986.6168,721.9586,1
631318856,950.1169052853455,573.6056718674902,968.5439,678.2206,1
631318872,946.4425517494199,573.4112548753003,905.0153,652.6614,1
631318889,945.6560985747029,574.0992929352682,955.7366,672.5107,1
631318905,943.7886617592472,579.3398034476342,931.3389,754.4586,1
631318922,947.7691274383767,582.3112528195812,1043.3351,713.5323,1
631318955,943.3821665415634,576.03191517892,885.7744,541.053,1
631318972,941.1886613554012,570.844739472496,923.4645,556.546,1
631318988,938.7370868289674,562.9008912010544,919.8463,505.3016,1
631319005,934.983043379272,555.8019787970253,894.8691,524.2777,1
631319022,932.4491751226135,549.2907279391271,920.2727,533.5764,1
631319038,929.4272054862435,540.8117836423194,905.7216,492.2996,1
631319055,928.1620998726415,533.5709822532655,939.1374,508.8893,1
631319072,927.5346925099828,527.9684484404953,944.072,544.0706,1
631319088,926.3174194136726,520.8480082446871,929.8905,505.0065,1
631319105,922.5366135124298,515.8112528312698,877.9821,549.6486,1
631319122,919.9170166797828,513.3574588605537,902.4924,591.4545,1
631319138,917.7744735378552,506.5231637507597,910.3259,501.4205,1
631319155,915.6903454991628,501.52112866738645,914.877,533.0882,1
631319172,917.5113890883689,498.44775576401076,976.5163,561.8711,1
631319188,916.0225838040014,498.015179665588,916.9727,616.1071,1
631319205,914.1175117348806,492.4648423349634,905.5052,506.0889,1
631319221,914.9606516480119,485.42701142839854,956.8954,469.98,1
631319238,933.2502071425212,318.76494076719035,950.6476,375.604,0
631319255,903.5394676438058,275.1145262099869,920.248,325.8807,0
631319272,908.421577235584,268.3204066321648,930.583,310.6481,0
631319288,910.4994532795567,290.45817296835946,931.017,393.1635,0
631319305,924.827128991592,298.3194320428004,986.0397,378.9046,0
631319321,931.9068265995226,301.90073053731635,977.7397,372.1379,0
631319338,915.8141687317258,289.4239888800605,851.2458,271.8661,1
631319355,908.6668987950175,289.38634389486106,882.7931,341.6242,1
631319371,904.7744976367285,290.53426752450684,895.3725,351.9631,1
631319388,904.7722332832004,296.2132888726417,922.3354,398.1041,1
631319404,908.2534775446369,304.0493770795822,955.7234,431.8172,1
631319421,908.5844696806387,310.0995945113837,928.2893,425.1009,1
631319438,909.0996269113446,304.15796203947355,932.3716,288.6056,1
631319454,916.3611921138717,295.435589544655,1014.5877,244.0326,1
631319471,915.1495940834277,286.1457885209378,917.3599,222.1551,1
631319488,916.4618960495413,278.5277730622639,949.3417,233.615,1
631319504,917.6772271013366,267.38525688976114,950.369,170.2281,1
631319521,921.5432921628956,260.2458839641886,989.575,219.4382,1
631319537,924.6732538456612,256.6023943753028,982.187,267.1945,1
631319554,921.5336049879102,251.54128454410477,889.2433,237.5056,1
631319569,922.9412937864464,247.23302260640523,958.772,245.061,1
631319586,923.2655960962603,243.28445541296176,942.6609,245.8293,1
631319603,922.0263878159525,239.83680630709225,917.4042,249.5347,1
631319619,921.1172472194746,237.75790285429022,922.3331,270.0254,1
631319636,918.1209012020468,234.1896994042849,886.8033,238.3145,1
631319653,917.0285900496183,226.30499503239315,919.505,152.9644,1
631319669,919.5792024871433,223.20925336085566,982.0596,238.3173,1
631319686,916.2540793451428,218.5178235179327,879.2795,201.9508,1
631319703,915.4546249424586,215.31416567220313,923.1114,226.298,1
631319719,916.1150787374138,213.24488579049213,948.859,244.2685,1
631319736,915.2453800216604,207.3091001762004,921.9539,163.5873,1
631319753,914.1270338502507,203.14621290751376,915.4521,201.7572,1
631319770,1102.8122369560467,174.55550738377096,1129.179,214.5236,0
631319787,1326.256468046401,243.87824934864562,1361.1208,295.5926,0
631319804,1346.7614001381378,230.43548117900542,1404.1426,265.712,0
631319820,1323.043671048346,210.91248596661148,1309.469,213.9023,0
631319837,1322.6202806776319,210.0791140457823,1356.75,254.9245,0
631319853,1305.5598242113826,199.97188383024007,1271.1276,200.4566,0
631319870,1301.1609558514897,186.91527497219906,1315.3564,159.7926,1
631319887,1297.094042136785,185.78795761394682,1308.5065,223.9366,1
631319903,1296.2550799810804,186.68565449122602,1326.4846,239.3351,1
631319920,1296.3997760153038,186.2385978173609,1333.7456,228.1269,1
631319937,1296.688656803721,185.1077102360413,1335.3885,219.9964,1
631319953,1296.5139945460164,189.69846100202903,1330.1587,283.1368,1
631319970,1296.7600546947974,190.36173219498727,1334.9719,242.6981,1
631319986,1341.0979181252771,217.56373292580858,1376.9227,266.0076,0
631320003,1308.731146602599,178.60582561727662,1343.6954,221.5599,0
631320020,1292.1199663138239,179.24505072960852,1309.1055,222.6084,0
631320036,1288.6974682202886,244.71993007128873,1313.3069,443.1778,0
631320053,1286.8282463698042,227.4631237228624,1315.2798,217.5097,0
631320070,1287.991066902553,224.28272127525975,1326.6157,258.3994,0
631320086,1285.472528533781,220.86889555873708,1306.5005,249.8457,1
631320103,1283.4863524163525,214.4120822519237,1305.7722,219.4331,1
631320120,1282.4042854516154,206.6893374854073,1309.5547,195.507,1
631320136,1288.2892506821584,209.7307164057293,1368.3486,284.737,1
631320153,1277.6960086303427,208.91110569266013,1218.7903,247.928,1
631320170,988.8194438378799,221.82676089123186,1009.7926,266.6286,0
631320186,980.9787716214223,250.6034349087719,1001.254,299.0818,0
631320203,972.808448556634,252.80449684595322,984.1924,303.8597,0
631320219,976.5010550280316,254.39013325554174,1004.1888,306.9504,0
631320236,969.1193556823068,232.53312684159204,967.1395,204.916,0
631320253,970.7358644847798,225.88201103450768,998.049,242.255,0
631320269,973.939677009186,218.0735867935138,1011.1707,220.5021,1
631320286,976.8598053723398,225.2238192805746,1014.1897,318.8943,1
631320303,979.9643604385353,221.37158073055969,1022.0015,238.0336,1
631320319,985.5477187582948,216.3187713946114,1049.7637,219.2625,1
631320336,983.8821148979382,215.33775438138954,988.6068,251.9932,1
631320353,984.0608962800584,218.9674040827795,1004.7786,302.9609,1
631320369,983.54937395048,217.88155936694116,997.9319,251.1076,1
631320386,984.1217025369635,221.40016436873356,1009.622,309.4046,1
631320403,988.0587333694009,224.64023917333418,1053.1602,311.2235,1
631320419,986.3064567846856,226.41413582019356,982.8003,293.7177,1
631320436,984.8676436355211,229.12724855363956,985.0435,310.2556,1
631320452,987.0209820203611,230.3207167596164,1035.7026,290.3849,1
631320469,994.6455260907437,228.18181858182504,1120.3984,238.8211,1
631320486,997.9144358482935,225.9189922177288,1060.7947,234.1104,1
631320502,1005.7900237241224,230.40754208186382,1135.6473,348.923,1
631320519,999.9529202381958,236.58432574779272,920.1033,380.0883,1
631320536,996.6188684272274,239.98089746494387,958.7438,335.7834,1
631320552,990.0705057564708,249.0514508255117,901.9906,441.8428,1
631320585,872.9480822478622,687.2161706609382,883.0932,791.6068,0
631320602,936.1179072309841,684.6628506040739,948.9491,789.4722,0
631320619,931.6322598663655,651.797419988819,940.4537,715.1178,0
631320635,942.9325472108292,683.7166543589404,978.6714,860.6829,0
631320652,941.175931211546,668.43786617483,949.4307,719.5286,0
631320669,932.9860679406912,665.5985044110444,912.4821,755.0486,0
631320685,928.7199304806775,668.9297487133151,919.941,789.9858,1
631320702,949.5542757676553,657.8486513850374,1090.1296,688.4049,1
631320718,747.8361126085686,572.7353619325136,754.1924,660.6361,0
631320735,853.917492388338,642.789415321962,863.8323,741.1328,0
631320752,891.9762527454322,626.6028066025711,943.4602,705.4716,0
631320768,926.5043277452406,632.9644610374432,1010.73,746.0935,0
631320785,927.9405330637031,635.4886439974367,944.6588,742.2465,0
631320802,939.1479832873567,660.0896435120729,996.2501,871.3266,0
631320818,933.3615679954298,672.1310071827885,914.8666,839.6705,1
631320835,931.5868664731453,719.3299583111879,943.7837,828.627,0
631320852,924.0238483050126,726.5521616763186,935.8105,836.7052,0
631320868,918.9369367702616,743.9013139136578,924.779,875.7782,0
631320885,897.4918291497329,714.8051023674824,864.6749,757.0974,0
631320901,868.3564435792206,741.6868457963378,786.9464,942.6661,0
631320918,831.4944278876402,759.545173623677,688.5973,949.9581,0
631320935,813.1191579413198,763.3238372997164,729.57,895.2228,1
631320951,793.1240661365425,775.2953717640462,682.0178,965.3715,1
631320968,788.0008445345657,790.1590744228749,762.8234,1015.5486,1
631320985,785.1973983087621,799.5276324274811,774.2084,991.8177,1
631321001,777.5872850283415,802.6218965373172,722.909,942.7845,1
631321018,773.1786601892165,806.048983538998,743.5785,952.6732,1
631321035,773.1163970731847,806.8392000942175,785.5242,927.0672,1
631321051,766.0646432692001,814.8764308844303,699.7985,1022.3102,1
631321068,755.9017632773318,813.2635186142601,651.2681,901.5276,1
631321084,754.1249031894788,814.286663935002,748.5212,939.2193,1
631321101,752.2934870074096,813.5806907037213,744.8318,915.1658,1
631321118,764.3235056183514,813.0048825720551,941.8414,919.392,1
631321134,761.3173598234384,817.5475013457651,727.4487,1000.0903,1
631321151,677.5396946514231,847.2663101103279,677.4269,970.295,0
631321169,851.2147891618724,887.2785472118572,857.8845,1017.6201,0
631321185,977.5148022075082,854.0969635660729,1121.6084,945.6664,0
631321202,1061.0426012714067,838.4029526556931,1249.8496,931.7302,0
631321219,1099.4091499400233,841.1735943300283,1233.536,979.5126,0
631321235,1128.0529459724207,833.8850214118719,1261.4177,929.8346,0
631321252,1219.1439481656391,746.2384902868648,1243.0746,862.4896,0
631321268,1157.9982198882617,727.4168922382146,1179.6016,840.4731,0
631321285,1159.9272035527667,766.7425563450396,1182.6104,929.3611,0
631321302,1177.2211815145206,780.1624161841632,1234.4189,930.7057,0
631321318,1174.462037533166,790.9646241887305,1186.7327,948.2112,0
631321335,1171.4293289301922,800.3728226180732,1179.6063,963.9592,0
631321352,1176.0009055042392,792.7061221668799,1221.1533,871.3253,1
631321368,1177.7953975583066,790.3848354395136,1210.0313,896.2568,1
631321385,1173.956678627012,790.8564251288766,1168.2075,915.3279,1
631321402,1184.4361980288852,785.0008981905906,1288.9591,856.7753,1
631321418,1179.5014369694454,783.2411795076836,1156.9,887.563,1
631321435,1181.2128421123243,780.7265174946292,1218.9377,876.5123,1
631321451,1181.8451523736628,778.9675228804105,1209.418,881.3793,1
631321468,1191.1371947503778,775.0204320442342,1314.7455,851.1784,1
631321485,1205.1083509117718,771.4991615321173,1387.045,851.8142,1
631321501,1212.6230037275684,773.4741195146769,1318.6035,925.3125,1
631321518,1222.1134753898211,769.110439734442,1356.7698,832.3666,1
631321535,1232.2942543564513,766.3630760754138,1377.9503,852.3575,1
631321551,1239.0995902319703,764.1603129489636,1339.0972,857.2319,1
631321568,1249.7231276096736,760.1915807539408,1406.2399,825.6593,1
631321585,1261.1700800600129,759.2209504764869,1429.7856,872.9972,1
631321601,1270.2105395234564,760.5554244127504,1401.7393,911.5144,1
631321618,1276.2963092870784,761.3279502362105,1362.3597,901.1218,1
631321635,1282.1470482413747,763.0527249085026,1365.4655,918.2695,1
631321651,1290.5284060735573,765.364165937402,1415.6659,930.056,1
631321668,1297.6378005991166,768.0745132002633,1401.8267,938.0856,1
631321684,1308.5566411727657,768.1738979481962,1476.9114,890.1281,1
631321701,1312.8944698325377,770.0190427479565,1369.0095,922.3622,1
631321718,1317.8935021352552,771.0504153165019,1387.8643,907.3697,1
631321734,1323.2485535544754,771.4863506778156,1401.3739,896.3036,1
631321751,1329.921361437412,772.1961009267559,1432.2422,902.3986,1
631321768,1334.2348739402719,771.5712310195547,1378.2527,870.7872,1
631321784,1336.5185217137623,766.5175776070114,1351.124,793.1807,1
631321801,1339.809517301427,763.2018304969512,1382.1902,827.3348,1
631321817,1343.8555512927403,759.8199451397182,1397.8026,827.1776,1
631321834,1345.7178409158282,755.940750688266,1364.5837,817.246,1
631321851,1344.432897675944,754.018946735503,1317.8289,844.1426,1
631321867,1362.404688439365,714.121939604486,1392.7642,827.8737,0
631321884,1357.0727564678778,672.8612575363808,1387.7368,781.1439,0
631321901,1362.6021855852664,675.5380412544557,1399.177,787.3229,0
631321917,1348.1327596767037,687.9049858796906,1347.9216,825.4899,0
631321934,1342.2013746575253,711.7462758991394,1352.7156,904.452,0
631321951,1348.5662923297486,714.0859605317505,1404.6484,837.3287,0
631321967,1343.054229713726,705.3426431743807,1345.384,768.1758,1
631321984,1124.859603681216,698.8062928478773,1145.4375,807.7191,0
631322000,1002.3317224226728,684.2837862656404,1017.949,789.833,0
631322017,965.2237029705393,671.5583151096764,941.0397,760.2004,0
631322034,953.584268395748,696.5855917176386,942.4517,859.217,0
631322050,952.1615159917587,692.7511983368296,961.6926,785.5532,0
631322067,951.8509100519028,694.9409267730172,964.2445,810.7755,0
631322084,954.4595704216096,696.2942263504631,981.4625,810.1123,1
631322100,953.3789132206246,694.9397599205314,960.6027,791.9495,1
631322117,950.3001976403996,691.0257434235824,942.9193,766.8644,1
631322134,951.1092124471849,687.2233468418448,971.9226,760.6815,1
631322150,949.1354213404594,683.8820267073617,946.2742,758.155,1
631322167,948.624094104875,685.3962465510866,957.8263,807.7521,1
631322183,947.3401061727827,688.2521112999838,948.04,826.5571,1
631322200,944.7504153109511,679.3231668516856,932.0932,677.2733,1
631322217,943.8674509314526,676.0556684825865,949.3328,741.9578,1
631322233,945.558361386514,677.8618759660693,981.5431,810.8569,1
631322250,944.8188100259887,682.2951883244262,949.1523,852.2037,1
631322267,945.3891247758897,685.0566148940272,967.3467,831.3083,1
631322283,945.7943440857844,682.366246837594,966.2798,745.8019,1
631322300,947.7672579421612,675.9786569111966,991.3958,681.4554,1
631322317,952.3674545782446,664.9097380707296,1035.5168,595.4253,1
631322333,953.9452244792569,660.7986203455586,988.9171,707.2527,1
631322350,954.8257257133404,655.1528684017668,979.0614,675.4557,1
631322366,959.7894200314475,647.3993644665592,1049.1296,632.5836,1
631322383,961.7922940968945,644.909038730914,1000.709,723.2985,1
631322400,962.5399965017114,639.5617665805065,981.2764,665.8636,1
631322416,962.6319855730637,631.5712970037207,971.5284,610.4937,1
631322433,963.178469951723,623.9778892206008,980.4567,612.0987,1
631322450,963.5474388392016,619.0177190160559,977.8165,657.1229,1
631322466,960.6214320784933,612.6462333975162,919.7454,623.4805,1
631322483,964.0407098510292,603.8397015386578,1035.6356,570.9216,1
631322500,962.9249666057023,597.6478913731135,957.804,625.0436,1
631322516,961.5538755710245,590.2870766287895,945.9771,592.5239,1
631322533,955.2211105138903,584.7622875055296,856.8978,631.3766,1
631322549,956.4385510314946,580.4119114178749,996.4982,640.7214,1
631322566,955.4190286105168,575.3257972640542,956.4348,621.5309,1
631322584,954.7215970005872,568.3987254506685,964.4714,578.1423,1
631322600,960.0050674727215,562.8240600356213,1070.3478,597.124,1
631322617,1044.3230232397807,428.8228874948621,1064.9762,501.405,0
631322634,1043.7821644861904,470.2888962515172,1063.8815,548.297,0
631322650,1011.6393822711478,430.1441104589074,998.0082,456.8389,0
631322667,1010.4350884126469,450.0151727141447,1026.5607,569.836,0
631322684,998.134894884992,450.16757284193613,978.7589,524.9604,0
631322700,990.3755814031314,450.29765229630004,977.3145,525.1532,0
631322717,995.8512837000749,446.65967077651163,1043.1594,501.1976,1
631322733,983.1823560651271,439.0343259862479,925.9597,461.7327,1
631322750,982.9612599408149,435.2257251378983,1001.5278,480.2805,1
631322767,980.0622100723206,430.9145039150294,977.4567,467.7304,1
631322783,976.5949373290907,436.45675924143944,965.7842,563.3748,1
631322800,973.1725455654587,438.0615275515816,960.8456,528.1077,1
631322817,976.5187328220643,441.5700750351523,1031.4302,554.8779,1
631322833,974.5401046441901,442.9567945468499,972.4525,532.0978,1
631322850,975.8200564396578,444.42569294023906,1010.8087,535.7509,1
631322867,974.9145927808488,447.6191203081562,982.8257,562.4568,1
631322883,973.9963383822142,448.53065037706887,981.6787,532.2747,1
631322900,973.6223761532584,449.2122176768491,988.2977,530.0289,1
631322917,978.6842912124058,452.4861445577251,1068.3914,573.9916,1
631322933,980.2620830103402,452.13989335424293,1019.9238,516.5654,1
631322950,982.5071867511283,452.33558548886776,1031.6581,526.0916,1
631322966,984.1484006038334,450.21600146492943,1024.1208,485.9001,1
631322983,985.7287699277792,451.9531715775013,1023.6554,553.8779,1
631323000,979.1005216246601,448.13077605430544,887.8951,452.2978,1
631323016,608.7312087551715,334.666862686008,612.2939,389.7197,0
631323033,567.8763459927021,311.38407677680925,570.0212,362.8995,0
631323050,561.4612715061202,317.0184172941713,556.525,375.4754,0
631323066,554.2031002166149,309.07519966878084,541.0095,342.0675,0
631323083,562.3767682955713,314.2352255370886,589.4536,383.7544,0
631323099,558.3011575719082,315.5467062111286,543.1477,373.0503,0
631323116,560.1953374691117,313.12198209682543,571.8465,351.4043,1
631323133,554.9597592725792,311.44403718133395,525.1317,351.5518,1
631323149,553.4572870101897,310.5632446495537,545.1569,355.3022,1
631323166,552.8050961061256,306.87156618154125,550.3114,326.5932,1
631323183,556.9374911792628,306.3930784438492,595.323,354.0861,1
631323199,554.8006002929959,303.25860430413957,536.4654,322.1846,1
631323216,555.0887834561827,309.05843519603627,559.3162,426.5347,1
631323233,557.4518214662824,313.39882623555656,584.7333,416.9655,1
631323249,556.6888648314957,318.3405154821337,548.1631,431.3229,1
631323266,553.6459748902373,321.04940792711466,517.1169,405.705,1
631323283,551.0630995745543,320.786631957605,520.3054,364.6298,1
631323299,547.5589114031221,318.70387621796334,504.359,335.8699,1
631323316,549.060958488516,318.8552363775861,575.0118,370.8802,1
631323332,550.2285030235805,319.17422428034746,570.9856,374.0414,1
631323349,547.687634084938,321.5011694093129,512.73,408.406,1
631323366,546.4078712291184,323.58431704814865,530.9709,406.6097,1
631323382,544.5970157809357,324.93354748309105,521.0985,395.3402,1
631323399,547.2442004644116,326.2355129558919,594.5875,396.7634,1
631323416,546.8130043790527,326.68771210764254,543.1951,381.797,1
631323432,545.8687872191317,328.4304549919648,533.4761,406.8801,1
631323449,545.7181714993087,320.5340542900872,548.7034,224.938,1
631323465,542.6599783597927,314.7294747705761,496.2817,261.8105,1
631323482,539.6568196615463,307.96039739307366,496.017,240.9092,1
631323499,539.0422040748355,303.835700413073,537.0239,290.4545,1
631323515,537.7302936051279,298.5411763347599,523.7308,265.0443,1
631323532,537.5576948639589,293.11916878738276,546.6591,262.1082,1
631323549,535.331025504865,290.277504312277,506.1611,311.5686,1
631323565,536.046020845319,283.7372182879121,557.7834,233.0664,1
631323582,534.9507901364692,275.86483460177755,529.2411,207.8751,1
631323599,531.78926750265,268.3372209779043,485.4897,209.1366,1
631323615,530.0982097405388,262.8184024986625,513.7858,242.3907,1
631323632,533.2701278801774,256.3033186995249,596.2099,219.1447,1
631323649,534.3068712633474,252.71125155896056,558.2352,271.6607,1
631323665,535.4162866563597,247.5284227503038,559.8105,232.058,1
631323682,534.6496696269696,243.84201780394332,529.4159,258.8411,1
631323698,535.1289226318365,237.54028942788588,545.6432,198.6687,1
631323715,536.4141277569344,232.1055652113552,562.3363,221.1122,1
631323732,540.0639037637732,231.58875302947948,606.4803,310.5441,1
631323748,541.2764017610137,227.98395772302067,558.9076,244.0089,1
631323765,540.6385758704905,224.1648963384257,522.774,230.4247,1
631323782,542.8519322415302,222.8787074868881,575.3636,271.0538,1
631323798,545.1941155002202,220.01062551903942,577.4709,232.1442,1
631323815,544.1078598040399,218.40370033568212,523.4319,255.6586,1
631323831,548.2020173629703,219.24903521988605,616.9275,300.9385,1
631323848,548.1747631809591,219.72535746432263,536.8875,292.2217,1
631323865,549.4509509163445,218.49122359909597,564.4229,254.6129,1
631323881,550.4030490156273,215.12551114762044,559.3337,207.9512,1
631323898,550.2841705411951,213.47257849271568,548.3788,238.6316,1
631323915,552.3512806131173,215.14617368599244,582.5187,300.3346,1
631323931,549.8159384812352,215.74451624349211,499.3949,278.5083,1
631323948,546.9355377726421,214.1917843844534,496.38,215.6226,1
631323965,554.4056493315485,210.84126191333777,680.1533,186.8681,1
631323981,958.8789826902456,142.49958019916855,979.6106,176.5518,0
631323998,1247.3917796130931,158.2952116930301,1280.0397,197.857,0
631324016,1263.102583031194,153.23739938787529,1312.869,186.8048,0
631324032,1289.8605516636305,180.87531202176433,1378.6259,286.6844,0
631324049,1294.7499239112544,170.1984782277012,1344.2467,175.8091,0
631324065,1302.6115146159004,161.4002844145652,1369.4889,163.2617,0
631324082,1123.874410916843,431.3013274299482,1147.8373,505.1567,0
631324099,1346.9624865146964,239.37731802594695,1382.7542,290.7489,0
631324115,1323.5921631860801,222.01677822437452,1334.5566,250.9725,0
631324132,1334.4061674834918,192.6173387435012,1393.533,171.9904,0
631324149,1334.0968687920617,194.18734152937546,1368.8567,245.3372,0
631324165,1332.6640356225823,190.4541145874922,1362.7639,219.1401,0
631324182,1347.353545886841,105.74761359594075,1384.8733,139.6171,0
631324198,1323.8624291289602,156.80439608682352,1359.7415,197.0827,0
631324215,1343.9172892586432,150.4836430040517,1401.6444,183.2809,0
631324232,1309.5866541206728,140.3380642854071,1274.1382,154.7064,0
631324248,1301.7682368107053,159.25340156730203,1312.2506,262.9494,0
631324265,1292.401675580946,152.46953777667684,1289.7275,160.8269,0
631324282,1292.5017284597939,161.25700342546412,1328.0997,250.0449,1
631324298,1296.4869906530746,158.31041471494018,1356.4932,178.7306,1
631324315,1514.377942755999,167.10856833180176,1558.1274,211.0085,0
631324332,1396.6786718602632,161.56673290840402,1435.5553,203.3372,0
631324348,1414.7904028810417,175.47858615847196,1472.8964,235.1974,0
631324365,1420.0453670896086,185.06527894626672,1470.1455,251.7841,0
631324381,1421.1349700983208,184.78191059561482,1463.944,228.7299,0
631324398,1425.627576542112,195.01819144685493,1482.9471,286.9341,0
631324415,1432.1597474948626,189.8222236960917,1505.1655,206.7249,1
631324431,1432.8225859123384,185.49546633790027,1476.3148,202.2705,1
631324448,1431.5063782600537,189.29030127207838,1461.0889,263.7408,1
631324465,1436.1239314911536,190.44638429749784,1511.5796,246.3081,1
631324481,1435.261232661123,195.7213062173953,1465.8123,291.3853,1
631324498,1431.0139006560153,192.4238490406093,1429.8809,202.509,1
