timstamp,smoothx,smoothy,rawx,rawy,fixation
624659031,979.4126300822511,581.5533698820182,943.5103,564.1732,1
624659047,978.254745859987,582.8362881693275,937.1496,566.5262,1
624659064,977.2493519081795,583.9894298048881,940.8037,565.7864,1
624659081,977.436061657085,585.8717837309882,963.2792,575.8723,1
624659097,976.796645540514,586.1886289987864,947.5154,547.5524,1
624659114,975.5988002103774,586.795954439556,939.3159,551.2629,1
624659131,975.2737230901562,587.5674916800381,956.3481,561.4926,1
624659147,975.516057575897,587.9236939488737,963.7008,551.2444,1
624659164,975.3307233730433,588.3043072477861,957.869,555.1735,1
624659181,973.7894301729779,587.7451053073992,926.7993,534.454,1
624659197,974.7973112360407,587.6652350501082,979.4932,547.8723,1
624659214,975.0663561110697,586.997621894972,960.2809,538.3138,1
624659231,974.9571658096396,587.4112124454654,958.8459,560.5684,1
624659247,973.909672737612,587.4625688130068,937.8562,551.6388,1
624659264,973.3921552132088,586.0546648804485,945.8258,524.8375,1
624659281,973.9397474492553,586.9315381113007,967.361,567.2073,1
624659297,973.2177488149197,584.8741026059362,937.6614,516.5275,1
624659314,971.4494197399526,584.1962451116145,920.208,541.0546,1
624659331,972.4001001715762,583.9898559162085,974.217,551.2578,1
624659347,973.3984552306563,582.7542713202452,969.8903,527.6682,1
624659364,972.5466725541158,582.1069831002743,934.4949,538.7903,1
624659380,973.0132529080946,579.2409996492274,957.5699,494.7172,1
624659397,973.5507437048467,578.9898657801602,965.1771,544.051,1
624659414,973.6491325960075,577.9383628948935,954.4387,529.2638,1
624659430,974.6996472130454,577.4279248204404,975.1025,540.876,1
624659447,976.2752028559307,576.9589000910967,984.8568,540.632,1
624659465,973.5057321800642,572.568337230318,887.0831,467.889,1
624659481,975.5434725522865,568.818514040675,981.7997,473.001,1
624659498,975.3465688898675,567.960776064829,948.0387,532.1691,1
624659514,976.0705487377882,565.9514795122595,964.2737,507.7491,1
624659531,977.6908012225682,567.0914143937865,986.0483,564.9253,1
624659548,979.6833052836964,566.2916655704104,987.9531,526.0317,1
624659564,979.3408275976783,565.7267577607876,944.5278,529.5977,1
624659581,978.3899527838137,565.4677654645512,936.4619,535.1934,1
624659598,979.6883117127934,565.4320885647554,979.0331,534.4294,1
624659614,978.9883922144337,567.664213773342,945.9816,578.0698,1
624659631,979.4804327374861,567.8899786906435,966.0308,539.2961,1
624659648,979.8837867502887,567.5548765189876,963.8553,526.7537,1
624659664,978.4309993648567,567.8264547424598,929.2273,538.8895,1
624659681,971.8577219696622,566.9538880400684,824.5543,515.8679,1
624659697,966.3588111209501,565.8307541779353,850.1771,511.9824,1
624659714,958.2982060764356,564.5642205635851,797.2501,508.7025,1
624659731,952.9729081965386,562.9906381757695,847.5213,503.9818,1
624659747,947.4224592532803,559.2054945337062,833.1302,459.9493,1
624659764,942.6353139152475,556.8347070716156,849.9147,483.5577,1
624659781,937.9160015540923,554.8987429107088,851.4792,495.6355,1
624659798,935.7765131337852,558.1637605390108,908.021,588.5203,1
624659814,931.4835772996831,556.4761795491002,848.3108,495.8787,1
624659831,928.1757113945084,556.2126561619656,873.0217,523.2975,1
624659847,927.1503801391681,552.6658714653396,903.6146,456.1502,1
624659864,935.3778015826092,550.726716049908,1078.3933,484.7638,1
624659881,1125.5494175424722,482.7916130638558,1107.2012,435.412,0
624659897,1137.209340686124,501.8909374681193,1122.9581,456.2982,0
624659914,1162.630560681542,501.8878020072848,1179.158,455.4187,0
624659930,1151.7941561610091,502.8178227397242,1115.5371,459.4839,0
624659947,1147.220416639263,504.13407467432074,1119.9873,463.1275,0
624659964,1139.0097241811359,507.73881714829224,1092.4551,478.835,0
624659980,1130.7301398969964,501.96725790529945,1067.6475,425.937,1
624659997,1121.8263206226864,493.7785685089673,1042.0635,396.4769,1
624660014,1121.0534664346303,488.3307232544798,1094.3209,402.7357,1
624660030,1119.7693188568062,488.12442165532553,1093.2026,441.691,1
624660047,1115.326536392939,489.59442634417877,1060.439,459.0314,1
624660064,1110.6774194956804,483.9426861690303,1039.8523,382.2767,1
624660080,1114.09153674761,477.9379346291747,1126.772,367.2576,1
624660097,1116.3294375988776,475.3478798272003,1121.421,401.3166,1
624660114,1122.8080223598022,476.88823727606643,1188.5544,451.8079,1
624660130,1123.2886165669042,464.4158213255841,1085.9323,257.0619,1
624660146,1126.184263712518,453.10485912212545,1122.2493,257.3018,1
624660163,1127.7367563720493,444.34706501870204,1108.4238,282.543,1
624660180,1127.8553967733485,432.09708528816793,1078.5287,216.9307,1
624660196,1126.4470651744375,423.88412382083493,1060.8734,269.4446,1
624660213,1000.6781071220383,291.2542372292495,940.3954,226.0914,0
624660229,1067.2813525250228,329.7785803405258,1019.864,267.4796,0
624660246,1083.7514889566455,307.6504799542718,1049.6765,218.1154,0
624660263,1126.5905516379858,270.5633545893614,1159.8126,118.3744,0
624660279,1137.970664410442,268.1117899973784,1124.4454,190.3297,0
624660296,1138.494798585488,280.62013307015366,1099.8933,266.9673,0
624660313,1137.3258957859298,282.55067798792356,1084.3027,224.7127,1
624660329,1134.6967740030002,281.1650685530191,1068.1934,204.0214,1
624660346,1135.500995910534,284.0824424210895,1096.7073,237.2924,1
624660363,1133.5438381458318,284.8271278516931,1070.2751,222.7869,1
624660379,1137.0253835239926,283.3263111771604,1119.9246,200.2235,1
624660396,1131.6046649626496,285.7305102803381,1032.1011,242.6017,1
624660412,1128.090389547503,284.82639231003395,1041.2544,206.7987,1
624660429,1124.36565628343,283.5561519991997,1032.2758,200.8947,1
624660446,1120.425400178741,282.6833550927995,1024.3241,204.5289,1
624660462,1115.6571528296074,281.5883502007747,1006.4711,200.4705,1
624660479,1112.1666924259673,286.3928710387351,1030.5444,285.7616,1
624660496,932.4544854861606,396.37682461849766,880.5809,343.3241,0
624660512,813.6341987588223,450.1001327998943,757.0916,404.679,0
624660529,832.4570246024396,498.55288905858185,813.1551,510.8848,0
624660546,839.5014164901246,500.75338362534455,809.2897,464.4763,0
624660562,842.1417669644027,492.55588576772,799.7556,423.7977,0
624660579,829.6120269312547,490.3258995073245,724.7424,439.9788,0
624660595,831.7314240787733,498.1684231139843,801.8031,499.4613,1
624660612,830.7833005115083,496.3110824772372,775.4493,443.1242,1
624660629,840.4818160682291,502.55497905110485,872.5818,506.6078,1
624660645,844.1510378752021,499.77344322178584,824.3851,434.2962,1
624660662,856.4530610850287,503.97679260813334,929.215,499.6749,1
624660679,866.1548082242418,501.16569549023984,912.0794,428.9543,1
624660695,873.2829658204353,498.44270637370255,897.0159,425.6831,1
624660712,879.5716492467835,496.1586244690003,898.0035,427.0665,1
624660729,881.0317323370347,505.08368319110923,862.6396,575.2265,1
624660745,883.2034825495529,505.4132154915771,860.6531,465.9963,1
624660762,881.690122282553,505.24102583385314,808.8749,459.9775,1
624660779,880.2885544926844,506.2072119037675,812.0089,477.3648,1
624660795,878.3206849877267,508.81152353543996,806.0135,504.696,1
624660812,880.5254182319296,510.6064516334424,871.7015,493.2963,1
624660828,880.8850445151907,512.2029224248132,843.2936,492.391,1
624660845,881.0310282383253,513.213756140943,839.6019,484.1371,1
624660862,881.9259332524547,513.7309240837731,852.6382,476.5398,1
624660879,880.5334830807601,514.8023199945934,814.5759,487.9425,1
624660896,881.1104384360436,514.8098508309303,847.7853,469.351,1
624660913,879.3242542638374,515.881821059397,807.9197,490.2079,1
624660929,851.2780470050743,689.718661013146,834.5327,668.5824,0
624660946,730.3050310702645,630.1497639396921,691.7454,604.8943,0
624660962,745.752014970961,648.8564212873961,731.4743,645.6176,0
624660979,740.3833021101055,652.4731529032053,695.3967,637.3828,0
624660996,734.1793642160893,658.6646352572237,682.6573,656.7276,0
624661012,734.60766739318,658.0260395952575,702.3173,632.4346,0
624661029,737.7492412413889,659.6033128394597,722.5759,645.1692,1
624661046,735.0133841418207,666.194773862762,690.4001,686.4769,1
624661062,733.089115945402,667.9052375171894,688.0579,658.1781,1
624661079,730.7033160098491,669.5817072017102,680.4454,661.2762,1
624661096,729.5934198799309,669.3843674778082,687.0469,644.9733,1
624661112,731.3184561942388,667.6739730222852,714.4323,627.3947,1
624661129,733.1143170199281,667.2053882420335,719.7129,639.4604,1
624661146,731.6619444545003,667.6165502315221,682.4768,650.6046,1
624661162,735.0885955674465,667.0182821929815,744.3069,636.7349,1
624661179,739.1013632343482,664.5995056108223,753.6931,610.1121,1
624661195,739.6514795979657,663.5441645632188,710.047,627.8869,1
624661212,739.844834062164,665.8661862741575,712.1875,678.4006,1
624661229,742.5311391857244,667.6952391061831,751.4286,672.4836,1
624661245,737.5616713384215,675.3386634503079,642.1991,771.1166,1
624661262,730.4604440599827,680.2503830801953,596.8895,733.098,1
624661279,722.9603519195526,687.3064358049744,589.7701,774.6073,1
624661295,717.4735151989231,695.9861465235354,623.8408,808.6086,1
624661312,710.5632669718573,704.8609938326853,595.4125,819.5596,1
624661329,704.6463192868355,711.9255649922751,604.7255,793.5939,1
624661345,700.7249950488085,719.6152838077871,639.1566,810.6005,1
624661362,697.6147097073099,727.4264981898501,651.6823,819.0599,1
624661378,692.2580012014303,733.940030767933,603.4614,801.912,1
624661395,688.4036273807984,737.5676517738283,621.0284,752.9743,1
624661412,683.998503819221,743.4829783191772,613.0757,802.2261,1
624661428,678.90581313541,746.8358111482053,589.6594,759.2192,1
624661445,675.619572932584,753.9856196466666,635.0402,823.8443,1
624661462,671.2169273266869,759.1290977831035,608.7249,796.5562,1
624661478,666.977088388133,765.1446376224641,606.3,818.8651,1
624661495,663.0371714374484,770.9468296586114,606.5219,823.2194,1
624661512,659.3919239894275,775.5070133414346,607.3477,803.1926,1
624661528,660.7191473451878,780.0628919107155,701.3627,809.6652,1
624661545,993.9900652140067,782.2492361458261,1006.3022,768.2882,0
624661562,1226.4495712322318,767.2791255844145,1261.3538,747.7659,0
624661578,1219.7657733579167,755.9752163330269,1243.2063,723.067,0
624661595,1204.3445537209943,750.7473638079659,1198.9941,719.0126,0
624661611,1198.7713866115093,751.2697422451374,1210.5885,732.705,0
624661628,1191.1838449823613,744.7778264664012,1182.689,696.0325,0
624661645,1185.577421855209,748.7481797648597,1186.9941,750.2571,1
624661661,1181.7346180345976,751.4307317920517,1188.5613,748.6449,1
624661678,1177.4950848588749,754.1434298025177,1178.3138,754.338,1
624661695,1175.4940128790047,754.8238475158356,1189.3667,740.1954,1
624661711,1172.3845375882474,760.5193143675369,1181.3184,793.2908,1
624661728,1178.4231846534094,759.5649788556983,1269.2917,727.5964,1
624661745,1179.1056363165314,758.8909384264804,1215.147,730.303,1
624661761,1245.2415228194911,745.019145089845,1278.8292,722.8669,0
624661778,1165.1206564786394,782.0385645014711,1195.6785,765.1149,0
624661794,1163.4745066211135,776.6795680259398,1190.4412,753.3534,0
624661811,1159.3824093568567,776.3871724849931,1179.4089,758.5021,0
624661828,1134.6119381742358,750.2110776926288,1064.3771,646.119,0
624661844,1108.2180464569633,720.6708193370949,992.594,573.0065,0
624661861,993.7009734927208,573.8660485000737,974.8691,538.2282,0
624661878,993.2633988119802,560.8265575518747,972.4379,523.8395,0
624661894,1003.7034340228483,561.4088708162326,995.6923,524.7653,0
624661911,1003.5050486018678,568.4666196134357,986.5127,547.588,0
624661928,1001.3933246846278,570.0402945702926,976.5089,539.0106,0
624661944,998.6448905522118,576.2521378068622,972.3931,567.7085,0
624661961,999.2654388421824,578.1594499696595,986.4932,552.5554,1
624661977,1008.444189191052,587.2885194484268,1059.7594,609.448,1
624661994,1005.9782745691108,589.5494958899519,973.7475,570.6214,1
624662011,1006.9046028688018,587.5893613064852,996.2551,534.9083,1
624662027,1005.7536784111246,586.2072855471355,976.8741,537.6843,1
624662044,1002.5470749111714,585.1047042533148,952.0446,538.8756,1
624662061,1006.2681244221391,585.5938520951133,1032.145,554.9662,1
624662077,1006.5335441605218,584.7488350977658,991.7055,539.4283,1
624662094,1011.6041995069648,584.6576562003263,1058.0837,547.3905,1
624662111,1010.8607857793229,584.1065252546023,982.0051,542.0104,1
624662127,1008.512352050627,587.5206392411719,965.3282,600.1534,1
624662144,1005.5368628801169,578.5577735080476,928.0098,415.0176,1
624662160,1006.2541455527028,569.8536435285596,982.7015,408.572,1
624662177,1002.5486599463022,558.5939165413397,904.2375,359.0623,1
624662194,999.8375333322169,548.1287993433596,917.8639,361.2845,1
624662211,997.2687938843159,537.3904573260055,915.9235,346.7831,1
624662227,996.1884043530803,528.53407739259,942.9359,369.6144,1
624662244,994.244562333612,518.6192851941671,922.6404,342.7132,1
624662260,993.6006515651529,510.91358064766405,948.7329,373.5201,1
624662277,992.2633247899297,507.18540764549414,943.793,439.1627,1
624662295,989.9656303116046,501.83465706025413,919.6669,403.5572,1
624662311,985.9614158088664,492.055995358697,873.5686,314.3918,1
624662328,912.8012628807114,240.11008950807442,835.4969,171.1359,0
624662345,893.1245356399271,249.7562991755325,815.1589,182.1239,0
624662361,928.5652397311102,242.90896166315315,891.4685,165.8071,0
624662378,928.8319112847099,265.10979926010805,863.9526,247.2039,0
624662394,932.999667431655,269.23563454286364,877.4584,215.9076,0
624662411,938.6822322538968,272.09633463914025,894.8835,217.5609,0
624662428,932.3832728517032,275.3245999054359,830.1573,226.9419,1
624662444,928.5527891049036,281.22912493495403,839.4634,253.4494,1
624662461,925.7166407888134,283.41894312807136,837.6744,233.6843,1
624662478,927.0476757953558,284.0492352274954,870.1044,222.7296,1
624662494,922.1548899145727,288.48737915618693,813.7745,264.1053,1
624662511,922.7953864924777,288.40296821096274,861.2998,220.6862,1
624662528,922.5163894823183,287.5972110603492,850.1039,212.2361,1
624662544,920.8660519603843,285.6388178588833,829.9783,196.7694,1
624662561,922.514660279151,286.45067565546753,876.5723,230.6454,1
624662578,921.5937044875336,289.046101952869,845.9481,257.5951,1
624662594,919.7619057424643,286.5153437520755,821.4799,185.7965,1
624662611,918.4380155833837,281.0915291603304,820.6033,138.6539,1
624662627,915.97186374752,277.0203476532105,802.9497,154.5848,1
624662644,914.7026651425238,273.1427886295311,819.6757,153.3419,1
624662661,912.9089235773058,269.528883311091,809.4482,154.1264,1
624662677,910.9234111988674,266.7900349827663,805.8119,165.7671,1
624662694,908.9636189490489,266.3520311735359,809.3481,203.3713,1
624662710,907.2078543813384,264.4357451597283,807.3495,175.8758,1
624662727,903.8096929743685,262.9407969846959,776.4888,181.9565,1
624662744,901.5397457341086,261.007088066832,793.2553,171.7941,1
624662760,899.1888941032545,258.57069227370306,788.0822,160.4581,1
624662777,898.7129695031142,258.50006281337295,826.946,202.1207,1
624662794,897.2889180645209,257.427399955387,804.6988,182.0382,1
624662810,895.8591576976816,256.01127537845707,801.7139,173.8027,1
624662827,892.9494009602947,252.7108731901254,766.2386,136.2273,1
624662844,893.4985702849393,248.45239477137022,828.3523,114.5289,1
624662860,892.1609522980575,245.99490515057894,802.5579,146.3911,1
624662877,893.1864959654602,245.13309718523655,846.7073,182.8553,1
624662894,893.5560154851624,242.6651328849577,829.0361,146.0081,1
624662910,895.2404920080686,242.08657637606876,858.9469,179.7098,1
624662927,896.3021380436087,243.80094380849494,844.3348,222.5647,1
624662943,896.6970659009216,243.4874486798093,826.4155,184.1387,1
624662960,896.7498473576651,246.53071135903687,827.7175,244.5034,1
624662977,899.187774963781,249.62296318925308,876.6713,241.9854,1
624662993,900.1280717023699,250.1479025462318,834.7833,196.2355,1
624663010,900.0174632141592,252.56989883739345,824.7528,227.4994,1
624663027,909.9398284058441,254.61401890266498,1016.1364,216.2123,1
624663043,1092.739781073897,289.85655118500154,1042.0808,222.9663,0
624663060,1137.2996189208561,298.99249417828446,1092.7638,232.2871,0
624663077,1116.8888998002462,300.5974630971404,1048.119,236.527,0
624663093,1117.5164243665383,302.3378620652523,1073.3765,240.107,0
624663110,1118.796439144888,303.0282269962551,1077.489,239.2156,0
624663127,1115.6823081145994,300.51011716183024,1054.1113,223.5727,0
624663143,1111.7119693660418,300.1503262492513,1043.2192,232.4804,1
624663160,1110.02573425004,302.14908394804473,1054.5435,249.2505,1
624663176,1112.856596110983,300.4780016624773,1085.8169,221.6114,1
624663193,1112.5121028910883,303.13484372793084,1066.3425,259.4745,1
624663210,1097.706246145367,308.11422676899923,920.399,290.5298,1
624663226,623.2297551910239,481.5379876264189,551.0454,442.6598,0
624663243,272.67944266312503,526.0732418997817,169.7049,497.8527,0
624663260,349.9114806946754,559.552463249834,350.433,569.0329,0
624663276,287.3092480581977,529.6189209506098,39.3901,437.7968,0
624663293,338.20639630580564,543.7951358716634,418.8193,560.4047,0
624663309,368.0687279686704,552.8408998044181,413.1987,562.8052,0
624663326,478.0360158467722,614.2674862193895,410.1621,591.6945,0
624663343,474.3691495798297,595.1799844094505,403.2537,570.684,0
624663359,471.369896409637,602.6778137449342,398.8591,587.3219,0
624663376,468.63184249741016,605.748559186185,393.3813,589.2394,0
624663393,477.571324274924,606.0711141741041,437.9488,583.1604,0
624663409,480.15554259480786,608.8920134579217,424.3352,597.6746,0
624663426,483.3846058942979,606.0265467537563,429.7462,566.6053,1
624663442,484.91343783736585,604.5965101476503,424.2482,571.6274,1
624663459,481.24305168460444,606.7202663866976,386.9035,599.4988,1
624663476,471.8159467281596,600.7081206084886,315.9662,528.0632,1
624663492,467.8014859159313,599.4926073933424,359.8193,565.885,1
624663509,474.4699913047186,585.208524231025,452.1538,416.3405,1
624663526,737.5244678017885,533.4613270002371,685.2996,498.0216,0
624663559,621.6015388556121,283.31268449033246,1037.9696,447.1049,0
624663576,797.5524580552795,342.166431643368,1125.0217,407.7789,0
624663592,866.4183919213923,383.0801481241768,1043.9263,458.1354,0
624663609,995.0364228297883,474.6801555286497,1565.9202,813.6121,0
624663625,983.1649831418534,533.6842224265517,957.2084,494.0466,0
624663642,1018.7678199137071,524.3108943718631,995.2142,483.0862,0
624663659,1019.711697848238,546.1411294087186,1003.8114,531.1956,0
624663675,1012.4832377106284,527.1747252374387,967.1371,444.8672,0
624663692,1020.510927879253,524.0967311247676,1022.2318,472.5304,0
624663710,1022.6710651901473,529.3064879917904,1012.6036,511.2591,0
624663726,1009.618775280667,518.412220317178,905.7803,419.3405,1
624663743,1013.0756608431133,517.4873536463135,1010.1056,470.2748,1
624663759,1014.0142931046457,518.9576067327818,998.0462,488.9005,1
624663776,1013.8608516817357,520.4748087018766,989.964,492.2224,1
624663793,1006.0969876885732,519.6333465965915,908.248,471.8955,1
624663809,1008.8046998200712,520.6172075155291,1014.2623,489.1379,1
624663826,1003.225303733261,520.3947747646517,917.5776,477.769,1
624663843,1004.3104838554503,523.2507635886438,999.0195,515.3677,1
624663859,1005.3410737381585,525.2241473163153,998.6678,507.6484,1
624663876,1005.9961927343469,526.9622585052142,994.5358,507.1222,1
624663893,1006.9199381324131,526.8162264407468,995.7455,481.5911,1
624663909,1007.6655646502459,528.50294064623,997.764,509.6181,1
624663926,1008.5363040941909,530.7376836827923,1001.8997,520.2402,1
624663943,1007.3113749169231,531.0682408065044,964.5519,492.1488,1
624663959,1008.3864394181508,532.5498561307912,1004.7092,511.4592,1
624663976,1008.0649508238274,533.9591934407637,981.5663,512.1542,1
624663993,961.5417316335843,816.4591798061061,975.4961,806.6152,0
624664076,986.1097453461095,646.3614273181914,977.2912,618.397,0
624664092,979.6018528415833,615.4463379485152,953.6838,550.444,0
624664109,982.2897535078354,601.8651205387557,968.3615,539.6187,0
624664126,979.1762975807932,581.5826610651322,940.7961,481.1663,0
624664142,971.9662936358906,575.8786529565923,916.6891,517.6492,0
624664159,968.6393147701309,522.4827954186419,939.4589,481.9293,0
624664175,997.6163925608333,534.0461932650553,973.2573,494.1979,0
624664192,988.8057051595733,550.4914048428433,958.6832,530.7665,0
624664209,976.056915041235,543.4193592951469,920.6917,489.743,0
624664225,971.2800109433861,545.0474717013117,931.0623,512.3923,0
624664242,969.7449773001167,535.6847616221319,930.9095,455.9883,0
624664259,976.3911661987108,532.197872365626,983.2789,473.723,1
624664275,971.4311527873192,533.0923691946822,913.2343,500.5422,1
624664292,969.8355196558006,533.133563645695,931.2174,494.772,1
624664309,972.7513362700718,535.3006851538158,973.3431,514.1761,1
624664325,973.9350628701613,539.1702112351137,963.6581,535.7991,1
624664342,976.5267744134587,532.092107267017,965.8368,420.2075,1
624664358,976.0216305042704,533.9794529932414,945.9194,516.2466,1
624664375,978.7845349154419,533.2307332731549,982.6855,484.9583,1
624664392,976.2306224884948,532.5681835728113,915.1541,486.0228,1
624664408,977.9615009984634,536.1698790568894,980.3253,544.3267,1
624664425,974.1915714645772,547.1322841378488,916.637,658.5093,1
624664442,968.4984776103211,558.15940774816,884.6251,673.0485,1
624664458,964.1004490595624,569.867801236575,902.0535,696.0404,1
624664475,962.0614730129464,579.1375662413515,932.3008,668.2673,1
624664492,960.6115534659457,587.8335537880927,939.9319,668.3283,1
624664508,958.0114674098681,595.0011974537974,916.0895,651.4664,1
624664525,955.3330120408558,604.392706466983,918.4198,698.1265,1
624664541,952.1968890889475,614.3853085957799,910.3069,718.0959,1
624664558,948.9174501896172,622.8155119023295,902.2736,699.2334,1
624664575,945.9336973281527,631.7422346042229,907.1583,716.7775,1
624664591,942.247048804583,637.1739282870449,883.6418,660.7478,1
624664608,941.7011698693918,644.9342995422458,946.574,710.882,1
624664625,939.4812673530373,651.3217532148465,910.3731,693.5245,1
624664641,940.2836894045928,655.6335135272632,961.4632,660.7311,1
624664658,939.6572029064268,658.1524577640272,928.592,633.8112,1
624664675,938.3379784749415,662.2950601794429,923.0972,657.6786,1
624664691,934.9398241659055,668.5706100932397,885.5081,710.9901,1
624664708,933.3275399436085,672.9245838754364,909.7963,676.6183,1
624664724,911.1455918823082,707.4187703336996,903.437,687.0954,0
624664741,910.6567487470456,680.7385809482613,898.9124,657.6476,0
624664758,918.8937587210568,643.2752926944756,905.9498,574.7477,0
624664774,926.0853034148763,631.1491670420339,920.7869,575.9924,0
624664791,927.0376856252553,619.2207558800931,905.5923,550.7666,0
624664808,936.8121842379783,610.1546299466045,954.3822,540.1221,0
624664824,940.4222928774714,609.1066100632765,939.2823,573.3951,1
624664841,941.3019551758402,607.2338793990986,925.0516,565.257,1
624664858,942.2826731144885,606.8175501378947,928.8403,573.7859,1
624664874,941.1622312053561,605.9361989752293,910.265,568.8318,1
624664891,944.2757873069801,597.4899179835928,941.2021,488.6495,1
624664907,948.5232575028772,597.5079321857152,970.1166,567.9306,1
624664924,948.9852647214102,597.2242842217047,931.3574,564.7559,1
624664941,949.3673317629476,596.1066381094695,929.6926,553.4946,1
624664957,949.0967294723135,593.2682189142623,918.2639,528.6227,1
624664974,949.1430382987123,591.7669211801755,924.5571,543.2557,1
624664991,948.833707832712,590.0929757282817,918.917,538.5322,1
624665007,944.1815738756285,587.3000326048108,849.489,520.0737,1
624665024,945.8455836236699,584.6904480786475,944.7465,517.9947,1
624665041,945.9967646536882,583.357442107044,924.1055,536.011,1
624665057,949.9256895673883,581.9807937792908,987.4243,532.4166,1
624665074,956.9633847752308,575.1824782736779,1031.427,436.6753,1
624665090,958.7660615913787,570.6937020725838,949.7932,472.522,1
