timstamp,smoothx,smoothy,rawx,rawy,fixation
624803690,1282.247239857582,460.13343851721254,1278.6814,442.5148,1
624803773,859.0016860588498,465.4306260698795,809.5934,420.825,0
624803806,918.7650124980833,509.69707899042106,882.3489,468.6703,0
624803823,913.0647067655965,509.43662459094656,869.6689,468.2917,0
624803840,904.765315549857,513.7879614745481,850.5332,483.2587,0
624803873,909.9231556398544,503.39858407089656,884.1076,427.5271,0
624803923,900.4199965752827,510.7158386509901,825.238,502.7297,0
624803956,899.5074901237033,514.2452329681273,859.8596,492.9085,1
624803989,881.0257009249613,514.7916848308871,724.1915,479.8414,1
624804006,878.077095393668,520.1700135454715,825.0347,520.301,1
624804040,863.263811594411,521.0325202509637,703.2657,489.9325,1
624804074,863.2729434877277,525.4488667201131,834.1734,526.1687,1
624804107,874.1937575976575,527.4549063169455,953.2547,505.1547,1
624804140,877.8258276848316,515.191045648939,861.0408,339.049,1
624804173,879.7425948592029,510.8243298765604,855.6617,420.7956,1
624804190,721.7001646711582,420.05279310896043,650.8525,373.0851,0
624804207,831.8770830990574,440.256885295833,775.8132,393.4981,0
624804223,880.3038009348815,413.79060435098995,874.9811,333.4703,0
624804273,854.9904594641719,443.15465906831946,754.6113,461.7438,0
624804323,861.1864355949205,422.37790326560327,816.8266,304.5894,0
624804340,845.4254869635905,448.8203887263724,739.1165,518.706,0
624804373,842.0646790126209,448.6573050658958,770.799,400.8936,1
624804406,842.3783716083599,441.7614889891014,784.6371,349.9105,1
624804423,837.4325243827716,448.81590423961165,754.762,455.0021,1
624804440,837.8214455947652,447.2435837120003,786.3965,386.7509,1
624804456,833.9675979831795,449.44473461621357,748.1312,423.4501,1
624804490,826.8053401977444,450.8827375430014,703.7393,419.505,1
624804523,816.2565175443189,459.1037858300845,662.4648,503.8804,1
624804556,817.1115274468012,455.72466761724024,772.9534,367.2506,1
624804573,819.4622463128336,458.53577343319114,804.5482,445.3965,1
624804589,819.1970784539808,455.8144627575077,760.3347,371.9439,1
624804606,810.9158622568216,458.0217910112642,650.5771,443.1853,1
624804623,809.7123656875817,460.7619980337018,750.3546,452.6545,1
624804639,1005.9937641149157,521.0729821158257,980.5924,479.7309,0
624804656,1080.9273138728715,498.6404885500255,1060.1797,453.6767,0
624804673,1044.6657762423388,523.8673723356801,987.5367,510.5537,0
624804722,934.4358893960236,549.4743372903921,670.9587,572.1207,0
624804739,947.9857583092768,548.1828540583516,966.2891,505.1442,0
624804756,953.8925598503812,557.2536604938989,960.78,558.943,0
624804772,1029.0131920055933,590.8662253615107,1016.491,556.3904,0
624804789,966.9348416321218,581.0975758347049,946.324,546.6721,0
624804806,975.8772689801599,579.5859261205526,965.6429,543.0315,0
624804822,959.0387418212314,587.0666238444005,903.6094,570.3952,0
624804839,950.4998511123664,585.7034287659012,900.4156,547.8931,0
624804872,964.5703088711074,583.1481828644138,1004.1354,536.8791,0
624804889,959.2941371080465,582.8285718867271,909.236,547.5162,1
624804905,971.2329505860221,576.2528199890847,1021.1699,498.2327,1
624804922,885.7603397327679,358.7557197117738,823.2826,302.591,0
624804939,936.9903784411752,533.6652336522911,906.0994,494.8191,0
624804956,1015.382969616741,516.0745965006432,1074.1626,453.3361,0
624804972,996.2735107348383,539.5302173816635,937.0912,552.4966,0
624804989,963.4970300620491,562.4560113702095,842.1839,602.5651,0
624805005,948.6397738518342,571.7700051226187,866.4393,576.9868,0
624805022,975.4275795240766,577.9839776255809,955.2589,543.0886,0
624805072,903.4314173131917,573.0299502928498,874.8337,538.8563,0
624805088,928.6346947925693,606.0460916836017,940.3992,610.8011,0
624805105,937.4542196941718,614.728375253485,940.525,602.8745,0
624805122,930.39959627484,594.0574134967308,875.1938,493.9891,0
624805138,931.0859975029407,598.3491622614796,914.7223,585.2494,0
624805155,728.2076151024462,817.8346512542578,717.4467,812.1434,0
624805172,783.1356797918176,788.8667746116334,773.9161,779.2176,0
624805288,1134.5298182049792,656.7259717384644,1511.364,475.7485,0
624805305,1129.1911147287926,613.2451124897646,1104.1958,484.9275,0
624805321,1097.3025475736008,615.2982184390296,990.3475,592.0142,0
624805338,1079.8148062786665,614.0174681097672,998.906,578.0652,0
624805355,958.7618443674446,571.1207919114973,935.7885,535.7977,0
624805371,980.8705071939078,626.8587082449783,968.5805,596.9551,0
624805388,1038.006197794138,585.1392404872295,1082.4529,502.9909,0
624805405,1021.3445743438281,598.063761162359,975.9764,593.6328,0
624805421,1002.5764256062412,609.0433489866384,933.1877,613.8208,0
624805439,997.3063222024944,620.5261310739664,970.2024,639.4313,0
624805455,980.821749912641,614.8751331745627,874.6437,553.7833,1
624805472,1177.9302319583617,602.7936913551121,1183.0936,566.9999,0
624805489,1325.4583816802851,620.9735444926457,1349.0925,584.5362,0
624805505,1304.155767685036,620.9895182896403,1302.002,585.3026,0
624805522,1320.15291322919,606.0285652211136,1371.8553,534.7537,0
624805539,1316.747842578019,615.3364853067756,1331.4409,609.3525,0
624805572,1333.1671342386123,598.2052945232275,1415.4651,483.8677,0
624805589,1348.4062867396508,582.015657747727,1438.1284,453.8208,1
624805605,1371.7141834443908,588.3620531918455,1548.0333,588.0651,1
624805622,1367.4715612614623,591.55040723081,1358.6475,576.6909,1
624805639,1363.777907864521,595.6663783746328,1357.9147,591.4261,1
624805655,1364.1132134202044,597.9802838487795,1391.4307,579.7681,1
624805672,1357.9903974502142,595.4716833423596,1313.3191,531.1122,1
624805689,1360.3993555758743,593.9992790813196,1406.7839,537.9196,1
624805705,1358.4528113197098,588.6809855792011,1348.2327,487.4658,1
624805722,1356.4763651099415,587.0423214663318,1350.7747,529.1066,1
624805738,1268.807006698778,562.1745446484426,1277.6115,520.5928,0
624805755,1309.1064957004417,618.7520001101437,1330.6625,582.3645,0
624805772,1308.2621026743677,588.2282177546746,1319.6924,515.0799,0
624805788,1305.8718972391916,585.7158503708463,1316.1746,540.6865,0
624805805,1315.316554041819,570.410711086468,1354.6068,478.5193,0
624805822,1327.1201042686685,566.3955150186764,1391.5283,506.7704,0
624805838,1326.4583404071434,570.5355793225435,1341.3293,552.0371,1
624805855,1329.2934390042647,572.9869394163754,1365.6566,547.3951,1
624805872,1322.8346615216867,578.2364523110278,1296.3583,576.9796,1
624805888,1325.07158426037,578.8504106741028,1361.4575,542.2966,1
624805905,1318.6390704080684,577.3971796123636,1273.4033,523.4692,1
624805921,1314.8585565615203,576.078971685408,1291.7385,522.1785,1
624805938,1313.9901746452715,574.1957900268569,1319.165,512.8087,1
624805955,1309.44757375716,575.18409876533,1275.4144,547.1436,1
624805971,1309.1142916564224,578.3545895433493,1329.4912,577.1089,1
624805988,1151.2220384407233,480.37030304653473,1135.2542,432.2976,0
624806005,846.0419406091792,446.35572438927085,792.4015,399.9881,0
624806038,778.6675307180145,474.5155036391461,651.8494,464.4011,0
624806054,755.0069606734913,482.85184378313585,647.8799,460.7812,0
624806071,756.6184005599684,464.7881224496353,694.1978,362.3637,0
624806088,709.4617222157761,483.61055245171394,453.7242,528.5025,0
624806121,763.8718854649683,367.77160644812625,689.7223,314.6395,0
624806138,828.4185401570378,451.71261226371536,773.6957,406.2052,0
624806154,791.8191966048187,454.90430132801674,693.7344,414.5001,0
624806171,789.2300023573853,449.179373836329,722.7523,391.588,0
624806204,781.7931515460299,450.48222081424063,698.3369,410.3653,0
624806221,766.7301418455153,449.9783994485336,639.9231,404.2093,0
624806237,764.0223620256561,453.8534763273074,692.2795,430.7451,1
624806254,758.5259995432662,446.225499820084,655.2426,352.9818,1
624806271,742.7115704970627,449.9456697158413,567.8356,435.446,1
624806304,751.3271908949349,435.48094147716745,745.5441,268.5873,1
624806321,755.7027961945341,442.91439821455026,744.2425,468.0299,1
624806337,748.0797707909842,446.5550978975638,613.6501,440.5248,1
624806354,741.962135959339,452.29368587708166,623.1484,471.4732,1
624806370,731.9541957074963,447.2719130497975,546.4335,344.4433,1
624806387,725.5916358665496,455.1007108284879,602.854,509.307,1
624806404,722.2347611611289,462.0983394965902,635.9216,507.8105,1
624806420,719.2345598176377,468.43714612301363,636.0785,507.2239,1
624806437,716.5193086380862,475.2663270428849,638.1048,522.6235,1
624806454,714.9810913195115,479.5407506041379,648.4445,490.0207,1
624806470,715.7633684705534,480.1252748814761,676.3036,434.4386,1
624806487,712.8106981784972,483.52110777071596,619.7014,484.1448,1
624806504,965.918068836157,331.45049469222124,907.9245,271.0673,0
624806520,968.7563540917394,319.72688208498266,909.3155,258.0751,0
624806537,1009.9329886957947,308.7461778883824,997.0734,232.4463,0
624806554,1003.6464404504846,298.41625408279964,927.6346,211.5625,0
624806570,1006.7140988596061,296.4391787643644,956.9507,225.3189,0
624806587,1001.4920483562403,304.7574468273044,925.3242,277.6761,0
624806603,1007.4973637346362,308.14778543011647,985.2983,262.1561,1
624806620,1018.5787444472971,309.04794809515437,1034.0034,249.6341,1
624806637,1030.0988282902958,309.31212251542496,1059.1091,245.6422,1
624806654,1029.0204165990249,311.1364718346329,964.5116,262.3159,1
624806670,1022.2802839295579,301.6827834051918,889.0313,150.5448,1
624806687,1007.5325046155102,293.8457793540841,788.2007,153.752,1
624806703,996.2784413856017,290.8105934537268,811.7988,197.9168,1
624806720,985.7978047122332,286.4256384180242,801.0148,175.9846,1
624806737,975.7545917318103,280.92190620370366,788.2916,154.4465,1
624806753,967.907981461274,275.07321281356354,803.2957,141.4303,1
624806770,960.4391656572678,272.3265522332149,803.1132,179.2381,1
624806786,948.1727361270566,270.7902178556556,721.5149,195.1255,1
624806803,939.3844977177375,266.4585052464148,755.5475,147.7628,1
624806820,929.8734012973466,263.7882049985125,735.944,169.9747,1
624806836,923.2894384293294,262.1911372999879,775.9987,183.836,1
624806854,891.1655062330649,234.50626533034063,810.7137,165.3208,0
624806871,846.964260047378,223.95585624407028,760.2164,154.4322,0
624806887,862.9230664240617,245.52515740111934,801.9307,201.4507,0
624806904,859.6261970317041,244.66373315491722,769.7094,175.1804,0
624806921,860.310028538661,242.33788331726194,778.8994,166.7467,0
624806937,854.3167505276087,237.18458352596542,741.219,146.9624,0
624806954,859.3401014256985,234.44622459896715,800.8381,150.9337,1
624806971,862.9819932373069,219.98976723226937,788.0931,57.7179,1
624806987,861.2395972287724,219.88520531650144,762.2072,151.1893,1
624807004,859.3487473476613,219.58513459955515,757.2288,149.154,1
624807021,859.5078117985844,218.39327785218126,773.6115,139.0647,1
624807037,857.7932044401407,219.04382602914134,755.4372,157.7407,1
624807054,858.2002969939597,218.7278935402223,776.6005,146.774,1
624807070,862.5321540821965,214.40519843191606,820.2871,94.3855,1
624807087,863.836040754116,212.03528802239373,788.5193,114.6682,1
624807104,865.0669205600891,215.33492047493866,799.6855,191.1503,1
624807120,864.4607754388298,214.0394908759324,765.6129,127.7812,1
624807137,861.1407692183403,215.39971206861748,728.6487,167.3115,1
624807154,861.2462199125483,214.4693283674217,774.7595,131.4794,1
624807170,862.1431150932796,213.12990451487295,786.7795,123.4452,1
624807187,860.3726583132203,214.416150151139,748.5782,166.6432,1
624807203,859.8811851757213,216.37227453819182,770.7953,178.6034,1
624807220,861.5020400194338,217.7495273941055,806.276,169.1633,1
624807237,862.6607634423976,217.86085547526386,796.1238,147.5414,1
624807253,864.2955270615,215.95096668901306,800.5591,110.8341,1
624807270,865.6056241823313,215.8651123434399,799.9603,143.3969,1
624807287,866.7302025984011,216.03197539390447,797.9576,148.0276,1
624807303,870.3728344752285,214.50576861112012,841.8657,115.4755,1
624807320,871.7836845884519,213.36428168959503,802.1188,122.7762,1
624807337,870.4314993883163,213.618133094941,753.8153,149.7325,1
624807353,869.9369541929725,213.72773138510692,770.2793,146.5692,1
624807370,868.5909585204996,214.65837093784236,754.0913,163.6351,1
624807387,869.4424250957948,214.86328202515506,799.6141,153.4571,1
624807403,868.552865836617,216.62653365565887,766.9581,180.4603,1
624807420,869.0654541934288,219.36093405120218,798.0757,197.6213,1
624807436,867.5624964790708,223.98145309353205,760.7328,232.6771,1
624807453,866.7674600245127,224.51289582064572,770.6677,154.9926,1
624807470,865.9257473459508,226.41909616929968,771.9396,173.076,1
624807486,860.9474044966979,227.53050848003897,687.4495,170.8471,1
624807503,856.8774940816056,229.7319194964832,707.3966,192.3478,1
624807520,854.4321626042497,232.55360878689325,741.6658,203.956,1
624807536,851.4915500834878,235.3148741356187,729.2032,206.3403,1
624807553,849.4280289277021,237.4146389931702,745.6246,193.6971,1
624807569,847.1445785448722,237.5226607655193,739.1517,151.9585,1
624807586,843.6647146149346,238.53883249922325,712.9978,174.3966,1
624807603,842.2084553021404,239.3136864105576,750.6226,178.9602,1
624807619,840.9164091583683,240.85908844331922,750.1599,188.2934,1
624807636,838.0336576065051,240.6979203906069,709.5915,161.8513,1
624807653,833.8770148446908,239.84720732387328,686.5505,146.6283,1
624807669,830.8935663838179,241.27371497582263,714.0091,190.9517,1
624807686,825.2595919447348,239.7118129727785,648.5641,140.2122,1
624807703,822.9663627297208,239.50520336052801,716.3885,167.3214,1
624807719,819.1866741399231,242.3333873021349,696.2003,225.7053,1
624807736,816.2523890370161,242.61116266746143,701.2697,174.8831,1
624807753,813.6869941026873,244.27541715373812,708.9831,198.8292,1
624807769,816.3604506484817,245.42078500818695,805.1475,192.1115,1
624807786,819.6028210780322,246.21134590841402,811.8208,186.6053,1
624807802,821.0092965283744,246.18930779912156,776.1691,169.1635,1
624807819,822.8942446780512,246.46347255496732,779.5208,176.769,1
624807836,825.6093897448225,246.81088243388734,789.3319,181.6938,1
624807852,829.0437567746399,247.84789942777874,806.2917,194.9804,1
624807869,832.3660728030411,248.57159164264885,801.545,191.2829,1
624807886,834.7696321531945,249.04802286487626,788.3381,186.1236,1
624807902,835.9258766713558,249.02100311468746,759.9921,180.0386,1
624807919,839.205979945451,249.81985025266926,807.3785,197.1198,1
624807935,840.377109109643,248.55126794186577,758.5156,161.3856,1
624807952,841.6731454028322,248.1805150029399,766.0712,170.2191,1
624807969,845.8296855011577,244.75088583808719,815.1812,112.8644,1
624807985,847.0188452295558,243.42633659236304,756.8507,154.0737,1
624808002,847.3211914923622,241.812634060728,744.3275,150.7403,1
624808019,850.019513749814,242.6604851288383,803.2266,197.8909,1
624808035,851.1796015207689,242.43552649588588,771.7469,177.1031,1
624808052,851.7546969866094,242.1588015199604,764.4176,174.2173,1
624808069,852.7142924156531,242.93249067480824,776.0058,189.543,1
624808085,853.7624346706909,242.79862985668333,774.7875,174.3903,1
624808102,852.3649982810955,242.98004091324245,734.5577,181.3893,1
624808119,850.0579228536826,243.98720325341174,720.641,198.174,1
624808135,849.377332537972,244.13240055090242,746.8795,178.066,1
624808152,849.2793457747258,243.80389678919627,756.0251,167.349,1
624808169,848.5737234542217,243.3570633419178,748.2576,170.0173,1
624808185,848.1108022758519,238.68121909005984,736.1293,83.0332,1
624808202,851.0216601857122,238.35407758266186,820.7955,168.5584,1
624808218,849.9258633212087,236.7046649122409,738.2644,149.6184,1
624808235,849.4463593828054,235.56618162168914,752.4751,152.6669,1
624808252,847.3096684170489,235.80592045779238,725.0248,181.358,1
624808269,847.4278827922283,235.14393036464364,775.6744,161.5662,1
624808286,845.3573696590698,231.63739718471385,724.9724,106.0115,1
624808302,843.331152418729,231.01132047122996,727.9437,158.7165,1
624808319,839.0047411148296,231.92609524764765,686.5696,188.9805,1
624808336,838.4235903757253,229.8780980401584,750.5084,130.443,1
624808352,839.7243819757502,226.61623954358248,783.4972,106.8957,1
624808369,837.7443319156397,223.9353541706898,719.2599,117.3528,1
624808386,838.3123212424692,223.80842154178347,771.9507,163.7563,1
624808402,839.2382997362995,223.48308414821787,773.9729,157.7955,1
624808419,838.1581946254735,220.75624483108277,732.8926,112.639,1
624808436,836.8228754910618,219.16043858697475,724.4735,129.3219,1
624808452,837.093917780671,218.0888884476839,756.8014,138.689,1
624808469,836.8585041262518,219.1086403175179,756.5248,171.9865,1
624808485,836.6579456950894,217.4481627072961,742.845,124.1199,1
624808502,835.3340934595831,215.44720823025722,718.5315,116.4946,1
624808519,839.4845956008093,215.98244078149793,836.3122,167.2823,1
624808535,1087.9027319712316,273.69898775924116,1034.3147,205.2107,0
624808552,1140.016911389664,319.13011599534104,1098.778,254.4733,0
624808569,1130.7140384358665,316.09839847619753,1077.3074,248.1068,0
624808585,1134.4723089585018,332.23047592437086,1107.7043,304.3146,0
624808602,1132.914361362662,328.03068274290683,1085.2296,250.5034,0
624808619,1136.6308307835907,325.8955066117352,1110.957,252.3898,0
624808635,1140.4502424557543,324.3159849056146,1119.2808,251.4065,1
624808652,1140.711951872663,323.19574087497926,1100.412,251.9302,1
624808668,1137.3936659788958,323.1527885327722,1071.5359,259.2932,1
624808685,1133.379718488617,325.1885016885643,1061.3228,278.9261,1
624808702,1132.0470017453686,327.1753711871218,1082.0956,281.8031,1
624808718,1130.5906863393884,330.66115795300635,1081.0981,302.019,1
624808735,1131.3323017366902,331.0668867477293,1100.7896,270.598,1
624808752,1132.0634832829235,332.4842754186258,1103.5811,284.1542,1
624808768,1130.0419308896264,336.15763286328774,1071.8984,317.1975,1
624808785,1128.5468686730367,337.70168655872016,1073.1342,292.252,1
624808802,1127.772319758349,336.91185665093815,1077.3944,259.9324,1
624808818,1127.7914091240773,338.2230573379368,1092.751,291.2485,1
624808835,1128.2913080693654,341.306701669262,1104.2483,320.8958,1
624808851,1126.022720118495,344.725681451295,1060.48,330.4855,1
624808868,894.2774503396327,489.2298515037961,852.1901,446.4943,0
624808885,740.782736142231,550.3181086442722,691.4227,516.5763,0
624808901,778.1799488524642,555.4409254076933,775.6276,526.5899,0
624808918,769.6957489124102,547.1615793619048,701.6208,494.6935,0
624808935,770.9953296729155,535.9110975117019,721.9462,463.372,0
624808951,769.4537168048328,530.2500274459646,710.1062,469.9825,0
624808968,767.6225750850725,527.4136767184834,705.8824,476.5281,1
624808985,762.9838125180776,522.9436590294536,678.6704,458.9067,1
624809001,765.2862818257361,524.8948118133972,734.494,503.5878,1
624809018,762.2232352280016,523.736043526106,684.8746,478.7334,1
624809034,757.8286426184883,520.3667897594312,662.168,454.115,1
624809051,759.3362660809495,515.196638800344,716.9048,427.2047,1
624809068,759.2347672154698,518.6260703629537,712.7597,521.6349,1
624809084,759.7403107007904,518.1429275007629,714.2262,476.903,1
624809101,759.1578402002796,521.5545473160829,707.1818,528.5889,1
624809118,758.1603028583887,521.97767970337,695.3303,491.0439,1
624809134,759.5429342527442,522.8276060127473,730.0031,497.243,1
624809151,759.6992556911291,521.7002871178248,708.7345,468.1753,1
624809168,760.6758542026379,519.8443725323509,720.0974,455.1517,1
624809184,762.0798901413257,511.79057786437085,714.0556,351.9647,1
624809201,760.8824517888943,512.7605751472614,691.0352,496.272,1
624809217,760.6081072626839,512.529140989577,703.1919,475.7798,1
624809234,759.3323597443164,513.165415659795,687.3566,490.637,1
624809251,764.7994120617061,512.715023720192,804.379,469.3859,1
624809268,772.0346787315151,512.6540035627287,840.6648,475.1954,1
624809284,776.4111912758773,515.5786110410568,799.6171,530.3353,1
624809301,779.3462249866056,516.2637586692123,770.1385,490.0886,1
624809317,786.2266790248686,518.8557063523814,851.6587,524.8259,1
624809334,790.5159524277797,520.4458613519998,803.8903,507.416,1
624809351,797.1701569716449,518.9088315503636,844.4808,447.5249,1
624809367,798.8700588001713,520.2620440883305,760.5228,504.3334,1
624809384,804.0294741169797,519.1793547677731,817.8324,460.1899,1
624809401,808.7050315551955,522.0585283265984,831.108,537.2847,1
624809417,994.8533687393704,532.4717324035676,969.9641,492.5071,0
624809434,1271.2077418400145,536.0784374102408,1276.3723,491.7402,0
624809451,1263.162415971965,543.0592494532242,1260.6677,507.411,0
624809467,1270.2298615258865,531.8363162344222,1286.9114,462.1683,0
624809484,1275.2788305185875,528.8062490828576,1294.9642,473.6162,0
624809500,1281.6158149781693,532.9936541941278,1317.2053,506.1217,0
624809517,1267.592159530538,536.9634262321505,1272.5027,492.7794,0
