timstamp,smoothx,smoothy,rawx,rawy,fixation
631328477,934.906439958024,545.6353208146203,883.608,668.4208,1
631328494,944.4341528014202,541.9669101302261,1035.3872,598.7338,1
631328511,940.8087710366061,544.1325229223671,923.3621,652.0623,1
631328527,935.6433499912515,548.3025072711308,900.9438,678.463,1
631328544,933.8431763965654,549.1544586138359,931.2521,645.1395,1
631328561,935.826093096519,544.2364237637296,974.7943,571.7717,1
631328578,936.274568577926,538.5459784915532,958.1805,553.548,1
631328594,936.5027162560932,537.837920410099,955.0221,617.4312,1
631328611,939.7145129891469,540.0008580056658,996.2219,660.0815,1
631328628,941.2884104006192,543.3819375619256,975.8411,681.3215,1
631328644,943.3179055944822,547.0545862987898,984.1959,689.7368,1
631328661,945.6482448170384,551.4596009311226,990.6478,705.7504,1
631328678,948.0913788316788,550.8471112581244,995.5426,623.8939,1
631328694,952.5638746739936,554.2789750658471,1029.7915,695.1093,1
631328711,955.4368130999973,558.1835784334062,1006.8223,706.2813,1
631328728,957.0481517305284,562.6119114151663,987.9348,718.8641,1
631328744,960.1834539865886,571.8866480101118,1014.6607,812.6672,1
631328761,960.8316150497203,573.9857209558226,975.535,683.4265,1
631328777,963.9663660605729,576.6497318775787,1020.417,697.3993,1
631328794,964.4585004685414,576.7048435729064,976.506,649.6658,1
631328811,966.7721832082502,577.1706327111593,1010.494,660.0401,1
631328827,965.6183025379055,573.762932487046,950.8454,585.6331,1
631328844,965.9370347194409,569.5095636207542,978.8706,570.1584,1
631328861,969.1344236022755,564.5590964904703,1029.3844,558.9986,1
631328877,966.29405250632,561.6175369235002,922.4128,594.9329,1
631328894,968.0718399240134,561.5442412358677,1002.4295,652.9078,1
631328910,971.398595070384,561.9573519914461,1040.3431,662.5491,1
631328927,975.2627570875061,562.3064420873504,1049.6106,663.213,1
631328944,976.6993303260474,560.8710610881833,1007.4726,620.8434,1
631328960,978.8938879830594,557.1421200868516,1018.2383,578.8297,1
631328977,977.7777563167382,554.3851216441865,955.1932,604.3602,1
631328994,976.7015424219186,556.5150177038744,972.8484,692.2533,1
631329010,972.89646210334,548.8711130147717,914.3584,503.9008,1
631329027,970.3666979498776,540.3906046307783,937.0038,488.7218,1
631329043,891.7028016168967,359.8814891502442,906.8284,421.6118,0
631329060,864.2959532682166,364.9062886432998,878.206,426.9681,0
631329077,875.9467165083654,405.54598125486336,901.4155,519.0562,0
631329093,865.9050632571643,399.6483608855985,858.7348,452.5535,0
631329110,887.6608749545155,414.4225839444153,968.6625,533.4302,0
631329127,880.5105781669259,396.84568380409223,865.7607,384.3008,0
631329143,884.6790905447918,392.5599506609848,920.2747,435.5296,1
631329160,878.5283261754412,397.6955759954819,854.7075,498.06,1
631329177,881.4102389951561,404.3991771058015,915.1079,522.6675,1
631329193,883.0416229588478,403.0023254926399,909.92,457.6837,1
631329210,884.0435576535235,406.22825163086327,906.1025,503.8028,1
631329226,882.1213494129512,411.98622295715035,876.62,538.147,1
631329243,875.975059966926,408.6559127704114,827.1527,436.0499,1
631329260,871.491555723853,416.1252230432479,836.5544,571.735,1
631329276,871.4309861145837,417.2249682205024,887.2406,495.9571,1
631329293,868.6428236074439,415.9308550268422,851.0565,462.7516,1
631329310,868.477548247465,411.44032744721255,884.5333,413.5076,1
631329326,868.1468833777867,409.1017465314432,881.3697,442.0529,1
631329343,864.3795929579077,404.6414132018091,829.8021,404.5901,1
631329360,870.7155202897316,406.37150584335643,980.3604,505.2751,1
631329376,870.9218968430396,403.7908371115869,889.3036,431.7539,1
631329393,867.9346432535766,401.2746067888758,837.5508,430.0101,1
631329410,869.2197975681352,396.68673719214286,906.2632,391.4548,1
631329426,869.8368068151971,392.2854857294536,895.5312,391.1446,1
631329443,868.7617240500042,390.2758820262193,866.2413,431.7676,1
631329459,866.8276888309905,380.79228444166483,852.1998,288.8237,1
631329476,862.270305842701,378.54300327693045,803.5256,420.1982,1
631329493,862.5079894646154,379.9847824256344,885.5725,489.4329,1
631329509,858.3760675355361,380.59544797484176,807.0209,471.0246,1
631329526,852.8315290692676,374.1911801810648,781.172,331.7485,1
631329542,854.3656356512561,369.47911314991063,906.9385,362.8111,1
631329559,852.9313185345412,363.3532605529278,853.4006,330.8571,1
631329575,856.2377476078942,358.14673882178937,940.353,356.5066,1
631329592,857.167655987053,355.8411099552214,890.7808,401.993,1
631329608,855.5926608924979,349.41179166828726,856.7395,324.7088,1
631329625,853.3922491622255,352.66449422531986,830.7742,495.459,1
631329642,853.7005275967189,348.82546728645025,882.8887,358.7157,1
631329658,852.1760827471737,344.3771202278336,841.7924,349.3406,1
631329676,848.490309148207,343.27708410174796,807.5577,413.0334,1
631329693,845.4852418149746,338.6480619530855,818.8021,332.4852,1
631329709,843.7501349427183,332.6530540414295,840.3105,306.9752,1
631329726,842.9968816736791,322.24658223363224,854.6669,219.2953,1
631329743,843.1330500735189,317.3192816776978,863.5618,311.9614,1
631329759,845.0610339139803,310.7117428793094,897.1291,288.7972,1
631329776,844.116283870551,302.8863134299917,849.9452,250.2501,1
631329792,847.3890838760644,297.02073532290234,921.4142,281.0658,1
631329809,846.9298087280912,291.3631137423394,856.6513,274.2895,1
631329826,848.7888080260916,287.2630893418142,897.4759,303.6953,1
631329842,849.5299960469284,283.29863289718276,871.5565,297.0955,1
631329859,847.6611101103981,277.9127225884244,840.1796,273.8952,1
631329876,849.8004161938775,273.74873555575834,901.8661,285.0543,1
631329892,848.6090299748181,270.74850071402386,835.8484,301.8928,1
631329909,850.537610246286,268.03844726285894,900.1615,299.2157,1
631329926,851.0443778864151,269.21373127680687,872.1813,371.0014,1
631329942,852.1772442844247,271.3178620345742,880.5519,389.3258,1
631329959,787.7633189010795,118.04219204071671,801.6207,146.8499,0
631329975,786.6520614138443,234.71075447148672,798.9684,278.7899,0
631329992,817.7327893355794,201.97000090987882,864.4962,205.5643,0
631330009,820.8237699696409,184.7092645835006,841.8897,184.1078,0
631330025,813.1139040366982,199.01138293941887,802.424,286.8878,0
631330042,807.3688493065887,195.36004602510388,797.785,218.039,0
631330059,800.568422736295,199.29722560980545,779.5497,260.349,1
631330075,795.8833841934406,185.53090763438243,782.8856,132.8971,1
631330092,798.8120480301922,184.92028408394742,833.9349,219.6808,1
631330109,803.4022430088003,189.05815131772826,853.3525,264.357,1
631330125,803.6007123770682,200.90998251383812,817.5305,352.9216,1
631330142,805.0183505787685,202.2281821215377,831.7844,253.8455,1
631330159,806.8489844185359,203.20622144344946,838.6572,252.0552,1
631330175,803.9787592146404,210.88186372613146,783.9081,340.3847,1
631330192,797.4660583968898,207.27814207766716,735.3899,196.2079,1
631330208,796.0887550922798,208.702553471749,794.5533,264.7939,1
631330225,799.2455168044065,209.32382073196842,855.8894,255.4974,1
631330242,797.0490686834157,205.8490401203771,782.6267,191.4961,1
631330258,796.8298043470711,206.14772415964973,809.1335,249.4534,1
631330275,801.1907234796204,214.7508358781501,877.6843,389.5979,1
631330292,855.8328426008368,765.1445004556555,864.2609,879.5404,0
631330308,938.1499590805514,622.7987982008029,951.8589,719.5276,0
631330325,938.5877884905536,620.2083507576556,952.8364,713.6859,0
631330341,932.7014899454956,635.631906224729,933.4326,768.5189,0
631330358,934.3539473413157,642.4684504066993,952.59,764.4626,0
631330375,932.2148359357252,644.4622502235756,936.5914,752.2343,0
631330391,942.0611764837621,647.6806966685571,1005.4589,765.417,1
631330408,942.5244880277877,645.4222501146733,958.4857,729.6239,1
631330425,946.1516137547773,646.1310422268086,984.3661,751.1019,1
631330441,943.3337052935142,643.0572398768116,934.152,715.5385,1
631330458,938.7885544343657,642.1621950543819,912.3903,732.5669,1
631330475,941.9820811996372,641.0275633486716,986.4271,729.1058,1
631330491,1128.0944591304822,708.0681320620245,1148.6896,818.2329,0
631330508,1207.5513233159838,685.3687345543087,1231.7747,793.5071,0
631330524,1222.3371498092733,698.1637604535642,1262.2219,822.7651,0
631330541,1224.1537740946137,699.3215215649238,1252.5508,812.0565,0
631330558,1233.919527956107,695.906036813098,1289.3083,794.5397,0
631330574,1229.3396410267487,696.9553737322333,1235.1416,811.3368,0
631330591,1224.4746733046554,691.7858408395206,1224.837,772.2188,1
631330608,1234.7338085251122,683.0852695279599,1322.7211,735.5244,1
631330624,1227.5268169582753,674.8554846672632,1202.5559,720.675,1
631330641,1226.7948523844116,672.8794869607894,1246.5828,765.3137,1
631330658,1220.8575938973272,672.8837266578107,1194.5831,781.8047,1
631330674,1218.9472748270482,676.8919851881885,1226.6877,827.7625,1
631330691,1221.2023206629794,678.5757121065409,1270.9011,806.4076,1
631330707,1217.5403626049033,682.520387020748,1202.7239,837.6586,1
631330724,1217.4748657675498,687.7943312846647,1242.9148,862.2438,1
631330741,1215.4816091941045,688.8029588535634,1217.6252,807.6951,1
631330757,1213.5787238710118,686.826662223443,1216.8064,764.066,1
631330774,1214.9420469621969,685.5843595573642,1261.5276,773.8369,1
631330791,1216.793292165213,696.2962290517522,1267.7588,966.5525,1
631330807,1218.4502196183353,704.8626850768154,1266.5525,941.8194,1
631330824,1225.504496059743,712.5826784173978,1353.2183,936.8809,1
631330841,1230.385943346101,720.2170920570805,1323.4421,942.5978,1
631330857,1234.8823344139855,723.7815940774011,1321.5293,876.8507,1
631330874,1238.2888527566638,727.5606791861001,1306.483,884.8973,1
631330891,1240.6576014064044,732.2094954972276,1291.23,905.3057,1
631330907,1244.6253948528183,732.1279652529655,1322.1299,821.5338,1
631330924,1248.2728633820016,732.5242555069626,1319.3699,833.1455,1
631330940,1251.413065907398,733.2271290234269,1313.1995,841.7023,1
631330957,1252.9034446263968,732.3355617050842,1286.8062,813.2012,1
631330974,1254.2306169617286,733.1255417840687,1285.8096,848.2572,1
631330990,1257.2550446046725,734.4031942878753,1318.8115,860.7501,1
631331007,1258.7011751939322,739.647585785528,1286.5178,935.3719,1
631331024,1259.414726985177,743.1314572783172,1279.5601,906.6335,1
631331040,1262.6901557146186,748.1834433819176,1327.1245,939.8853,1
631331057,1265.6507769196626,748.4159771687758,1328.6711,846.2473,1
631331073,1262.958554511993,753.1232778651756,1221.6261,938.42,1
631331091,1264.5459387397127,755.2437483493213,1301.6113,887.4803,1
631331108,997.3507397517471,780.6482237388992,1011.5245,898.7627,0
631331124,823.7640331564288,829.1466026515927,830.0253,951.545,0
631331141,819.3570758616103,831.2415877513793,820.7992,956.1729,0
631331158,803.5372469058708,818.7483535902518,776.6642,911.0762,0
631331174,785.1964670071452,817.4553433851947,733.6488,933.0826,0
631331191,785.3780358295778,820.6871774680693,791.5495,956.1245,0
631331208,768.2299945462469,806.0467795596501,772.4545,924.7567,0
631331224,725.3224075990634,771.8146393307976,728.1831,885.5282,0
631331241,736.5024185364219,785.376851812163,751.1057,916.4333,0
631331258,745.2563587033569,786.8632399660272,766.7927,906.256,0
631331274,760.9334783402139,789.3863558218021,813.2036,914.7367,0
631331291,795.40091006489,804.1883666329652,940.3224,990.1021,0
631331307,778.3957569670188,802.6086869932304,694.6046,910.2858,1
631331324,769.6155205051564,802.2620890647862,720.0796,916.769,1
631331341,772.0055757679975,803.4836537789096,792.8137,930.5206,1
631331357,770.8679450463084,803.9586851348223,765.9073,925.4453,1
631331374,768.4176781613173,804.9980368798452,751.1699,932.1637,1
631331391,769.5290567992632,807.4152120662113,784.453,950.1897,1
631331407,767.505686256799,802.8901628464757,751.7385,868.9398,1
631331424,767.4764552594507,801.5973784136739,772.3215,904.1842,1
631331440,765.6174876004634,799.4619994137907,749.2131,890.4297,1
631331457,762.8215591640908,802.2985258562215,733.5214,959.1305,1
631331474,760.177119409766,802.3909494608506,732.6051,921.3947,1
631331490,689.1489348442992,741.437111568272,690.8793,850.7396,0
631331507,695.3757277858565,839.4523396798301,696.1122,961.67,0
631331524,699.2437470427168,802.7185877507012,705.1027,878.7754,0
631331540,704.142527103322,803.3234346253296,715.8162,922.5981,0
631331557,714.7784651283846,798.1228402005734,749.8129,898.2908,0
631331574,718.7549094189385,792.3119122385937,737.2009,883.3868,0
631331590,720.7716061821596,788.8459405542967,733.0311,886.4625,1
631331607,723.9552619947268,786.736531610745,745.1193,889.7616,1
631331624,725.1427993737135,788.7678496368278,734.7781,921.218,1
631331640,725.6044151524434,791.8911618662829,730.3544,935.5707,1
631331657,724.2712133451726,792.17992773314,714.0524,911.2727,1
631331673,727.5131924207593,789.0768972009877,760.4999,873.5515,1
631331690,732.159927196785,782.5980769955968,781.9977,827.172,1
631331707,734.4443131121434,779.8841839810543,760.1481,865.5724,1
631331723,735.1214346181031,775.2516198945101,743.4564,834.7162,1
631331740,734.4489931244598,768.0387874541167,727.1007,790.4755,1
631331757,735.6699740267497,768.3172476961194,751.7122,893.9941,1
631331773,736.0577614932935,763.0923366606003,742.2871,807.3534,1
631331790,735.5555166360447,757.3508186707668,729.8616,792.3635,1
631331807,738.6842768969324,757.5990863050519,784.5546,886.3835,1
631331823,746.5620986310834,755.8362061489659,863.0786,851.9312,1
631331840,750.9957038622048,754.3554353980707,813.9391,853.735,1
631331856,754.7944764123966,753.9131790752376,807.2031,869.9687,1
631331873,1010.3607433622507,363.5447982619501,1030.4235,427.1699,0
631331890,749.4010335924829,727.8379872292044,753.8364,836.0773,0
631331906,758.7153097820719,726.2227379257482,773.264,832.6501,0
631331923,755.1219111578441,719.966421896997,752.5671,813.1042,0
631331940,762.6651898911173,721.7249879433709,790.9785,835.6003,0
631331956,766.911522061071,725.8779745708897,789.0365,852.7539,0
631331973,832.7744520289419,630.5377116872827,841.9581,727.0239,0
631331989,808.5465677999348,716.7337089378644,815.6085,824.2235,0
631332006,810.2914375156669,739.9961968129079,818.645,876.8182,0
631332023,842.6137759706979,747.2021420734349,917.4576,875.9186,0
631332039,823.30209732988,725.3932799073933,771.5299,760.1262,0
631332056,827.0668852142422,708.1098785239265,851.3725,738.6409,0
631332073,819.6273116316386,705.3333399631298,789.6633,797.2012,1
631332089,824.6337587736721,703.3765957528901,863.2693,798.5088,1
631332106,820.2463370351469,701.1663712041156,797.6708,791.5563,1
631332123,822.6882956196232,696.6561370383341,850.6537,765.6536,1
631332139,824.8513133146826,696.5837313182265,851.6859,803.9329,1
631332156,818.1017660195471,693.8313943331952,761.8224,772.0168,1
631332173,810.6102197187156,693.1662613369066,742.7151,792.5385,1
631332189,811.7598295868089,697.0072478701187,834.7188,851.0315,1
631332206,808.8277926892023,696.4065997199864,784.9906,794.8328,1
631332222,805.0103474940769,692.7534196927202,769.7285,749.4997,1
631332239,809.5229739668333,699.9496387518043,878.8633,909.4904,1
631332256,817.5947834803062,709.9862944194491,934.3541,963.1248,1
631332272,825.2424392400981,709.7353772452126,937.854,807.4664,1
631332289,828.3334808337265,716.6117500052968,873.5869,925.9113,1
631332306,829.8174631792048,726.2158296697581,850.5342,979.295,1
631332322,837.9967038691502,734.9208599014532,960.6268,973.6785,1
631332339,844.4639140273578,739.9453852203742,939.4107,915.3704,1
631332356,845.7228466906362,745.7081031632885,856.7172,933.1437,1
631332372,849.4285387586439,752.1369739139383,900.4525,951.7014,1
631332389,854.1949744965239,755.4350590882424,922.849,899.0994,1
631332405,858.2187727708515,758.0280707026935,913.8478,890.0913,1
631332422,861.7796913954089,763.8905680065628,908.559,957.2324,1
631332439,868.9191374750166,771.1536106672916,975.8031,990.7806,1
631332455,874.5879790554034,777.7081140050976,954.1483,982.7966,1
631332472,1053.0111658727646,825.2644826636213,1068.9514,949.8878,0
631332489,934.6859381769232,824.3484827522049,945.6678,947.4409,0
631332506,940.3594869405663,838.5700693471858,957.1125,979.7047,0
631332523,952.0791587755223,847.9342313960864,987.491,995.5674,0
631332540,951.0924443692111,848.6243807471166,959.1669,977.1292,0
631332556,947.1788651159649,853.748710049667,941.8717,1003.1452,0
631332573,940.3301315679772,847.0730484759512,917.0054,935.5631,1
631332589,941.164103073409,843.7550885214547,957.9834,947.8934,1
631332606,933.1706590408734,839.9374484185194,889.2061,936.094,1
631332623,936.1300157841173,842.7059601259556,971.3335,992.985,1
631332639,936.7938029496845,843.7028439722241,954.2145,979.2388,1
631332656,934.4585431040391,840.7946856422413,924.1855,936.0586,1
631332673,933.8531635875828,835.001116598967,940.4758,895.9673,1
631332689,933.145281890791,825.9591417453812,938.8524,844.2993,1
631332706,930.8633848598321,824.2692434997607,916.8154,931.5353,1
631332723,927.6359990117496,822.6649978445231,901.1665,929.8768,1
631332739,926.1448889243646,822.2244885519525,921.0624,945.1512,1
631332756,927.2876555542197,824.6577783100612,956.6822,989.5973,1
631332772,927.2313384475397,827.4228935144552,939.5431,996.9869,1
631332789,928.356416518341,829.3072143266413,957.5305,984.8586,1
631332806,931.4775844527758,829.9137376042196,990.0145,964.7178,1
631332822,937.0404807027508,828.9502343757913,1032.0769,937.8678,1
631332839,938.7812980292427,831.8028565306217,972.036,1004.6941,1
631332856,938.4408632244881,835.1494768365711,938.2001,1015.119,1
631332872,941.9181301114953,835.6745276938568,1004.17,965.5771,1
631332889,942.7680321081567,838.7584681252764,960.2047,1013.7471,1
631332906,945.4228990949026,839.7407266387489,993.2723,975.9208,1
631332922,946.3853817633491,839.8430453877555,965.1707,959.626,1
631332939,946.8437210237345,838.1559992496176,957.7096,925.4401,1
631332955,946.9204363430449,836.745830044379,951.8085,930.8511,1
631332972,951.3486869958556,837.2028536974582,1031.3726,968.6772,1
631332989,1237.775993778952,843.740001483858,1261.2404,972.9869,0
631333005,1272.566183893233,865.5541121817121,1297.2125,998.0737,0
631333022,1272.164452047702,859.3000445507181,1296.5361,983.9354,0
631333039,1267.6307488816474,852.9109374827117,1283.0079,969.283,0
631333055,1269.0995680518677,841.2090780240062,1298.9648,931.4586,0
631333072,1262.1452613270385,829.1380229993379,1259.0088,903.3933,0
631333089,1268.1885398081008,820.0128481352644,1324.7927,897.8755,1
631333105,1272.7724644500327,819.9009497350715,1325.4948,947.9343,1
631333122,1271.6733399230984,818.4182086973289,1288.7988,935.3425,1
631333138,1269.0074787147364,817.0880584003544,1272.9795,933.6607,1
631333155,1275.070242306018,817.511404413109,1353.0044,950.4718,1
631333172,1272.3241887206786,814.8570885646718,1270.6746,915.0056,1
631333188,1270.48857362236,812.3261527991659,1276.7659,911.9576,1
631333205,1270.9397715212658,812.7750614771975,1301.1602,946.8458,1
631333222,1268.004524652261,815.8325066824827,1258.4266,982.7114,1
631333238,1269.3291031381125,817.8636177595962,1311.4805,972.5455,1
631333255,1269.0297856746183,819.2618987183591,1290.5366,965.2454,1
631333272,1273.6594856360862,818.5330772687632,1361.7328,934.2927,1
631333288,1270.0362064464014,817.5750866575614,1243.2145,928.3401,1
631333305,1271.793051832359,815.0486282590218,1323.0317,901.9824,1
631333322,1273.1230163887249,812.4432050710667,1317.8413,898.1028,1
631333338,1275.6961684200498,807.4336255479968,1339.5779,853.6792,1
631333355,1279.4226598362582,805.7642900986592,1359.9775,909.6443,1
631333371,1280.6144090432845,802.3765110150229,1320.3386,876.0667,1
631333388,1282.9409931646323,798.9030282897097,1340.9412,871.9093,1
631333405,1286.4596757410252,796.840396303379,1363.0791,895.8857,1
631333421,1290.109513768759,796.7424128470966,1367.2915,931.2375,1
631333438,1293.6690495102384,794.1933241720415,1368.6545,882.7849,1
631333455,1298.5637621681337,794.1784136430216,1394.4651,930.0846,1
631333471,1302.4253567155722,791.6329485344644,1379.3682,878.9771,1
631333488,1307.3480572662884,791.6386092527824,1400.9164,927.3857,1
631333504,1314.7355811045866,793.2178286173904,1444.3119,965.8511,1
631333521,1314.9901527512757,791.5755475326263,1318.5662,896.9529,1
631333538,1317.7685799692051,791.3125704066945,1366.1025,921.1749,1
631333554,1320.4821614268678,789.904309526355,1370.3115,893.1039,1
631333571,1324.1772889891733,791.0470406653595,1386.8552,939.7469,1
631333588,1329.0521139092205,790.5306640836609,1419.231,906.1935,1
631333604,1333.0155303102006,787.3605233010893,1406.41,858.343,1
631333621,1336.6061614950363,784.9130511230494,1399.0796,870.0085,1
631333638,1338.274408776612,784.4071384996486,1366.0762,906.5319,1
631333654,1340.7054037862456,784.0406633368183,1392.0475,909.9425,1
631333671,1341.8023357954248,785.12643700747,1361.9819,933.3687,1
631333688,1344.7450328291957,786.5006179200325,1399.9749,938.4786,1
631333704,1343.9297137784968,784.5749238664831,1338.5286,875.7252,1
631333721,1342.5981617063508,780.3447889219096,1328.3655,832.9067,1
631333737,1341.79786313786,774.2618537732698,1346.9695,793.8793,1
631333754,1342.0473668038294,769.5996691237303,1365.5576,819.6187,1
631333771,1339.7699191322197,768.8338541523348,1327.917,890.7719,1
631333787,1340.9340093237715,763.3833424108152,1380.0938,796.836,1
631333804,1344.1248397296997,757.9305613689471,1427.0302,792.7203,1
631333821,1342.2387070835366,750.58728961866,1335.4956,752.0843,1
631333837,1335.7244677123012,751.3475617465192,1252.5753,903.9445,1
631333854,1328.984855806152,751.1523045867948,1250.6637,888.5903,1
631333870,1330.3765333700978,746.4705629477312,1394.2837,795.5731,1
631333887,1333.0016563450754,747.367459368745,1416.7505,902.8979,1
631333904,1333.0413180328767,742.4822899662929,1372.3518,788.2661,1
631333921,1339.8196717014118,735.1333469411787,1494.5635,741.7104,1
631333938,1338.5544201420464,735.4224574290447,1346.0531,881.8907,1
631333955,1336.6829720895128,735.7694173099998,1337.119,884.4554,1
631333971,1332.7567828727704,733.3176389248176,1297.943,820.0622,1
631333988,1331.5739442761467,739.4133473375646,1347.1577,991.3206,1
631334005,1327.4687899448602,738.9303711517222,1298.6023,861.9087,1
631334021,1331.2064740945261,739.5300410267539,1426.1279,875.03,1
631334038,1334.0690631874634,741.1015281516172,1414.7761,894.9194,1
631334055,1339.3254332653812,740.2628293411453,1458.7933,843.5568,1
631334071,1340.2993476691533,740.6549455624769,1382.3418,870.8203,1
631334088,1341.4826932597925,744.4844359404526,1388.6892,933.9536,1
631334104,1339.298299261951,746.9166405199944,1326.3496,900.5577,1
631334121,1337.9987050420555,745.8562570159318,1342.5212,833.8838,1
631334138,1336.0283655310645,748.7136106750065,1326.2485,915.4265,1
631334154,1335.682372878701,748.7350301007951,1359.4741,860.5737,1
631334171,1339.468789353307,749.2940450751269,1431.3606,874.953,1
631334188,1338.6731402939931,750.4597180785955,1352.422,886.819,1
631334204,1335.7538336075513,750.6214403766005,1308.0187,860.7247,1
631334221,1336.9579282984137,751.4467584109599,1382.6191,871.8577,1
631334237,1268.7629106160964,574.2643793007427,1296.9805,668.5769,0
631334254,1303.1071964065025,606.2642727701367,1332.3575,705.1786,0
631334271,1297.0011785799013,566.9944052245589,1320.6534,616.3173,0
631334287,1293.3886166163984,554.2527576332985,1315.7698,617.7379,0
631334304,1297.5800208254866,556.5995303641441,1340.1763,657.3976,0
631334321,1285.7142647463359,542.3074183798708,1267.1995,568.9883,0
631334337,1287.0887763031199,542.2407615504551,1324.0071,633.427,1
631334354,1279.0182255743607,542.065548387372,1259.9592,631.6865,1
631334371,1278.3985724820402,562.8498910624631,1302.3519,813.3194,1
631334387,1288.065903951791,568.8767440941459,1393.5322,712.6958,1
631334404,1292.6304502266814,572.3645777261212,1360.6899,696.8389,1
631334420,1289.4837269146342,578.9384581852112,1286.5807,737.5527,1
631334437,1287.207879124423,577.8031334236621,1292.4899,654.4758,1
631334454,1284.7730990633122,580.2272793373701,1286.7393,699.2733,1
631334470,1283.4267842778797,575.6237399452544,1298.2153,606.601,1
631334487,1279.0854872531893,578.5789451311833,1255.3704,709.2692,1
631334504,1274.6470413367401,579.1584482132988,1249.0457,677.5237,1
631334520,1271.5439190480624,576.1788102854991,1263.7883,622.9755,1
631334537,1271.3861415044403,576.8810867312573,1303.6078,680.2291,1
631334554,1268.3211519164558,573.3342080338942,1259.0253,609.7234,1
631334570,1265.4514916531286,572.5381205222192,1258.4597,653.9178,1
631334587,1261.9156572820248,572.0187268690049,1244.7229,658.0952,1
631334603,1260.1127204135844,572.6927247514965,1269.8217,679.473,1
631334620,1259.0043517589966,573.0968027524892,1279.45,675.1503,1
631334637,1259.0073412643515,572.0674253124091,1297.0701,649.0243,1
631334653,1257.696917500231,574.6073910456772,1272.4316,715.3734,1
631334670,1259.4332537839489,577.3687261068669,1324.1689,721.402,1
631334687,1260.7740028559472,577.7173642742581,1317.2562,676.1938,1
631334703,1260.1928088610737,574.5705560754923,1283.1553,608.2849,1
631334720,1259.349583279521,573.0759218506043,1277.0768,639.7317,1
631334737,1256.5693283613646,569.8096817010664,1241.2777,603.9406,1
631334753,1252.6852122385076,570.0467387066308,1224.1024,676.3279,1
631334770,1250.8369621031964,564.0442588030783,1259.5513,543.8049,1
631334786,1251.1586613630295,562.3353996546497,1295.8488,629.098,1
631334803,1250.8655293843162,558.6781317077349,1286.074,594.0988,1
631334820,1248.4580996929535,557.4250086114854,1238.0935,630.7737,1
631334836,1246.2183966789048,554.2959508004764,1246.7028,599.9777,1
631334853,1246.5023701324737,554.2414100867727,1283.8293,659.3203,1
631334870,1245.5890756136182,551.7855420943393,1266.298,628.2946,1
631334886,1236.4974493216716,549.7549732934744,1125.6436,620.4695,1
631334903,1236.0900063518354,546.8930682887252,1277.4063,601.5787,1
631334920,1232.4583914688044,542.5712680341647,1209.2241,573.7286,1
631334936,1227.839525500068,536.7880051088873,1190.8295,533.1134,1
631334953,1221.041440242233,534.7713637772156,1148.0447,609.1744,1
631334969,1216.2547510485615,530.0208075805764,1184.2257,543.1859,1
631334986,1209.7394951087679,525.5924513495398,1145.7155,557.5579,1
631335003,1209.847575419619,519.1608618319225,1263.3455,512.3999,1
631335019,1205.661738315567,513.8396079569924,1183.9604,524.2773,1
631335036,1199.2029604497895,506.29229163758026,1144.2627,482.481,1
631335053,1195.639247863991,506.85426152250596,1186.7126,631.3381,1
631335069,1193.7164692958615,508.40458183410703,1212.8555,652.0514,1
631335086,1193.2056512633037,504.30779119020946,1234.9265,537.5186,1
631335103,1190.0419165339663,498.1226299501101,1186.5784,494.1411,1
631335119,1107.2032041571058,285.6058960125075,1132.332,340.175,0
631335136,1040.1697088351564,302.1529713506833,1062.2709,358.0906,0
631335152,1061.3214112102828,256.3208973846536,1107.4675,255.0535,0
631335169,1092.3822392571333,249.68473244317872,1181.7229,285.4524,0
631335186,1083.099513271406,248.77632810516877,1078.4451,295.2232,0
631335202,1078.6079756531244,248.432879650068,1084.3608,296.445,0
631335219,1079.8478478861764,258.2740136830795,1109.7897,363.5305,1
631335236,1076.4425996235168,261.4373857089636,1079.729,332.469,1
631335252,1075.2832749042088,264.95682891799004,1091.2294,342.0658,1
631335269,1080.2835309880077,260.9662147775567,1144.4945,277.2709,1
631335286,1081.201546384245,266.5542790614905,1112.3677,370.4952,1
631335302,1083.307534995361,273.27224965743824,1126.1326,393.5291,1
631335319,1086.6373231370906,278.3744137886506,1143.3505,385.3773,1
631335336,1088.8599375988515,281.987025247906,1135.1486,374.2082,1
631335353,1092.7661815273868,284.8148728274529,1159.7532,369.404,1
631335370,1089.9228608634085,286.6534103779062,1075.2275,358.5018,1
631335387,1091.0336665826972,293.653665466377,1126.1128,439.876,1
631335403,1092.254819516399,293.8602412083016,1130.2708,342.4695,1
631335420,1088.1181361524111,294.6690985305202,1051.6055,352.371,1
631335436,1089.8216581479762,300.27284236135944,1136.979,435.1741,1
631335453,1089.0692929004479,300.9233860759055,1100.6721,355.9033,1
631335470,1089.0028422586406,301.6696153178447,1111.3567,359.3999,1
631335486,1089.6024822794707,300.43819325256965,1122.8641,325.7961,1
631335503,1089.1361408248363,304.9484654243426,1104.2679,430.8194,1
631335519,1088.7136965841496,308.07225636117,1105.1608,409.0406,1
631335536,1087.418133641201,306.77770323042455,1090.8303,328.7976,1
631335553,1087.7667967810403,305.1700620538396,1119.2236,323.9659,1
631335569,1085.717470537691,304.52942720723206,1076.6001,342.6887,1
631335586,1082.4952576475712,301.4176241821556,1055.3607,295.2928,1
631335603,1079.3918730408323,299.751682690996,1055.958,323.4937,1
631335619,1078.374897160885,295.43485442584847,1093.1191,271.7643,1
631335636,1078.4456444100167,293.5625946322956,1107.4954,320.5792,1
631335653,1074.5638075503477,289.32415673443927,1040.6077,262.4602,1
631335669,1075.3764965753987,289.326110384152,1131.3079,350.8901,1
631335686,1070.5344212079638,292.5691745350205,1015.2344,414.4534,1
631335703,1069.539613786568,291.1800278811284,1085.9905,323.7502,1
631335719,1069.9412714553139,292.2909033443474,1112.2362,379.7231,1
631335736,1069.6354765675767,290.39847558724955,1095.5322,315.8149,1
631335753,1069.4599797104427,292.0638839068922,1097.2852,386.0103,1
631335769,1068.7442668478234,292.13606196823383,1092.071,346.9002,1
631335786,1068.5123407846816,295.88604419284354,1094.9424,428.9,1
631335802,1070.439437141517,300.86250250251703,1134.0292,454.6481,1
631335819,1071.6685451973583,301.49763799687304,1122.8081,367.1559,1
631335836,1069.7995337483026,305.1032539731837,1063.856,423.6082,1
631335852,1067.1103592412478,305.2336378357151,1051.287,354.6326,1
631335869,1068.9713649144785,308.901077994017,1123.3074,424.77,1
631335885,1069.4066714140567,313.8891966110229,1102.2587,459.6854,1
631335902,1067.6894767068102,322.52217074878985,1062.1743,521.5793,1
631335919,1070.6709321630547,323.4112433056659,1140.7145,373.4409,1
631335935,874.0765326296527,410.3522184462138,887.8153,478.4845,0
631335952,861.8140439477263,294.3399430846799,876.5237,347.1273,0
631335969,840.072990951348,308.4039609994225,830.9131,378.382,0
631335985,830.6766370961295,294.5355016544399,825.0867,315.5038,0
631336002,815.9937172888286,298.08328563291366,783.4975,362.3518,0
631336019,811.7569736644792,288.48798006446435,808.3066,297.1651,0
631336035,818.4309844944851,291.27082138036315,865.9046,359.4095,1
631336052,823.6704902289925,301.1613881232846,867.8554,419.6762,1
631336069,829.9116614603606,308.53328125810253,885.5754,417.9885,1
631336085,829.0138094234283,316.5462166151804,833.2258,437.9063,1
631336102,827.51948207936,313.80629102546567,827.0327,339.4813,1
631336119,830.1873740281362,309.0480536327183,868.7114,312.1802,1
631336135,830.8055265989574,315.23273141757073,848.3297,438.0973,1
631336152,833.4837256063314,312.82759286219397,875.1901,336.4348,1
631336168,827.0413452711946,321.1044625855788,761.6714,478.7947,1
631336185,827.8714128627362,325.5337821014714,850.781,436.0198,1
631336202,827.4611978065512,328.6531116970263,834.71,422.2367,1
631336218,831.180957250052,330.2772767237128,894.145,403.7673,1
631336235,829.4121304649733,332.59413729057843,815.8322,416.554,1
631336252,830.9710645681461,332.431372485675,865.9525,378.7715,1
631336268,828.2660893486583,331.8228486673339,800.0205,371.0247,1
631336285,828.339958984669,332.2500945876961,842.782,390.0115,1
631336301,829.6810624181517,329.79353591759786,864.3584,339.6332,1
631336318,829.153066109571,328.6556990945472,833.507,362.4317,1
631336335,830.8288637806326,330.66118006452587,870.2866,421.1034,1
631336351,833.3099356714445,333.68150487680117,884.9255,442.0203,1
631336368,834.92246653375,342.59449148830254,869.6606,556.235,1
631336385,838.8941374298379,338.56565019080875,915.228,312.3115,1
631336401,1068.0316470795522,265.25166951860876,1091.7758,316.6871,0
631336418,1091.2630085726414,277.66252223132943,1115.824,331.0009,0
631336435,1069.366010362376,286.02761310397415,1070.0347,349.3771,0
631336451,1069.3385790594573,281.812995115835,1093.092,325.9134,0
631336468,1070.2836887156539,304.3999238809769,1095.7959,436.7845,0
631336484,1076.423583026253,323.6520070702863,1124.0031,467.8434,0
631336501,1073.8635303367737,325.25369633930745,1083.7959,391.4845,1
631336518,1078.645306908005,335.07747133992683,1129.9727,458.4119,1
631336534,1071.9244101406782,340.43325237785825,1047.2834,438.6432,1
631336551,1076.4416227457168,346.15224714365803,1134.728,453.6765,1
631336568,1078.031266229535,357.4972848981474,1113.2495,523.589,1
631336584,1083.7923261472204,359.4839223807631,1160.7283,437.7085,1
631336601,1086.6995584119222,356.1070581408094,1138.2349,375.4984,1
631336618,1089.3894279425333,351.96564841609376,1140.1797,360.6185,1
631336634,1091.5004627682201,347.10223055744314,1136.9022,344.8607,1
631336651,1094.8348092840536,345.361344768517,1155.7163,383.749,1
631336667,1095.275996817052,343.169001819501,1119.9153,374.5217,1
631336684,1108.1985132461466,343.5758184869083,1300.6545,414.8893,1
631336701,1107.6615426725098,346.88410442662143,1112.7748,460.374,1
631336717,1104.5699099449816,347.02518569031275,1074.3403,410.4967,1
631336734,1101.296820449231,345.2395489518017,1070.0281,377.6865,1
631336751,1103.755998123861,354.95739591278,1158.7361,579.5051,1
631336768,1108.9608634640917,358.6415717662708,1207.6426,479.4408,1
631336785,1104.566346118793,353.9959870955479,1051.8684,328.5931,1
631336802,1098.3572167983098,353.5325399573991,1018.3737,403.6445,1
631336818,1098.0599451258831,348.09416347976287,1119.3918,311.3483,1
631336835,1094.6455161708027,344.5147180102764,1064.4436,343.7961,1
631336851,1092.2062147138329,335.31301437711227,1081.7554,234.1365,1
631336868,1087.954199471724,329.8310979235282,1047.5444,302.062,1
631336885,1030.098191091538,224.97385856330666,1052.7649,270.6802,0
631336901,1046.8772556450072,235.7984614397474,1070.1101,283.123,0
631336918,1035.9819350214234,207.726384225721,1048.1515,219.4447,0
631336935,1065.038094516679,206.61210350657865,1149.6599,248.675,0
631336951,1098.7522645742454,187.35885768732,1229.2607,165.7641,0
631336968,1129.5204831720685,179.52817494458841,1281.7126,187.954,0
631336985,1150.1137792915558,179.09815916759104,1279.7864,220.2573,1
631337001,1152.4720667625131,178.7268802923587,1190.6255,218.7502,1
631337018,1166.2441908165015,172.9421214507417,1286.7866,172.1573,1
631337034,1174.7098244932934,169.9302606113931,1264.4475,187.2762,1
631337051,1179.87973350136,166.33617460457796,1247.433,175.2228,1
631337068,1187.291962323449,162.83621942232799,1279.9834,170.1305,1
631337084,1200.5344026147482,157.56420242103295,1358.1451,143.2068,1
631337101,1204.8117873351594,153.85194087942253,1270.5237,153.8521,1
631337118,1208.1943484491742,149.31136600562618,1266.175,136.4585,1
631337134,1211.7233945090477,143.2435301370105,1273.8588,107.6234,1
631337151,1213.9965269192503,144.61858089722767,1260.6184,211.2542,1
631337168,1214.7255517070137,137.81431186490315,1243.5698,83.7012,1
631337184,1195.1385893488086,145.09935469143022,1225.7607,182.3093,0
631337201,1477.6568880741545,49.15089895725106,1521.3748,77.1594,0
631337217,1478.145958170973,79.37369451920854,1521.6194,145.4485,0
631337234,1397.5921495392977,92.63256979553653,1270.2434,153.1023,0
631337251,1358.9036138937736,87.95605491757685,1279.0679,102.2027,0
631337267,1335.583044998271,83.3013384960057,1280.2067,92.1368,0
631337284,1336.5908992255677,103.00584389774441,1381.1442,244.8995,1
631337301,1347.3225722422499,123.99509041465868,1451.0236,296.549,1
631337317,1556.3823894649806,276.26861163635925,1600.498,334.9704,0
631337334,1397.8315012425142,171.05662133499112,1436.635,214.0841,0
631337351,1390.9003715459028,196.5969429370719,1421.5554,271.6181,0
631337367,1415.9579338055185,188.2021563136774,1507.4436,215.2714,0
631337384,1433.9528658998377,180.6359338575156,1529.6685,200.6112,0
631337400,1416.10939995706,158.87260023366017,1383.0465,103.3304,0
631337417,1416.9859206329122,167.4244723616508,1460.5627,258.753,1
631337434,1415.8741042556678,168.18826539268804,1448.6855,216.6848,1
631337450,1410.0572880825418,173.47810521036396,1408.6267,256.9375,1
631337467,1405.2529735775256,174.17967850847302,1407.5763,223.0196,1
631337484,1396.3372657665075,173.76580912255466,1359.489,212.0078,1
631337500,1396.6277530901352,185.4601728408099,1440.0865,350.4572,1
631337517,1400.546518665894,199.91670337051855,1480.7102,404.5266,1
631337534,1401.6145618131723,214.21213150430947,1451.829,425.3498,1
631337550,1398.8497039378813,223.12078167395106,1405.1328,372.5388,1
631337567,1402.9732365462087,233.41356142446733,1492.7507,406.8137,1
631337583,1431.3856037100943,354.39390374343856,1469.2502,421.8404,0
631337600,1504.4799439706073,348.20883810301245,1545.494,415.7166,0
631337617,1496.179226179903,357.07947701798423,1527.9901,435.5589,0
631337633,1472.3100933475469,370.95868212456486,1461.9452,471.643,0
631337650,1469.0971121805137,369.1912444162228,1498.9189,432.7043,0
631337667,1467.995703306536,367.3431017015916,1503.3328,428.4528,0
631337683,1462.8964611838667,354.79457980380255,1477.5742,353.2543,1
631337700,1456.645605321202,350.1402726168324,1459.2614,387.4407,1
631337717,1451.0961776965553,336.8972985015204,1454.1587,303.5798,1
631337733,1440.646864770287,334.3659283187571,1399.8452,380.2433,1
631337750,1437.6115725223826,328.613096316367,1454.2333,342.0459,1
631337766,1437.0419859597125,326.0904752751052,1474.6974,368.7446,1
631337783,1434.1007755206756,317.53747062429534,1447.6841,290.0338,1
631337800,1432.059811305704,313.7359429991668,1453.3345,338.0274,1
631337816,1323.7451155883457,93.99201279130057,1360.4238,126.0399,0
631337833,1355.6464939612144,273.78132042009264,1391.3623,329.7637,0
631337850,1258.1786164180382,265.1781166445433,1188.7174,308.0065,0
631337866,1172.4057643438834,241.82397550838218,1024.3258,236.9654,0
631337883,1134.0612832808006,224.0161804021233,1045.1804,210.2397,0
631337900,1098.5209063067732,227.35715952347297,981.5165,288.4318,0
631337916,967.2128936157721,243.34296760803943,987.0029,290.706,0
631337933,944.0168672349191,198.24474853667337,963.4102,239.4229,0
631337949,962.0091849568133,187.18680573217898,1001.1415,214.8699,0
631337966,972.6138766655779,192.93516687453155,1014.9944,246.9925,0
631337983,988.4139811551624,192.23004591130984,1058.325,231.3051,0
631337999,1003.895650190623,187.48773243743156,1088.746,207.6246,0
631338016,995.2351819892342,181.4417763710831,971.9655,187.51,1
631338033,1004.5620131712521,184.1659692817263,1081.781,243.3917,1
631338049,1005.803763516768,184.1510211507527,1034.8391,224.5956,1
631338066,1001.7575095939505,193.29236539790753,989.2733,312.1321,1
631338083,1002.8577837805198,192.8699820839442,1033.3522,228.8293,1
631338099,1007.33907990866,188.80455691249136,1071.288,186.9546,1
631338116,1005.0712624270618,177.75932784051753,1003.2548,93.8512,1
631338133,1008.4092581556944,179.97690266032473,1065.6147,249.7805,1
631338149,1009.5220363332849,179.86128149921376,1042.4769,220.5619,1
631338166,1009.3394465325591,179.83323326246608,1026.8524,221.3394,1
631338183,1004.9253394360654,183.56382379339905,967.3928,277.1823,1
631338200,1007.8054628771056,188.78681957848826,1067.7183,306.0892,1
631338217,743.8872232269324,218.05618381849362,754.6206,259.4435,0
631338233,514.5763297532042,224.87078167225962,515.5905,264.4166,0
631338250,502.40853507291996,239.2682624401432,489.8967,296.6528,0
631338267,458.77779694615924,287.8922115366231,365.119,443.2032,0
631338283,461.5837231147602,276.0475208273824,469.5933,281.148,0
631338300,475.5837932503238,260.6927113699211,533.1768,236.4822,0
631338316,547.4087651537948,235.42781967193918,549.6668,276.7482,0
631338333,486.4005391203633,286.6743878229335,485.4396,333.9811,0
631338350,500.8033744554206,229.4168328733152,516.882,204.9714,0
631338366,493.98945790711457,212.19199790084548,480.5498,211.2813,0
631338383,504.4401203568071,209.56327333781817,537.6333,239.1544,0
631338400,503.84714508549973,203.8809784219355,502.2394,215.9854,0
631338416,508.6735879379608,195.73582133345934,534.5099,187.8566,1
631338433,506.0435133926269,209.54309785649951,489.4168,338.5913,1
631338450,498.5501778521733,222.02031384653048,445.566,354.3381,1
631338466,495.1406945690014,231.23328191884002,468.4505,347.4125,1
631338483,496.0278980771935,246.79851046625254,503.3522,432.005,1
631338500,491.5980103460251,257.6771296270366,449.1182,405.7013,1
631338516,488.19686383743954,268.8252720952246,453.5284,427.7629,1
631338533,487.7947821726892,279.2189907572407,484.3203,436.6047,1
631338549,486.3085397404831,285.4280649302246,470.3072,395.1999,1
631338566,483.4091408581926,295.64112878721073,448.5985,462.5889,1
631338583,479.9499429322539,300.9424521964445,437.7414,402.9774,1
631338599,479.1326751837509,311.1780383449557,470.7291,488.7679,1
631338616,480.3600683247998,316.01448295221974,500.832,414.8519,1
631338633,479.16350080204626,324.7485986872943,463.3649,486.8134,1
631338649,478.27166275319877,329.4018171130891,467.3589,427.5294,1
631338666,476.73941506491167,337.5753739841021,455.0017,496.1426,1
631338682,475.7461092080054,345.9268902154062,462.1317,508.8998,1
631338699,463.4925813174605,414.9957271410188,459.9258,478.8406,0
631338716,441.01118581588906,400.66955671065836,436.6836,462.3695,0
631338732,464.7649257675497,387.04488168075113,486.4722,432.1552,0
631338749,472.1555782101688,380.0720619607956,484.7555,424.0241,0
631338766,481.61395752691794,380.9907275137019,508.1856,444.2042,0
631338782,469.20361171106316,380.82466297513315,415.0416,439.0968,0
631338799,462.0226029101319,379.1587401290065,422.6919,428.8775,1
631338816,467.4577958739365,376.0508010511335,498.1616,415.2156,1
631338832,464.9688183590554,376.3846428679914,444.7443,438.139,1
631338849,463.1966714295686,376.07362059635574,446.7027,432.5771,1
631338866,461.3644545836826,372.02347518149736,443.5111,392.5104,1
631338882,456.2715614825476,386.1925226274463,403.9026,592.8589,1
631338999,504.3255434324061,70.66564592056122,506.8843,89.8869,0
631339032,542.9925788241292,22.95538198257328,534.8165,69.1402,0
631339048,531.3533484855008,18.80023092180835,511.7812,21.7673,0
631339065,534.1826346317035,42.28647426138717,546.454,136.9049,0
631339082,529.9245197769715,41.55480332826008,516.7167,52.938,0
631339098,523.5727706570755,42.003992729634106,495.469,58.9862,1
631339115,532.5869999721168,58.48980979788041,590.3561,183.9364,1
631339132,532.4816832009698,53.89599843455806,535.9899,33.9978,1
631339148,533.3949651411322,55.976096058716784,544.1974,89.4928,1
631339165,526.5438544090642,47.87350422600331,471.5258,-14.7081,1
631339182,526.4105261178355,54.4215393223377,529.2308,138.9605,1
631339198,524.7200462057881,52.7752729082711,512.4055,49.5251,1
631339215,522.2611429310869,53.51020897342771,500.3041,77.9346,1
631339232,517.8537504369597,53.71166900326304,472.1586,71.4979,1
631339248,517.9526867535823,57.53658856400801,525.7018,124.9101,1
631339265,511.5042858778877,56.07991637141292,435.3929,49.3285,1
631339281,512.854983053272,54.474089388115054,540.598,46.6675,1
631339298,513.9357765427022,55.62104064812198,537.0127,89.6834,1
631339315,515.8931882811546,59.48799325024725,550.5656,136.6386,1
631339331,516.070407985171,65.6684779925317,523.2043,179.8726,1
631339348,516.3403525814842,75.7619222861525,523.6655,254.2964,1
631339365,516.1489223605629,79.19936701865015,517.1702,143.3029,1
631339381,517.4498887434847,83.62699341073818,541.632,165.2608,1
631339398,514.1303954075291,86.52155908646557,463.3751,140.101,1
631339414,508.67532952054336,84.12480246518314,425.5172,43.3796,1
631339431,504.36730353762465,82.6040091779586,442.5595,60.9114,1
631339448,498.93596601959376,77.97634028610112,420.843,1.8353,1
631339464,493.40947190899533,75.02304695310954,415.8359,33.9846,1
631339481,491.52169584560573,68.98261095957723,479.0658,-25.6913,1
631339498,486.3721071236752,66.53966332681588,416.8187,43.4131,1
