timstamp,smoothx,smoothy,rawx,rawy,fixation
624880423,1223.5414082021452,566.0174547521267,1228.0852,525.6134,0
624880440,1176.9510414839,496.8040387777871,1166.1848,449.9991,0
624880457,1208.1055599973333,519.048784653646,1241.6949,497.9858,0
624880473,1225.2318747457134,511.5886887060647,1257.0945,448.4178,0
624880490,1229.4031619346213,520.9647146841924,1245.2266,506.2574,0
624880506,1228.5417751333964,518.0257092119494,1220.3636,459.568,0
624880523,1232.7298490626822,519.7331245386057,1254.5872,483.0422,1
624880539,1231.9877708954257,523.753918517766,1228.9771,504.2615,1
624880557,1233.9747218116308,521.4749804298602,1244.5482,458.5879,1
624880574,1233.5835245591088,519.7810115676292,1226.1379,460.076,1
624880590,1232.3819212242245,519.7638489438118,1219.0396,474.4107,1
624880607,1230.3579064476633,522.5539634258403,1212.0466,505.8551,1
624880624,1230.358256091027,523.0262310949372,1229.8947,482.4321,1
624880640,1229.9558130246478,523.8736441762147,1225.5332,488.064,1
624880657,1232.338159920054,525.7557533970123,1264.5383,502.6949,1
624880674,1232.8101784662415,526.914228008669,1239.7927,495.5125,1
624880690,1231.2529459895193,525.9701931290815,1206.5166,466.6016,1
624880707,1230.3852231940295,528.6733274193164,1222.7341,521.3206,1
624880723,1229.2666291339872,529.212233579197,1213.6143,490.2347,1
624880740,1231.2292024236478,532.0153054171807,1267.9716,527.1841,1
624880757,1233.8605156886586,532.6184646156098,1276.3564,492.9659,1
624880773,1235.4000898944341,531.9781444663545,1257.0452,472.7825,1
624880790,1009.7885136991631,520.3339822930881,984.6821,478.8498,0
624880807,934.9568192142486,496.3746829758743,898.2809,453.6835,0
624880823,939.10129270569,525.829950386113,916.228,518.4984,0
624880840,937.207356018355,522.64399602484,899.5374,475.5575,0
624880857,925.0939710896588,531.5660236231357,856.8153,522.4164,0
624880873,932.0762505590469,534.8906840397517,933.4766,509.7854,0
624880890,933.7226425831684,532.6173144028563,909.4788,480.8064,1
624880906,926.0729759963275,526.8658851852456,838.9805,451.2243,1
624880923,923.9790424275096,525.4451293282955,874.4017,476.0424,1
624880940,923.711601128424,520.6175335882259,882.8983,441.1448,1
624880956,924.5569629428645,518.5777907300649,896.536,460.8671,1
624880973,927.7399812307573,518.9496922462714,927.2203,483.724,1
624880990,924.9064185158661,519.2985975252744,860.3538,485.0173,1
624881006,925.8696011842387,519.8032418087431,904.6528,486.7707,1
624881023,919.2168598723233,507.7038357984328,780.5924,319.6085,1
624881040,806.1586716741806,205.23021211020833,712.2568,134.4594,0
624881056,835.8383191463106,215.8786792968686,746.6962,145.7058,0
624881073,820.1015068075255,207.69115092990322,709.4638,128.1902,0
624881089,816.0363277917108,218.63736688367055,719.592,173.2918,0
624881106,810.0644571202398,217.88710882892528,698.678,146.075,0
624881123,811.3040309734737,220.3922550971304,727.4014,161.7661,0
624881139,805.7384434666204,220.8544280238409,684.7429,154.4161,1
624881156,798.9548481253167,228.7535714305511,671.9186,211.3087,1
624881173,799.1928316629258,234.05940178282236,717.1578,204.2229,1
624881189,800.6506698441269,235.82730691079013,725.9113,180.9193,1
624881206,789.2889609383229,249.27786805681592,612.963,306.4441,1
624881223,787.5693633446768,246.8034734242743,680.0135,151.0641,1
624881239,796.6241112677835,248.25204932115633,811.9556,192.1804,1
624881256,798.0375790080396,245.4114011127422,721.3975,141.4321,1
624881272,803.3578032811267,243.7200092048783,777.5637,152.1638,1
624881289,805.6805084396815,241.52536965427754,741.173,143.5599,1
624881306,808.8430989122317,238.80170636899703,755.197,132.9601,1
624881322,808.9444879143068,235.398540078739,710.3002,120.1802,1
624881339,813.2583034864464,233.73323931894936,780.7476,143.0129,1
624881356,821.0042540321376,232.6205214276985,842.5072,149.3599,1
624881372,823.5819753262308,232.32496857480575,765.0095,163.113,1
624881389,825.6257105331351,229.95126626271596,753.9408,127.0876,1
624881406,830.5848837537434,228.64037939870727,809.9033,142.7894,1
624881422,831.9926734261032,226.2872123511802,748.2713,123.7995,1
624881439,834.738659980599,226.37786698871773,780.5815,165.6996,1
624881455,835.7158626455546,227.5729170916503,753.6977,185.8289,1
624881472,835.6500249998096,227.86807522814448,734.1357,169.2761,1
624881489,836.1047371091421,229.61094726918896,749.2289,195.8383,1
624881505,803.058521102337,469.17880898803924,748.235,425.9245,0
624881738,444.13900762836414,262.4889305298297,956.2996,609.1005,0
624881755,581.7732155133386,350.5423826663158,971.3579,576.8635,0
624881772,673.6218139895284,403.69482291191474,1015.6371,574.1177,0
624881788,957.0448838760077,612.0815202980472,940.0039,581.0498,0
624881805,992.1641770181872,583.4384539354154,974.5974,548.823,0
624881821,988.592927168162,601.3368949211612,972.04,588.4169,0
624881838,1001.7758263209832,603.3758784535438,1017.8202,574.5925,0
624881855,1003.0527572633077,616.5908360137372,1001.4198,628.2971,0
624881872,993.1795579319571,610.2996572717722,932.8436,551.3066,0
624881888,965.6381616124327,604.1725925186485,795.9312,541.3651,1
624881905,942.8588956738863,599.9453845942879,775.8041,543.4585,1
624881921,923.7195294108291,596.5449960990429,761.4611,542.3501,1
624881938,915.3265142898904,594.3140909383043,826.6711,545.8578,1
624881955,910.432991753065,590.9670521431427,845.0189,529.9482,1
624881972,904.9602848675175,591.8893465716026,835.212,571.8833,1
624881989,898.6109065165043,594.3366977146903,817.7443,591.8334,1
624882006,891.5846373734086,595.496666290316,796.7824,579.4504,1
624882022,885.8967883539665,595.939545718065,802.5516,571.3138,1
624882039,882.0853108239029,594.3492190278116,816.4247,542.8834,1
624882056,877.2083212518803,594.348307654258,797.4829,564.5334,1
624882072,872.9291054117324,592.119659222336,794.8816,530.3041,1
624882089,871.5446197839564,589.2594647225274,832.9144,517.1458,1
624882105,868.803283414951,587.031293556518,808.6265,524.797,1
624882122,868.1744106437964,586.7736900443939,843.9963,554.9974,1
624882139,867.1798614356851,585.0609103985462,831.8894,529.57,1
624882155,862.9157916443774,584.851160587655,775.2505,555.1158,1
624882172,860.7418424137675,584.1688918908917,806.6535,545.5463,1
624882189,860.644846563827,579.5412231519939,831.2974,472.6003,1
624882205,859.1262322454718,579.9531656345812,815.1852,562.5315,1
624882222,857.3181573932803,580.0186791456391,806.2126,555.6085,1
624882238,855.6583270666832,580.374349911658,807.0006,560.3107,1
624882255,854.1335727216103,580.610117470123,806.7034,557.4275,1
624882272,852.7306120454673,579.3161438949672,802.6749,527.582,1
624882288,858.9428167039164,571.467343624646,930.1978,398.1584,1
624882305,1010.3077251982058,392.6519221938994,966.1929,337.8738,0
624882322,1023.0887248699237,412.1865218178535,983.2556,359.2213,0
624882338,1001.0394812428849,427.3268156364044,939.0249,393.3667,0
624882355,1003.7369265999761,427.5904391387131,970.26,376.9601,0
624882372,1007.772045441967,414.5624139779277,974.1961,319.172,0
624882388,1003.4866907614901,417.88134724072285,945.7273,380.8613,0
624882405,1002.8261470522576,414.84058102266715,955.6576,346.3839,1
624882422,1006.8332856033003,413.3911496252866,990.0826,351.5842,1
624882438,1001.0738625635963,416.47836245918523,920.002,388.2344,1
624882455,998.3814431763556,413.8058631771533,931.404,339.694,1
624882471,998.2739233579041,415.7555547392058,958.9052,382.0438,1
624882488,998.9523978294742,414.1411850153409,962.5321,345.544,1
624882505,995.4601177744805,414.4865402661584,916.4124,367.0569,1
624882521,993.4025464118117,415.0700682429465,929.6696,370.3919,1
624882538,990.9340234323965,414.8240470630814,919.5962,360.2028,1
624882555,991.4320134961429,415.3995271746284,959.5087,370.8368,1
624882571,988.552926346286,414.80799994973887,907.8208,355.126,1
624882588,723.0617920574301,478.4648539028174,661.0809,437.5514,0
624882605,709.5475861116074,504.9193932196271,650.0732,466.9907,0
624882621,678.1912522645767,506.44421209375747,581.2058,471.4297,0
624882638,678.9468088022971,514.785050933417,621.9884,496.6719,0
624882654,688.1616617156626,514.8478634882447,658.2894,477.9063,0
624882671,687.762339727286,515.4819285602435,626.006,481.6569,0
624882688,688.8278590350282,516.1194100030458,634.861,482.8716,1
624882704,693.0113523298188,515.3773126444253,659.1932,473.4568,1
624882721,695.5516453357524,514.3478755512629,653.0004,469.6655,1
624882738,695.7144659194362,514.9365257890738,637.2628,483.1906,1
624882754,694.2218295928964,515.5965974234259,620.7707,485.2614,1
624882771,695.4538033812312,516.3323177009191,648.9364,486.8244,1
624882788,694.7112384292346,515.2410964639071,624.5657,466.5451,1
624882804,693.0674526488817,516.1703617771407,615.2231,490.7659,1
624882821,687.8480576133514,515.2744854987822,561.5615,468.3953,1
624882837,686.8016881059178,514.8881970830716,614.2303,473.5751,1
624882854,686.1062745870964,513.1962864173333,615.3156,453.7991,1
624882871,686.5479697345278,508.66757796128894,625.652,408.1157,1
624882887,680.480408087201,512.7644437297065,540.4406,541.2645,1
624882904,679.425883100647,513.4626735961015,609.1661,488.5447,1
624882921,678.4961947127152,513.7505454409793,609.0212,482.222,1
624882937,679.3497571471205,512.3318273384581,634.4902,452.6819,1
624882954,680.1392776208627,510.07310880598095,631.3304,436.8744,1
624882970,682.9713134506028,512.8847317660916,679.8807,525.0671,1
624882987,683.2383581758678,511.0993820936695,623.5154,443.9867,1
624883004,889.573761556829,622.1748130319195,866.8337,593.3527,0
624883020,1165.4115659519591,598.5667716179704,1168.6068,562.5483,0
624883037,1124.1261778968567,548.0251592048469,1062.2605,452.5068,0
624883054,1170.5977937900993,566.6230597845033,1277.582,566.689,0
624883070,1162.1887359133761,582.9676430988632,1141.8004,599.2831,0
624883087,1165.7833763086846,587.8196712960732,1185.5325,570.8887,0
624883104,1159.5253202385452,651.5796564884082,1170.0071,621.1782,0
624883120,1127.3317781677542,648.9963314748164,1133.9895,618.8793,0
624883137,1146.7527800591747,643.3086517054916,1175.229,605.6697,0
624883153,1139.349629767002,642.242560259361,1129.5776,609.1637,0
624883170,1134.5419321322802,635.9312244096099,1121.4739,583.967,0
624883187,1143.5560165498432,643.583156895348,1194.988,645.4249,0
624883203,1145.0115490526164,646.7110217903377,1162.9792,632.5615,1
624883220,1143.2616361891944,643.454033271635,1136.3164,591.4847,1
624883237,1147.886337851525,649.7937695232305,1197.0129,665.4367,1
624883253,1149.1162529724652,649.4362984147417,1166.9768,614.925,1
624883270,1150.8565067438903,648.8662184207931,1174.1448,612.0071,1
624883287,1153.082807538317,653.8118897226245,1190.8468,672.4039,1
624883303,1156.5486209483188,653.0860664689357,1201.4028,612.509,1
624883320,1160.7458918189259,651.448841757949,1214.5593,599.6593,1
624883336,1170.675724505695,649.4398109511443,1297.1569,591.0757,1
624883353,1171.0803207330155,650.949394879669,1182.7354,639.9177,1
624883370,1179.9376805772904,657.6821703351414,1319.2617,716.8811,1
624883387,1181.6642709964044,656.7760226067293,1206.2408,609.5648,1
624883404,1183.250338409402,653.1662644327864,1200.8831,566.0399,1
624883421,1468.2213826432287,639.6656179814375,1509.8938,602.7199,0
624883437,1641.4460673960514,834.2716154525845,1730.6754,814.5975,0
624884203,1223.6710336298695,805.8893737600307,798.6002,766.3466,0
624884219,1114.26690554007,775.7706547811579,891.2435,696.8442,0
624884236,1042.0699443888536,769.9716906081013,822.4374,739.1981,0
624884252,961.5376547707083,774.399699645249,628.5187,785.5315,0
624884269,842.9381174186221,714.8577813543153,829.0555,696.4805,0
624884286,868.9859889946813,787.1700651446854,868.6821,775.8691,0
624884302,876.5976619365974,755.3061314389795,876.0068,705.3387,0
624884319,867.5535537159891,751.1887240125595,840.5912,727.6222,0
624884336,865.7304056442953,733.0962720646204,843.1566,657.3423,0
624884352,853.6220033623837,701.3671424892905,767.9581,545.5701,0
624884369,846.4355692160719,692.118183226444,785.3032,624.783,1
624884386,835.5077395212999,683.5060695318936,740.6857,611.3479,1
624884402,832.322904813631,674.2626023271289,781.6752,588.257,1
624884419,827.4871070467468,673.1452607301402,767.8954,647.1973,1
624884436,824.586201548047,668.6024774675284,773.8166,609.4805,1
624884452,826.4110657640686,659.3660631084039,813.1839,548.2307,1
624884469,825.3593753289532,655.7025688144246,788.3721,599.7261,1
624884485,823.6487677060279,646.905308006107,768.3948,528.3363,1
624884502,823.3185223688166,641.7455896206833,788.971,563.438,1
624884519,825.2660217253178,637.5542540527886,821.1794,568.6993,1
624884535,825.4840054476193,633.2874507268849,796.7881,561.5992,1
624884552,823.9144582690756,629.7215076110244,769.9337,566.5583,1
624884569,823.180100358336,625.9446604579946,780.028,557.8489,1
624884585,823.6983229924375,624.6575829786489,804.2382,592.9398,1
624884602,832.6698986508137,621.5300617737212,941.8246,557.1288,1
624884619,1142.3120344349652,525.9569139692613,1132.199,482.7805,0
624884635,1115.6617647336143,576.0220012085053,1110.1775,538.5127,0
624884652,1138.7631904351472,588.1224526716325,1164.8584,564.4048,0
624884668,1130.313525253454,574.1017723831399,1103.2234,505.601,0
624884685,1133.1760774458867,569.0921064348448,1135.7391,514.185,0
624884702,1144.1804004134701,568.2173238175387,1187.8285,525.2042,0
624884718,1141.3449861998915,569.8926828862503,1123.0171,540.9146,1
624884735,1134.4343272810074,569.1729197659963,1084.7412,526.9521,1
624884752,1131.6663910164993,565.9999912821345,1103.2415,504.4496,1
624884768,1134.1956156744168,564.3942292441972,1149.0227,512.4415,1
624884785,1134.5095795488471,560.9027994507466,1127.7402,490.3636,1
624884803,1129.2008926645287,563.5702346141492,1073.9067,553.8563,1
624884819,1124.7352740335984,562.2672680202106,1069.3838,510.6742,1
624884836,1129.019927489439,570.9703593504425,1190.8442,634.2314,1
624884853,1243.116879853854,866.4503085325734,1294.6082,856.9692,0
624884869,1244.831697170108,851.904711124815,1294.3344,840.8807,0
624884886,1267.5080281013431,873.3643557436424,1350.8672,887.427,0
624884902,1267.8306335064237,873.2058876298346,1323.4888,863.5262,0
624884919,1261.197674325439,889.8298252684061,1303.5593,937.1062,0
624884936,1257.1066545785209,895.6798444516944,1300.1178,913.9613,0
624884952,1251.7584249878112,897.606297552376,1281.6226,901.0427,1
624884969,1245.2779280238422,897.7290632011573,1260.946,891.797,1
624884986,1250.068423162467,892.8958658832499,1338.0386,848.8993,1
624885002,1246.9233689640805,892.4863322728519,1276.7618,882.3536,1
624885019,1254.6722616604147,891.2674147601275,1382.1379,871.6602,1
624885035,1257.880945740447,888.647453586877,1342.4426,854.5399,1
624885052,1258.2524680053073,890.0787181209702,1319.7095,899.1215,1
624885069,1260.2724503122652,885.9776373057213,1332.141,830.6248,1
624885085,1262.496373476882,887.8915183856268,1348.0393,905.3488,1
624885102,1263.1424283775941,892.4535513991971,1334.2948,945.548,1
624885119,1265.0042238707504,894.6467475960159,1349.3174,916.1448,1
624885152,1100.4308165659893,677.255830901878,1108.4348,650.5414,0
624885169,1205.626580237389,977.6026370295708,1269.7097,980.3309,0
624885185,1237.5727607036108,970.8031689169688,1338.308,964.2397,0
624885202,1220.2911017475808,958.0206879074434,1241.0383,931.0444,0
624885219,1237.7782447704087,934.9681493773422,1346.2515,856.6131,0
624885235,1055.517138156094,890.9276811501213,272.789,709.6967,0
624885252,1265.4960790718358,754.5103607813961,1302.6641,732.9976,0
624885268,1030.3757842252783,453.9082908176057,997.5503,405.1589,0
624885285,1016.4022618898989,466.1684310494355,970.3141,432.6755,0
624885302,986.7534471875983,430.25378058278966,869.9357,301.9361,0
624885318,964.1137593926682,430.2729460181326,847.0486,381.9412,0
624885335,957.1250750151046,426.35346520184316,881.0869,359.9833,0
624885352,950.3308314085134,348.94054500806595,893.2839,290.645,0
624885368,835.3223961400655,411.35822693343795,775.3117,361.5334,0
624885385,882.2431187959005,416.84710762349204,880.6802,372.0275,0
624885401,904.5360817282385,420.4724786303411,903.1213,377.5729,0
624885418,908.664945812924,410.2563891049079,864.7059,325.3278,0
624885435,893.1759835631875,402.4136457279062,765.4146,317.9866,0
624885451,894.4843101493451,423.8562731147119,865.4752,489.995,1
624885468,890.23800849374,419.7594676242143,806.5458,343.0916,1
624885485,896.9193157577508,406.25987957921984,878.9581,254.2561,1
624885501,902.8030261649798,401.12613890378236,891.3116,307.1624,1
624885535,905.244469737937,401.55950224066174,873.0369,355.4429,1
624885551,912.1345384111485,406.65339377409714,934.1764,407.2056,1
624885568,910.7278645577134,400.1514349920386,828.6063,278.2239,1
624885584,911.0479035609013,398.27932335189774,855.2155,326.6065,1
624885601,912.3752118958313,397.6593396644612,871.3435,340.3036,1
624885618,910.8661970326723,397.2874979995061,833.6151,343.3314,1
624885634,911.5217266383579,395.867327969994,861.7253,326.7041,1
624885651,912.1824023440424,394.4753165355489,862.622,325.1713,1
624885668,912.8721409357182,395.6312924341685,869.2787,363.6521,1
624885684,913.2429192582449,397.16652640882506,865.9874,370.7048,1
624885701,913.5312324343632,401.7201834844197,872.2349,422.3788,1
624885717,846.456780037718,599.5167127206414,815.7287,569.078,0
624885734,779.797258190554,617.9486370154245,744.7018,590.5732,0
624885751,790.789496443669,605.5853034179495,765.3162,562.9312,0
624885768,792.1289539622504,638.5621567070548,774.1071,685.4977,0
624885784,790.2699557526959,633.2485771241973,749.9771,589.5078,0
624885801,786.2488505991324,629.5084317639794,733.851,586.9943,0
624885817,786.1372770247733,631.011974410623,754.3513,612.8821,1
624885834,788.6027533888387,633.1518881727825,774.5007,620.4062,1
624885851,788.222010486163,630.1942778747075,749.9771,581.8317,1
624885867,793.4010384097462,622.8546457465151,795.2811,534.2834,1
624885884,792.0966064519101,626.3564734555443,751.1295,633.3842,1
624885901,783.4612051357532,620.7980260652913,654.1434,539.7452,1
624885917,777.2693257671996,615.1183787306021,667.7412,528.8672,1
624885934,771.9846185395041,611.4288527972842,671.7726,545.1975,1
624885951,767.4696775557646,608.5217456917505,674.8561,550.0622,1
624885967,761.8250484681479,607.3328501545483,655.058,570.3669,1
624885984,761.6401092543131,600.4510112914327,716.4118,483.4733,1
624886001,759.5907855841082,597.4611805581129,693.861,534.8867,1
624886017,757.1024372431108,592.9765373435073,680.2487,507.4271,1
624886034,753.8377878912928,589.1061430195465,664.9149,512.3799,1
624886050,749.2599776202162,588.5477748147266,645.8545,563.717,1
624886067,746.2001557193481,585.2995635622742,660.623,515.5923,1
624886084,743.7047509419417,584.7304023999802,672.7929,558.709,1
624886100,739.7928730909683,584.2506932861327,644.3267,558.9716,1
624886117,736.4256607989862,582.4707318949369,646.8525,533.6163,1
624886134,736.2174581107517,580.0605299752162,699.5506,518.8086,1
624886150,732.5193742880894,580.3562165974964,638.9296,567.5257,1
624886167,731.4141905683052,579.5814389121657,681.3797,545.2851,1
624886184,728.6291390456646,577.5869069370674,643.6027,520.9386,1
624886200,727.1658090035137,577.1918643241922,669.7933,549.0629,1
624886218,726.8757408420338,576.8298468574203,689.7263,547.8177,1
624886234,718.5529751519659,578.4543977382937,544.0925,591.5325,1
624886251,502.1119099490898,584.245792947138,432.3269,558.1354,0
624886268,467.42116968575965,591.0391358514838,394.9454,566.2317,0
624886284,481.4030110559057,604.4816390347746,429.8653,595.3962,0
624886301,489.06208790164067,597.8243299649406,434.6932,558.4087,0
624886318,485.00576760710885,606.3406256323656,406.9527,610.9445,0
624886334,481.1026990107856,591.5799670674991,384.4669,502.6566,0
624886351,486.2547041953604,588.3420017996613,440.9925,545.6778,1
624886384,478.5689052075663,598.6567081039966,368.0314,641.7941,1
624886401,475.0758356322192,600.405704256292,381.3627,589.3295,1
624886417,478.71433309581084,593.4020427019168,431.1816,509.5079,1
624886434,477.48868931852576,583.6955218775447,382.1188,469.644,1
624886451,478.78446075161287,587.5040228558133,426.2192,602.9832,1
