timstamp,smoothx,smoothy,rawx,rawy,fixation
631558360,1004.0290279492314,350.62607244739087,1091.4111,383.1866,0
631558377,997.8377602244913,372.82794103114145,996.5508,511.8666,0
631558394,1016.905395504625,385.4637677704655,1113.7854,508.3908,0
631558410,1036.604532188292,405.6356675330626,1154.3228,585.8463,1
631558427,1044.3477564338107,415.329813261068,1108.1592,547.0315,1
631558444,1051.9590075768022,418.69100911059127,1121.995,511.9812,1
631558460,1053.468996394227,424.1103227157164,1081.4011,538.0208,1
631558477,1050.6850153429357,424.1478960934308,1043.0465,491.1624,1
631558494,1048.9347969808186,426.01116021201506,1049.3889,512.4371,1
631558510,1047.8624337889414,436.4176925192142,1053.3586,620.6095,1
631558527,1044.1618783310664,448.75368543017413,1020.0244,662.3748,1
631558544,1040.4104239596443,458.3230409838039,1014.7332,643.3225,1
631558560,1043.1743088226463,461.0616951012519,1097.7781,559.8292,1
631558577,1041.704509378822,466.0866978017231,1041.9229,598.384,1
631558593,1038.9345002690702,470.63363513807843,1021.6467,597.9935,1
631558610,1037.8766893821758,471.1767899176106,1045.1221,539.8481,1
631558627,1042.0444144117819,470.2699934192502,1124.8115,518.7043,1
631558643,1041.802474198832,472.6119586323241,1057.9729,574.5154,1
631558660,1066.1040851939847,669.2113098295276,1084.5931,773.5463,0
631558677,1016.0322731271772,559.7916703541491,1033.8196,649.1946,0
631558693,1009.9382997186411,556.9776919919564,1021.208,642.6924,0
631558710,1001.7803910482128,534.6278121016197,1002.9989,570.1523,0
631558727,1002.2308731535279,528.7492835906189,1021.6063,594.625,0
631558743,987.1927435112148,511.7148665635883,943.8784,518.749,0
631558760,1015.2719341949048,499.5607573282069,1177.7273,517.3747,1
631558777,1027.4171583847033,501.088579924926,1118.131,596.2097,1
631558793,1027.0091341196392,487.8894556106388,1041.9614,470.7606,1
631558810,964.7012558372963,443.2833322324712,981.8248,516.8105,0
631558826,973.0423934226408,393.1762734159827,991.1581,460.2384,0
631558843,954.1420229520317,393.92911032658157,951.8004,461.489,0
631558860,997.6530076470747,418.0151863437434,1106.0724,543.79,0
631558876,966.897943263825,399.95761855904755,889.7667,405.7787,0
631558893,997.6130840069125,426.67335958655497,1140.9784,618.648,0
631558909,980.7062656376615,419.68835609928857,912.3871,449.6184,1
631558926,811.5351749406781,456.7482356434291,822.0527,530.2131,0
631558943,589.3565645304947,419.20728634257625,591.0226,485.1047,0
631558959,547.5375080444668,424.81956931940164,503.8387,496.7877,0
631558976,570.3162768139925,420.6788337220696,618.6598,477.7449,0
631558993,570.2201450854274,442.33846313046547,569.5247,583.6968,0
631559009,574.3996309874858,433.0744067011896,592.6885,458.9894,0
631559026,604.3275312105959,438.2415989288655,757.3574,536.8005,1
631559043,609.9960473707853,447.1196052251986,643.0243,574.6909,1
631559059,620.023424500676,435.1015227866695,690.2603,412.1529,1
631559093,632.2397042423676,436.21869696306754,726.5768,515.6694,1
631559109,649.191441941497,436.40407964522467,793.8376,508.7067,1
631559126,654.8028388289106,435.4123022810872,702.8105,494.5664,1
631559142,658.6372066712354,436.5853954255341,691.7337,519.2948,1
631559159,666.4477516602133,436.88341947431115,745.8746,510.3823,1
631559176,668.2287258504869,439.8877832166925,680.5517,547.356,1
631559192,669.8726740243803,438.58399022724194,682.6464,489.3536,1
631559209,737.4630433958378,222.42670519882435,747.8706,264.31,0
631559226,689.7557216771039,352.7208878823004,696.4905,411.1051,0
631559242,674.92898127736,232.01959420760588,668.7191,138.0711,0
631559259,671.5211464127848,275.99953897599795,670.3666,423.5782,0
631559276,675.1504999597142,290.86451074354915,692.8423,390.8713,0
631559293,673.1284426492417,300.67106933291495,671.09,394.8954,0
631559310,891.5363841897957,95.7388624929536,910.0383,122.862,0
631559326,611.0130286407427,294.0821383121361,615.1914,343.8452,0
631559343,595.181410985644,246.41858946764026,583.4596,235.7896,0
631559360,632.9124451386181,237.14200925208053,717.1891,260.0237,0
631559376,636.9297797381661,240.16947971004447,654.6665,293.8923,0
631559393,642.2749433190053,235.69441991059105,669.9684,258.8733,0
631559410,588.7304689081432,280.0985194806721,592.152,327.7639,0
631559426,628.1845844397309,336.4227633910431,632.5419,391.9376,0
631559442,650.2844370862142,256.0106030430903,680.5969,210.8018,0
631559459,683.5397801238187,273.6543696872108,759.3196,362.5104,0
631559476,660.8489259791003,268.91105220395804,596.889,299.4079,0
631559492,664.63724004647,272.7629461759936,686.7202,337.9539,0
631559509,654.8681120844769,257.76774553793325,612.678,220.336,1
631559526,648.7238974314315,258.3146577137594,618.556,308.3041,1
631559542,643.3119246816634,257.81530884606417,613.0643,300.2348,1
631559559,636.831410656593,251.77095002132756,594.4763,245.6374,1
631559576,628.6849477102859,257.2012647183099,565.8419,354.9473,1
631559592,618.8240005502755,263.4514163061338,534.095,373.4893,1
631559609,619.99279188318,268.0721233418726,643.0708,365.2599,1
631559625,613.2288595182447,266.28871857368233,550.026,288.105,1
631559642,608.3333735666279,264.671467032615,563.9506,287.9466,1
631559659,603.2071345280507,262.5509937793207,554.0743,278.3489,1
631559675,599.5655204154459,263.8957412636971,567.2621,328.0564,1
631559692,599.6933757275272,266.1071952844214,616.5956,343.8408,1
631559709,601.5194498364859,271.648462807742,640.4656,400.6443,1
631559725,599.1112153710069,266.78538730638513,577.8794,231.8383,1
631559742,598.1676047720898,267.5859566294648,596.9347,325.0388,1
631559759,598.3975770033439,267.3386181547049,614.3427,307.6611,1
631559775,595.6609851497172,274.2137424567245,562.9715,434.8645,1
631559792,593.9258778257531,278.9848688583238,577.423,401.6099,1
631559809,590.3811234461796,280.9954330911013,544.9048,353.5743,1
631559825,590.1670305519447,290.24031827803583,598.1089,492.3673,1
631559842,588.7195250224465,292.99578578178495,576.4143,374.1592,1
631559858,586.3884994415891,294.4996589912354,559.1529,352.7372,1
631559875,584.6266611413623,298.8684180653197,566.5862,410.9251,1
631559892,584.5231730887637,304.76795655553667,594.2328,444.7036,1
631559908,584.9421934797322,308.50143864865413,602.7866,406.1749,1
631559925,588.5323902414248,311.4680724273909,663.826,398.1884,1
631559942,593.2479132537278,313.65352951000585,687.6458,367.3434,1
631559958,596.3701702007033,312.47491038578,665.6627,321.3177,1
631559975,532.3016086999797,463.04654409456964,531.0096,534.007,0
631560042,407.7081577726548,418.3856780119429,401.7548,482.0095,0
631560075,390.8781974226534,328.54927686636336,369.0241,278.6559,0
631560108,407.8448770278757,287.06509013580137,439.8524,241.1615,0
631560125,430.66444167208647,275.203741603826,498.2589,282.5899,0
631560158,438.95368365550974,277.4070477109531,469.0011,334.6769,0
631560191,533.1736777040585,215.3542810220105,535.0909,253.8751,0
631560208,569.035023746818,252.84909814432748,571.9783,296.7097,0
631560258,540.949906795099,210.8854212367536,514.597,201.2391,0
631560291,530.9382595203655,192.10324242267225,512.951,185.34,0
631560307,543.7227144451663,380.2301882202522,576.6169,1072.2776,0
631560324,577.0558086153133,359.39344011848226,716.296,320.5596,0
631560341,679.0535537071672,259.5728725585063,686.5319,305.6262,0
631560357,723.8972341453224,218.45092689507192,733.7859,259.6516,0
631560374,702.8185951913258,207.33177971075725,690.1983,234.0299,0
631560391,707.3308822750013,211.6507497267632,725.9551,261.6425,0
631560407,711.4417765691298,220.21273116707212,733.1971,290.3384,0
631560424,708.3862192132377,234.40609941703906,704.1222,340.0687,0
631560441,701.1839027754218,227.77457193723558,673.9969,231.9516,1
631560457,703.6066928615103,229.52779415110086,727.5678,283.0571,1
631560474,705.2086282095154,241.19356611580326,724.4843,372.4423,1
631560491,704.0948356080468,241.0314814673624,704.2971,281.104,1
631560507,703.2430057084681,240.5466553951207,704.9553,277.5111,1
631560524,711.39498234548,253.9899527880928,796.461,436.8643,1
631560541,719.9335552248319,260.32357528838287,814.2189,372.8351,1
631560557,719.3445971983155,260.61271757029664,718.0402,303.3889,1
631560574,717.1198195088682,258.8149678116742,696.9934,275.2953,1
631560590,712.1263357806486,257.0951251886299,657.4697,273.9339,1
631560607,710.8914374061266,260.98556540270556,702.9487,357.3518,1
631560624,709.0990401678118,263.79736527777794,693.7296,345.519,1
631560640,709.4647414822467,268.5958568053977,723.762,381.82,1
631560657,706.8628835570881,269.2324776680356,679.1163,317.3643,1
631560674,706.5424723736252,269.45344888634213,712.9765,312.0796,1
631560691,702.7057921715844,272.0895435837268,655.1633,354.9509,1
631560708,700.6652806050424,270.8309606867113,682.6808,288.3389,1
631560724,702.3645457007982,272.45803649825035,743.3351,341.8834,1
631560741,701.3806150740908,279.8000016991896,696.72,449.3872,1
631560758,574.6900078048155,543.8881880598167,574.143,625.9451,0
631560774,655.9586641709749,620.7929920109196,657.8402,713.8942,0
631560791,615.6866607423739,631.3578003322237,573.7496,736.8024,0
631560808,619.7392129200754,611.5644896083292,629.3264,658.5742,0
631560824,610.9423784860604,627.7071414957942,583.1986,775.2725,0
631560858,608.8507150732859,631.9682381604376,600.2601,744.5198,0
631560874,613.022385530593,627.8066970294577,634.9233,698.1697,1
631560891,619.9882510913839,628.7481037059623,662.2808,728.9453,1
631560908,624.8456105867124,630.2382604817083,658.3044,735.5591,1
631560924,621.8274084555883,630.927015687879,597.2552,730.0585,1
631560941,626.5837386584988,638.735337578191,666.751,807.2196,1
631560958,633.1421609447312,642.5375145236195,693.8953,775.7126,1
631560974,633.6677659311559,639.3898245157371,637.0016,696.468,1
631560991,634.2546700931686,638.855524687314,638.3488,725.6886,1
631561007,633.1310940043741,639.4277545335375,617.4979,740.0327,1
631561024,634.3995413681574,639.0394953576665,648.2654,727.4555,1
631561041,630.0572397619593,640.8590000560166,571.6398,759.5533,1
631561057,628.9506707899928,643.0177746977857,613.685,767.7302,1
631561074,627.9712376706981,643.6678829865241,614.8279,745.9039,1
631561091,626.5925832947371,646.1066237271573,607.4968,776.6826,1
631561107,626.7567011408884,648.4028406180829,630.7406,777.1244,1
631561124,624.2946343132191,654.0800320798454,587.6276,838.4435,1
631561140,623.775656620813,657.3374656211029,618.3691,800.3441,1
631561157,622.6378625779083,660.6644641757148,607.39,804.6138,1
631561174,622.1863652669092,659.0357276980915,619.2418,715.8804,1
631561190,619.7263991167788,662.2840049119227,582.8246,807.5691,1
631561207,620.4325757369212,662.6930020459054,637.4794,756.8588,1
631561224,621.3303750028043,664.6143782895863,640.3119,787.507,1
631561240,623.1693584154477,667.8721513176152,656.7024,815.7334,1
631561257,621.883577197412,666.1710440041485,601.5924,720.5381,1
631561273,625.5098921933303,661.4893505158901,690.8317,663.8336,1
631561290,621.9743755394455,661.4798519786411,563.153,750.4719,1
631561307,620.1060093568013,657.8694297028286,585.1064,683.6624,1
631561323,619.0772717265446,657.5143190999379,605.6116,740.9692,1
631561340,622.73482702946,654.3669429805924,686.0822,700.2317,1
631561357,621.9938256915033,652.5067778601483,607.8308,721.0477,1
631561373,622.4702082041123,652.9980378203634,632.9592,762.6149,1
631561390,620.7422571965826,654.7053655689947,594.9444,789.3633,1
631561407,622.3720363293153,656.004175823546,654.7902,782.3174,1
631561423,622.1328907920878,657.0745041982303,614.0947,776.5014,1
631561440,622.9893687264091,658.1404435035498,641.3777,784.2075,1
631561456,622.6548816317353,660.979401470408,621.4701,814.5142,1
631561473,620.2818084235055,665.2928014062043,577.5277,834.7402,1
631561490,620.8418770428311,670.7183278073544,630.6763,861.3345,1
631561506,623.1762329985505,674.6381582717419,661.0331,834.5461,1
631561523,624.6460087197677,677.5824081876093,648.9915,815.1738,1
631561540,626.6082924385371,680.8776077651013,650.1852,827.2377,1
631561556,627.0025755267646,684.2772243680762,627.2444,831.4098,1
631561573,630.7678037097984,685.5483930940422,689.7391,789.7738,1
631561590,803.0430904723012,595.8274926327048,811.4225,687.4118,0
631561606,1142.03787155674,333.31233572623273,1168.0188,394.5468,0
631561623,1202.9057966520058,342.6113014102631,1294.4685,417.0042,0
631561640,1204.264432743084,355.17344169494964,1234.7522,448.2245,0
631561656,1211.2370947733136,367.10601966109033,1260.4438,473.5785,0
631561673,1207.6201558567232,380.08445012672274,1219.7761,504.9971,0
631561689,1257.8369958394967,410.824352058728,1287.6891,483.5944,0
631561706,1305.4807291912452,343.10829915484993,1338.2014,407.575,0
631561723,1235.8069887867957,400.7725204131165,1191.7103,536.187,0
631561739,1197.0285688847202,412.0805503491347,1144.0923,508.4616,0
631561756,1170.0730152321264,402.90796120735433,1114.3959,441.3799,0
631561772,1181.9715067941963,410.1041200159245,1258.7327,514.2003,0
631561789,1186.7256764176243,404.1286722124527,1239.2698,442.0128,1
631561806,1189.635742957174,406.40840617052515,1234.736,492.8166,1
631561822,1201.272386783777,405.00518725093997,1310.0305,466.3854,1
631561839,1206.136331108139,398.7319444731562,1271.3505,416.373,1
631561856,1209.3899613477363,404.641624466098,1262.7544,533.0339,1
631561872,1103.0901211539267,592.488772821813,1124.1154,687.2134,0
631561889,1227.3816280424194,406.83424055236407,1256.0056,478.7184,0
631561906,1244.5001910523542,446.44087607014666,1290.6222,568.6029,0
631561922,1246.223485511806,443.16022422267065,1278.7375,512.4672,0
631561939,1233.837727215454,428.76316213895336,1224.6237,454.718,0
631561956,1226.8078562893459,415.5648849284779,1227.4806,430.001,0
631561972,1267.0311713086382,382.30184124540136,1297.6348,451.4448,0
631561989,1237.156881486793,392.92572859922876,1266.3696,463.1043,0
631562006,1240.9048111405023,355.9082760723901,1275.1174,379.566,0
631562022,1255.5809628893398,349.733176105217,1316.6466,401.1528,0
631562039,1261.0370478110285,357.7793883183665,1307.998,451.1206,0
631562056,1259.9867972617335,370.5469409099327,1285.0933,494.7177,0
631562072,1261.9819578866575,369.1701265929379,1302.396,428.3901,1
631562089,1251.0710476487484,374.1425874174856,1214.604,473.1949,1
631562106,1269.4000619921167,368.8884732887945,1428.5632,397.1041,1
631562123,1260.3443640874564,362.1999166602013,1218.892,370.7324,1
631562140,1254.8265641592593,356.82320981110644,1237.7552,372.3298,1
631562156,1256.625821741086,359.3241135760275,1304.7954,453.4571,1
631562190,1250.9011200607197,356.4150845956766,1223.3718,390.3941,1
631562206,1246.2422033815017,352.23753549221203,1227.9669,369.1887,1
631562223,1236.2340018236212,344.31446891055987,1154.2268,310.3674,1
631562239,1231.1701444587663,341.4368456562078,1206.1907,372.5145,1
631562256,1227.5001564708218,342.52663358657287,1218.394,428.333,1
631562289,1226.735013140941,341.6848400034771,1255.976,399.2614,1
631562306,1224.5229175600662,344.6272350976376,1232.1479,458.8925,1
631562323,1219.6866710295494,348.68800282343534,1188.5852,479.5363,1
631562339,1216.4156280389952,348.23212999946514,1209.0574,405.5792,1
631562356,1214.166139499214,346.9770765296564,1222.0544,390.9897,1
631562373,1208.8192884989874,345.1003064052114,1168.0959,377.9431,1
631562389,1207.5203404570225,342.25779133201775,1231.5962,359.3752,1
631562406,1208.4478951087583,341.7593339312667,1266.7927,401.0839,1
631562422,1205.6369333925936,342.3813601574799,1200.5208,420.5875,1
631562439,1207.4322086839159,342.4425385649066,1278.5845,410.5511,1
631562456,1208.906143626558,340.10394188846226,1272.4569,363.8137,1
631562472,1208.1890737863905,338.70726947216747,1232.0886,380.2686,1
631562489,1381.1146222592686,122.71028046739035,1419.8352,159.2046,0
631562506,1211.2738859241058,270.34605405381666,1240.9695,324.1569,0
631562522,1192.5361471599679,289.3180669361545,1201.4841,366.571,0
631562539,1212.6365684034095,293.12132864307034,1283.7244,358.8495,0
631562556,1226.2020425635483,272.3209256491606,1298.9778,257.1302,0
631562572,1217.6689053178106,286.7985655975104,1211.155,407.2332,0
631562589,1118.6807857762767,282.7783712972271,1144.3279,337.1139,0
631562606,1215.4050290751943,220.6660468768623,1245.9105,268.0176,0
631562622,1208.9369985055016,270.54549071687006,1231.1721,380.5482,0
631562639,1217.2779380819925,250.66753507745813,1265.2931,257.2053,0
631562655,1201.2276122854864,254.2198325284996,1180.8931,317.1994,0
631562672,1216.453973287575,262.09151077950384,1308.7498,350.4792,0
631562689,1205.40264595405,265.76678912617706,1178.3021,337.9801,1
631562705,1208.31149896095,266.5893420839935,1255.844,324.6676,1
631562722,1202.897955794683,266.2511047968498,1194.9213,315.6035,1
631562739,1200.4004313542223,268.9032312536686,1210.7499,343.941,1
631562755,1193.6132289338627,265.6795887554078,1165.4084,286.4654,1
631562772,1190.6705517705923,263.02663851468895,1194.6516,287.647,1
631562788,1200.462476841343,276.59738440335633,1331.4417,483.5097,1
631562805,1205.7031056117403,496.6875030921041,1232.2656,580.0848,0
631562822,1219.9264372191294,508.13798422580265,1246.9397,593.205,0
631562838,1248.874817521643,515.0880789884828,1307.0138,609.5956,0
631562855,1221.5055479118696,487.3582034452381,1192.7292,506.7046,0
631562872,1198.2920260800645,477.8195523633755,1153.7129,526.29,0
631562888,1210.6505705852107,470.60956705294313,1289.6475,519.9833,0
631562905,1210.9279358214712,468.1202799950168,1239.962,535.2948,1
631562922,1216.0254106781094,467.93196887620957,1274.3656,548.1042,1
631562938,1219.4307838311595,479.4329288100536,1269.1691,648.8618,1
631562955,1223.7375664723288,485.9741175138869,1283.5435,623.5867,1
631562971,1222.5252581471962,489.00880065840437,1237.6375,598.2795,1
631562988,1219.615894422652,493.70344820383957,1217.5752,622.449,1
631563005,1219.1133459347966,497.0404602999469,1240.3601,614.1079,1
631563021,1223.8037106564423,498.8421893748798,1302.1597,600.3085,1
631563038,1224.795438539269,502.002883261444,1261.5249,621.5131,1
631563055,1225.8253716952502,506.3744816235371,1263.1697,643.7952,1
631563071,1230.1292903598035,510.7464879404842,1310.0001,650.4833,1
631563088,1231.38122261304,511.05238468091807,1271.5635,592.1567,1
631563105,1231.7715695424495,509.74412469668846,1260.5674,566.9128,1
631563121,1232.9552947584082,516.0637758693356,1272.0796,693.9672,1
631563138,1235.7317953120441,519.3056526215452,1299.2019,648.1345,1
631563154,1239.3892391730094,527.4384660308044,1315.0876,738.0568,1
631563171,1239.5601436478162,528.0226893869867,1262.1066,609.5116,1
631563188,1243.1373450368055,531.7902492133819,1319.5978,670.3215,1
631563204,1243.951977099141,534.8077185437418,1275.3152,659.8776,1
631563221,1247.689791169126,534.5981984316234,1328.0201,603.2632,1
631563238,1250.6634320198807,537.9978539877065,1316.5333,673.7555,1
631563254,1251.0929355272683,539.4222263534112,1274.2196,638.6652,1
631563271,1253.7205711302236,541.1949510097081,1314.968,648.5192,1
631563288,1256.268203904059,544.297774101293,1315.4048,677.2712,1
631563304,1259.5704322636757,548.6100497356783,1331.0144,704.3556,1
631563321,1258.4036148118666,551.7775854996265,1248.0439,679.1371,1
631563337,1257.0443431548729,555.0592624817644,1252.8464,686.2546,1
631563354,1260.1601330761928,560.0843730489493,1323.3347,714.2781,1
631563371,1263.9613658897267,561.8174925304155,1335.3619,656.2213,1
631563387,1264.7142740043046,566.4185347798232,1296.3514,715.8116,1
631563404,1262.8362165175154,570.6466989083063,1244.8381,713.7546,1
631563421,1263.720969847774,575.3010810233965,1300.1624,728.1176,1
631563437,1264.410627010025,580.9242669539598,1296.905,761.2732,1
631563454,1262.5932231583595,579.2190385456757,1255.519,616.4188,1
631563471,1260.5088861230545,577.5336887314057,1246.7139,617.295,1
631563487,1259.516483486887,577.5893321963871,1265.2141,657.3417,1
631563504,1258.2143304789524,579.8184264252975,1262.4133,701.6404,1
631563521,1258.5241496336398,580.7344273696278,1298.5981,677.0499,1
631563538,1254.4224513806093,581.5631632535992,1213.7185,679.0089,1
631563555,1255.3645509709686,584.4183705430079,1304.7745,724.215,1
631563571,1255.0356466960613,586.3764635978755,1286.114,708.5513,1
631563588,1251.0691837014726,588.0652165603414,1215.0583,698.199,1
631563605,1250.462216487353,589.988752511659,1274.1663,703.4261,1
631563621,1253.7651677087197,585.5220490419305,1346.949,593.7502,1
631563638,1249.8267136713105,584.4693272232519,1216.5491,655.3625,1
631563655,1242.1625619004176,581.2703146120555,1149.7148,622.1123,1
631563671,1237.4129636240386,579.8338400285693,1195.0308,643.671,1
631563688,1135.1685577855592,436.41846399914675,1159.5403,511.0789,0
631563704,1132.011656387045,507.1126922018393,1155.3453,590.9971,0
631563721,1133.788281461373,491.9705695998863,1159.4304,556.8313,0
631563738,1124.6867443465367,488.79802821277076,1129.1707,562.9357,0
631563754,1122.1899263373791,485.97229748484835,1137.9081,557.5478,0
631563771,1116.2996156564147,478.85788794006805,1115.8108,527.2323,0
631563788,1115.99308569517,477.2804078206567,1138.0795,548.998,1
631563804,1110.889774716505,469.1867102117055,1104.2153,495.3698,1
631563821,1111.999028731186,464.02978916482385,1144.1841,504.9189,1
631563838,1114.5955685985778,460.7198604005954,1159.2239,512.7737,1
631563854,1117.5417005283405,463.28692171142035,1166.4019,568.5356,1
631563871,1120.2466698636604,465.62036481575365,1168.6396,570.3118,1
631563887,1119.3296447860755,466.0541670969581,1132.1963,550.4248,1
631563904,1121.5440989133376,468.30807845683864,1168.1936,575.1248,1
631563921,1121.9033367502075,472.31530966029055,1147.4463,602.2928,1
631563937,1123.1914746068198,471.0227832769165,1161.1549,531.4038,1
631563954,1120.4280939796583,471.2606682934419,1106.2305,552.197,1
631563971,1124.0041072975766,473.1202990832594,1194.5403,578.9315,1
631563987,1124.0854757247355,472.76789688591697,1146.4634,544.6129,1
631564004,1123.92207018207,469.45222922063874,1143.5127,494.7841,1
631564021,1125.2814002452503,465.480460149936,1167.8035,480.7803,1
631564037,1126.4244704209395,461.513093037206,1165.5997,477.402,1
631564054,1127.662097215386,461.9043741868445,1167.3848,552.325,1
631564070,1129.5347102483863,459.67695802083693,1179.7148,504.4721,1
631564087,1131.5692672693294,461.2943097940683,1183.162,574.0577,1
631564104,1133.1890506416225,462.357683639157,1177.6099,563.9205,1
631564120,1135.1582123794967,460.95815510724066,1185.6169,517.1593,1
631564137,1136.7296317750195,456.6895459728405,1180.693,460.832,1
631564154,1136.8931763939158,454.3016348845252,1156.4763,494.9141,1
631564170,1135.7950424002968,452.86043920047086,1134.4592,511.5755,1
631564187,1412.1763668177239,229.17395330355365,1450.838,279.9864,0
631564204,1197.2527500013855,433.3941001033244,1224.271,508.3986,0
631564220,1172.8217753230124,458.97311810248846,1172.7671,565.6031,0
631564237,1202.716571448915,441.17966706657484,1292.3534,477.8395,0
631564253,1197.2753923228802,452.07628653071697,1206.4882,566.0282,0
631564270,1198.9723509378018,452.85211174521623,1232.5486,533.7363,0
631564287,1199.8349544179382,508.3799524547929,1226.0012,593.2391,0
631564304,1175.68404241871,466.6314718203294,1201.3706,545.7332,0
631564320,1152.193708036977,468.8083729737449,1152.4233,550.0915,0
631564337,1162.9565699433194,481.02220952270426,1210.0244,589.5542,0
631564354,1161.350110646421,478.0291799964701,1181.3948,548.1396,0
631564370,1164.0026788713476,482.6265517967809,1199.6138,584.1007,0
631564387,1159.4865203969978,478.10974627068896,1161.6147,533.0499,1
631564403,1157.8130569882135,475.98187213291186,1172.928,542.1027,1
631564420,1159.5974029168285,474.43566377066225,1197.3967,543.1349,1
631564437,1162.2378774013266,476.9795993882634,1207.7534,579.6016,1
631564453,1165.6393323413288,474.5381887988316,1220.214,531.9122,1
631564470,1169.0656614296158,475.04158411357906,1225.728,561.2573,1
631564487,1167.3997628702102,470.8200138242092,1174.2947,503.613,1
631564503,1169.6946785338453,471.64842041386436,1218.8167,563.1719,1
631564520,1171.8490417994897,465.25856385716605,1221.4063,464.9718,1
631564536,1173.5011983479078,466.71487338745936,1216.4563,569.2475,1
631564553,1173.701435875049,463.90023066789666,1199.1661,506.2646,1
631564570,626.2943954884402,186.8687020529049,632.4879,222.768,0
631564586,1086.9499338746186,436.6692602351752,1109.2931,510.7876,0
631564603,1137.7936664857032,400.2454680331984,1216.0488,429.7121,0
631564619,1146.0655969344232,401.282476599037,1188.1771,474.2022,0
631564636,1151.173457342061,434.5966928487269,1190.3595,621.2747,0
631564653,1157.8135780143923,431.5620799382527,1209.9734,491.7468,0
631564669,1160.4391704572117,427.82063718003377,1185.9825,501.656,0
631564736,709.2061741121558,12.977118698995536,1440.3821,54.0982,0
631564753,478.64988538286826,7.432359475169096,0.0,0.0,0
631564786,362.18794965617803,4.631479113828457,0.0,0.0,0
631564820,488.13580266975003,49.33076244874582,1006.7864,270.0062,0
631566101,986.9217746377318,451.2048796723171,1004.8772,526.0348,0
631566535,342.9271532904819,82.0306209084839,1011.3832,301.1685,0
631566568,497.8184638900858,125.04289962938424,971.1451,299.4845,0
631566601,616.6085908975798,143.59752847788255,1097.9957,258.6328,0
631566634,960.6533574498576,406.54833223702474,978.0774,475.2146,0
631566668,903.4828675635823,300.3648670049192,919.8656,354.4384,0
631566684,914.6471490217118,307.93189328800526,942.9088,371.7993,0
631566701,928.8458454892061,306.8463113164874,975.5824,359.9238,0
631566718,931.8808672067373,290.7012749607914,959.2879,289.7931,0
631566734,938.482427730685,300.88587904974565,982.4381,401.4794,0
631566751,1136.6916323543726,182.78101425037502,1164.3761,224.2307,0
631566768,946.8798051705054,300.48762483609795,965.0838,355.0947,0
631566784,971.1978200868359,322.1498083593595,1015.1441,404.6117,0
631566801,978.696084385146,320.42594272674455,1013.4249,374.2019,0
631566817,971.0117245081656,307.7835441846981,966.6353,320.8776,0
631566834,961.8482935889788,294.2122730248324,943.9677,287.845,0
631566851,956.5802378675528,315.04712542613026,975.0052,371.6773,0
631566867,904.3300753836606,219.27067339627004,921.7871,262.7302,0
631566884,930.8291296406256,212.69029404163797,977.1091,248.4953,0
631566901,938.8372734626655,233.47439199223032,973.4755,326.1474,0
631566917,945.2604091067814,227.14518893663018,984.1588,250.8091,0
631566934,946.6703404096813,238.3059160047521,970.4111,334.2676,0
631566951,953.1434986600597,249.56825734613633,1003.8536,359.1761,1
631566967,952.5783101229395,245.52968752900165,967.655,264.9558,1
631566984,953.9075857306092,251.5967010985506,980.8617,344.5563,1
631567001,955.1463765256206,251.63766345308207,983.0078,298.442,1
631567017,955.089423060822,255.63920293920262,972.1361,340.2452,1
631567034,963.4500311339916,261.04844948582627,1060.3954,364.564,1
631567051,979.830735417248,258.81210970785384,1164.9548,281.4109,1
631567067,1182.2170818106551,272.7117015452159,1210.6619,326.486,0
631567084,1177.9255268104591,278.1208268118647,1206.1208,332.5526,0
631567100,1147.7234984076028,254.87657012661484,1143.8545,279.3212,0
631567117,1161.578687388792,267.7865347675759,1217.7396,350.15,0
631567134,1174.134050630364,289.3607052419344,1239.9324,417.9113,0
631567150,1165.6075464505477,299.2642198899779,1157.2041,399.0565,0
631567167,1167.31653821009,296.9904301073856,1203.6372,340.0118,1
631567184,1168.4022571306473,300.78655567967684,1202.0415,381.822,1
631567200,1166.3458791429277,296.7694540812937,1179.6719,321.5908,1
631567217,1165.494722566492,293.31019845856787,1186.7104,319.3045,1
631567233,1165.1378370430607,293.5306700484632,1189.686,351.744,1
631567250,1162.2766707830492,293.417776382684,1162.7917,348.0612,1
631567267,1160.582598976803,294.6568463675249,1171.312,364.5704,1
631567283,1159.4437338218336,292.66586366938213,1175.8911,324.5389,1
631567300,1156.608861232869,291.63156877930294,1152.6108,334.5032,1
631567317,1157.5264944819512,289.02218151108076,1199.0684,310.826,1
631567333,1155.6860477123407,290.18136300308043,1161.0544,363.8237,1
631567350,1154.2482605580008,292.45485764204176,1164.4265,382.6499,1
631567367,1152.6994135662383,290.41682721533266,1161.8181,315.1573,1
631567383,1154.5430614613435,287.70678501356485,1212.4563,302.3938,1
631567400,1153.4663903687783,285.5835827394147,1167.4479,309.3102,1
631567417,1155.202786759588,283.66546922350636,1211.8376,311.3881,1
631567433,1154.3982147417012,284.57367877677746,1170.2133,359.8057,1
631567450,1156.753340343853,283.88271885231757,1222.9661,331.3951,1
631567466,1158.5918387831239,282.27616996342334,1215.4421,313.4793,1
631567483,1156.060306150382,283.87145780987055,1139.8459,371.5381,1
631567500,1153.9044366350488,285.20460872018555,1145.3289,366.8792,1
631567516,1154.8575485272663,284.83346701462614,1199.8368,334.8666,1
631567533,1154.0331779771163,283.92023832586926,1168.2535,323.5179,1
631567550,1157.3564908228932,286.35644533272927,1241.925,389.3279,1
631567566,1160.6027836449164,285.56396002791894,1242.0117,326.0801,1
631567583,1161.1953503383377,289.39393172340414,1195.176,415.5855,1
631567600,1162.6780566295704,293.5228276014982,1205.11,416.4614,1
631567616,1167.4270631083252,296.12127922945353,1273.3586,395.4259,1
631567633,1168.0411815708844,295.099605503496,1201.5894,330.5665,1
631567650,1168.3974101231931,291.1250609110891,1189.5171,270.1057,1
631567666,1172.677051763626,291.3672959102361,1266.1168,348.0091,1
631567683,1175.5579910044385,291.98793441632085,1241.522,360.0603,1
631567699,1177.9955742655334,292.1418098352137,1232.7092,344.7848,1
631567716,1177.2642977774867,293.4383680625521,1177.5256,367.4554,1
631567733,1175.2361687669595,293.1715119093171,1156.4042,340.6634,1
631567749,1176.1756021886363,296.49685830805953,1208.3152,412.2487,1
631567767,1174.7411722172221,297.13850099697356,1168.3865,361.202,1
631567784,1173.3559067861152,297.3140236048839,1171.2665,348.5971,1
631567800,1172.2990797156285,294.6035259741924,1176.5946,293.9674,1
631567817,1172.5678564613877,293.656226347893,1206.11,327.4316,1
631567833,1175.4026150987281,292.5732988124442,1249.1744,331.4966,1
631567850,1176.0897722067612,291.74731672258486,1211.3427,337.8897,1
631567867,1175.1812395560141,292.12249768925903,1182.6708,353.9476,1
631567883,1175.9552123768397,291.86350007627243,1219.2111,340.9892,1
631567900,1175.32605301029,293.9178612935923,1188.5625,387.5439,1
631567917,1180.8761400685055,294.87905698910106,1306.0342,367.8969,1
631567933,1484.0862343107106,222.73709800342755,1525.8508,273.5637,0
631567950,1172.6026263226875,323.3807210658359,1199.9946,383.6785,0
631567967,1161.167952816818,303.44317438767723,1176.705,338.3645,0
631567983,1202.933614513939,280.4100265814238,1319.2825,284.7738,0
631568000,1212.1180620156333,281.35695567202356,1269.4412,340.6185,0
631568016,1204.1578406409956,274.91750188229327,1200.3903,300.7384,0
631568033,1212.7784642566558,329.53862545995537,1241.7791,391.1222,0
631568050,1226.9848854032348,280.0754720159976,1257.2158,335.3483,0
631568066,1225.4233302042073,281.0633680576498,1253.9402,337.5428,0
631568083,1207.1023499388969,302.4528059605297,1197.7371,408.0568,0
631568100,1195.7076797109862,284.6375429957842,1190.3433,279.6303,0
631568116,1192.7641038588447,296.7452211708828,1209.3397,407.6469,0
631568133,1181.8585647481282,294.8392568713146,1155.647,339.9644,1
631568150,1188.4875506698554,297.7145261226159,1258.1355,373.8262,1
631568166,1191.5022956369014,288.1799929401627,1242.6979,271.9645,1
631568183,1184.707030611361,290.6477228249706,1159.9885,368.007,1
631568199,1183.1891422050728,295.2972851781555,1199.2195,396.0363,1
631568216,1198.4003568209994,293.1536456401344,1373.4008,328.7195,1
631568233,1199.0828378544777,287.27072607259134,1233.594,277.721,1
631568249,1193.5406069946962,285.69168084819853,1159.3915,323.5723,1
631568266,1190.7470553881599,285.8328909503295,1186.4227,345.1113,1
631568283,1191.6984410880814,284.8138506833526,1232.8672,328.942,1
631568299,1189.8772358452563,282.69787888202615,1195.6326,310.4882,1
631568316,1191.4623859682702,279.43698568056783,1243.011,290.329,1
631568332,1194.680261255757,275.01326543570224,1269.2308,267.8552,1
631568349,1197.0779415251209,274.78622079330364,1258.8984,332.9518,1
631568366,1197.3136359498662,275.870994729349,1226.6399,354.3227,1
631568382,1197.6724593809026,280.4768990221065,1228.3152,416.5569,1
631568399,1194.8684110436607,278.835122448808,1177.7554,306.9179,1
631568416,1196.164439292688,281.9553848087617,1244.2227,393.2109,1
631568432,1192.7496846526958,281.35522813708343,1165.3041,324.8335,1
631568449,1192.401954270753,282.48443731982445,1216.5095,357.4584,1
631568466,1193.2477210052887,281.1097496259469,1237.8132,310.3879,1
631568482,1193.604203727495,281.80899163565425,1228.9766,349.5385,1
631568499,1191.0250368926181,281.9103644966015,1176.674,337.4681,1
631568516,1185.1280091988342,283.1107217444608,1115.7209,358.2854,1
631568532,1183.711588054257,285.6077735136659,1194.9036,385.1268,1
631568549,1188.1999562537335,280.3298171062584,1307.5695,233.0083,1
631568565,1188.0965919001371,281.28182725278526,1221.2456,355.2547,1
631568582,1186.5070380313102,282.50591393355984,1187.6716,367.3345,1
631568599,1186.3913675681197,283.2687539036635,1213.751,344.6553,1
631568615,1180.0014283552603,281.4699120870186,1102.2051,306.8716,1
631568632,872.8075904138379,283.8795659901601,888.113,335.4276,0
631568649,711.2538598945144,253.80647309460028,720.1586,299.4883,0
631568665,716.8040993461054,242.22603936243326,732.007,273.4587,0
631568682,737.1701545303432,256.1546207806926,788.9221,334.3083,0
631568699,743.1974565610275,260.0638109865643,771.4873,320.09,0
631568715,749.8463910247274,268.66853010762105,786.4142,354.9559,0
631568732,745.8830752487115,265.88213268243993,735.3329,297.222,1
631568748,743.9553746507363,261.32495220549276,742.3555,277.9579,1
631568765,746.9584903209069,260.4940937603194,777.8864,301.4778,1
631568782,752.2088008026669,265.55655878020116,802.5836,356.8657,1
631568798,750.1201681672555,270.6107202906581,740.2618,365.5091,1
631568815,744.7655463682505,265.05696301107986,703.8335,252.9943,1
631568832,741.6402937957654,264.73491896157867,720.1038,307.9756,1
631568848,737.8912918567579,266.0407458874055,707.7981,328.5753,1
631568865,735.1602087365247,264.13586804690163,715.9578,286.4587,1
631568882,734.0046224814253,263.642042892997,733.0807,304.4282,1
631568898,736.1816079797027,266.69678464801166,777.2255,357.8511,1
631568915,737.3124451809969,267.0587763402566,764.7449,319.1985,1
631568931,737.7201229914677,269.8851354006006,754.4485,359.5419,1
631568948,739.4958706206961,273.28406906260614,775.5842,372.3692,1
631568965,740.2294974343554,278.159052346517,760.1573,400.9466,1
631568981,738.6611728198069,277.25340168127514,724.4793,303.4987,1
631568998,737.1821668391872,275.26803856221284,725.0007,284.0385,1
631569015,734.0359489469712,271.4369611481222,696.2576,249.1727,1
631569031,729.6190205145601,270.9173076004109,671.8425,308.4226,1
631569048,730.2187180853961,271.8219412886271,755.8722,336.1431,1
631569065,728.8061014965668,273.043632075881,720.1547,342.4183,1
631569081,729.7899961993066,272.5847218308788,761.8673,311.3065,1
631569098,727.803664288456,271.58029592613303,708.5241,300.1917,1
631569114,727.6223975917038,272.58113758004185,739.4292,339.6836,1
631569131,729.1937305683675,273.17721005292685,770.6045,332.4901,1
631569148,728.5633894426528,273.19924002718363,728.4502,318.7497,1
631569164,728.1991691415644,273.79891927657707,734.0552,328.0768,1
631569181,728.8056506045576,273.2645898840154,757.1684,312.8766,1
631569199,731.1023725612724,274.5990739827462,784.4288,348.4819,1
631569215,736.2352501999227,278.27454820492784,836.2076,398.8422,1
631569232,742.6949632960861,279.6990059147418,855.1934,348.7776,1
631569249,743.0265413071245,277.81789552005137,746.2461,281.3978,1
631569265,741.7488379749168,277.02376882482855,721.4894,306.0344,1
631569282,742.1730340940085,280.0150275084749,754.6342,387.179,1
631569298,737.5071032316672,276.0085500353839,657.7273,248.8783,1
631569315,737.8242030991767,275.8070653766958,744.7677,313.3399,1
631569332,738.0894136151699,275.9905630976455,746.6913,327.6453,1
631569348,741.8990785237432,277.9334062465688,810.4018,365.3741,1
631569365,745.1399559060515,282.16542750655,801.5975,406.1429,1
631569382,746.3875418228412,281.50877867064787,769.4955,312.0723,1
