timstamp,smoothx,smoothy,rawx,rawy,fixation
631596402,991.4623277596238,552.5484676000735,1048.3237,635.8298,1
631596419,992.3018528338791,548.6049017328082,1017.1431,593.4634,1
631596436,998.6971478522172,551.0346278600211,1080.3843,665.7675,1
631596453,996.3812871330738,548.9941622433282,985.8851,610.4476,1
631596470,989.9701957212723,543.202650293513,931.5125,555.2866,1
631596487,991.9700847638857,536.8547402742037,1035.5029,540.4225,1
631596502,998.2175558994035,537.8219345739867,1095.8105,643.1863,1
631596519,997.085088693374,535.1178930550706,996.8891,585.4697,1
631596535,994.8311679222528,535.0246802850367,978.7169,624.3792,1
631596552,993.1802493883383,534.5981457083558,986.1078,618.4672,1
631596568,993.3520145554504,531.926507537662,1014.0367,579.4779,1
631596585,992.7868488889851,534.7211251007286,1001.2104,672.698,1
631596602,993.7736881756421,538.3038829028659,1026.2935,688.748,1
631596618,995.79952031119,537.1269203820368,1045.3711,604.1075,1
631596635,992.1132740411967,535.3638532424299,949.0176,591.1544,1
631596652,992.9309479405664,528.9868511482904,1026.313,503.9169,1
631596668,993.1472660090079,528.4016400074443,1014.8428,610.5415,1
631596685,990.1325387402899,526.1096585496057,957.9462,575.9839,1
631596702,990.6542348133879,526.2040692172358,1019.583,621.3344,1
631596718,992.1445090680068,525.7490156973768,1037.0947,609.8491,1
631596735,994.6903396594145,525.5979505008808,1056.4166,615.0004,1
631596751,993.4409954500933,527.6964271816661,984.6247,651.3979,1
631596768,990.3661102021387,525.2182556990642,950.5204,567.654,1
631596785,991.2701222946996,524.1864523888357,1027.2428,599.2271,1
631596801,987.8295396506819,521.3368079207037,951.0824,559.9105,1
631596818,986.6581286408417,517.4554680159633,994.9586,538.7156,1
631596835,986.6781662990466,515.5801177575228,1013.265,581.8209,1
631596851,988.8534166077346,514.6681559821352,1046.4722,600.9736,1
631596868,986.1497273023123,513.9222192283652,954.1806,595.302,1
631596884,977.3734791732113,510.59762013679716,844.3192,538.2989,1
631596901,759.1514701305668,314.2180574560145,769.2943,368.3855,0
631596918,764.9648714912615,410.316174524681,774.121,477.1427,0
631596934,793.2625456651048,412.0246323704031,832.9747,481.6762,0
631596951,822.2624425222818,428.38091327144406,893.0803,535.6962,0
631596968,820.0442785627947,426.4185505152561,823.9308,489.0575,0
631596984,815.6695142567744,404.98607252904236,809.6937,376.1586,0
631597001,824.0929785562456,402.3067489743475,878.3951,455.5228,1
631597018,824.3388689199861,405.04073845865844,836.4207,490.9293,1
631597034,825.9462044510295,392.7169994644946,849.1923,366.1191,1
631597051,821.5567715392807,388.98470454881925,798.2942,424.2169,1
631597068,819.2387114555854,386.554521797472,810.858,431.016,1
631597084,825.992062117721,393.9570891540246,901.297,539.8441,1
631597101,822.9347888200826,382.94184513013,803.5371,325.416,1
631597117,819.3183815526124,368.4196164040204,793.1295,261.8456,1
631597134,818.2079434211882,357.54564986727047,819.6407,290.2347,1
631597151,818.4485599565005,348.57696372201065,836.0432,302.0475,1
631597167,815.6120394242581,340.7958815912687,793.4569,306.8123,1
631597184,815.4914766551959,334.6651085715964,829.2811,322.4223,1
631597201,813.2744302559905,325.35337036866605,798.3705,262.0672,1
631597217,811.9466729534428,321.4319461438793,808.9043,340.8924,1
631597234,808.4430919290176,314.8079311876086,773.6909,288.1788,1
631597251,803.8797188388027,305.6850307558046,754.0291,235.9173,1
631597267,800.3428103997159,298.6451018615699,766.9221,263.5666,1
631597284,800.1229963324284,295.4404612125591,819.0466,326.0569,1
631597300,806.6182133440399,183.93295394345785,820.4236,221.5978,0
631597317,780.3463903778522,314.17798209481685,791.38,368.5929,0
631597334,763.8257579108194,297.0519453061466,757.4329,329.5094,0
631597350,759.3324960596925,296.013914310272,760.5239,345.458,0
631597367,750.0962741626844,277.64521914106064,732.6482,265.1124,0
631597384,744.1421129968942,259.4420089793893,731.3538,225.9129,0
631597400,744.4914684696147,247.44461561227067,758.1047,228.4604,1
631597417,736.2604997782856,239.48901923671673,698.1089,233.7308,1
631597434,733.8064136265115,227.3201223491564,729.4827,181.4568,1
631597450,735.9954059301501,221.87365937447527,765.7184,222.7556,1
631597467,738.5751278630468,215.66534689746564,773.3926,204.4081,1
631597483,750.1403412258348,207.1082991264388,872.486,167.3462,1
631597500,757.3097528144423,205.07481734463965,840.0869,231.9956,1
631597517,760.2875621322406,201.56847448027935,800.6387,208.5207,1
631597534,761.1972297411028,199.71637085472798,778.5254,225.1164,1
631597551,757.6266701733492,193.53019364540253,721.0734,158.4415,1
631597568,755.6557548283189,190.18079728312168,738.9398,192.5082,1
631597584,819.2627506838512,431.6294872312441,830.4266,501.8957,0
631597601,816.6788437986761,290.8463265395128,829.5374,342.6378,0
631597617,787.6263225536669,246.09243006478096,770.214,240.8407,0
631597634,750.4735355007775,226.28985980774644,685.0972,223.7025,0
631597651,732.3239579239531,229.30125217361947,686.9752,282.0775,0
631597668,723.0404908300426,217.47269964331682,696.8141,206.0849,0
631597684,693.2054344317966,140.35747491095145,702.8052,170.9612,0
631597701,676.7343947532432,150.18011460574567,685.5165,181.8743,0
631597717,713.8184325086024,181.90143528770471,761.8899,254.4203,0
631597734,732.4508509233627,182.29571079884332,781.5416,220.0056,0
631597751,739.6269612027456,172.85161045099824,772.8038,176.6629,0
631597767,752.4416614807725,173.94196301972548,815.7513,215.2227,0
631597784,759.0018749206073,168.19327278125795,803.274,172.0538,1
631597801,765.7185612779305,175.70480224863275,815.984,261.8595,1
631597817,765.6150348368081,174.4654089594085,774.7963,200.7148,1
631597834,770.1685393741982,171.9568575560708,816.1694,186.5748,1
631597851,776.841534248435,177.61598962154847,843.7814,268.3267,1
631597867,782.0155239802318,182.79349349931832,839.0776,272.8314,1
631597884,779.9825224830468,179.57728815785407,767.1305,177.9788,1
631597900,780.2957452947808,185.3920627178385,791.3682,290.9314,1
631597917,785.4013667029686,180.29212422443163,854.5269,150.1967,1
631597934,785.4515233923711,181.56965722422015,793.2246,234.6962,1
631597950,788.548978881428,182.10525514094041,836.2322,225.7654,1
631597967,789.9254734642925,182.07500503954472,815.4256,217.4408,1
631597984,789.3687698478935,182.59908381522595,788.444,226.2429,1
631598000,798.603220431138,182.58598892129683,939.4154,219.6855,1
631598017,1200.1207021211646,73.87244873125357,1231.8644,101.8104,0
631598034,1191.9523462082047,234.18162488383302,1221.2996,283.0242,0
631598050,1162.4202537508058,198.99822141470125,1160.7329,202.8366,0
631598067,1162.6964695001452,214.0753774343644,1191.4143,294.033,0
631598083,1155.5754051792276,200.01644199272684,1162.5175,196.5004,0
631598100,1168.6683663002755,202.45345175107815,1251.2261,258.7122,0
631598117,1177.1423018527062,206.10510799235405,1248.6187,271.9329,1
631598133,1171.5917775964301,202.3367786395727,1166.416,221.7157,1
631598150,1174.849563279898,198.09159280698907,1226.5492,210.6715,1
631598167,1175.590273995267,197.44541595874858,1209.7915,236.8438,1
631598183,1175.419939915517,201.63877694565184,1201.683,286.5237,1
631598200,1172.6583840455316,190.4860220516631,1176.0989,118.3979,1
631598217,1171.238312809415,192.16304844481346,1185.418,256.792,1
631598233,1170.2878571143247,190.19731171434398,1189.4989,211.8785,1
631598250,1170.398825793586,185.24985259919254,1202.1488,167.8593,1
631598266,1166.4147433839833,182.97569457376594,1147.3872,198.7064,1
631598283,1164.6855165250615,177.90404752069315,1174.4149,153.4849,1
631598300,1165.7710795011596,178.71293187988294,1212.0393,239.5433,1
631598316,1163.5691268030746,176.12538134976228,1164.4659,184.2246,1
631598333,1162.4790615961222,176.69124557330375,1178.7579,233.8458,1
631598350,1160.6821843631412,172.42437219211925,1167.3174,150.5866,1
631598366,1161.281510281814,168.77838482450244,1204.3003,157.5716,1
631598383,1160.136133119126,166.8666036270627,1175.1818,184.6292,1
631598400,1160.721301488451,167.7056969668582,1202.6425,232.7934,1
631598416,1160.828454373057,166.17186572708005,1194.8724,188.0192,1
631598433,1161.0443682996047,171.52630842547723,1194.9698,315.7244,1
631598449,1287.2344967542917,456.3878673020142,1317.7378,535.4777,0
631598466,1331.3068243380897,634.9260581916986,1361.3745,737.9316,0
631598483,1278.6462066895076,666.3765625736237,1250.9644,807.7281,0
631598499,1254.702487838908,651.5627185693054,1232.4143,721.7935,0
631598516,1248.0775420232878,645.0734670883714,1254.9486,726.5071,0
631598533,1249.0777452347302,632.1380969457205,1281.3044,676.7322,0
631598549,1245.1023120758707,623.6269415851168,1252.832,678.1007,1
631598566,1243.407321825165,621.262426357609,1260.9443,707.5611,1
631598583,1240.140272482633,617.9617076966748,1245.3516,694.4462,1
631598599,1238.8578254972058,614.9157489212085,1257.0798,690.533,1
631598616,1238.1365094547216,614.8990389671351,1259.942,716.7065,1
631598632,1239.409036991306,615.8654557434296,1279.5022,727.9719,1
631598649,1245.6434696594267,601.9297294384586,1339.4056,547.566,1
631598666,1248.1728384973396,588.9394229021221,1304.097,537.0399,1
631598682,1252.1427903849021,591.6254859535744,1323.6252,733.1694,1
631598699,1250.052284442778,582.1307175852254,1250.0564,559.3573,1
631598716,1248.118083908378,583.5481797659978,1248.1178,710.8872,1
631598732,1244.850398291794,584.8331941727575,1226.8071,709.3263,1
631598749,1243.0150681682344,587.7748885611929,1244.582,736.8741,1
631598766,1243.5069983596059,594.1762798782692,1277.969,797.179,1
631598782,1241.3720285172965,596.1400628084663,1237.5587,725.7401,1
631598799,925.8728635844827,655.9498823690479,938.6415,756.8754,0
631598816,663.976387963247,636.0013504790264,665.9999,731.1906,0
631598832,680.8862724485246,682.6076516713883,700.0029,836.8835,0
631598849,682.6707138089756,689.8289196297435,688.215,808.2982,0
631598865,682.2148054041359,687.0918393041565,682.9344,779.6116,0
631598882,694.1485922170659,682.3724297141048,745.7902,763.3226,0
631598899,743.8773960752366,644.226365722088,749.1517,741.4459,0
631598915,712.1024580122535,621.5537710700123,716.3325,715.4241,0
631598932,686.0196356472632,633.3817959931346,661.7422,741.524,0
631598950,693.5987891314314,625.3174313466974,713.0419,701.4477,0
631598966,700.9539675690548,628.6217341094531,727.236,734.6956,0
631598983,708.1187452105908,626.5547912948774,741.3077,712.1494,0
631599000,711.3375671800927,624.4643748384834,731.36,707.4644,1
631599016,718.989454923757,633.1222684994092,767.958,785.9032,1
631599033,719.0619497779714,634.8429751860122,722.2044,742.7369,1
631599049,721.6586610061763,636.2313252919272,744.7693,743.1649,1
631599066,727.513351220702,641.2130601758455,780.4888,784.0848,1
631599083,725.5338965004448,642.4700812662714,708.1648,749.6505,1
631599099,721.0153940405866,631.2669727841666,678.3044,598.9129,1
631599116,723.6280911327443,626.2032190642067,756.7346,662.0731,1
631599133,726.0031214100617,621.7133189851131,757.4506,662.3568,1
631599149,722.4571327156423,619.6183603630664,681.5274,689.6676,1
631599166,721.9051062783033,617.4312719772589,719.1284,685.7146,1
631599183,724.6365186082737,615.7013403960684,766.0186,690.4272,1
631599199,724.1564592875334,609.6488926193213,721.7797,617.4284,1
631599216,724.9510659559437,607.2351420429737,740.5208,671.7053,1
631599232,723.0796261918618,605.6700046948523,699.0783,682.7361,1
631599249,718.7990800314413,601.6223292651376,659.296,636.3881,1
631599266,719.7401058067232,601.9777456703581,741.765,712.1632,1
631599282,720.0129763794009,602.9171244649417,730.8942,721.7196,1
631599299,716.971900710371,600.9799713096462,674.8886,667.0522,1
631599316,714.3644648646024,597.8603606350812,680.9817,642.6201,1
631599332,711.4270714239476,596.3086717154004,673.363,669.596,1
631599349,709.9143768318403,595.0569025327211,696.8843,673.5526,1
631599366,708.4030489637772,595.7432105597973,695.2529,709.2464,1
631599382,704.6824977522382,595.4989715763197,654.3179,689.3334,1
631599399,704.6998208526002,593.0124260606926,720.7334,644.4807,1
631599415,706.7537481999284,592.5205727345178,756.8591,685.8237,1
631599432,709.0695517460452,594.7281463061272,754.3694,739.8752,1
631599449,708.6495876451937,595.656880870907,710.0085,708.1208,1
631599465,709.241431444086,599.6934897548354,728.2997,771.9733,1
631599482,706.7879870992805,599.615554570647,674.3727,686.8899,1
631599498,703.2165567264963,598.2770912531615,652.2175,660.9965,1
631599515,702.9768626238099,596.2579729777824,715.4362,655.9534,1
631599532,702.6715308579938,591.8268348341387,708.4684,602.6475,1
631599548,701.9626870557818,590.8729543848345,701.7583,670.3207,1
631599565,703.218834205595,586.9076665509695,740.5514,614.5115,1
631599582,702.5315809327373,587.6087170151927,695.433,700.9742,1
631599598,701.587614553947,586.7798607807098,687.8667,654.4546,1
631599615,698.4865987755127,586.3762179489572,656.6384,669.8887,1
631599632,698.4253557701373,588.4517356956846,710.1849,719.3646,1
631599648,699.0468104572942,588.081526466468,714.2832,674.0018,1
631599665,700.082949936826,587.7584038006272,725.6423,674.2306,1
631599681,699.3304885754069,586.0745737603687,697.7345,647.1573,1
631599698,698.6016076835441,588.1515599578881,691.8285,713.4518,1
631599715,697.943809719839,586.9314495001186,695.41,654.5094,1
631599731,697.5400981078096,585.161626857302,695.3545,644.5579,1
631599748,698.0309289153697,590.9973404319694,705.9047,789.439,1
631599765,696.5684242438402,595.8428689680018,679.5058,777.4629,1
631599781,693.7627482264846,598.7920524931969,653.6713,740.482,1
631599798,691.7058101633387,600.584810826179,661.1654,712.4108,1
631599815,689.1931810636017,605.2949926226993,652.7612,768.5754,1
631599831,690.3325655954773,606.7582996453801,718.611,709.8856,1
631599848,691.4935087762443,610.4282574295853,720.4413,755.4745,1
631599865,692.3216960833265,612.6591182970602,713.8564,732.4482,1
631599881,690.8530206516241,617.2993201545166,666.9257,779.0267,1
631599898,690.759071437184,622.8896536865678,698.4015,795.7201,1
631599915,693.0331007044034,625.836653517453,744.5865,751.5197,1
631599931,691.7449661757555,624.6857874440866,679.1956,678.3405,1
631599948,690.7249346534429,622.2985950198192,678.7836,652.9189,1
631599964,686.1515700584855,621.723738862907,615.2727,696.6666,1
631599981,686.8226640574203,619.5519603954599,704.599,658.8342,1
631599998,694.9188413277313,621.7885129787433,836.0728,746.8698,1
631600014,1073.1385261222451,668.041312738202,1091.938,772.3069,0
631600031,1187.719273471807,635.5374767942693,1211.7479,736.911,0
631600048,1150.8838477283957,594.7562281705735,1136.1238,643.9033,0
631600064,1155.3929297185055,587.8609139815544,1188.3787,667.4471,0
631600081,1163.9960309295905,581.8074878882436,1214.6385,656.2145,0
631600097,1163.2516510914434,580.320476389497,1183.8326,668.0736,0
631600114,1178.6570802656993,578.1824815517791,1281.114,661.6764,1
631600131,1177.0788767986066,577.3475798903338,1190.6841,666.1547,1
631600147,1175.456106859958,578.7503530165579,1187.2366,683.7802,1
631600164,1178.8465293406814,578.7685429796194,1228.9348,673.6156,1
631600181,1176.3234834656253,573.0362165855436,1178.0587,612.4005,1
631600197,1178.6648735146225,573.4529076575443,1224.4895,672.9023,1
631600214,1181.2264733600987,576.2710589170805,1230.3396,702.9869,1
631600231,1179.606451273211,576.218819694132,1184.3722,669.4465,1
631600247,1186.9250775224461,578.5716148239026,1295.2588,703.6762,1
631600264,1186.5973783458094,579.9016721460797,1203.1807,691.077,1
631600281,1190.2119891749094,583.8629119881706,1257.3879,733.1337,1
631600297,1193.8913132315326,588.3340753773598,1262.5068,746.0328,1
631600314,1195.585035062059,593.874439417748,1236.7767,768.2598,1
631600330,1202.041535006022,594.8501283998706,1313.0457,698.8812,1
631600347,1204.127039414445,597.6375786818502,1249.7693,730.7609,1
631600364,1209.7752079080055,603.4627746982437,1309.3262,787.8885,1
631600381,1214.6683413257051,608.4175120053372,1301.9922,777.5562,1
631600398,1217.9107527793292,610.1589102122039,1279.2505,723.2234,1
631600415,1220.6005968592874,609.3256958290335,1273.7104,677.9167,1
631600431,1224.3523289973753,613.2464099122784,1294.1968,768.7397,1
631600448,1229.184990125364,615.4754592549912,1317.0759,740.2671,1
631600464,1232.9044804774985,615.8988414309629,1301.7222,708.0718,1
631600481,1234.3218069922516,617.4727450984603,1263.8864,732.0192,1
631600498,1236.5280839606694,619.600130112898,1280.897,745.4322,1
631600515,1235.3635968467731,621.3099170151487,1222.8336,739.0613,1
631600548,1235.221700577768,625.2481615832778,1238.2,786.9958,1
631600564,1240.9259024866374,626.1303679795892,1340.4086,720.5472,1
631600581,1243.5407672930553,627.8478784900037,1293.3794,742.1512,1
631600598,1247.3145526943358,627.2309975868657,1320.7937,698.1193,1
631600614,1248.369469384696,629.1615042148384,1270.5502,751.7892,1
631600631,1244.036574393569,630.2628786274547,1185.8591,736.1012,1
631600648,1239.8652537091277,628.9487767485417,1181.5618,691.3536,1
631600664,1237.220932006153,625.55316469447,1211.5266,654.4493,1
631600681,1235.3984203539865,622.9717817446355,1232.0137,670.9342,1
631600697,915.3992643985345,565.0245491813724,928.8926,653.9131,0
631600714,772.7878149926108,417.87642960147616,782.1757,485.7867,0
631600731,808.432075526368,380.8196954293123,857.3121,402.9193,0
631600747,789.3882043914651,370.14054250412784,760.7303,407.7507,0
631600764,782.5886288792464,373.3115833775235,771.944,446.2844,0
631600781,775.7931501110925,374.09117759258794,758.3616,439.7209,0
631600797,782.6458346905438,414.2689922889703,792.494,481.8242,0
631600814,822.7731169153667,459.229205262533,833.7309,533.1531,0
631600831,780.7180686978779,466.5275164863876,746.0129,548.6394,0
631600847,776.8285378980814,449.1950166210895,778.5939,482.1673,0
631600864,783.1806295399261,432.3238569705248,813.3594,446.1645,0
631600880,790.9267545578931,444.7913352463286,831.8469,572.9681,0
631600897,788.3092744296416,421.13354113577225,786.1885,359.4882,1
631600914,738.1563464436368,180.2851780328892,749.1328,216.6558,0
631600931,730.8731419716894,249.79869246508554,740.6533,295.1894,0
631600947,730.5956670592449,234.61129423459238,740.4644,260.8723,0
631600964,743.2064197035,226.0586081587606,780.1409,249.6487,0
631600981,737.823553323993,223.58628992699718,731.4973,257.375,0
631600997,742.7453585952292,213.72104373346863,774.0812,211.2766,0
631601014,746.7965896587175,222.51963805897583,777.2901,313.9991,1
631601030,741.3787441082893,222.0421900037131,718.8132,260.5206,1
631601047,739.1736437122546,230.56589691197073,733.5356,337.6815,1
631601063,746.3924707960734,232.1152416546418,813.705,288.0381,1
631601080,746.4424741640146,237.7211219415462,755.9557,333.0656,1
631601097,748.5736143428878,244.619285629455,777.6929,358.1023,1
631601113,748.4081872206539,248.4467270408693,755.4374,332.0143,1
631601130,748.7742881496957,249.80351023370042,761.9467,306.2329,1
631601147,747.4327814255663,249.42446474757188,741.1255,284.454,1
631601163,746.622949805798,255.3074006833913,745.5416,374.8597,1
631601180,748.0138137433794,255.22819313359548,776.1614,293.3444,1
631601197,745.9243937043699,255.40123676375146,727.4519,297.2161,1
631601213,745.9782062570378,254.32172180618088,757.6325,278.035,1
631601230,749.6463075352937,257.2397008877989,812.6089,344.9887,1
631601246,750.7748466450143,259.4602334971956,775.7578,335.9215,1
631601263,751.4851513715346,258.0814921081008,770.7216,275.2126,1
631601280,752.995319320604,262.92202883674184,783.3996,386.6502,1
631601297,754.7891527192103,263.615401052965,790.208,315.0631,1
631601313,757.6522916003696,260.375516888218,810.6754,243.6553,1
631601330,758.4591815179402,260.20237841438563,776.2998,300.1055,1
631601346,758.135607418799,256.5434862442084,758.1708,234.0995,1
631601363,754.4175259081475,252.6902329163385,698.5185,228.6592,1
631601380,752.5845150198297,246.90474349142565,731.9403,190.2652,1
631601396,747.5657199960224,238.7303146780283,674.7578,140.7233,1
631601413,743.670346140864,230.86888453518466,693.8481,143.9755,1
631601430,740.6023739057788,226.68119384988677,705.8924,216.1145,1
631601446,737.9606968233453,221.7440991114783,713.2979,195.4357,1
631601463,736.8690456938336,217.48880032021776,744.4749,205.5655,1
631601480,733.3596296388428,210.03877069500177,694.7906,140.0247,1
631601496,729.9005986609899,205.9069265230458,698.2077,197.2732,1
631601513,727.9751899893155,197.58573929638496,725.3369,121.9487,1
631601529,725.285978833415,192.06851395842216,702.7631,166.2183,1
631601546,727.3267486872048,186.13422782928632,788.8029,161.6554,1
631601563,722.854599295608,178.08524612048816,677.3734,107.0877,1
631601579,722.2060336131462,171.98718356181007,737.7104,144.809,1
631601596,720.0948818978944,164.25583646209517,711.6847,107.7904,1
631601613,717.3849057867533,155.57378142597642,696.473,78.7303,1
631601646,656.1958017992333,5.871952047751009,665.9636,18.4155,0
631601663,627.9726556687141,5.0112424756506595,607.2433,15.7989,0
631601979,649.7717244572071,1.0460861503165404,683.1176,49.5531,1
631601996,649.6746315106009,1.9617793781135051,650.3357,19.6834,1
631602079,647.7237309518854,0.4514138790628909,689.4081,28.5976,1
631602096,648.7425675390572,4.1857340426903376,672.0789,79.5358,1
631602112,651.8454797955287,6.765731205025752,710.4608,59.725,1
631602129,647.6004482011529,7.114019383641273,579.8795,16.3624,1
631602146,743.8800109655217,216.3217916395838,754.6353,257.4818,0
631602162,601.847894257376,13.372806699439057,609.2368,26.251,0
631602179,596.4236723524951,51.64700191773751,596.968,112.5884,0
631602196,581.0088402171784,56.57234042202494,554.954,85.3481,0
631602212,585.2396571189673,46.92472216505321,605.211,31.5055,0
631602229,590.3947905712225,35.70326968036538,618.7946,1.8382,0
631602246,609.548644652,66.71265760274434,616.5778,86.6707,0
631602262,856.2538209712827,62.592195176805625,873.6983,84.9521,0
631602279,870.2415355407709,72.77682438546005,902.5511,108.2938,0
631602296,879.5176599196478,70.00186324754662,917.0504,87.5333,0
631602312,876.2695273419641,70.176247578508,884.1989,94.2259,0
631602329,871.3415028873799,80.73005931314167,868.3926,152.2451,0
631602345,919.0130677817675,108.93368679597735,938.5001,138.1131,0
631602362,916.0862931899303,141.14552855429525,935.0378,174.5101,0
631602379,897.5228530207103,106.56929165085143,897.2852,95.9554,0
631602395,865.6470893734478,98.42902628194021,817.3224,106.7431,0
631602412,853.7710886501404,87.2851833518653,835.1255,75.4058,0
