timstamp,smoothx,smoothy,rawx,rawy,fixation
631508365,1015.16799359698,487.950898330102,1008.7339,518.532,1
631508381,1017.8275243335521,488.59429530821154,1062.9517,568.337,1
631508398,1098.8480570804445,229.71434497082257,1124.3418,276.8615,0
631508415,1070.8785465057776,513.020373576542,1091.5687,596.9498,0
631508431,1038.8943253937755,512.2178833164272,1025.019,594.375,0
631508448,1029.2789623187023,497.7398017080174,1029.0432,546.4081,0
631508464,1027.5470058835344,505.8979575609083,1041.162,615.9259,0
631508481,1036.89990080129,498.5007403940055,1095.3325,547.7006,0
631508498,1038.0010674259865,441.9779338869327,1058.2202,516.2081,0
631508514,1032.8676873720706,419.1494867396037,1053.1636,490.3277,0
631508531,1029.882121338754,457.19638215581784,1045.9761,576.2099,0
631508548,1032.0642863571582,485.2418411953522,1055.3029,627.9393,0
631508564,1020.5721611833848,494.1391412022616,1003.542,603.7288,0
631508581,1031.2865381911665,494.6014212259951,1094.692,577.2256,0
631508598,1034.9914969256972,499.82297119274364,1072.5847,609.5531,1
631508614,1038.6277404694436,497.6275359145727,1079.7234,563.6964,1
631508631,1032.0283676640215,504.63286188650727,1003.968,638.16,1
631508648,1035.393954959354,508.4158267652902,1080.7102,621.7107,1
631508664,1036.6858011492577,517.0512947527576,1065.697,679.8577,1
631508681,1031.4136124594888,515.2134365353112,999.9733,575.0299,1
631508697,1030.5551603726597,516.133885118846,1041.2637,606.4374,1
631508714,1032.1207191239407,512.091153738258,1069.8,543.8058,1
631508731,1033.9955891337129,510.02392463591616,1075.6169,565.2856,1
631508747,1034.7055924544977,510.9940615130551,1062.0605,606.3527,1
631508764,1037.9056609511097,512.007707105949,1097.5297,608.8676,1
631508781,1040.5771666231533,510.57265750811865,1093.9458,571.8596,1
631508797,1042.9517318416579,508.35586440430467,1092.5668,557.7665,1
631508830,1043.226301298396,508.8791368228705,1062.2217,601.0908,1
631508847,1033.1644952831618,502.1696225529872,900.7346,475.6256,1
631508864,852.3822621384634,400.92018418435663,865.3306,467.5581,0
631508880,839.8873740172043,443.6787889738433,851.7632,515.7695,0
631508897,851.1730355755285,454.14062093926884,874.985,539.6729,0
631508914,855.7946012592488,417.7892838455857,879.1065,405.0215,0
631508930,865.346532710358,410.05610726126315,908.3856,453.0139,0
631508947,860.9104182978347,405.07135301909875,855.8386,450.8275,0
631508964,862.0988527199493,406.0982491432126,881.1486,480.3113,1
631508980,865.9361018648194,404.2735474797951,902.3594,460.7979,1
631508997,868.4317049786298,406.4539383369224,898.4434,491.7218,1
631509014,871.6903282749015,396.5151574607885,910.9772,379.4264,1
631509030,872.1200412284924,401.93825624734404,887.5226,522.5261,1
631509047,877.916013059016,407.81901113586395,944.5873,537.9243,1
631509064,877.3956225567034,404.7547619147611,883.5543,437.4973,1
631509080,871.2497688406511,391.45883661753885,816.9833,298.4581,1
631509097,870.2623747781445,383.5057411140215,873.4694,352.6156,1
631509113,868.4328328336964,381.45325189782784,860.226,426.2451,1
631509130,870.1616847873948,369.8415768298774,909.2063,279.3312,1
631509147,869.4589445450825,362.146928162858,875.4957,325.6302,1
631509163,866.4823203776866,353.83585098745675,841.0515,305.5954,1
631509180,864.2319522278617,346.9348771194085,849.2601,319.3624,1
631509197,859.059258668783,344.02542190326807,800.2974,379.1059,1
631509213,856.8725148465589,339.36487253127643,844.7214,344.2838,1
631509230,853.0843430193029,334.15047743172335,816.4014,328.1526,1
631509247,852.2370462405662,327.39828211294036,863.2385,294.4296,1
631509263,850.7730269135207,321.6979380308298,851.2346,306.7748,1
631509280,852.0518001879046,316.9266712863711,897.0249,318.4168,1
631509296,852.8339583495771,310.3382858941392,888.3877,277.8384,1
631509313,852.6381777783142,306.6997969178226,869.9082,327.7897,1
631509330,853.3867792644897,300.7152085191781,886.5005,276.9296,1
631509346,853.8457735208631,292.5155664040029,881.2952,227.2473,1
631509363,851.2100781796454,288.33834917965936,823.7028,298.9449,1
631509380,852.7939229632794,283.33955327752403,898.2,295.7987,1
631509396,851.932304644616,278.1470007332021,855.7545,286.2275,1
631509413,813.9598104175997,227.66685753882592,827.5134,271.1488,0
631509429,844.820066997614,181.6357015972294,860.2595,219.4551,0
631509446,835.7366525306428,191.76542171335038,841.0946,242.1231,0
631509463,836.3793329370311,181.03636645571024,853.1243,194.5192,0
631509479,839.3594565110761,182.06691959571134,863.7661,223.5648,0
631509496,831.9622601855624,192.60617981724627,815.8827,278.2333,0
631509513,836.8481945962533,195.87444659662955,876.6542,253.2256,1
631509529,841.3712427886029,208.25150261587086,882.5797,329.9133,1
631509546,843.7141573471201,215.18633693214076,873.8345,307.6517,1
631509562,844.4715760366955,221.7469968942542,863.8774,317.4956,1
631509579,842.8904139357284,230.8442270544526,842.0566,356.3567,1
631509596,844.7479872733984,246.0135521397238,874.7125,442.4695,1
631509613,840.8697119736277,258.6552180928712,812.9738,436.7734,1
631509629,838.9932424305323,269.8126619331224,831.344,438.4029,1
631509646,840.0767077410546,276.48588705248756,866.7974,394.6619,1
631509664,840.7096840324934,283.95457108608764,861.9302,416.6039,1
631509680,845.033403605571,288.84440143998984,914.3099,389.4204,1
631509697,844.9584414831277,288.6483764161494,856.4329,316.5757,1
631509713,844.3076609564877,291.8559178918593,847.2287,373.2917,1
631509730,878.7409030031608,454.60293726682687,892.1088,528.5881,0
631509747,843.0518010940626,362.5495556621143,856.0997,424.0493,0
631509763,812.0514990688372,378.7627210234414,791.1624,459.9387,0
631509780,832.0705551552614,489.58884327145984,881.8285,817.0833,0
631509913,847.0876499522572,398.9835357917098,909.5371,160.0524,0
631509946,849.8406985814499,361.03157548473354,875.7271,255.1987,0
631509963,850.5712362420734,201.4067327869339,865.999,241.8849,0
631509980,830.0210659541457,225.01151956533374,844.2833,268.3371,0
631509996,828.58244899026,239.28748641742354,840.9238,300.5543,0
631510013,831.999174163118,230.84322423267506,853.5685,255.9759,0
631510030,854.538060745078,230.3595404878224,939.3582,273.9161,0
631510046,855.8237672567233,229.73582281234405,875.6505,271.3503,0
631510063,862.6643291482973,224.8009693925351,912.4732,241.8467,1
631510080,861.7217844364197,229.53721507971906,869.9438,305.2047,1
631510096,859.750796260736,217.45340996263445,861.5773,168.9472,1
631510113,857.5979178843392,211.6910981156694,856.0729,206.2238,1
631510129,857.325398024069,211.8264192561744,870.109,257.7475,1
631510146,856.88310517251,214.37385487740747,867.6099,285.3774,1
631510162,853.3102310603539,212.15283239496165,832.2529,230.7204,1
631510179,853.4878412010357,215.5778984587212,871.2645,301.0724,1
631510196,854.482569929287,217.17924575451627,882.0872,281.0615,1
631510213,855.4026337684942,216.82869986292013,882.6525,254.9879,1
631510229,853.1495883173521,218.58674439350753,839.2831,285.7714,1
631510246,854.9043498903011,210.68334155430793,896.3446,136.9846,1
631510262,857.0939610347309,208.80828331240875,903.5867,225.9647,1
631510279,855.8707901199558,211.06077100323196,852.3444,292.1619,1
631510296,854.3259275305975,207.8010465676907,847.3036,199.2409,1
631510312,851.1149650430815,201.42761381863596,819.785,141.1298,1
631510329,851.7597471782857,202.29932330653713,879.7413,266.4135,1
631510346,849.3518246750417,202.39579621185965,828.7354,251.5249,1
631510362,848.2977583275691,200.5735025232456,850.7094,215.4949,1
631510379,848.5906220034201,201.14070194925756,872.7058,258.9837,1
631510396,852.1504946510934,199.73545512700892,930.222,221.5313,1
631510412,855.0302505728287,200.3613226871721,918.8446,259.1217,1
631510429,854.8187110902168,199.508387637849,864.7618,229.1953,1
631510445,854.577605398622,198.33472366311008,864.3259,221.8651,1
631510462,856.1907935376547,197.74513050211266,897.9017,232.6364,1
631510479,855.691515398467,193.5175384790349,857.8971,162.6544,1
631510495,855.35045615585,195.55639560855818,859.6412,288.0323,1
631510512,854.1443691594505,196.7862537602447,845.9475,265.5379,1
631510529,854.3920342570958,197.6347407855233,881.3342,259.2509,1
631510545,855.5198686647946,199.4466193525824,889.6611,277.2343,1
631510562,854.2759863463979,206.37709342543513,849.2521,374.054,1
631510578,855.3081473240834,209.83691644026965,886.6644,312.8278,1
631510595,856.5781959925886,219.46288002271143,889.0198,420.7256,1
631510612,855.8602690178975,227.73209492480967,853.1172,400.0764,1
631510628,858.1523880571096,234.24306513770188,910.0977,374.183,1
631510645,857.8884856897821,239.02989214474198,864.1263,345.2977,1
631510662,861.1532135341349,246.27958537018196,924.5222,392.0916,1
631510678,861.9889030777053,252.68866986404768,885.5498,386.4785,1
631510695,868.7053628548235,257.2072117847625,994.4154,352.3052,1
631510712,845.8595148055942,449.80693293137546,857.9077,522.7717,0
631510728,860.8549174902302,322.6088806853415,875.1622,379.0883,0
631510745,846.6528226300159,321.13828649653345,845.6401,375.4277,0
631510761,854.3805251250368,330.04595347807566,884.1708,407.6362,0
631510778,849.1217396121622,300.85672440289613,848.032,256.145,0
631510795,848.1154441925216,316.83315891672726,857.1505,444.1201,0
631510811,853.8710419036335,316.8530269757251,897.2871,372.8768,1
631510828,856.2138466826864,322.5844242640517,883.7251,416.531,1
631510845,855.3212201484706,328.30554655782805,862.1348,427.7477,1
631510861,851.0596751936226,338.2171470377213,830.11,478.8455,1
631510878,843.7363774057519,350.7552577345128,792.5491,524.6448,1
631510895,839.33933261675,359.2778474765883,811.5801,501.4714,1
631510911,835.6445383217824,372.04348426926157,811.8219,568.1543,1
631510928,829.0812619368483,378.51890273981684,772.4908,506.5713,1
631510945,826.5621188639491,386.44663286458695,814.131,537.476,1
631510961,796.1989298945676,423.8778370660984,806.4933,492.8535,0
631510978,797.8671916150594,453.6573467468433,807.8502,526.5543,0
631510994,809.3537739744218,493.5805623177674,830.7363,617.02,0
631511011,800.0744253237542,488.8715353193054,790.5455,555.3745,0
631511028,796.05357438835,476.2517862526542,793.817,509.4881,0
631511044,796.3524024139282,465.6011565561406,808.0835,493.0724,0
631511061,797.8776895371532,475.0521937256909,814.9067,603.6984,1
631511079,790.4113808122956,466.3610440913366,755.6979,483.6261,1
631511095,796.7099346843738,460.2336832846947,851.6078,489.4015,1
631511112,800.1243701935155,463.34522809903723,836.4153,566.1796,1
631511128,806.524162077748,455.92892394465554,872.4578,461.3183,1
631511145,804.7673833973553,458.7106403307777,795.9991,563.6206,1
631511162,801.6562505246379,460.3648234232236,778.1691,554.1487,1
631511178,798.4332851062501,456.9966202253274,773.0381,491.137,1
631511195,798.534571772103,457.64002090509445,810.2114,541.6043,1
631511212,800.0079571013544,457.692568240935,828.6876,533.9913,1
631511228,798.9610129593428,460.165919414713,795.0045,570.0233,1
631511245,800.1928386694095,465.18339446393225,826.2748,613.0928,1
631511262,802.4907542942663,466.16216604288513,844.1436,553.3065,1
631511278,801.0905899285756,469.7553237021122,788.8907,597.4595,1
631511295,803.0220861354105,472.0292825997573,840.6737,578.9365,1
631511312,804.8979417284075,476.85013742946546,840.8197,625.9703,1
631511328,806.959223019103,482.95249257232615,845.0601,653.2312,1
631511345,810.1531186156197,486.30579459098203,866.1959,608.2781,1
631511361,810.2739002571511,490.80704757812475,815.5625,632.2527,1
631511378,814.072808909677,492.73364705800407,880.4353,588.4341,1
631511395,814.1516375460211,498.9591121507685,816.4976,672.2438,1
631511411,810.3032242815227,505.57487277541736,747.5051,683.5836,1
631511428,807.4333303648967,510.9431038568145,764.5947,664.4131,1
631511445,806.8609317159794,516.0301745635279,805.6146,663.9673,1
631511461,804.0992392856065,519.3799520288077,766.2825,633.9102,1
631511478,804.8652731034954,528.7259973666831,828.166,749.2849,1
631511494,804.2685729142361,535.0995203889763,806.3842,704.5714,1
631511511,807.3025605486982,542.6043408455163,867.6546,725.6629,1
631511528,808.3669794271356,549.1256018167009,832.7356,706.8997,1
631511544,776.0788373244944,712.2681771598308,781.8342,818.7858,0
631511561,821.6625107193377,664.2973732861356,829.947,765.0739,0
631511578,826.8134833879617,679.9846691943777,840.2667,800.6364,0
631511594,814.8312292657031,679.1841232273107,797.8196,779.6558,0
631511611,810.9755794449337,674.3825492457192,807.1165,760.0446,0
631511628,804.7896716967804,659.0304763783248,788.1847,690.5748,0
631511644,787.6050750698105,661.5432820195442,707.8397,775.3271,1
631511661,778.3896285333286,646.7150101065,732.589,647.9166,1
631511677,772.6649822639287,640.9530424826406,742.7124,696.6425,1
631511694,757.9405780139323,631.5543343560535,653.0977,649.3324,1
631511711,748.75219545105,628.757064388604,680.8201,701.5787,1
631511727,749.0419380292265,628.7346464910314,764.864,729.0125,1
631511744,744.4148515570392,625.6241268674218,709.8466,690.2162,1
631511761,745.387961040768,618.4089767216237,770.4738,632.1083,1
631511777,744.3873642245487,617.7823957622397,745.3198,711.2837,1
631511794,744.6640313072081,614.4946258544873,760.8949,671.5446,1
631511811,742.1146442899856,606.4242236521903,722.1841,594.0018,1
631511827,740.7512363349201,604.5445374749986,734.8457,680.6808,1
631511844,737.892860612486,600.2709949870438,710.8672,638.4763,1
631511861,732.4621452353653,594.1481066089711,668.2101,601.5846,1
631511877,728.3276348118978,592.5729645483425,682.3536,672.7834,1
631511894,730.1442854608215,583.8020729990094,775.8633,544.5037,1
631511911,758.8632484808493,416.9668305198367,767.6779,484.5919,0
631511927,769.444793227453,396.13007063015874,778.9708,461.1515,0
631511944,780.971893368083,416.3571797930584,802.4451,507.1218,0
631511960,773.0509414134323,418.0933707648165,765.9409,489.6334,0
631511977,778.9280323432705,421.1187408823128,806.639,499.7361,0
631512010,771.7069846336791,420.1538532006155,751.4223,483.4858,0
631512043,761.2405468495949,413.7232267596789,717.8185,444.7994,1
631512060,754.5818445281743,413.63790258101795,724.2341,480.1287,1
631512077,755.152101159162,416.1213480092798,769.2659,502.7168,1
631512093,753.9310064680944,417.4887637608046,754.4095,496.623,1
631512110,753.7323152587475,418.27440630640916,762.2042,493.1285,1
631512127,752.3525556766675,422.52039376668085,748.8938,533.8991,1
631512143,751.667199085054,421.08041654561566,755.1793,471.5161,1
631512160,753.5063974632506,416.6187118034467,784.8154,430.2506,1
631512177,747.6882657602983,412.3079386507171,690.1409,424.6023,1
631512193,743.4526735511224,411.10538876814655,703.1007,463.5976,1
631512210,739.7163243125377,413.56544927926683,704.0692,517.191,1
631512226,736.7086280509353,412.88381343765786,710.5708,470.8296,1
631512243,740.3630270923373,416.0377440190221,805.8332,533.2648,1
631512260,742.4372594437428,414.96486805409756,785.1343,465.4865,1
631512276,741.3528598092432,415.4060935741761,736.2181,489.8849,1
631512293,746.8653065732908,415.17892506781385,841.8874,479.6657,1
631512310,744.9694084007272,414.1692133358273,723.1321,464.0507,1
631512326,746.3774709122159,414.4663907170698,777.0978,487.793,1
631512343,748.1584600632603,414.9580432747296,784.0454,491.5778,1
631512360,747.6908518727854,415.87543231328203,745.7928,499.3547,1
631512376,747.5848381919478,414.32439677197664,752.4922,452.827,1
631512393,748.5107342353394,413.308454565247,770.6981,462.6686,1
631512410,748.4408845698679,414.2153725832248,752.8729,499.3491,1
631512426,750.2407228965225,415.11619522446205,786.7461,499.7962,1
631512443,752.8824628951568,420.1130589133531,801.8285,580.9442,1
631512460,754.0236617493127,422.2548557079264,777.7061,522.4744,1
631512476,756.0100316891558,423.3404476399362,796.0052,507.3893,1
631512494,760.108317106492,424.3264097976443,830.9076,504.4917,1
631512511,759.6976749817146,424.3193333282629,754.4136,485.7885,1
631512527,760.7085879389507,424.9263538783652,775.1779,497.2459,1
631512544,763.5458254886054,422.0932822568611,807.2425,426.871,1
631512560,766.9553439389618,425.4996598160778,818.9607,554.9026,1
631512577,766.1565205109291,426.38367103513235,749.7056,507.3248,1
631512594,765.2467682630695,428.0180939122564,747.4258,522.066,1
631512610,766.2444251795118,428.9598225872926,784.4598,509.2393,1
631512627,768.0380809778334,431.59836162167124,798.4281,547.889,1
631512644,767.8115146110489,434.76942393614723,763.6832,552.1574,1
631512660,943.719339037961,533.6335788990264,958.8043,618.7473,0
631512677,1001.319461717321,482.23426030805814,1019.4822,561.301,0
631512693,1013.7416272511778,519.9231393717096,1044.3727,646.7411,0
631512710,1025.5807343534984,523.93560081911,1068.5793,617.8375,0
631512727,1013.7325807696702,511.6454084860049,995.6589,552.8024,0
631512743,1020.7813576972213,508.831065376048,1068.5106,579.5952,0
631512760,1027.396006393725,500.2344334295658,1080.2344,535.3702,1
631512777,1026.3983090711463,508.04913043367594,1037.959,642.7639,1
631512793,1032.1473230186045,505.5972053400857,1090.7922,570.1631,1
631512810,1038.4173531730598,508.0326729247097,1105.2549,612.5834,1
631512827,1033.9855960974337,518.7123744694038,1011.117,702.9403,1
631512843,1208.4761864155746,403.3958309679577,1236.3501,474.6041,0
631512860,1082.3820412281352,525.8464674018553,1103.3911,611.5934,0
631512876,1052.2934513569878,546.1043635323308,1040.2478,656.6423,0
631512893,1053.2278950908453,550.2339114076797,1074.6898,648.0179,0
631512910,1078.784127627984,546.9619411738539,1178.5854,625.1818,0
631512926,1106.680264289632,549.52891338059,1241.7,651.2909,0
631512943,1126.4331035614507,560.9534591287056,1246.1469,715.5723,1
631512959,1141.073827035323,578.8780000999576,1247.1448,789.1768,1
631512976,1226.1089539507684,664.0332115045796,1251.3851,769.5977,0
631512993,1201.113731018332,614.0188120783403,1225.9806,712.7329,0
631513009,1239.0458787954738,603.5524999692299,1305.1985,689.9914,0
631513026,1234.576362301906,590.7601173657645,1252.016,658.025,0
631513043,1218.5613554300435,606.6948740887073,1194.0476,757.7961,0
631513059,1224.375022611434,601.8437021651304,1274.7734,677.7151,0
631513076,1228.0154699697032,604.3701104733285,1272.4966,716.2543,1
631513093,1231.0770356473438,603.5786885227092,1275.6127,696.1201,1
631513109,1228.2671572000158,606.7090819425217,1234.0878,728.0257,1
631513126,1244.0596711359574,613.4122901166754,1393.5154,770.3174,1
631513143,1256.587161272425,613.4741143140468,1389.5885,712.7758,1
631513159,1260.3419770974479,627.3969224546989,1316.1699,870.4066,1
631513176,1260.3731778039082,634.0573687893353,1280.9941,804.6686,1
631513193,1265.2440306631993,639.9242696865485,1339.4778,805.9193,1
631513209,1266.9091503261725,644.8553913098427,1305.9812,801.8925,1
631513226,1268.5737541765432,649.1121650511227,1308.6526,799.6921,1
631513242,1269.0386454267448,653.4856533089148,1294.45,807.6095,1
631513259,1268.671027266946,659.180285873369,1283.2734,834.4116,1
631513276,1269.4763227359313,665.4042812164184,1300.8964,850.6665,1
631513292,1269.3855679801304,671.4730916469586,1288.4597,855.6615,1
631513309,1266.7558475046028,672.9737479081965,1249.7119,784.1,1
631513326,1268.6977564000751,676.0713743826808,1321.947,816.1549,1
631513342,1267.2350489599485,679.2530816950961,1267.5228,821.4073,1
631513359,1266.3517326061542,680.344613263637,1277.2781,787.6711,1
631513375,1268.0214759966716,685.3708223895947,1320.0183,864.1334,1
631513392,1267.174375352633,689.3773323180889,1277.7568,849.5557,1
631513409,1268.442497149939,690.3288531392574,1315.5061,796.2994,1
631513425,1272.6114093551337,693.1958409528529,1367.321,836.8516,1
631513442,1272.8332479799376,694.6680256236166,1298.8018,812.7067,1
631513459,1274.7890911152379,696.1588873651821,1330.6863,816.621,1
631513475,1275.0485900850044,696.5491632849464,1301.2026,797.6526,1
631513492,1272.5685694248305,697.2681417483585,1244.3846,796.6902,1
631513509,1271.90758387713,698.1855359219205,1286.908,802.4458,1
631513525,1272.867493382946,698.9841624329679,1311.118,800.9568,1
631513542,1276.7605374980028,700.0277255860087,1359.3475,820.2587,1
631513558,1276.8762428592595,702.0705204324963,1300.408,833.0955,1
631513575,1276.9892659544832,700.2647462954715,1301.532,764.1188,1
631513592,1278.2244433357066,698.7157512350944,1322.7068,769.4521,1
631513608,1093.2673766269702,642.514635589085,1113.2393,743.676,0
631513625,805.6495118799115,624.4410646975757,813.7719,719.8051,0
631513642,752.248713439153,606.2944834579968,703.0902,677.5377,0
631513658,734.4315902266451,632.5806902678451,702.1744,786.9288,0
631513675,720.7570260187398,639.7830647283326,683.1619,759.4709,0
631513692,710.9155687843909,644.581740957289,675.2894,761.7222,0
631513708,750.2252927801821,638.1392447567798,755.8442,734.637,0
631513725,758.4940975172276,660.3372052215321,764.176,759.8417,0
631513741,732.5590350705788,633.922790523583,710.8718,699.5502,0
631513758,730.7026057464728,652.8860584300905,731.1204,793.8146,0
631513775,743.5728944349607,670.0533205572334,787.7755,828.4965,0
631513791,744.4688892773321,669.657493874438,752.8932,767.7452,0
631513808,740.8136626182994,664.7108372710918,727.2078,736.4435,1
631513825,734.1958094931888,657.401093489983,699.6162,707.7517,1
631513841,727.6505295211858,652.5444985886686,687.8329,714.1467,1
631513858,726.4945914151585,660.7193047250494,722.5508,830.4949,1
631513875,725.3894745894505,660.2090325019336,721.8629,754.1226,1
631513891,724.5703798585547,643.439117220299,725.0884,567.5912,1
631513908,724.2099282088133,626.8103423966996,729.1875,541.0223,1
631513925,727.5446703530286,619.6443874030309,771.7997,638.0656,1
631513942,732.1323566128691,609.4080426357202,792.7726,584.7628,1
631513959,732.8506651106463,601.4275038726146,746.9072,601.7446,1
631513975,735.6031735930677,600.2973448505182,775.0153,693.9875,1
631513992,735.5083032716922,595.5150076035931,737.6852,633.6355,1
631514009,737.1258377085759,588.9004854511843,763.7156,597.4461,1
631514025,738.1673458422806,591.8637507777842,754.8108,749.0175,1
631514042,740.9066285826063,586.839245719319,784.3293,613.1109,1
631514059,741.9167181964159,580.6416458864197,759.0829,586.0805,1
631514075,735.962795309902,576.4796063736985,644.79,614.4332,1
631514092,738.4451697140656,576.7328319020371,782.5474,691.4294,1
631514108,740.5528666973692,578.0544548446422,777.5678,708.8549,1
631514125,744.5902657626559,576.6714059210823,813.038,656.6783,1
631514142,745.0392734078032,572.4607834792613,753.0015,599.1799,1
631514158,744.8788224718971,569.8304900581144,742.7461,625.3994,1
631514175,743.7522605155447,567.7083442671511,725.9977,631.6836,1
631514192,742.3891574404593,562.0201103284729,722.8423,558.6839,1
631514208,742.0879538647349,562.1641334482541,741.0289,669.7327,1
631514225,740.7437926334569,557.2751626043976,725.1949,578.8882,1
631514242,742.0197632136683,557.9673632410027,766.2574,679.139,1
631514258,742.7642313788376,559.7660422828111,759.2288,707.1844,1
631514275,746.3190082921933,558.937767422882,817.0692,655.4127,1
631514291,748.1912577297238,557.9689652266496,782.8481,642.1843,1
631514308,748.2432435953754,555.8820509185317,748.0668,613.9618,1
631514325,748.0059807865451,556.9103615646928,740.3826,670.4488,1
631514341,748.9483327116018,561.26166328688,761.1952,735.5254,1
631514358,748.3107290262701,560.8255950666966,738.4286,651.5757,1
631514375,744.3323755892793,560.8131613915073,678.2935,649.3372,1
631514391,745.2444523469279,561.6787814626564,767.6691,648.1656,1
631514408,745.4866512343262,563.3317402381322,755.8939,663.069,1
631514425,746.0488018716443,564.3828339759472,766.2162,663.5031,1
631514441,742.4003433151338,570.4796915816593,690.1944,757.683,1
631514458,741.6960485779584,577.2190673667005,737.9929,774.6837,1
631514474,741.2773211116403,583.2372245580553,745.7932,772.0342,1
631514491,737.9492502930385,587.2296610256022,688.8146,726.8295,1
631514508,734.6605242049711,587.3416975433572,692.5931,649.4963,1
631514524,732.3055096771279,590.8679110384348,706.7865,735.6622,1
631514541,733.5441517844134,597.28309207124,773.1916,780.8741,1
631514558,734.2745267919287,601.2533426883693,760.3401,733.5564,1
631514574,735.5498821844765,607.9773294743654,757.058,795.1889,1
631514591,734.92399811492,610.688502996813,738.0071,727.5997,1
631514608,733.3265080256558,613.0860498919014,718.5388,726.2299,1
631514624,735.1872375800745,619.5650520571731,782.7264,805.2921,1
631514641,735.8894450504378,626.6776599393116,753.8572,815.9309,1
631514657,773.338405863362,779.9147156769551,778.1122,895.262,0
631514674,799.9628856531764,724.4527872449759,806.5654,832.8515,0
631514691,792.2780608224273,682.5422924150585,791.6428,737.987,0
631514707,798.6380242493103,655.3813924613771,819.9689,694.058,0
631514724,788.6157500054335,659.5857819312101,764.3846,773.792,0
631514741,790.6019064102743,665.1353528318216,805.6609,790.9213,0
631514757,783.413825436315,667.5940499797189,753.6166,781.6669,1
631514774,779.464234306232,670.2728024414198,762.6195,788.5562,1
631514791,780.3548073412912,669.7794210053881,794.1316,766.8296,1
631514807,774.5431152873773,665.1649573967508,736.7322,725.5589,1
631514824,773.6103557593261,654.7080354465206,774.8796,655.7966,1
631514840,782.3363700219089,645.0067481624347,874.9723,646.9317,1
631514857,784.916267493948,639.8120416046951,818.6509,684.954,1
631514874,787.4892319534326,634.8808895730859,822.3971,679.8479,1
631514890,787.3441292008474,621.2730728025921,792.9434,552.2352,1
631514907,792.5345794951036,616.6643667162493,862.6237,663.4248,1
631514924,796.2658636130113,613.7141780387658,848.4886,681.3627,1
631514940,800.7589167444019,609.7229872678139,864.1368,660.556,1
631514957,802.919913114916,602.7328889780222,834.9089,605.8748,1
631514974,802.7869361062375,597.9499808954208,801.8434,633.7731,1
631514990,805.098140750334,597.886269211263,840.1768,709.0021,1
631515007,808.767424087014,595.6851806096593,865.0986,669.7291,1
631515023,827.2352434122316,519.2318800093474,837.6119,601.0699,0
631515040,849.6417047583776,582.4717813400971,860.1495,672.862,0
631515057,829.5868783156369,548.1898683223855,819.2855,594.9368,0
631515073,830.1069960743376,532.9161663092633,841.9982,582.4608,0
631515090,821.7778460650263,533.8291699332391,806.0648,620.7361,0
631515123,822.5506584931204,545.6550522790453,835.3058,683.8432,0
631515140,837.5630026795842,531.0570267229291,925.506,534.8924,1
631515157,1032.2615073169375,351.1140077018203,1053.4034,413.3717,0
631515173,1098.9926423128095,352.03478351890027,1122.9257,415.2088,0
631515190,1121.1256614806193,409.7684184550063,1167.5154,546.1641,0
631515207,1096.0892312172382,375.3811128897072,1068.5184,363.3632,0
631515223,1083.09887133682,364.8176253773748,1066.7483,393.8635,0
631515240,1079.4738171886993,359.82723812982715,1088.5854,402.0918,0
631515256,1079.6605001357002,356.12070335111844,1104.7429,400.1141,1
631515273,1078.9967262474468,351.84586276489233,1099.204,387.9545,1
631515290,1078.6500720237104,348.6124977116126,1100.4631,388.3269,1
631515306,1076.9040677583869,348.25000662139706,1087.1521,409.4442,1
631515323,1078.5649344297024,344.74684946118725,1117.572,375.9038,1
631515341,1084.472708442522,335.2003834686733,1165.7502,301.0916,1
631515357,1093.5328612884477,325.7156423554282,1210.6409,286.0571,1
631515374,1099.831527356259,314.42121493726455,1191.2722,246.7902,1
631515391,1106.4198732603484,305.1447598945222,1203.6956,257.259,1
631515407,1105.4526036067673,293.3793710149325,1112.4821,206.4441,1
631515424,1218.4134977071901,222.2224683016802,1249.0254,269.8138,0
631515440,1226.806931107559,246.47869085692432,1257.4607,297.3479,0
631515457,1219.7107778967736,260.74887505552243,1242.326,329.4171,0
631515474,1216.416872443492,259.29970605894556,1239.7241,308.308,0
631515490,1189.00448465402,257.4172832301444,1133.4106,301.9337,0
631515507,1180.9080161691254,259.3651371817534,1177.2007,319.6631,0
631515524,1181.0354561635017,259.7549486093262,1211.5515,313.8863,1
631515540,1187.6045248376702,250.0579222559389,1258.0928,237.9312,1
631515557,1180.120952194803,250.47085707537502,1157.3381,304.8054,1
631515574,1177.2622404902086,239.78366722042242,1186.0948,199.0942,1
631515590,1174.5778783866913,235.17619745551877,1182.2935,243.1827,1
631515607,1171.5474203102374,224.218848842393,1175.0562,162.2649,1
631515623,1168.2375808067088,220.5053221702549,1166.241,232.1825,1
631515640,1166.0723370026592,212.82361655297436,1175.5687,174.2787,1
631515657,1162.8379876135077,206.85856133691263,1158.6173,185.7149,1
631515673,1161.685269452022,199.68085394216357,1182.127,159.4134,1
631515690,1159.604817383435,192.28437047253922,1167.5863,145.7032,1
631515707,1158.380495221973,189.8291290488836,1176.4138,213.2167,1
631515723,1159.720916239144,188.3554163704309,1212.8196,225.4511,1
631515740,1161.2124873876605,186.2023970133464,1216.0145,211.1257,1
631515756,1163.3634526424985,185.50863815814424,1226.981,232.6974,1
631515773,1160.8031606480174,181.25105105047587,1152.686,166.9458,1
631515790,1153.3147399663308,180.26245722124065,1068.4628,219.6206,1
631515806,803.9050953479107,215.71000923694174,817.1895,257.5056,0
631515823,855.5909511403548,262.5890186727882,870.4459,311.1425,0
631515840,856.6185088533376,303.1100295135932,871.5479,402.7095,0
631515856,877.8630546440771,314.35218340070026,936.6942,395.4926,0
631515873,883.7056949305257,311.01484009991265,916.9617,354.8405,0
631515890,886.171143252723,314.6613190727336,911.0319,386.4006,0
631515906,881.7125978108581,302.535039798854,874.6965,289.1859,1
631515923,879.428291906401,303.3426703230103,880.6865,363.1646,1
631515940,877.5349741829879,297.04659197967294,880.2596,303.2493,1
631515956,878.5421759733237,299.87343852491784,901.7378,379.0353,1
631515973,886.3688228596387,309.1402715482417,968.8684,452.9192,1
631515989,888.3213355576869,309.07981094071613,920.9327,362.3162,1
631516006,889.9514004536826,313.9619656790209,919.7274,422.7934,1
631516023,896.8812128309078,318.6377618160536,985.8025,428.7199,1
631516039,899.9986611136586,317.067949984194,948.0831,349.4686,1
631516056,904.4991939868034,321.7657321694441,969.8163,438.3533,1
631516073,904.8875668304989,329.04097540353837,917.9351,483.0587,1
631516089,905.9503356819572,332.0865092621086,929.2642,426.0958,1
631516106,909.6618455228074,339.05112320378436,969.7236,494.179,1
631516122,911.7459494176774,342.8098444749964,949.3041,448.3048,1
631516139,960.8305155050105,504.9428101305142,977.0017,586.5018,0
631516156,943.3655110576686,455.9680223269138,959.4304,530.9026,0
631516172,986.2668788379007,447.0355148938045,1048.9517,511.7446,0
631516189,985.9163926562467,428.76597679224534,1003.6293,459.6207,0
631516206,973.159801104129,429.97481548355233,951.1356,505.821,0
631516222,964.4213965402585,418.0336208753161,946.9047,435.1517,0
631516239,979.1886617570716,417.9747504156586,1072.6982,489.8667,1
631516256,983.5561244700874,409.145755402776,1028.3304,421.9932,1
631516272,984.9179191383148,402.9074011037525,1012.4183,426.412,1
631516289,981.328388959769,398.5038139020449,970.9392,431.3853,1
631516306,980.6425632217787,397.2520805438398,992.7396,456.5233,1
631516322,975.5689255160326,404.20445145399754,944.4572,547.2404,1
631516339,977.4762642976706,406.0199597749161,1015.9417,496.6663,1
631516355,966.3830277374713,405.6222393111492,862.928,468.8158,1
631516372,965.2670566098669,408.44485640633275,973.605,513.6959,1
631516389,964.1120532553778,412.61252448304435,971.1613,536.9525,1
631516405,960.8418097413036,409.37205119398476,941.3035,430.2158,1
631516422,958.7759304990558,410.4062010455613,954.0046,493.5142,1
631516439,957.2567561401062,408.20570176642775,960.1891,442.2711,1
631516455,954.010139137039,407.7070430479265,931.3245,468.1662,1
631516472,953.0010096357133,403.31807254129944,964.0561,401.2649,1
631516489,954.3686895985213,400.11146101322026,1000.8077,418.659,1
631516505,950.591016985034,396.9066642791008,915.9817,414.9853,1
631516522,948.1862574320123,394.3873874859035,935.8049,425.0696,1
631516539,944.3161894840408,392.3555267265092,908.3514,431.6093,1
631516555,942.2545416074125,392.80484465216153,936.1652,476.7133,1
631516572,942.1061883250201,393.7194868029345,967.4636,485.2613,1
631516588,943.4791064196424,390.90777695146227,993.8905,413.3474,1
631516605,944.0882180212545,389.22895550935647,979.2106,433.269,1
631516622,941.8037996348495,387.13095287333374,926.184,422.8705,1
631516638,941.8002192217132,387.53452393016045,965.4031,470.9047,1
631516655,940.7080203765773,383.46888449550585,945.6232,389.2081,1
631516671,945.2556473443946,379.3032913569116,1056.0325,384.0371,1
631516688,952.52651558111,374.61677279584603,1098.9847,366.7448,1
631516705,957.5727341280186,372.8506775358444,1052.0637,426.6651,1
631516722,958.6299000252016,372.6844494727733,979.7277,447.5337,1
631516738,958.6716705935149,372.16332380948563,975.3153,444.2251,1
631516756,958.4261104241714,371.72029306721623,965.152,436.5089,1
631516772,961.3647764622759,375.452233224748,1020.8795,518.6756,1
631516789,965.7164384115716,371.10736366069625,1045.068,359.1479,1
631516806,970.7772542957542,369.42015893563655,1061.4247,413.1099,1
631516822,973.2638934444042,362.83767621632205,1012.8394,323.5235,1
631516839,975.6764183751998,358.329785941811,1021.1665,356.1041,1
631516856,976.2311776425508,353.3925904857752,974.0798,341.7648,1
631516872,974.7879597514586,349.8060677303801,952.8756,369.9821,1
631516889,973.9660329561302,347.92836513113707,965.7567,402.7458,1
631516905,975.0629531980322,343.42320437216904,1000.1895,336.8867,1
631516922,975.5191669222221,340.78251931993054,991.6765,377.717,1
631516939,977.4587895568478,338.4164668148348,1021.0934,374.961,1
631516955,979.7972570712989,334.9416209744145,1027.3932,353.2175,1
631516972,978.1532127560218,328.2742174462692,961.2016,279.637,1
631516989,978.809421205371,320.23836568392113,1008.4218,252.4869,1
631517005,977.5514766938593,312.88528814688897,965.6602,261.8888,1
631517022,976.5115944658701,311.8421487301195,972.0032,383.5047,1
631517039,976.7833037182605,312.1327388421336,993.9067,406.5157,1
631517055,975.1211420009386,308.30104631145383,963.7863,325.2822,1
631517072,974.1360484392228,304.25134210111486,979.8649,317.3481,1
631517088,978.8465618607787,296.933837072287,1086.5649,242.1153,1
631517105,979.086269190728,290.3504632355396,1003.3179,253.7976,1
631517122,978.6641869024147,283.3699142124288,986.0914,240.216,1
631517138,980.1287749200904,279.8337249706043,1024.3188,308.5952,1
631517155,981.3987696719819,273.13038306807175,1019.6375,232.268,1
631517172,979.0584605226112,264.3932375449482,966.1651,186.4065,1
631517188,976.2569765137289,260.99265115941233,959.7589,284.8818,1
631517205,974.151032575902,252.63879637309407,966.9659,188.4661,1
631517222,949.8733403868598,155.47416828695063,970.0605,191.1188,0
631517238,902.5026240659007,120.75035915135989,921.1448,151.281,0
631517255,890.1743453427858,124.47340563048152,895.3901,159.3982,0
631517271,908.0372135907573,121.15345589304302,964.0463,144.7435,0
631517288,924.3502218495796,146.91856762389835,992.7721,268.1382,0
631517305,924.9595453860978,149.38701244499197,945.8341,194.078,0
631517321,935.3094148700728,156.53866727530993,1006.1472,231.1209,1
631517338,935.8643317475381,163.12215163191587,956.7418,241.1138,1
631517355,942.10897864797,154.84223838769736,1004.536,126.2462,1
631517371,937.4205096607996,157.98837003255747,917.8095,219.2062,1
631517388,938.983718737854,162.8264908169422,970.3167,243.5791,1
631517405,933.7856362587684,162.9497270020551,902.3654,197.6679,1
631517421,935.1102279484413,164.22461085900147,967.831,212.8851,1
631517438,935.1212990394582,159.5196706356861,954.9326,137.0045,1
631517455,937.458104955279,159.31360358775754,983.9039,192.4012,1
631517471,938.5289658651853,159.62910154950322,970.0704,199.6097,1
631517488,936.4683405597177,161.90261974729026,927.6129,229.1934,1
631517505,936.3579835998672,159.18629936011277,954.4689,154.13,1
631517521,936.9511205489407,156.1844920876681,965.0468,146.738,1
631517538,937.9625218644406,153.91133712059423,972.0212,155.9699,1
631517554,929.0044549708615,148.84136626613514,815.91,103.9676,1
631517571,917.0797504913256,145.42281730360597,760.6385,127.818,1
631517588,909.230482012131,144.9335143406376,818.6017,177.9251,1
631517604,899.5514158752455,142.53487131407084,782.2534,141.6194,1
631517621,889.4446426369161,137.68691188961265,768.5038,93.7513,1
631517638,719.3200710714392,62.81993962978207,731.0099,83.5769,0
631517654,764.1630463190256,58.13942882774574,777.7964,78.8179,0
631517671,754.7502945926652,51.212640302515105,758.3823,62.9451,0
631517688,753.6464047242599,40.824542299580756,765.0874,35.7746,0
631517704,761.2877986661741,38.7447940097493,798.7968,50.3615,0
631517721,720.6474143800377,11.994612403841364,568.0149,-94.2511,0
631517737,738.2445154415694,27.33937705584048,751.1837,43.6737,0
631517754,765.2382771884122,36.27876250434907,779.1968,54.1061,0
631517770,751.1359022722681,74.72720668213609,748.8612,140.6306,0
631517787,750.7872402711258,65.08472113307975,763.3702,64.6129,0
631517804,748.3563260376329,67.99511752702848,753.6581,99.3983,0
631517821,747.5457618894583,73.56082246632636,756.8434,120.5824,0
631517837,734.8833370781185,71.1410241800814,683.3035,78.6808,1
631517854,733.1719301389887,74.45187759101282,735.8964,118.181,1
631517870,725.6510955327819,71.52120146004013,686.8612,70.2438,1
631517887,726.9381239772772,71.59056748465414,751.1539,94.1796,1
631517904,724.4132288023894,67.98750887007638,716.6776,55.2126,1
631517920,728.4684382163334,67.57711990027401,781.3027,86.0133,1
631517937,727.5473914958557,67.26216449285845,731.3138,85.8981,1
631517954,727.017002980563,66.56210341947641,734.5958,80.3817,1
631517970,719.8570354456118,61.08820994397593,650.4047,12.597,1
631517987,515.6806470698501,73.66836446181975,518.6779,93.4184,0
631518003,484.962075853013,74.80300079474573,486.6545,94.3354,0
631518020,484.4061510158471,65.70946853539965,485.7301,73.7787,0
631518037,500.60420482978327,54.83657685959953,537.0309,47.9371,0
631518053,502.274822026368,55.593051300737464,509.818,75.6444,0
631518070,498.96747965603635,47.61693457321748,488.1714,28.3984,0
631518087,516.226246529903,51.17703610504013,606.637,89.2094,1
631518103,519.222953445251,57.733539606448474,538.6956,118.7822,1
631518120,524.165229123893,54.725402949829544,560.6219,49.3853,1
631518137,527.0890192914073,52.49256321617995,551.6305,50.9016,1
631518153,529.0330318601686,50.803735496874324,547.2291,52.416,1
631518171,524.6428845282768,44.296405068196655,484.5905,-6.3523,1
631518187,525.2754301931645,43.73545274561088,533.9163,56.0114,1
631518204,526.1499752147586,40.46259958036677,538.3123,19.69,1
631518221,525.7155878691873,38.28178637270074,522.9758,29.4756,1
631518237,529.1722924119915,36.47824948927108,574.3793,32.2151,1
631518254,530.7231391470258,38.80387799552587,551.5585,91.6036,1
631518271,531.8545700426515,44.84318098922718,546.806,152.2397,1
631518287,530.134822838301,43.39235854169746,506.9755,36.7458,1
631518304,532.6289873810142,49.866804599606155,569.0929,168.3314,1
631518321,530.9916724025795,46.3076152929378,508.0874,1.3496,1
631518337,530.8916463695085,44.986046089349806,531.6352,38.0326,1
631518354,529.7778341342315,44.33050866779505,514.9777,48.7773,1
631518371,529.3907963475449,44.11230978187553,526.6685,56.4074,1
631518387,527.3885447610392,43.43669617250093,499.1126,47.4079,1
631518404,524.3908106229931,40.778314052104456,481.3748,9.4428,1
631518420,530.6400968185374,41.23735908249292,641.6301,69.2402,1
631518437,538.909016894934,43.333276448945796,679.4838,101.1424,1
631518454,544.575467406776,43.595815311581504,636.517,65.643,1
631518470,548.7084535625263,41.3229066798173,611.9922,15.7419,1
631518487,554.7566619607596,47.96341855983778,647.1218,191.1481,1
631518504,559.0541176544411,52.05167576494448,610.8683,144.3559,1
631518520,566.6989417058096,55.74726286972315,674.7747,135.4134,1
631518537,569.6382787299206,60.27547574878909,597.7736,149.1846,1
631518553,574.059349096953,63.14634796588458,625.3391,121.3393,1
631518570,580.947694276691,65.86963567295926,671.6445,115.834,1
631518587,584.8575099867693,67.43441463041387,633.9886,101.081,1
631518603,586.54261292253,66.66802586678263,590.0525,59.4274,1
631518620,587.3318037911649,66.74140260385168,579.7684,70.1884,1
631518637,591.4957702222297,64.24845213452299,644.2792,22.792,1
631518653,592.1857303108268,64.52490693503323,583.8048,78.8519,1
631518670,593.6016218866403,66.74718457370086,593.9675,113.1785,1
631518687,597.7493795284396,62.248586263085514,654.4686,-9.959,1
631518703,594.6765326888035,61.864628604075705,526.3658,67.2127,1
631518720,597.225339875188,55.87388160930455,631.365,-39.8395,1
631518736,495.6936188571714,306.98287400785154,494.8629,357.061,0
631518853,981.0221896190707,414.37896910658884,999.2015,484.314,0
631518869,968.6225997212251,464.0392522567712,972.123,596.2082,0
631518887,967.0886061333415,473.5931873130437,980.5729,572.2734,0
631518903,961.3516958201463,470.51072528134586,960.4742,536.5856,0
631518919,963.0985678330667,466.2282417492572,987.4886,523.4912,0
631518936,984.240899093397,474.25319784917104,1001.7885,552.0707,0
631518953,1026.6814309842705,492.87297482565344,1045.7732,573.6359,0
631518969,1007.8733724229261,464.9021792652606,1007.3429,509.9983,0
631518986,985.749695185574,457.94945241397414,958.0305,517.6586,0
631519003,1012.0947797382106,491.0893730074866,1111.1633,683.775,0
631519020,1002.061278297246,482.7007945666059,979.264,523.2766,0
631519036,987.4129496640874,471.2855630154117,931.7579,484.756,1
631519053,973.7632545221991,463.03068729736253,910.7214,484.9957,1
631519069,964.1536778268095,471.47693248701455,916.119,613.0669,1
631519086,957.2846153048716,469.2527299638989,924.0859,526.8456,1
631519102,965.1027764729829,408.2746180955273,982.6916,477.2201,0
631519119,994.4448152526111,454.31501822057703,1012.6764,529.6421,0
631519136,984.4682428506289,492.72456302510005,990.929,616.177,0
631519152,975.5929702724504,506.63959016605617,973.6848,619.4431,0
631519169,978.8957074695697,501.3747524088324,1006.4698,564.6943,0
631519186,981.9011000316011,503.3211234187255,1011.2576,593.4355,0
631519202,979.6711897104891,502.9014887193123,985.3169,581.6179,1
631519219,978.9841834967219,502.9121798562971,991.9082,584.1334,1
631519236,974.027958905284,504.5513326998503,956.403,597.8728,1
631519252,970.6582493984915,505.19542986364365,961.6557,591.5645,1
631519269,966.373877230057,500.02455043073087,947.6321,531.329,1
631519285,966.6837967553907,503.0176328126156,987.9199,615.8516,1
631519302,967.0674125518829,497.8905545045187,990.1893,521.4581,1
631519319,967.9330674123495,500.6711483766838,995.342,616.4087,1
631519336,967.2117387462312,499.39644733531367,976.8654,564.4846,1
631519352,970.5840664084668,508.5448134056784,1028.6302,713.9238,1
631519369,969.1461298859348,510.06446978630646,966.8504,610.0347,1
631519386,976.9556557325254,510.7167898494763,1098.8844,599.9777,1
