timstamp,smoothx,smoothy,rawx,rawy,fixation
631345675,1102.5525752619444,513.2512494388588,1035.4735,528.8658,1
631345692,1102.072586306595,507.938405682607,1129.3623,530.1821,1
631345708,1098.7234008679236,505.224312855096,1087.8872,561.2778,1
631345725,1092.0893958103961,503.127427747036,1035.9004,566.1981,1
631345742,1097.5924293616054,492.6565009606572,1211.1216,429.0217,1
631345759,1095.6102425392148,487.95294654481114,1099.0138,512.2622,1
631345775,1092.4236057406204,488.99228094601943,1076.2461,604.6337,1
631345792,1090.1776089940402,488.0681339538818,1088.3184,569.4175,1
631345809,1087.9915110961354,483.63189065699646,1087.2773,503.9653,1
631345826,1088.2455417837625,483.42116825889286,1124.8605,576.7449,1
631345842,1090.4031896471802,485.83182220450595,1155.7095,623.6876,1
631345859,1091.1400504523388,486.9960155930501,1131.1987,599.4152,1
631345875,1091.0989653916097,485.863124909222,1117.3171,554.425,1
631345892,1091.4475716275413,494.23630250248885,1121.2104,735.5352,1
631345909,1088.029077009076,494.54201320883567,1054.791,579.9429,1
631345925,1088.105423997489,495.2566753402841,1115.8943,588.1008,1
631345942,1088.20146553281,494.6067734620481,1115.6924,560.933,1
631345959,1084.9571667954795,494.2889022261699,1059.391,564.4053,1
631345975,1082.941390290771,492.79407468063414,1078.399,552.8719,1
631345992,1079.7016852140455,489.0790128540378,1054.9888,512.2903,1
631346008,1075.4261096638527,494.08611625990164,1034.5425,680.1985,1
631346025,1066.2622005033554,493.77946040673186,945.4949,567.9756,1
631346042,951.4443875413363,559.4778250436012,966.5228,648.0695,0
631346058,956.4328963976384,546.451070994903,971.8877,633.3956,0
631346075,931.8732341143982,583.1012909967343,919.8329,715.6085,0
631346092,934.8628799340142,577.3334806778169,955.4853,654.9648,0
631346108,937.456682267864,598.1203725393513,958.7574,761.2913,0
631346125,943.7978904174954,596.0329348842347,984.13,679.5468,0
631346142,932.4596583523495,589.039178918701,889.0239,641.4824,1
631346158,938.3935367063679,589.4469961595074,988.757,684.8206,1
631346175,949.8397570218469,593.2416740515076,1043.4032,715.6186,1
631346191,950.5755005272106,589.1231648930291,969.737,646.0206,1
631346208,948.2941459533648,583.3161424875515,942.046,620.2581,1
631346225,946.0751661382376,582.2164689861222,938.5498,663.6471,1
631346241,933.0923278406663,578.7995266034659,814.0441,631.925,1
631346258,920.3115675294514,575.4814255202775,797.4615,627.4843,1
631346275,911.0822115261439,575.8543222186233,824.1558,673.4759,1
631346291,906.7185246988261,575.6218149402434,876.6922,665.6235,1
631346308,899.5712462493119,570.0715725884746,833.0165,584.3245,1
631346325,895.8037534436311,564.6657143957085,873.0879,580.0322,1
631346341,892.5881190806838,564.3063388301483,875.5341,655.4114,1
631346358,886.591750817001,557.1285033074797,829.7299,539.8795,1
631346374,886.0657858397708,552.2523032927345,909.2686,572.835,1
631346391,880.5464444638546,552.1918369080198,825.4456,651.299,1
631346408,873.2814963766087,546.7655573349244,792.0286,553.3201,1
631346425,1227.0255785907052,627.2866321544534,1252.8109,728.0479,0
631346441,1264.6073414006746,655.1380163971005,1291.6145,759.9962,0
631346458,1237.6838907265699,667.9936397316568,1235.2484,788.3976,0
631346474,1232.9935676542652,667.3039256504902,1248.9646,771.6458,0
631346491,1236.5543165452452,668.5073126157415,1273.3794,778.8851,0
631346508,1239.824948085356,675.2847990180853,1278.6655,812.6251,0
631346524,1242.7715643536721,670.4431640271793,1283.8284,750.1141,1
631346541,1245.0811141398397,666.08357300693,1285.0498,743.7637,1
631346557,1246.7370185376662,672.0060301569083,1283.2197,824.021,1
631346574,1247.4050433356404,672.9182546520126,1277.8638,787.2498,1
631346591,1249.8454062050614,671.2761830218925,1296.5377,762.2528,1
631346607,1249.8180950699737,668.8748111626751,1274.7551,750.4391,1
631346624,1259.3341543938918,672.2529717703113,1381.7198,818.419,1
631346641,1261.6192623807317,677.7173403245174,1308.619,850.161,1
631346657,1261.7816157246666,674.1473120079402,1286.3987,733.7648,1
631346675,1274.3919883481155,674.5966764744029,1452.0417,788.8771,1
631346691,1279.7155540388808,681.6056561315933,1365.1555,887.545,1
631346708,1280.9260455288832,691.6173902658643,1311.7151,942.632,1
631346725,1283.748227095166,695.4760216214805,1338.8834,854.6761,1
631346741,1284.8197315582404,701.7617545165522,1315.0037,899.6307,1
631346758,1291.5415935326566,695.0245425248946,1408.7827,683.9401,1
631346775,1294.1865107267438,698.7808879817434,1347.1694,863.0455,1
631346791,1296.9926476912017,705.3471812618784,1352.5209,917.345,1
631346807,1297.562924737803,715.5536386423264,1317.4078,989.1692,1
631346824,1298.5625638236158,723.8783083882408,1327.0483,962.2632,1
631346841,1307.3657528378171,723.6953142201427,1466.2814,810.4875,1
631346857,1306.8836023371796,730.0033507213649,1307.6417,934.8509,1
631346874,1303.7005965816131,733.797354071197,1262.1506,891.3265,1
631346890,1308.052371896001,739.6891790888623,1397.3665,938.1049,1
631346907,1302.1357669241486,737.5636875097025,1216.9556,784.2672,1
631346924,1143.9767442353238,434.98688649924026,1168.7368,509.5648,0
631346940,1065.2179859166333,373.4953682409573,1087.4575,439.0782,0
631346957,1059.2961654310684,370.77382700802474,1075.2015,432.7888,0
631346974,1053.3256489278567,357.4077955795374,1063.2797,390.5735,0
631346990,1086.9605913823282,380.5590966838738,1213.1681,526.3865,0
631347007,1079.4517667603438,389.80882840925625,1069.9879,497.8495,0
631347024,1054.2068291249705,413.6271234120392,945.5615,612.8168,1
631347040,1051.8472946757022,412.1949822792752,1060.3865,470.209,1
631347057,1126.2793177806202,405.89050971328845,1150.6687,476.4455,0
631347073,1022.0458526386655,331.7247009625428,1043.007,391.3204,0
631347090,1031.5017019877512,406.32518033487463,1060.7795,560.0782,0
631347107,996.1399237117039,410.40007939546047,941.6299,487.8876,0
631347123,923.6095219555657,393.4075106100146,716.7477,399.887,0
631347140,887.463247867508,390.9206205086417,757.0751,444.0666,0
631347157,763.4295232092079,440.9487269647463,772.1288,511.7701,0
631347173,826.5205091752002,414.9073103635418,838.2034,483.0693,0
631347190,742.3827564714744,387.91341484479307,663.7736,420.0825,0
631347207,727.5224658255004,371.371548479841,705.6956,395.2766,0
631347223,731.7282036803531,371.5585065062386,753.6345,434.1282,0
631347240,721.6166557632866,372.7318555093504,688.5401,439.2762,0
631347256,715.7330587273464,363.30616556279546,695.2146,371.5553,1
631347273,720.0509901634374,350.0417440837256,756.4727,323.2094,1
631347290,725.5500176782705,351.4398139478833,772.7204,423.6172,1
631347306,728.502973680914,345.42756490474335,760.7183,354.787,1
631347323,732.7990396278003,341.3457019063289,778.6957,364.0181,1
631347340,732.804177219423,345.0192685755862,739.6714,444.6898,1
631347356,730.9807436141847,345.282787495392,719.4854,408.6573,1
631347373,927.3234001222484,461.2425883141559,942.6469,536.6769,0
631347390,741.5733808531227,420.6278628185208,749.6149,488.5264,0
631347406,727.664497159482,381.15378868253083,721.6757,399.0177,0
631347423,738.858788090177,380.0914816359948,770.5838,440.7516,0
631347439,737.7540974761752,391.56094532094113,742.053,494.2625,0
631347456,754.0728918318193,403.54856957307624,828.9246,523.1775,0
631347473,751.8991026952347,401.7063392137507,748.8228,456.1602,1
631347489,747.5816011065364,393.1689053659226,730.1726,400.8238,1
631347506,751.606302741184,397.56861202479894,787.6726,496.3546,1
631347523,757.4577687501841,406.1838606026133,810.535,545.7286,1
631347539,757.9119336590051,416.1413231714459,767.8659,575.4702,1
631347556,759.2177620337695,418.36467275517276,778.4549,505.0827,1
631347573,762.693910911434,414.4033008684445,805.8959,433.5894,1
631347589,759.5769542021169,412.21098167950083,731.7936,449.7233,1
631347606,762.2925973953948,414.91309784311363,800.9125,514.8267,1
631347622,762.9050535046578,418.581057493902,776.3768,532.5061,1
631347639,761.4454633000546,418.65144061152336,749.0778,482.9676,1
631347656,757.6328517009507,419.26386793466645,713.5825,491.5103,1
631347672,757.7841743416743,423.9309337073648,768.3147,558.9712,1
631347689,759.488580864064,424.28210394321354,793.2019,492.3218,1
631347706,765.823306398442,415.5464260973843,869.7214,338.1217,1
631347722,915.9480150614373,604.7555659707441,928.9555,698.8558,0
631347739,794.9570411443096,369.15283891820457,805.9002,430.9442,0
631347756,770.3377401531725,393.01139882286145,754.0482,484.2575,0
631347772,745.1048757733563,377.51875556954064,702.1213,404.2566,0
631347789,744.316080306279,385.69075203582713,750.6962,476.5536,0
631347806,748.2093388733207,389.1329665558704,773.2195,468.3041,0
631347822,764.062437357795,431.6346169179684,772.9076,501.2433,0
631347839,765.0409944840486,406.85916754167164,774.2446,473.2337,0
631347855,788.7702250404375,457.2507481880642,822.3442,587.6404,0
631347872,790.0380957268754,391.62519947427324,804.6606,308.5384,0
631347889,777.8982189696911,344.1652564708635,752.5932,243.7521,0
631347905,759.1221653374648,323.56833221859694,693.6073,289.0847,0
631347922,744.2187194591933,216.98037257352075,754.9798,258.2307,0
631347939,822.9265737679522,377.84683741315223,834.9332,441.1107,0
631347955,802.493894874902,361.0200437023426,792.8361,402.6101,0
631347972,801.0606885629654,337.26214332695827,810.4121,341.6123,0
631347988,783.8883142130744,328.58216418141393,742.2911,355.7167,0
631348005,788.954074832095,312.04189304942497,822.5752,293.8881,0
631348022,762.9638782679157,317.0242596700985,641.5894,399.1849,1
631348038,757.587864265816,309.79266948969484,738.2303,316.9986,1
631348055,760.9892597411265,307.6509033454178,797.8674,347.1323,1
631348072,753.9492741636149,303.31074868380426,711.5723,320.7318,1
631348088,756.9406030219653,304.36284575419256,796.2256,370.3372,1
631348106,751.9554971270892,300.3265770222307,717.6743,313.0366,1
631348123,746.896123738721,296.0414912398731,709.0036,302.8876,1
631348139,748.2498117980183,301.401003145672,776.9566,422.2795,1
631348156,745.2172568943682,301.2500404949697,723.6244,353.5326,1
631348173,746.9424358220712,297.91189799764993,783.2301,307.6903,1
631348189,693.5540265963976,489.44486038806826,698.6971,565.7865,0
631348206,868.6016417213634,237.27708425055096,884.3273,282.6696,0
631348222,855.2806803174929,254.58634450986412,856.1588,321.4564,0
631348239,844.776356635371,274.14776515976894,836.8502,367.7067,0
631348256,838.9732812125792,277.08902710737823,835.1453,336.5721,0
631348272,838.7880726351576,283.3903963799325,852.0126,361.9142,0
631348289,898.4465677369394,275.18316145237526,914.9403,325.8976,0
631348306,686.6466286331981,439.10112951198585,692.1444,508.7649,0
631348322,751.5472569301367,324.77196693020124,830.1506,252.0254,0
631348339,783.4253698899843,286.9157762242693,861.5636,254.1143,0
631348355,805.4365046948025,280.4814729195664,885.3428,311.2644,0
631348372,821.4144718132738,272.04200406430795,898.9589,286.1712,0
631348389,792.5402441502778,227.57561539049922,805.1953,270.7902,0
631348405,785.345497539593,264.2732646041674,797.2283,312.2098,0
631348422,803.1480572804685,258.01454119748945,834.4417,298.4945,0
631348439,816.8270702060288,250.08887214210006,858.6473,279.0872,0
631348455,828.8807336734634,243.50446546243856,880.0345,267.7548,0
631348472,828.284630309639,251.32403549659378,838.6255,333.1387,0
631348489,793.2663890164683,595.78379377869,801.2357,687.2458,0
631348505,749.8561588027153,748.663164642497,754.0439,859.6362,0
631348522,768.2158896297851,730.3012326925138,792.7268,818.5913,0
631348539,750.9182744029806,716.0155475492958,720.015,790.3088,0
631348555,755.1833454426438,743.209699567367,771.9802,945.2134,0
631348572,763.6937933797188,757.2563744232233,802.497,931.6887,0
631348588,764.9311988292063,764.9216022211453,774.9547,919.0784,1
631348605,768.27427700321,773.0098965144373,791.9843,938.5027,1
631348622,769.9935103997033,771.6083168190838,785.9973,872.61,1
631348638,783.3886206808604,773.3770715357705,892.2909,901.7267,1
631348655,790.5985945417891,767.5778532832319,856.1411,824.9577,1
631348672,793.333957680281,779.8710162269232,818.8194,1020.9721,1
631348688,797.5881492640146,781.0174023216633,841.7646,905.59,1
631348705,800.086094444596,778.8367086786982,827.7135,864.1815,1
631348721,800.8285925005856,777.797236001689,809.1593,876.7239,1
631348738,802.0747311591699,773.8218857765222,817.7916,833.2246,1
631348755,800.9235296297471,775.4023559773251,785.5938,911.7753,1
631348771,799.5126415084893,772.8532378779231,781.8281,849.0796,1
631348788,791.4734052525857,776.4980869463039,680.763,945.7465,1
631348805,724.9751075058101,829.2767933891641,727.0852,950.5143,0
631348821,706.1187613471309,887.9650199092424,706.6851,1016.6664,0
631348838,695.5027072767214,888.8731330011194,684.5662,1018.4651,0
631348855,705.9968158232925,883.6813724167052,728.532,1000.3949,0
631348871,695.9619674558207,870.0772904569016,665.7375,950.4271,0
631348888,694.8893397687757,865.3006637351913,691.3265,970.1907,0
631348905,703.1873982152129,855.6984055874727,746.9355,928.6039,1
631348921,710.9770771960721,858.694416566607,758.3754,1005.2786,1
631348938,712.1778035784259,857.2080299905202,720.6489,972.0039,1
631348954,710.9130001349163,859.6025115580746,700.5944,1006.1701,1
631348971,712.3737593733587,863.2185573542891,724.7544,1023.7148,1
631348988,709.4711599804806,864.9658550263089,681.4767,1008.2478,1
631349004,708.0866896735755,860.9276998959914,694.9368,940.4501,1
631349021,709.8444639603886,858.6641826383756,730.4891,957.5272,1
631349038,709.0390894655144,857.2586269489133,700.3531,965.5317,1
631349054,707.6250171897407,852.9983277663005,691.7542,922.0823,1
631349071,707.5411612925201,848.7060559641067,708.6564,916.0688,1
631349087,707.1067507375574,847.3899572361138,703.0399,957.1879,1
631349104,957.876153509083,762.2881567245895,970.627,877.5266,0
631349121,1282.5007440232562,821.9155227592152,1308.1233,948.8365,0
631349137,1309.263024084383,834.3053303457535,1363.5081,977.4643,0
631349154,1313.2440041630123,836.4520243575416,1348.0203,970.4905,0
631349171,1333.424079108983,855.0109096621377,1422.1954,1049.7073,0
631349187,1328.6550658172455,847.0061714095232,1335.9785,941.2701,0
631349204,1387.4547334555236,858.145140804979,1417.0217,991.064,0
631349221,1391.3957105831296,807.0087952786905,1421.7832,933.2753,0
631349237,1386.2278930413506,804.8083012789699,1411.0835,928.181,0
631349254,1358.9733797999402,796.7430103304229,1331.9246,902.5172,0
631349271,1353.0023213161687,804.9667240153406,1363.4996,958.0259,0
631349287,1348.2753034272794,801.0341879153422,1358.4279,908.2029,0
631349304,1343.5524446015493,797.0184079579254,1349.2312,899.1458,1
631349320,1338.0515269660552,789.6814157749192,1335.0388,865.1706,1
631349337,1342.7315272306641,790.9132323733572,1405.3358,925.3931,1
631349354,1342.914417513444,790.848616857528,1373.8889,914.908,1
631349370,1340.2345776628483,787.5068712961036,1346.7256,879.8756,1
631349387,1337.971023994122,791.5485618412654,1345.751,958.1738,1
631349404,1335.1167201280148,789.425356272563,1336.2397,889.2805,1
631349420,1338.2698229025227,792.8406263026444,1403.2527,958.7854,1
631349437,1336.061470808381,791.4422579373255,1340.1292,896.8282,1
631349453,1336.3085873567804,794.9942647706437,1369.0327,966.7166,1
631349470,1333.2148244311225,792.5261949673551,1323.679,879.9539,1
631349487,1327.4898246849707,783.3393261001163,1283.251,771.1719,1
631349503,1239.9011151894074,613.2849579464279,1266.4066,712.3654,0
631349521,1234.8340902816608,596.8695505634414,1261.337,693.739,0
631349538,1256.4959527025417,569.9535133176192,1307.1116,633.448,0
631349554,1234.545897554391,571.5274433115027,1215.7515,668.2437,0
631349571,1236.4011821090253,578.5393896602445,1268.9011,696.7297,0
631349588,1231.9527160292391,578.2178565123617,1240.5701,670.8599,0
631349604,1227.2489161860888,575.1201703096781,1230.4655,651.6472,1
631349621,1226.1042288651088,583.7652340831005,1245.6172,735.3702,1
631349637,1231.1669123769834,577.459746004026,1294.2629,623.8489,1
631349654,1236.7879659286684,572.7800109287134,1308.2007,627.4248,1
631349671,1236.6539893666463,566.4558354143293,1262.2405,600.8351,1
631349687,1238.98704068143,566.4908315700752,1287.2964,662.4456,1
631349704,1239.114058111412,566.0889653196822,1266.1296,656.8021,1
631349721,1235.9115326168562,565.8357282907632,1226.3876,657.5172,1
631349737,1233.872689861443,563.760423772539,1237.0798,632.0238,1
631349754,1235.7536158861494,557.2282699402863,1287.4219,565.092,1
631349771,1235.9103108535637,553.4555620408873,1265.3396,597.697,1
631349787,1229.2972076144456,550.8730495009833,1167.6011,610.2462,1
631349804,1215.9943010867958,549.3523038222355,1060.671,622.8031,1
631349821,1031.1233751670702,606.1030022579907,1048.9514,701.7531,0
631349837,1029.498804068197,578.0665186683196,1047.6177,670.0242,0
631349854,1022.7164119560407,576.5458173665183,1033.5403,666.4271,0
631349870,1019.7830365953866,564.8905456907938,1031.9205,628.7488,0
631349887,1031.4652874651097,568.1265948457203,1085.838,670.2773,0
631349904,1037.7672232827179,566.5839521614763,1081.9434,650.673,0
631349920,1024.8437336807822,554.4729998586264,977.7366,576.0951,1
631349937,1021.2026956350338,545.2623921080692,1018.5474,573.583,1
631349954,1018.2460095993915,536.3560610909982,1017.4194,557.5984,1
631349970,1016.6576630191624,536.7180733063788,1023.4194,629.4575,1
631349987,1010.3961457073349,540.4402008591433,974.8528,664.8486,1
631350003,1001.5675912142767,535.0698396941367,938.6215,567.0563,1
631350020,1161.6701351973413,787.4427519194443,1182.6589,908.4067,0
631350037,1019.1375661362755,478.2940980506857,1038.0992,557.0571,0
631350053,1014.4753593388749,486.0750156375631,1028.1963,574.5242,0
631350070,1002.2567581055266,481.29476667667814,995.3158,549.1713,0
631350087,1008.1629918458021,490.8834349938599,1044.5994,603.5648,0
631350103,999.9156357228076,486.76308090960026,984.4716,547.4443,0
631350120,1017.1706714514199,453.1929407103471,1036.3712,528.644,0
631350137,973.432159699738,468.90937181127424,990.5942,545.8979,0
631350153,974.3497897627307,459.2576033070639,992.7512,524.115,0
631350170,977.3165129333948,459.7757467600844,1000.8833,536.9039,0
631350186,982.568751841685,462.512393090149,1016.2654,548.1783,0
631350203,1054.9306858043983,441.98777758829146,1372.5999,428.6528,0
631350220,976.6144283306987,478.7805136431148,993.7837,557.1002,0
631350236,1077.4419090797462,540.9662394113468,1098.0498,628.6351,0
631350253,1058.8291985246337,521.8998525622252,1059.7981,585.1181,0
631350270,1070.9895942334874,502.94218741718095,1117.5741,543.3406,0
631350286,1062.9458211080916,501.5648452595415,1058.5542,579.4263,0
631350303,1063.5174061923285,503.2351093184184,1086.4292,593.7047,0
631350320,1044.2289207294239,509.0925257406646,965.8688,623.6471,1
631350336,1046.2029031555815,532.685751857853,1077.3229,773.0155,1
631350353,1041.2995976163108,525.8260979776142,1028.5109,556.2354,1
631350369,1041.1898530279632,524.4712097632602,1061.7151,596.344,1
631350386,1040.8591164864163,522.9309429801671,1059.3379,591.91,1
631350403,1038.3714192608604,521.2609861554278,1036.0459,587.502,1
631350419,1040.3017548803973,514.2436116755349,1082.6752,519.7783,1
631350436,1039.8105048245984,509.84935816227465,1056.0214,542.507,1
631350453,1037.168117336446,503.7302295425399,1028.2545,511.7815,1
631350469,1038.9305455812948,502.78999429895487,1082.5721,578.4952,1
631350486,1041.543738249325,501.7404368862488,1096.3508,575.4547,1
631350503,1045.7121097214003,499.90251847974366,1121.7203,561.7258,1
631350519,1046.103131386525,501.6393186880052,1068.8538,616.6021,1
631350536,1048.2584080741046,499.1805424402036,1097.2203,548.0511,1
631350553,1056.172838527976,496.5546840930596,1190.3124,543.4374,1
631350569,1056.8472688423383,497.3009715369016,1078.9196,598.572,1
631350586,1046.3424608613318,425.9390217328759,1067.1174,498.1674,0
631350603,1013.4497532105335,399.4471205960685,1033.1824,467.8126,0
631350619,1001.5845555712871,401.9859845005718,1008.4218,473.2657,0
631350636,1024.1165859473504,403.59899560031414,1090.9244,476.781,0
631350652,1030.504774692437,421.8770280424024,1069.4139,554.8515,0
631350669,1043.8270078980256,422.2765360411907,1118.5251,495.7271,0
631350686,1049.72711826571,427.04965942554855,1099.0812,525.3802,1
631350702,1053.7017172645103,431.06625472346786,1096.7853,529.5103,1
631350719,1047.4307995488844,429.25342611194543,1022.9554,486.3101,1
631350736,1042.1725774408055,427.8959648074231,1020.7834,487.2091,1
631350752,1038.4801812666813,423.04059232348277,1027.4751,447.9432,1
631350769,1035.4338286929292,426.4124688540614,1027.2888,533.312,1
631350785,1033.9550194164435,428.8073498693221,1040.3096,527.2104,1
631350802,1028.9341356344714,428.05162534704056,995.9805,489.523,1
631350819,1038.92117105343,420.36372855456915,1180.3888,395.1454,1
631350835,1031.3176883504043,417.22853202148286,958.3068,447.6754,1
631350852,1025.9379324999102,415.72752563703995,979.8018,468.3828,1
631350869,1022.197871346282,414.21621737856407,997.3033,466.4025,1
631350885,1022.223889282019,410.7974925206488,1049.7313,434.1002,1
631350902,1023.8044016851637,410.08702470688183,1072.7344,475.7671,1
631350919,1018.0211875654377,406.391793384177,957.7269,422.0438,1
631350936,1012.3983018098565,400.6871962962467,955.7139,382.977,1
631350953,1009.9052662727082,401.4247910383907,1001.4266,493.89,1
631350970,1007.7344676545126,402.5817966641754,1004.1415,501.0472,1
631350986,1004.4237314901227,405.11137475529324,981.9575,525.9694,1
631351003,1002.7096642610155,405.73872433695465,1007.0503,490.9227,1
631351019,997.2723626361189,405.9582041178944,939.5505,481.9194,1
631351036,997.1942879633511,404.1895460500349,1031.2623,444.0937,1
631351053,997.5343928033498,408.9121807505688,1035.4738,568.9424,1
631351069,995.7142535265199,409.6388794461674,995.702,491.2137,1
631351086,994.9648514498442,411.26436164171065,1012.7404,509.0883,1
631351103,993.068576483629,412.19141925201046,992.1882,493.8636,1
631351119,991.536910267519,410.20042215202653,994.9337,437.2398,1
631351136,989.3868793188569,411.54792341208923,989.5887,503.4638,1
631351152,986.603599512439,411.71280928415956,973.291,488.0167,1
631351169,983.8046028102427,413.7141849799067,975.0271,517.4064,1
631351186,983.054103900143,417.0773299517125,1006.7771,547.9563,1
631351202,980.6221400856239,465.62148387204604,998.1283,542.265,0
631351219,985.968845247785,372.7456459453462,1004.8892,437.2853,0
631351236,968.1272557826472,405.87926813748015,966.9069,511.7137,0
631351252,992.4479872386537,429.30047104821665,1060.7787,554.357,0
631351269,997.2626468723264,416.9255001787458,1031.1514,445.4753,0
631351286,980.6117503471335,417.8782271465244,930.1555,491.5573,0
631351302,976.9553391513706,425.27993219007703,976.2701,536.8986,1
631351319,979.3847021779574,439.42705722584043,1011.4575,604.4072,1
631351335,989.1628565733099,442.3683291984642,1075.3618,536.6276,1
631351352,995.032293548993,453.4292564001706,1057.2521,620.3633,1
631351369,1008.8439793617922,467.6640717596333,1143.8826,675.5653,1
631351385,1010.8861035347063,469.91263819625726,1044.0563,563.1194,1
631351402,1020.1423126709914,460.7707432348411,1130.3939,428.7819,1
631351419,1020.2512993539499,461.08807077416037,1033.2422,536.8339,1
631351435,1020.7014830094479,458.76097451765906,1038.5619,501.3528,1
631351452,1013.7771219264638,458.1824340344401,941.1919,522.6489,1
631351469,1005.720578477562,456.21902452891254,917.8655,501.0873,1
631351485,948.5953388940077,429.52495507879513,965.2186,501.0576,0
631351502,1033.0099895954345,414.26836339245693,1053.3744,484.8088,0
631351519,980.8370124355065,440.4039569319397,944.1155,542.6102,0
631351535,974.2110012064085,424.9277893840933,978.9188,461.0747,0
631351552,974.7629552373094,401.97751193905026,995.7876,393.402,0
631351568,979.056946257627,380.8241959191322,1016.5447,353.5416,0
631351585,977.4523334907522,371.92297365249715,988.5403,389.2538,1
631351602,962.0455039338923,362.68901848149494,888.257,366.9731,1
631351618,969.9794998255917,355.79941755073867,1045.8527,370.3634,1
631351635,970.5771701492951,343.01700788724787,995.7523,299.5341,1
631351652,974.8051567055348,334.99725727956303,1031.6947,326.0949,1
631351668,979.6803843920868,341.5635756855328,1043.6692,478.1596,1
631351685,980.3497823173053,333.99955261981165,1005.6344,315.2492,1
631351702,981.2949172463293,333.17465266437773,1009.1326,390.584,1
631351718,983.4290803094245,332.7925625904776,1025.551,395.0338,1
631351735,987.0057770017032,326.42431528825665,1048.6271,307.5894,1
