timstamp,smoothx,smoothy,rawx,rawy,fixation
624773191,971.0384114403116,532.9147963617223,830.3932,434.8649,1
624773207,964.4576516285058,525.6921155095615,817.3579,369.5627,1
624773224,959.9542341759615,522.9306524991827,867.4636,454.0962,1
624773240,954.0705715214779,520.4267706397648,836.6439,452.1154,1
624773257,947.4012451986824,516.7271968632211,820.8931,426.8207,1
624773273,941.1159660456472,512.0165249363632,820.1514,404.3278,1
624773290,937.5455172119259,509.2060895239784,868.0936,440.2675,1
624773307,932.7521392385187,506.63503253325507,839.4556,443.2105,1
624773323,930.4836660199998,507.09952204420983,896.0299,496.9032,1
624773340,924.1774237662219,505.9888213550135,806.4451,465.5782,1
624773357,920.7411607446087,505.2196980705896,855.915,470.262,1
624773373,919.6413956237652,504.06585441979917,895.2262,460.1496,1
624773390,918.2094343174332,503.13889548810755,886.1921,459.0678,1
624773407,917.3910396799178,503.03241159156244,894.8998,474.2357,1
624773423,916.1978712968458,502.05926209729927,882.6443,453.8429,1
624773440,915.7553570659845,501.19444057520167,891.0378,454.6143,1
624773457,915.8883994540039,502.37019255075114,905.2414,491.0144,1
624773473,914.668721390349,500.95996450808514,867.6663,438.1243,1
624773490,913.0624132464068,501.9878161605941,860.1223,483.8341,1
624773506,911.5567428055965,500.87855837731587,854.7152,440.1506,1
624773523,912.2047255133785,501.66225185248015,897.5941,478.8932,1
624773540,911.9350059358217,500.8265679349362,878.9971,449.7281,1
624773556,912.2619293038241,499.7245483321676,884.5011,439.0212,1
624773573,912.1344656701714,501.85489992840076,887.3537,503.406,1
624773590,912.6643145581744,502.06494967160046,888.4076,468.6974,1
624773606,912.2254970516378,502.7962218789354,871.6888,474.7585,1
624773623,913.2749301811976,503.29777039756743,896.4839,469.4511,1
624773640,914.3225422771065,503.4437805532259,895.9893,461.0026,1
624773656,914.5922021764502,503.3717128630496,877.5912,453.5769,1
624773673,915.3592460504378,504.7154781337378,884.9717,483.9649,1
624773689,915.5696025032873,506.3790066713715,874.7983,487.811,1
624773706,915.5826213109185,508.5181568467467,872.6168,491.6119,1
624773723,915.5435765797763,509.6561775290847,875.7853,483.0323,1
624773739,916.0557275619665,511.16816010513213,885.1285,490.7207,1
624773756,917.6570748948932,511.4422583809884,902.5609,464.9771,1
624773773,918.0726990313843,510.8079035897448,878.6548,446.9131,1
624773789,919.3992361491095,511.2645824466119,905.2336,472.754,1
624773806,920.2999240550944,512.2860758823905,896.1705,484.8505,1
624773823,922.2210044890378,513.4356746839469,922.9142,493.1633,1
624773839,923.6902184095534,513.5741170563447,902.8112,470.6964,1
624773856,923.8409926550718,512.9413462718073,882.0642,457.2763,1
624773873,929.323009570219,513.1174283383655,991.8787,470.6538,1
624773889,1151.7678055381975,450.99627950762414,1131.4725,399.8579,0
624773906,1155.1700942970338,429.7725260305124,1132.0693,376.3674,0
624773922,1160.0942987359706,435.60933711787015,1144.6964,389.0702,0
624773939,1144.478514807617,438.4048309041378,1087.9744,392.7161,0
624773956,1136.3098883901234,446.6827619695445,1090.8035,422.7894,0
624773972,1135.257690260571,444.1408599188387,1106.5674,381.2722,0
624773989,1139.3344303420422,445.52762498875427,1140.3586,400.9278,1
624774006,1143.2190284112978,445.6436099668327,1146.2957,394.1409,1
624774022,1153.1848632876759,454.5868407832253,1215.6101,468.092,1
624774039,1407.6740552385202,653.7046448725928,1444.976,619.2601,0
624774055,1463.5891365398422,670.8140014792776,1509.4175,637.1888,0
624774072,1469.3935828878075,674.6847072728768,1523.4041,645.5256,0
624774089,1450.4666618337676,701.8632985763572,1465.9272,731.9512,0
624774105,1445.431624238743,701.9623684878791,1477.7147,671.9923,0
624774122,1441.9815089965573,709.0008448083228,1480.7239,709.9767,0
624774139,1444.1603492009567,706.0254670541257,1503.2455,659.3965,1
624774155,1444.7469572282962,707.7215716386736,1499.6296,688.4438,1
624774172,1445.9549474433366,705.9473349009776,1502.5238,662.3716,1
624774189,1441.754832309708,702.4350998968446,1451.2192,643.4772,1
624774205,1438.5623629038566,700.817181133813,1455.7097,656.5709,1
624774222,1436.5307114970608,700.6037737657042,1464.8093,669.3112,1
624774238,1436.5734056565657,699.208302882475,1484.2649,654.4862,1
624774256,1438.2779328744714,700.7757086063907,1510.2051,689.6531,1
624774273,1439.1102052996894,702.2347052151928,1500.9373,690.5951,1
624774289,1437.317139286392,704.0361564089624,1465.7646,697.964,1
624774306,1438.9588532068667,704.4195739338442,1511.578,678.6333,1
624774323,1439.2953419875528,706.4293442841814,1496.8063,704.3092,1
624774339,1439.9533239336727,707.6619964875331,1500.827,694.1896,1
624774356,1439.1640087486492,709.4791611847609,1479.228,705.4634,1
624774372,1439.2266834992497,712.7893235829405,1496.4065,732.1392,1
624774389,1437.3560831952702,712.6358479603175,1455.5254,676.2969,1
624774406,1436.3691530661608,712.0922487670846,1468.6902,669.5773,1
624774422,1434.8969809057382,711.4211746404167,1458.9043,667.533,1
624774439,1433.3172228598692,711.0084691131261,1456.483,672.2781,1
624774456,1431.1165709745392,710.1115730319632,1442.7139,663.733,1
624774472,1430.6174021540724,707.8356044833155,1469.4995,637.5247,1
624774489,1427.6228648464046,708.9377687501601,1430.2361,701.0262,1
624774506,1425.295856231138,709.923244950211,1440.9702,699.1616,1
624774522,1424.53310785493,708.6092553997714,1463.5149,655.2493,1
624774539,1423.2095122401124,707.3993939639269,1451.7703,657.2285,1
624774556,1421.5969050559033,708.3540529032165,1454.5872,694.7227,1
624774572,1419.8388000892585,706.0612974326905,1443.0515,633.6938,1
624774589,1418.0099234363295,706.3098125946015,1440.5747,691.611,1
624774606,1416.5907114979636,708.8668691396546,1454.5308,728.7549,1
624774622,1258.6795501346649,806.3132562151882,1302.8541,790.3076,0
624774639,1214.3051945090563,791.914394818894,1251.5906,775.1731,0
624774655,1213.0194484330473,786.8434232131175,1247.2358,764.0342,0
624774672,1214.8836186912927,786.7485304841086,1255.5425,769.2162,0
624774689,1216.0659006399628,792.1390735083212,1259.8181,793.0041,0
624774705,1213.7450052768834,808.69199837321,1253.011,865.4373,0
624774722,1215.2810503750009,804.3553154269565,1259.5707,764.434,1
624774739,1213.0357495589642,808.4402086493634,1241.6741,819.0416,1
624774755,1213.5235250795313,811.9392260606189,1260.8317,821.8628,1
624774772,1210.9228208374832,813.1217923179249,1230.6353,807.2311,1
624774789,1207.72442561459,815.3714586059899,1221.5071,820.61,1
624774805,1210.4628643772771,811.8183124379806,1274.04,758.996,1
624774822,1209.044774582949,809.0391131255292,1229.1654,763.2211,1
624774839,1208.4734503815585,808.6228107692858,1241.2017,788.9072,1
624774855,1206.5554989890009,808.6328120758218,1222.8604,794.3822,1
624774872,1204.1922481361373,808.528006718524,1213.6331,792.9588,1
624774888,1203.974945222916,810.1475617014873,1245.5896,817.8195,1
624774905,1203.934491016292,810.497007521399,1245.4855,800.296,1
624774922,1205.53790694236,810.5072906853003,1270.6644,794.9694,1
624774938,1202.926214602759,805.7910274454953,1192.7004,718.9915,1
624774955,1200.22819688969,798.1917514775637,1181.5647,666.4755,1
624774972,1197.0176564269216,793.401858618776,1175.8557,708.3359,1
624774988,1195.3907267028737,786.5307265687754,1195.3245,667.3584,1
624775005,1192.1749197802417,780.2943467717868,1166.0322,673.6477,1
624775022,1191.131246548095,774.7657497894172,1203.8894,680.8611,1
624775038,1188.1892195591709,770.6168746791011,1170.3086,702.1146,1
624775055,1185.165774195712,765.1165188612673,1162.4834,673.0201,1
624775071,1183.052911697073,759.9199972658706,1177.3562,673.823,1
624775088,1180.0026953116383,757.0620454943587,1162.7952,713.8199,1
624775105,1178.5407612119388,754.2260973442294,1190.2922,709.8452,1
624775121,1176.9636559418825,750.4583242809915,1183.0676,687.9904,1
624775138,1175.7865037070121,744.3874556804174,1187.1545,644.2667,1
624775155,1173.5471709974945,741.5711092029273,1171.7451,701.7759,1
624775171,1172.3747493895312,738.1783689442289,1188.7769,686.5588,1
624775188,1172.8869641184524,735.886984047504,1221.5754,705.2167,1
624775205,1172.7972524618817,731.5676581350033,1201.1216,668.9379,1
624775221,1170.9263559887227,729.9268326723983,1171.8494,705.1666,1
624775238,1168.2613795676448,727.2558474373361,1149.5356,687.1054,1
624775254,1165.6571064575362,725.83874207879,1153.6464,706.8918,1
624775271,1163.5676179381835,723.8579346528788,1156.5009,690.041,1
624775288,1161.9469594786858,723.7732015356235,1167.4315,723.8779,1
624775304,1159.9825839526643,723.4287817681333,1163.4141,709.0632,1
624775321,1158.2631329409019,721.4830803682282,1156.7114,676.1953,1
624775338,1159.0571561986658,719.4461614806971,1204.1848,673.9882,1
624775354,1158.141382686422,719.362979695518,1172.3716,710.1014,1
624775371,1158.5004209949752,720.6034784369144,1197.8875,732.6504,1
624775388,1159.826602643266,718.5887004516148,1209.9844,670.2281,1
624775404,1160.2635243872724,718.9216644007903,1197.3723,711.8315,1
624775421,1158.5461095955673,719.8167235443539,1158.5394,721.177,1
624775437,1159.747748515056,720.617910856551,1205.2788,709.6648,1
624775454,1159.2001594865285,721.6210290037343,1170.7837,708.9944,1
624775471,1160.71435435641,721.3938829445227,1206.8796,689.9907,1
624775487,1161.3592118874144,722.1170231425737,1194.7736,704.8339,1
624775504,1163.5924263969735,721.7089570246675,1219.5825,684.2397,1
624775521,1162.6551184844118,721.6306934627523,1163.7593,693.1103,1
624775537,1160.114869616335,722.9477999872673,1133.2289,723.2102,1
624775554,853.4392226240113,711.4550758654916,840.1701,692.5433,0
624775571,651.4981241881463,742.7582934742446,621.335,730.5737,0
624775587,640.9883148722118,740.4970680674945,597.4257,725.9477,0
624775604,642.9186335188112,740.5300110298044,615.8228,728.2793,0
624775620,643.3498527055488,740.5288426667129,613.4249,728.2378,0
624775637,639.3462175138318,741.4774444120859,590.8716,733.76,0
624775654,632.638781030241,746.6473656721141,601.0421,735.1915,0
624775671,614.8619139628646,756.9903271549599,582.9109,746.9161,0
624775688,618.3730782867214,764.905778891675,593.0341,764.2515,0
624775705,618.2593416728896,756.4546450249518,583.8076,727.6837,0
624775721,621.8274700954098,751.0911217246304,599.0691,722.6439,0
624775738,623.0377532415724,751.3748028768877,596.4466,741.9982,0
624775754,625.6219546980203,754.7503881043114,610.6821,762.4185,1
624775771,620.953818566041,762.9181359113398,567.3392,805.8721,1
624775788,623.339780212915,768.3720675355986,617.0034,798.2124,1
624775805,622.3317841259179,767.9002387979531,583.4623,753.3578,1
624775821,625.1540537087336,767.2713690967878,620.8207,750.3643,1
624775838,626.9693927684169,749.707448479255,588.8276,560.6965,1
624775854,674.5771447881356,449.605084663406,603.109,406.522,0
624775871,724.3406248115813,427.10155925809113,654.8274,380.8219,0
624775888,724.6014768145676,425.15516000015185,654.8237,376.5205,0
624775904,734.5081884138667,434.6980787267249,691.8369,409.6446,0
624775921,731.7425953288904,431.72880111431755,653.1346,376.0798,0
624775938,736.8939494562155,438.8046016111572,696.913,423.7925,0
624775954,735.1854892233248,443.77172584367,663.3231,425.4262,1
624775971,732.6795354640863,439.01707387294755,645.4078,362.9543,1
624775987,728.4534047347097,431.0562563546766,620.968,326.8246,1
624776004,728.5641490959829,431.32635613929926,662.1822,388.538,1
624776021,729.3659417759603,431.26456352280076,669.0905,385.4766,1
624776037,733.5245777186907,431.07576914300375,707.7584,383.322,1
624776054,733.5243643757619,433.5333590342913,668.9952,415.2786,1
624776071,731.0112637172232,434.2460229085089,634.4819,397.369,1
624776087,731.1533363785692,436.90264863293925,670.258,424.0231,1
624776104,731.2839559585223,439.0527773670596,669.8025,420.5247,1
624776120,731.1695025222826,437.67225110639424,659.6881,371.3856,1
624776137,730.9703606618866,437.11709204556126,659.7478,382.5265,1
624776154,729.2167315600934,434.9746714939104,631.3711,357.2717,1
624776170,938.8275295626645,435.63075950720855,893.4955,386.5528,0
624776187,1180.8415476233245,409.32525477994295,1157.4296,353.3515,0
624776204,1179.175279575589,426.08618617256786,1158.7446,390.3713,0
624776220,1174.917287927353,428.3128388638345,1144.9991,379.3535,0
624776237,1167.7647684978444,433.05691952892073,1125.1931,395.5389,0
624776254,1165.4264048419507,427.60110204763095,1130.0193,350.0244,0
624776270,1179.7365987219243,422.6264131229936,1158.1926,368.0556,0
624776287,1156.5277688121394,425.6784366720518,1132.9607,371.824,0
624776304,1161.8126429246427,421.12801284728215,1143.2874,361.6077,0
624776320,1154.5341990149532,411.60335796828264,1109.7908,335.6954,0
624776337,1161.63671234083,404.7371231427059,1155.8721,325.9626,0
624776353,1153.0494593414119,413.5557974650908,1095.0778,397.6985,0
624776370,1147.0434075028818,392.55289229541694,1070.2578,223.067,1
624776387,1138.5946776595072,373.7927571954735,1036.2053,197.662,1
624776403,1131.722131327665,359.6296928470966,1033.1271,199.6121,1
624776420,1125.693007619479,349.3753306208914,1029.2476,209.3979,1
624776437,1121.165020293263,341.33545210849474,1034.1407,213.2128,1
624776453,1119.227261793308,334.6506876653522,1055.1204,213.6624,1
624776470,1115.5409123842646,330.2146053503976,1032.781,229.4054,1
624776486,1111.8509328485432,326.93330799848286,1027.6334,236.642,1
624776503,1108.754774503663,324.6436383438068,1030.8645,244.3663,1
624776520,1106.8141232133185,323.4556025184493,1044.0208,255.7183,1
624776536,1101.2614968441103,318.90967883210294,980.5913,204.6564,1
624776553,1098.4198595304927,314.893338850102,1015.1527,205.8149,1
624776570,1095.0940102814031,313.24879804803214,1007.8333,237.9825,1
624776586,1094.021364628806,311.07413434183593,1038.8103,225.8658,1
624776603,1089.8330038515126,313.2561300265484,993.809,296.3387,1
624776620,1089.6095328407237,314.0828695944333,1054.235,272.4968,1
624776636,1091.673459445874,324.77585604654587,1116.1659,443.999,1
624776653,1163.9400780798221,553.9034944154434,1160.3096,513.2632,0
624776670,1175.6686091375789,539.6532426667167,1171.1631,497.3287,0
624776686,1150.2217732832405,541.765127533246,1115.5355,502.8594,0
624776703,1157.3288058843655,547.7348221285071,1169.6154,519.4075,0
624776719,1161.670368362025,547.868426343853,1171.2073,506.744,0
624776736,1164.6355243002713,552.1003571522298,1176.0313,529.2861,0
624776753,1166.049733538359,554.7703522252251,1171.9949,528.0652,1
624776769,1171.5341036438085,555.6556794409198,1204.3331,519.631,1
624776786,1170.146482651282,559.2008662202034,1160.2007,544.6167,1
624776803,1170.36142518809,559.94430657455,1170.043,524.8621,1
624776819,1171.0752029289476,560.4204323652192,1175.438,523.4302,1
624776836,1175.2015720929858,561.7929343063718,1216.329,533.702,1
624776853,1170.428845153732,560.0037773275462,1111.7505,499.793,1
624776869,1168.9339510893624,558.885629693581,1146.991,505.1064,1
624776886,1168.410556975084,559.1139767176496,1160.1692,521.4731,1
624776902,1168.3681529245214,560.8227538123783,1169.1455,542.6419,1
624776919,1167.3675199119639,561.8361205128712,1153.8693,534.8723,1
624776936,1168.1001176474556,560.6115256831525,1174.8113,501.5354,1
624776953,1168.3915982671226,563.0393274304124,1176.2283,558.2584,1
624776969,1167.099738213664,564.0676351109737,1147.8594,538.3635,1
624776986,1165.3307092513955,571.1876185935151,1152.5793,641.7034,1
624777002,1164.4707646517359,575.7787453706593,1161.624,604.3109,1
624777019,1166.6083690684827,582.221793934673,1218.3572,639.9882,1
624777036,1166.5706149273801,588.1363495766892,1180.1475,636.3838,1
624777052,1165.6502595861978,594.206725829919,1165.0157,644.2937,1
624777069,1163.723567757676,599.5860151619023,1144.8025,636.8015,1
624777086,1164.7614349944424,603.5087033984679,1195.9089,613.4791,1
624777103,1162.3165374455702,606.3044041878561,1128.1359,597.3392,1
624777120,1163.3270385155981,605.2761554962283,1183.3439,527.4579,1
624777136,1162.1026318256588,607.4600827948008,1149.1017,591.884,1
624777153,1163.33903923033,609.4917400661955,1195.9319,591.4521,1
624777170,1163.8244534213607,612.4349476087335,1184.3564,604.3846,1
624777186,1162.4666025431304,618.0627542625997,1150.2664,661.0569,1
624777203,1160.1411013790912,622.0824526872708,1133.7649,635.9695,1
624777220,1159.2983189604695,625.8035942888096,1161.6449,632.3234,1
624777236,1158.2195503640523,626.9373881451877,1150.6172,588.9407,1
624777253,1157.134138536568,629.7948266738533,1154.2289,625.6262,1
624777270,1156.7989284814194,632.1712093956878,1170.3713,618.8359,1
624777286,1156.45356420549,635.2022065379878,1166.6335,637.5547,1
624777303,1148.5677764786005,634.4233367153319,1012.1359,567.6677,1
624777319,839.7347567723588,358.22947093638106,772.2628,302.8009,0
624777336,800.8176826817679,322.51194439871387,723.8564,264.0358,0
624777353,797.4337522085709,313.70756941949065,713.7494,244.7358,0
624777369,789.1241575520379,310.24812443290057,689.8043,243.4392,0
624777386,788.9662619196363,310.28669769670535,708.5849,250.98,0
624777403,790.893102514066,316.01426829291944,723.8005,281.8196,0
624777419,791.0457514499203,322.6579336703157,718.7282,299.8072,1
624777436,792.207462006776,324.8541820351141,723.9283,279.9146,1
624777453,790.8685807830467,327.3917470329507,706.0005,287.4375,1
624777469,788.2376336958412,328.91169031223956,690.6541,282.9609,1
624777486,791.2789044398686,328.35923336080214,741.8596,263.6265,1
624777502,792.8203813138043,329.7321711572798,733.1547,284.3856,1
624777519,791.097924099281,329.42421460309663,694.1842,267.2064,1
624777536,788.7146838086841,328.8641358702001,682.5999,263.8017,1
624777552,791.2935190612667,328.71035148432514,746.5846,267.5703,1
624777569,792.920913517633,328.42500614513483,736.3694,265.7653,1
624777586,794.9790448602821,329.0562895288452,746.6115,278.8752,1
624777602,793.284622951181,328.09444974419745,688.3552,256.1949,1
624777619,794.7732010059192,321.4185419614857,724.7715,164.028,1
624777636,794.9410701136208,322.4961989517522,720.9517,284.1996,1
624777652,794.5270961776922,323.31924882136053,710.9967,280.8893,1
624777669,795.8902878337461,323.699780485987,740.3972,273.3492,1
624777685,796.895892270412,324.23153317902023,735.6643,276.2199,1
624777702,796.5267752298753,324.0817725154458,710.3632,264.6559,1
624777719,797.8120120698068,323.77968909676804,740.0376,261.2177,1
624777735,794.9242662195755,321.7681608447173,659.8328,230.6893,1
624777752,795.528339544175,323.45602314341204,732.9556,297.3471,1
624777769,795.7239663205336,322.8618111531005,719.9034,255.0311,1
624777785,795.8245334834871,322.6594903071784,719.2587,262.092,1
624777802,797.1910358265659,321.20980828785594,740.4302,237.5984,1
624777818,796.9951926212939,322.1626065061958,717.0005,283.6393,1
624777835,797.0848863046117,320.97329306624465,717.5437,242.2057,1
624777852,797.6949578357116,316.5500088467323,718.2448,177.5857,1
624777868,797.3426838076892,310.1330272025139,692.308,139.1099,1
624777885,795.9196386571609,301.84964047953434,669.182,103.4728,1
624777902,716.4848219130138,140.6575861863172,603.3644,64.7091,0
624777918,767.176076696629,167.65422781593807,663.5004,93.6436,0
624777935,759.1168674106608,179.79999940464842,649.3055,120.705,0
624777952,757.0617912530678,182.99785556599176,651.0615,117.7755,0
624777968,761.548002232672,190.6508686324593,678.875,143.8289,0
624777985,772.1104408578201,195.57874016925956,721.7776,144.66,0
624778001,758.1716530123795,185.66619318537082,573.2742,61.0138,1
624778018,760.7998868664855,189.40857114528848,680.2383,141.5546,1
624778035,757.7631029797126,187.43693150693045,631.8611,101.2769,1
624778051,758.9131903824552,189.00068929495157,669.4865,130.2327,1
624778068,759.7172346060373,185.5513061849049,661.4017,81.5217,1
624778085,761.1565734258004,184.72238688788227,673.0209,104.6186,1
624778101,763.0642314982894,183.65076755711323,680.4188,100.2071,1
624778118,766.658179244074,184.467270730307,707.9259,122.1408,1
624778135,769.20599058557,184.9299152527374,698.6622,118.6629,1
624778151,770.949087919317,184.72453769287173,689.6989,109.9472,1
624778168,773.6034407378647,183.83011289255694,704.1511,99.2446,1
624778184,984.7194440092856,278.2085740667305,920.7845,211.9626,0
624778201,1169.461059828945,313.1086080362088,1130.4678,247.3193,0
624778218,1170.6736204032318,327.4624601578723,1137.4294,278.932,0
624778234,1183.597740746225,342.24641280220806,1183.2607,311.1616,0
624778251,1187.9279907162013,348.9960409123284,1173.1954,308.1731,0
624778268,1185.6024526097692,348.2279019146392,1142.59,282.1092,0
624778284,1204.9063944712818,338.2963730890933,1173.4595,274.5187,0
624778301,1205.2831218438585,359.20785618588457,1176.9987,297.5995,0
624778318,1211.2333263140163,356.38347475208496,1189.3112,291.1666,0
624778334,1207.239317458352,365.9615640516273,1174.1978,326.1901,0
624778351,1217.464292646621,368.2740602616982,1226.4225,314.3032,0
624778368,1204.5329254951257,369.8718965183987,1122.1921,316.9688,0
624778384,1208.7770975888068,370.4093116064927,1206.139,312.1328,1
624778401,1207.2350852247139,366.828127443971,1167.3641,282.9671,1
624778417,1207.4757100832007,367.85202790911126,1183.7422,314.6803,1
624778434,1201.9300520215784,365.202779381038,1125.3088,282.9666,1
624778451,1203.1608417034583,364.6057488907241,1187.29,298.3422,1
624778467,1203.5207009282676,364.71161734864154,1180.5667,305.2477,1
624778484,1204.3389152979896,363.5107273259888,1184.5184,289.6814,1
624778502,1205.5052759094478,365.21639895209995,1194.9304,324.671,1
624778518,1235.3596533857733,595.5815635792663,1245.5798,558.0505,0
624778535,1200.5232004689747,685.5762940501776,1220.4596,658.0076,0
624778551,1198.383453569346,689.7869190190911,1216.9849,667.3666,0
624778568,1196.773285527285,701.0518593643707,1218.4292,699.9053,0
624778585,1193.5942315874588,711.8636854435244,1211.0797,722.4875,0
624778601,1193.223876573169,718.1521240310815,1219.3877,720.8053,0
624778618,1193.1405649522767,713.5321860725127,1212.6997,663.3114,1
624778635,1193.2378261782665,719.9046205989035,1223.7319,736.1631,1
624778651,1199.9657301868363,721.8646015162502,1276.7688,710.5477,1
624778668,1201.5815412619443,724.0608528377433,1242.2329,717.0886,1
624778685,1204.2095403532805,725.3188234946783,1254.8947,711.2949,1
624778701,1203.5290649755786,727.7832159688847,1224.6771,727.527,1
624778718,1199.8359041596404,732.210322656366,1191.2632,755.7609,1
624778735,1198.859914666074,733.9954164444506,1216.6359,728.7697,1
624778751,1198.7811092837928,733.0478539041836,1222.7427,694.7454,1
624778768,1196.2236515450386,737.7314856839579,1198.2043,773.7279,1
624778784,1196.6732238358738,737.3993672739234,1230.1948,705.4937,1
624778801,1195.1244144411096,738.545500106713,1203.0747,728.615,1
624778818,1195.0958252555556,742.7157084674859,1232.1443,777.826,1
624778834,1413.9429011732436,719.6379622769947,1461.7587,691.9459,0
624778851,1388.2584829044215,720.9063304526846,1433.5205,693.7876,0
624778868,1397.9199599066442,719.9563015646072,1454.5964,691.3608,0
624778884,1396.821673666685,721.5154073271688,1441.0828,697.7773,0
624778901,1393.4329848651848,725.4817839418739,1430.5295,711.8852,0
624778918,1390.5773332176566,728.5113891298754,1426.6516,715.3112,0
624778934,1386.9550676656393,728.6375204441294,1414.0183,703.0097,1
624778951,1385.1750005835743,726.8705779719343,1418.5728,689.0155,1
624778967,1384.698567655066,726.0401907798822,1426.6953,693.3535,1
624778984,1381.3478648922671,723.0715883864992,1395.7698,672.1383,1
624779001,1381.3766810877676,723.6650366675019,1428.7085,702.9492,1
624779017,1378.4955316747846,725.2347065350185,1397.7871,715.3469,1
624779034,1377.489347505924,725.0153407567894,1412.8711,696.2565,1
624779051,1378.9939786953187,721.7802046395199,1437.968,657.0779,1
624779067,1379.3632571974567,720.0360278146867,1426.8059,672.5687,1
624779084,1383.6861244196034,717.412847691256,1481.0916,656.8325,1
624779101,1385.5296427025748,719.6430766416275,1459.0972,725.3407,1
624779117,1385.2689795927556,721.8673653974492,1429.3152,728.1718,1
624779134,1387.880076170566,721.5132765934203,1469.4562,688.9454,1
624779150,1135.7176090398143,751.6171762939917,1158.593,732.0335,0
