timstamp,smoothx,smoothy,rawx,rawy,fixation
631449828,951.8909176872786,510.3770657691064,965.8499,585.7784,1
631449844,953.8094968037366,511.40501745003303,990.7579,611.2822,1
631449861,954.4837067084532,513.999302332656,973.6172,638.1962,1
631449878,954.6309202750967,512.7264965977598,967.1698,574.0789,1
631449896,954.1456543304294,513.893760242217,957.1829,615.7606,1
631449911,955.8161744949057,516.0007990948185,992.8684,633.891,1
631449927,955.341705937654,517.9449538850697,958.4395,632.0299,1
631449944,957.9829063233576,520.7821596735926,1011.8656,650.5903,1
631449961,955.9526606049129,523.7158295046444,932.7801,653.386,1
631449978,957.2674997416595,526.2350144122695,991.3037,648.1163,1
631449995,961.9123923113877,530.4974144592309,1051.0488,684.1859,1
631450011,960.7853494627046,533.207859212757,950.3292,655.4581,1
631450028,962.6342940080764,533.1615761467203,1005.0823,604.2535,1
631450044,962.1683784068521,532.0462499725062,964.5091,584.1033,1
631450061,964.5686153692735,531.9569314204944,1013.3888,604.1406,1
631450078,964.5449158180609,530.9033439597289,974.2289,585.2431,1
631450094,962.2653905374871,532.1467294477153,921.6534,633.9296,1
631450111,960.4579452334415,532.8365130139659,943.2565,617.0422,1
631450128,958.2135936150372,537.0115985831011,933.6606,697.0831,1
631450145,954.4197850260189,540.7697783054657,908.13,684.3141,1
631450162,955.3377191117526,539.1763828834296,996.3058,588.4916,1
631450179,956.4938802506001,534.9623723082176,992.8357,530.4806,1
631450195,955.2347788662491,533.089543952678,951.7227,586.7468,1
631450212,954.192473001911,529.8037433216565,958.8845,545.3416,1
631450229,954.1538884464021,530.3810683460651,979.1346,623.6901,1
631450245,952.6047784723248,528.3216438774924,948.8099,577.1893,1
631450262,952.1463205812854,527.9769664804575,968.3558,611.7744,1
631450278,952.4412626600677,526.0744034295111,975.5243,580.8927,1
631450295,951.5838377390093,528.3978356093933,959.913,663.0114,1
631450312,950.1097946275725,526.7927883318516,946.0544,582.1464,1
631450328,944.8092692863862,523.8910468002781,873.9078,557.3682,1
631450345,830.7019724359513,383.34271273361884,842.9648,447.4193,0
631450361,809.2313767374741,433.18863672671216,819.9539,503.5395,0
631450378,855.9555006532771,384.6911364811978,918.4442,395.0899,0
631450395,838.4727817016898,378.4173268251465,814.832,427.7005,0
631450411,826.7133008708241,379.26649618454377,802.5309,445.5732,0
631450428,816.8185522125532,378.4182130779072,788.5357,437.8016,0
631450445,821.6479266195892,375.6643149799468,859.1667,424.1469,1
631450461,826.6631852181492,369.5292635697795,870.0674,392.6131,1
631450478,831.1954380594028,354.8770062101593,876.4789,306.5156,1
631450495,828.7263264873161,347.52856329967017,822.0513,347.6423,1
631450511,827.9391553672774,349.11067747105676,833.2498,428.0744,1
631450528,823.4183700073161,338.5728394683022,794.2279,291.8186,1
631450545,823.9235448215145,337.2217246767084,842.8322,386.8495,1
631450561,826.869451589638,339.7236253356582,872.2868,434.8434,1
631450578,818.6345486802575,342.3156389391845,734.4553,437.8054,1
631450595,809.9471909948915,344.2940370112667,717.814,431.9423,1
631450611,809.3517446707491,347.39684037472824,819.4265,452.264,1
631450644,801.1553131749041,357.14709746964644,707.3464,558.6318,1
631450661,791.8836474686715,358.2861278817851,683.8132,429.3712,1
631450678,792.8374930990146,365.55549793105894,830.5491,534.8177,1
631450695,788.1109341810338,369.91254265844657,740.9274,490.8737,1
631450711,785.3764798511827,377.2738472450811,767.6637,548.3062,1
631450728,782.158496287746,379.23728864141833,757.3815,457.9361,1
631450744,779.1787426767678,382.0701828496698,757.5975,476.5124,1
631450761,773.7705163796956,388.8240493173219,711.8011,552.0513,1
631450778,773.735835179214,393.90359429005434,800.6462,527.0717,1
631450794,774.171639552146,401.18850537615253,806.265,573.8753,1
631450811,873.3367223040317,584.805947033713,884.8099,675.7845,0
631450828,936.2007588856172,630.4753403976445,949.7295,728.1866,0
631450844,909.1553128025868,574.4306171822283,894.8723,600.9297,0
631450861,922.707763313165,554.7411290931764,965.3439,598.7581,0
631450877,909.5601390854277,529.1198325591384,883.5461,527.5127,0
631450894,908.6219977161254,517.4053297939349,919.5135,549.4379,0
631450911,902.7842688746481,521.4389019489037,886.8275,628.428,1
631450927,895.1998593606601,515.1163515695482,864.0984,557.1199,1
631450943,892.6291037714791,509.19558191445003,890.094,548.0682,1
631450960,892.6534947077455,515.989078591368,907.1777,658.9826,1
631450977,887.9157384449536,517.2257547128734,861.4045,612.3708,1
631450993,892.6998970654067,525.8145901094987,952.7212,699.434,1
631451010,896.8027651749716,523.3009753827064,953.7032,577.8273,1
631451027,899.8815692685065,523.4434929498127,946.9829,608.3264,1
631451043,900.2806052499319,527.5498616525553,916.576,662.7206,1
631451060,907.3571258478149,535.8224894075463,1005.2536,729.7024,1
631451076,913.8671948554754,533.6221318539375,1007.6119,582.5956,1
631451093,919.7980484176376,531.6134672054036,1006.7363,583.2332,1
631451110,921.2855112176587,530.0240584960859,946.8449,587.3824,1
631451127,926.5849292251421,528.0811131547199,1007.6865,580.7837,1
631451143,926.2386287543281,525.9539243099597,923.8223,575.0331,1
631451160,930.7949164862013,526.1622969105804,1003.476,615.2852,1
631451176,1166.8865899593636,535.6100267293205,1191.3201,623.6437,0
631451193,1200.1183680646634,576.6087531490942,1225.4226,670.4099,0
631451210,1223.045604921393,548.3205893281054,1273.8661,607.0491,0
631451226,1208.0193094569754,564.203897081185,1202.1711,691.9789,0
631451243,1218.4454135034605,571.3974534067506,1276.6387,689.1123,0
631451260,1233.1258258346688,567.8642846009005,1319.9368,645.5614,0
631451276,1231.4513325285488,570.5555674741561,1248.5414,678.4822,1
631451293,1227.135346309848,577.7168365948761,1226.2603,718.0893,1
631451310,1226.4278993047885,577.5948531002509,1247.6212,669.699,1
631451326,1222.9831171865412,577.6357680152694,1222.0995,670.7834,1
631451343,1218.2225063042883,579.1211356993545,1203.251,685.9241,1
631451359,1217.8502283204398,574.4356214909311,1242.3738,618.6127,1
631451376,1217.3294872185138,568.7352353816265,1240.2976,598.3196,1
631451393,1219.1616618242988,567.8165458044232,1267.1108,651.8708,1
631451409,1222.6677178712182,564.8594478937362,1291.1277,622.639,1
631451426,1224.9808472989375,561.7513559438811,1279.7954,616.0709,1
631451443,1226.5569264578846,556.6673199044312,1272.7341,581.9177,1
631451459,1225.6399070508637,552.3157511094888,1238.498,586.546,1
631451476,1227.0595081723343,549.1873713732979,1272.4224,601.4321,1
631451493,1224.9429707693641,546.810854899136,1219.3289,609.5181,1
631451509,1223.510752020721,546.156817588764,1228.1697,636.1469,1
631451526,1226.9074378341159,546.5908531515244,1305.1062,654.6487,1
631451542,1225.524396863087,547.259628454583,1228.538,657.3322,1
631451560,1226.2329820190496,543.8282256770589,1263.8793,582.3246,1
631451577,1228.0301627982174,538.68085118687,1283.4269,547.5912,1
631451593,1222.8216604123568,535.6064344715162,1162.6385,581.2119,1
631451627,1345.4146252275646,409.52987586958153,1378.9619,483.1746,0
631451660,1308.8359931645864,507.9968301718812,1339.5856,594.1055,0
631451676,1297.2331043274019,517.9702668074964,1315.1807,616.3605,0
631451693,1322.7425287671838,499.8353426231077,1407.5284,544.8275,0
631451710,1309.274991410684,514.8389173110526,1297.439,651.9298,0
631451726,1281.9220080854034,525.0420621736683,1199.0389,656.8143,0
631451743,1255.8553513998302,508.3381488259574,1154.8328,499.6735,1
631451760,1250.973619131838,505.85674538186095,1253.5471,575.067,1
631451776,1254.6020399513638,501.22144840150116,1312.5386,552.0707,1
631451793,1257.0577765486926,500.54118717328475,1308.1504,581.0429,1
631451809,1248.181364059492,498.7490193948565,1202.2856,566.7805,1
631451826,1245.1377803949847,508.5294778973079,1247.4504,696.1793,1
631451843,1251.0988575101806,499.41569123035794,1346.4868,482.2875,1
631451876,1254.0132674482363,492.18042823192906,1318.2362,491.889,1
631451893,1250.9233749340565,485.41314942760255,1245.9003,486.4987,1
631451909,1247.029390167433,481.2950861615855,1230.6384,514.8166,1
631451926,1246.9159671935931,481.17117247161053,1277.6008,569.7764,1
631451943,1240.409483177113,479.7673668350372,1184.9952,547.895,1
631451959,1237.7436993332126,477.0616304394191,1235.5522,525.1382,1
631451976,1236.4524538305423,476.5867419827271,1253.2283,559.1255,1
631451993,1234.879751798514,476.23842722418215,1246.9729,559.9442,1
631452009,1233.6211499205692,475.11669252133703,1250.2511,545.2188,1
631452026,1235.9257683059632,478.5379016909678,1306.5409,625.6168,1
631452042,1237.6044221829857,486.4828252941926,1295.7046,709.6305,1
631452059,1238.6629004741344,492.6925688374401,1285.6958,681.6299,1
631452076,1242.544091690765,498.8302902784766,1334.5876,684.1844,1
631452092,1242.2862962835595,502.45879559314193,1263.7971,638.9672,1
631452109,1243.4141555102606,509.7065257560898,1287.2794,711.3604,1
631452126,1246.561474143169,514.8763071310512,1324.1309,675.4495,1
631452142,1248.8096712336746,519.1804202687001,1309.1069,661.9089,1
631452159,1252.194718173243,522.4931574064165,1330.875,646.1702,1
631452176,1254.158127931438,522.913214489402,1312.6449,590.3986,1
631452192,1253.2458348797297,527.0968912314427,1257.1331,669.3441,1
631452209,1252.9465335928944,528.707283415338,1278.7214,614.4799,1
631452225,1255.1499816290418,532.4548438209682,1311.8849,672.0969,1
631452242,1261.4081775622421,535.6685905649549,1376.9321,665.5518,1
631452259,1265.1002947123932,541.4303244386983,1328.2369,702.2976,1
631452275,1265.0095755982204,547.5332632966193,1273.145,721.2985,1
631452292,1264.4640574007367,553.7999699839909,1272.9227,726.614,1
631452309,1268.9821856522278,559.7339842395149,1365.6426,729.1376,1
631452325,1269.960000370336,566.1036396360066,1291.9207,740.4587,1
631452342,1272.7955211243514,569.4391462401222,1333.9175,699.4131,1
631452359,1269.6303998718445,578.1544936018423,1235.9503,786.2861,1
631452375,1266.0943906251462,583.9837665089318,1227.6359,737.353,1
631452392,1265.2432466430876,591.2136342133855,1269.5282,771.9822,1
631452408,1266.1618429198588,590.3143020293646,1303.4243,622.0167,1
631452425,1264.529395168689,593.3109746090114,1262.4181,710.1615,1
631452442,1265.654059144019,589.9932213891743,1305.103,589.1123,1
631452458,1265.368321096763,595.9782349597377,1284.1934,774.8188,1
631452475,1264.391905911424,597.7014235652964,1275.0671,698.9186,1
631452492,1266.2286307933762,599.7449069786104,1325.6833,710.0879,1
631452508,1267.6013867992374,605.2893621932591,1317.0254,781.438,1
631452525,1268.911193709157,607.7817215111792,1322.4434,733.3997,1
631452542,1268.308495793598,612.0356084742504,1285.6781,779.0378,1
631452558,1266.018867489669,614.6118921294359,1254.0891,744.5095,1
631452575,1265.0022672364782,619.9987804859217,1281.2314,802.8076,1
631452591,1264.0452648433907,619.9519295776417,1275.2849,693.7028,1
631452608,1261.3020834212516,621.9735831453514,1244.677,744.6843,1
631452625,1259.9782511008286,622.5327165767118,1273.875,714.5963,1
631452641,1259.421550333193,625.7427144461166,1284.4114,768.2268,1
631452658,1260.863848366194,628.7469352477921,1321.9058,765.7319,1
631452675,1261.8206997515151,637.1976960631295,1308.8032,870.4008,1
631452691,1262.5494261613667,644.9842892679203,1298.4775,869.2933,1
631452708,1264.2732638590312,650.843254440729,1319.3696,829.3312,1
631452725,1269.0439232990304,655.8434028300112,1378.1968,823.4248,1
631452741,1268.3893444887165,663.7619970153114,1285.3574,883.1211,1
631452758,1266.757096668483,667.0872235298079,1262.8716,800.4818,1
631452774,1266.766046631098,669.6109806903108,1287.2427,791.1216,1
631452791,1265.9429378333898,675.0852182982678,1272.1738,853.6199,1
631452808,1265.1917929201913,677.8102675618793,1284.0641,803.7693,1
631452824,1263.5289371927,679.004623318039,1259.5969,778.7587,1
631452841,1264.3241819416344,680.0935775824137,1308.765,777.0467,1
631452858,1267.1151216982876,676.140755888365,1335.8693,691.2396,1
631452874,1269.542445061895,679.9881656232025,1327.9142,842.6846,1
631452891,1270.5917060842105,680.3265259523987,1309.2986,779.8763,1
631452908,1269.2713562609654,680.5287733179279,1270.5034,764.1736,1
631452924,1268.7638551691016,678.2788818205798,1281.9292,729.3603,1
631452941,1267.3655308183224,680.405630961763,1269.8164,805.8153,1
631452957,1267.2235917239186,676.9469441921474,1291.7241,718.5699,1
631452975,1266.542513259496,678.9778918806882,1279.9922,819.6306,1
631452992,1264.1609136105656,678.8345667343568,1254.9216,778.9949,1
631453008,1262.8526315372703,678.3321834966777,1272.9602,780.4111,1
631453025,1262.328171260567,684.9144922309483,1285.5,915.204,1
631453042,1262.3945822004982,689.1928897122675,1292.2742,875.2269,1
631453058,1261.9407656600738,694.7064697000692,1279.1493,896.4549,1
631453075,1265.6301231400762,700.048519122801,1357.342,901.2073,1
631453092,1268.9690838671286,703.7733213521417,1350.5933,859.281,1
631453108,1269.6651733585888,709.6309202612389,1299.2803,908.9331,1
631453125,1269.4507683949637,715.3996221469516,1286.5347,906.5038,1
631453141,1273.2732025117878,721.3323944774443,1361.2275,919.4029,1
631453158,1272.4243011320857,724.6224837743642,1281.0747,869.1106,1
631453175,1274.5299321112095,726.767552186381,1333.625,861.1136,1
631453191,1274.2631755026584,728.5037717336977,1289.8533,854.5072,1
631453208,1272.3536983350714,732.1198938184107,1262.2281,889.5366,1
631453225,1270.5082967249493,737.5915582325086,1269.0398,928.7085,1
631453241,1270.5671076980161,739.6824326065978,1294.2034,872.0348,1
631453258,1268.6103789943052,742.819481273646,1255.6532,886.854,1
631453275,1270.7734380397997,747.9968984730549,1333.2124,931.2678,1
631453291,1273.6550693191684,751.3282938683052,1345.4393,905.83,1
631453308,1273.891661411464,756.30383031501,1298.8967,936.381,1
631453325,1276.382244713765,759.5904540324534,1338.3098,905.6188,1
631453341,1278.4196250922896,763.045780080493,1335.9652,913.6624,1
631453358,1278.3840768431858,766.1029815667624,1301.5085,901.6476,1
631453374,1277.662806723541,768.2135742465057,1288.5313,904.0759,1
631453391,1275.8411845123335,772.0830562124622,1266.4846,935.6452,1
631453408,1274.7669119265768,774.0742061782715,1276.9427,901.5295,1
631453424,1275.2800085630038,778.3095215936587,1307.1948,946.9976,1
631453441,1276.5168153518562,781.3510102103834,1319.8442,936.0602,1
631453458,1274.8938992200015,787.6916745093066,1269.9993,995.2063,1
631453474,1276.2366668636566,790.9448647425126,1323.5814,949.9714,1
631453491,1277.779781211348,793.4065594819178,1325.1755,933.6698,1
631453507,1277.0006103366816,798.0831699047841,1285.0431,980.9127,1
631453524,1278.1217845337762,801.1410852527003,1321.5823,966.8384,1
631453541,1277.615374609883,806.3812167083834,1292.3678,1007.453,1
631453557,1040.4948070877585,660.2514042948222,1058.0229,763.1072,0
631453574,802.3665026011766,540.9577206519117,811.4203,625.3455,0
631453591,755.3250010882135,548.5758858284918,713.3154,641.4355,0
631453607,740.2145492914028,544.567055748035,715.6715,619.2772,0
631453624,743.9390066226666,548.6501249875922,762.2714,647.2023,0
631453641,744.9883100049293,540.2634475059413,756.7087,586.5901,0
631453657,706.495506772031,540.9703234849651,711.5222,624.2166,0
631453674,742.3133108507718,491.0342372573504,749.4841,568.1655,0
631453691,754.2744882726807,504.77433106529026,774.028,599.4911,0
631453707,729.4853398094538,525.5973065555037,683.7496,653.2397,0
631453724,716.2216714186102,529.0486961355439,681.0378,621.5237,0
631453740,713.482869222187,523.5334967022987,708.8439,579.4391,0
631453757,712.603420463887,526.2122420917489,714.311,622.0733,1
631453774,714.3435299799887,531.0683916029461,730.835,644.5358,1
631453790,721.1661866523958,531.1881496472205,774.9353,613.8269,1
631453807,721.2861485590404,534.5921614139776,727.3349,645.1602,1
631453824,717.2499955367515,543.2045795550365,686.4733,706.0012,1
631453840,719.3265445781216,535.543493911239,746.0806,536.2651,1
631453857,721.996235820907,533.4065241467063,755.3513,591.2681,1
631453873,724.3647519673261,532.8133886299536,755.4583,608.079,1
631453890,719.6617811319973,536.3334100825828,668.4431,662.8991,1
631453907,712.2841271663981,526.6100347014242,628.9194,476.0321,1
631453923,714.5220276934737,530.7010839977579,751.4559,673.3021,1
631453940,709.5695207729456,524.3279748188558,651.7157,512.9308,1
631453957,704.5898902213164,517.9187239614106,646.1356,505.103,1
631453973,701.9914547040455,515.1097142910112,677.1511,558.777,1
631453990,700.0202406221015,514.7730279128662,683.8602,598.1113,1
631454007,696.1954726139869,514.3574753067701,651.6799,595.3738,1
631454023,695.8919253056597,511.83593982737045,706.8196,557.1445,1
631454040,694.100563358722,510.375527650658,680.4497,573.6678,1
631454057,693.374691702074,509.08257227079764,696.6385,575.0925,1
631454073,692.1344417740721,504.62893020337367,686.9647,513.7155,1
631454090,691.2784345848119,506.8178658055325,690.6411,636.9682,1
631454106,690.898227474766,505.8905822832078,698.2629,576.6573,1
631454123,689.9913839728639,505.22428644643384,687.5026,580.0405,1
631454140,687.7725351476638,505.05652240622067,662.316,588.0737,1
631454156,687.1949396625579,502.21807332999344,690.9689,534.4941,1
631454173,684.7244754930465,497.45308897726306,661.5321,493.3044,1
631454190,684.2241433803771,495.86447798118877,696.9796,558.1268,1
631454206,681.4437000680381,495.03438207923347,643.952,575.9606,1
631454223,679.2134493555609,492.07312771704306,653.1938,528.0779,1
631454239,674.2935308851313,489.14747983476065,606.0465,521.7303,1
631454256,676.9216293449406,492.0508709443275,740.6464,640.7689,1
631454273,676.7985383783918,492.97514942037054,690.9916,601.2051,1
631454289,676.7100946879917,489.0825689656021,695.3806,501.0192,1
631454306,674.1439506186495,488.2759430014911,642.6928,562.908,1
631454323,674.2027127688259,490.77662877774344,684.1506,632.6862,1
631454339,673.5448302276313,493.00043374813663,676.457,607.3672,1
631454356,670.898687202776,495.56190854211366,639.6462,619.5457,1
631454373,671.2681796779168,497.9753226274393,692.813,618.7676,1
631454390,671.7059640709589,498.7695510811227,684.1053,592.2865,1
631454407,674.1442081378348,500.74161825811433,716.12,596.5112,1
631454423,674.1013558826266,500.92491554084074,684.3954,583.0031,1
631454440,675.2747791021662,502.5106743457121,695.0029,594.2484,1
631454457,676.0183980282475,502.46021781005925,687.5314,563.1711,1
631454473,676.0263944119979,497.3333860423583,679.0704,470.4217,1
631454490,677.1647362545934,497.1660369171078,699.3472,573.2484,1
631454507,678.6941819467992,495.3226068197287,703.7358,539.9778,1
631454523,677.5031261923143,495.3862685333663,660.2,573.0759,1
631454540,677.0685267028136,494.9604384262953,671.3169,565.6279,1
631454557,673.8161387841742,498.1613674424194,621.25,636.7242,1
631454573,673.7554980040906,500.6450098123337,678.2864,617.1803,1
631454590,673.5203104734339,497.32956842240554,676.6736,516.4604,1
631454607,675.8412971744818,498.28024554491196,722.7395,594.2936,1
631454623,676.8340162101119,500.42855904437886,697.0984,618.0847,1
631454640,677.3474451249898,500.67018207322405,686.434,581.3998,1
631454657,675.7901309199959,500.1683907213051,652.4507,561.0992,1
631454673,675.0052117487414,500.80946340029396,663.3203,580.5709,1
631454690,672.9736174938257,495.24065463739527,645.9983,465.8047,1
631454707,669.4393891921286,494.4381341356992,611.9795,561.2773,1
631454723,668.3500756294179,495.4633146118598,657.1089,592.394,1
631454740,666.8198450108611,494.23710586686525,644.6161,547.3813,1
631454756,670.0658971309933,491.879207401295,745.4277,538.1487,1
631454773,670.6432735527613,491.4676418290071,689.7961,570.1179,1
631454790,668.3964339909106,494.5424976011467,637.4996,626.9376,1
631454806,667.3505070209087,493.85078943466465,654.1049,559.5834,1
631454823,662.8996814484951,490.9014517370199,596.8567,520.927,1
631454839,662.0430814765989,491.34018722044686,659.6353,584.3145,1
631454856,660.753912018223,483.4377529478332,648.8941,419.8209,1
631454873,665.8784493190418,477.33930333000745,769.7826,455.0374,1
631454889,784.3082354952262,311.13765342962927,795.5472,365.2015,0
631454906,753.9873423564676,335.247568504527,763.6439,392.1085,0
631454923,765.1612675045192,303.6104893844947,787.7101,320.902,0
631454939,781.1287794337653,302.0105959541008,825.3962,351.8037,0
631454956,776.9333834127373,298.1523837282175,774.9037,337.5441,0
631454973,779.7881868598023,289.46418042821887,803.0509,302.5315,0
631454989,771.9641858825278,286.3929351119582,743.2288,320.5226,1
631455006,776.9041466783832,292.0342640415586,817.6693,381.7275,1
631455022,774.8307625419285,289.57701035379813,771.5444,322.3816,1
631455039,780.7960714388486,284.64864353627723,839.4248,294.575,1
631455056,775.4826628412063,282.9941538088218,739.8484,318.7198,1
631455072,772.6655314182634,279.3589863467227,757.731,293.2755,1
631455089,764.6824960819713,278.9801112991303,694.6678,326.1873,1
631455106,765.5239326443808,286.05190595096474,787.7408,423.5847,1
631455122,765.4508656378066,284.32368988636586,778.4022,312.758,1
631455155,771.5930487178749,283.33825285009027,860.8058,321.9355,1
631455172,775.1981908274715,279.7290989655518,833.2365,280.6335,1
631455189,777.3602316831643,276.5870564263491,816.3498,283.2577,1
631455205,780.7728334963512,268.90817170245515,838.2056,206.1604,1
631455222,845.2916516325201,3.833281627104605,863.0283,18.3645,0
631455239,705.0104191922917,148.44877649120252,715.0024,180.2533,0
631455255,776.4665812938839,185.4308408887354,862.7816,265.5027,0
631455272,807.913596800217,189.2180148527265,886.3544,236.6322,0
631455289,789.4656172819242,198.5738793160462,744.1582,268.3876,0
631455305,790.6049632555547,199.760796489758,807.8718,244.0454,0
631455322,763.1232829433834,185.43340836761098,775.0825,222.7762,0
631455339,728.1121237678894,132.36300343156609,739.2805,162.3356,0
631455355,761.0349578317589,112.47150990704615,808.3134,118.1821,0
631455372,771.1333143612633,135.7858930623093,804.208,219.4738,0
631455389,768.2624008426158,123.80158366158454,772.4869,112.5568,0
631455405,768.282748715621,143.5540770817413,779.8526,263.2712,0
631455422,764.1011534385184,140.2564573628763,755.4844,152.3333,1
631455438,755.4351417796198,145.29861884647187,715.1757,208.9521,1
631455455,756.2316193848267,152.632158505278,774.2479,239.6675,1
631455472,758.4224289659583,155.09392129182498,788.372,207.2568,1
631455488,760.2872003777941,156.28052911056477,789.0353,198.5133,1
631455505,767.0473243461535,165.87363445357704,842.4449,297.3707,1
631455522,770.1504938244927,171.49595529587882,812.0613,264.7673,1
631455538,770.3495213371115,175.6874558014341,781.9337,255.0652,1
631455555,770.7945739872982,182.31162063700452,784.9968,295.3197,1
631455571,771.5604422049972,182.43166196636656,790.9427,211.2395,1
631455588,775.4936382628268,182.5491685457047,836.062,212.6013,1
631455605,777.3242357686908,181.04155269974237,810.573,187.7446,1
631455621,776.2276333629715,179.89671327310427,768.9886,192.2654,1
631455638,773.4253407273366,184.09704427144558,741.0697,280.8806,1
631455655,777.3664632414834,188.8332614483875,845.4893,295.9479,1
631455671,778.2698549848045,179.53778507254802,802.4279,53.7948,1
631455688,777.7838807059578,183.94207590427874,777.8254,293.1393,1
631455705,780.5797305499948,185.93963884701864,833.6672,253.4754,1
631455721,774.5228661499199,185.7229486247325,684.783,212.6836,1
631455738,772.0200383868743,186.3119299014655,743.6338,229.2239,1
631455755,774.5167465654575,191.65046123088044,829.3785,321.752,1
631455771,775.5644927281676,193.29430845914223,805.4883,253.4755,1
631455788,778.5751341595136,195.92532219277172,840.9033,274.7673,1
631455805,779.9877630057475,198.02270158989762,813.3271,266.0455,1
631455822,781.4079430135811,196.45601795237965,815.0253,195.7284,1
631455839,792.4713547351145,194.9271017214706,985.3055,192.2158,1
631455855,1017.8648287867786,142.93473132510985,1041.0685,177.7473,0
631455872,1009.2221482882688,182.0719400880631,1031.5615,221.9088,0
631455889,1019.4374779421838,189.2789474483667,1052.6389,238.4336,0
