timstamp,smoothx,smoothy,rawx,rawy,fixation
631482826,895.9858551614162,332.09226981159816,911.6473,390.233,0
631482842,917.5822581348677,430.7001849665257,932.8878,502.017,0
631482859,905.8727387779835,409.34247091056125,909.0627,453.4882,0
631482876,897.7070510929356,390.2399490757136,896.333,413.0127,0
631482893,906.2313385371525,385.73826926901165,948.3237,436.6845,0
631482909,916.1505765987537,399.24348249372247,971.597,527.4202,0
631482926,916.0424118968771,403.52902546633084,930.229,494.6424,1
631482943,917.64222607348,404.96652359288777,942.2405,481.8681,1
631482959,923.2963839437342,408.14826572045473,977.3788,500.2874,1
631482976,920.9856888454523,408.3861527118667,917.1816,477.4764,1
631482993,924.0807728206399,405.72304029397714,966.1171,447.9406,1
631483009,923.0066959822037,408.7918979926302,926.7115,508.2597,1
631483026,921.6895150148491,413.3819619846293,922.1156,532.0695,1
631483043,922.0860786602271,421.4718777281953,940.2452,585.3055,1
631483059,920.020903922964,422.6336052895228,910.5935,501.8965,1
631483076,915.7192767895774,422.97621255929323,878.3333,491.6491,1
631483093,913.3476444441104,422.86302080407,900.0813,485.8556,1
631483109,907.8949118451402,421.7959366572791,853.0192,470.6443,1
631483126,912.2707253349353,424.1548234567485,993.478,527.0637,1
631483142,913.7038216160902,429.1273829449502,951.4436,573.118,1
631483159,912.3338903354421,430.5581710290628,908.7741,517.0211,1
631483176,910.5872211424058,431.2814426550652,901.5284,506.4487,1
631483193,910.6378156331443,428.5192171132379,930.4336,445.5903,1
631483209,910.8794984492182,427.0619509977905,933.0971,468.3395,1
631483226,908.6105578610246,424.92709230001395,890.1241,454.9946,1
631483242,906.9517808934083,424.4702252658987,898.8549,485.9971,1
631483259,906.8514121485784,425.6503186288521,924.6434,517.6011,1
631483275,906.9957427686979,426.06355921299456,928.5757,503.6751,1
631483292,908.7763114949171,426.23214198888587,957.4326,499.7115,1
631483309,905.1806179320723,423.317997198139,861.2122,438.5707,1
631483325,905.8406233237216,421.61821496691095,936.8641,462.7015,1
631483342,904.8819710550456,423.52167456065104,907.4113,534.1239,1
631483359,900.7548839216628,425.3298034120185,846.7712,526.4108,1
631483375,898.2428646659532,425.77219847153367,874.5874,496.3163,1
631483392,891.7357067464964,426.34344969237293,806.5765,501.5459,1
631483409,888.1364740478103,428.5908373972255,859.5512,544.9774,1
631483425,887.8751416561417,433.17295290757386,913.0031,587.7757,1
631483442,879.1784908968637,433.1383800679091,760.1443,493.9882,1
631483459,871.4664379600532,433.89660321307645,779.0157,512.3665,1
631483475,864.5387344746198,433.42870711989707,783.9869,486.4918,1
631483492,855.6718876302292,436.32614276155704,749.8652,550.2437,1
631483508,848.7153970118343,439.8636447853937,776.0826,570.598,1
631483525,844.6112133428328,445.2213697821983,822.7379,610.0914,1
631483542,839.9790586861891,447.928715110487,811.0293,563.8248,1
631483558,834.0515785625677,447.4246331669264,780.2708,492.2812,1
631483575,830.8794578346269,451.2843921177332,821.3629,579.7235,1
631483591,858.7609693169044,636.1080805200477,868.9648,733.6339,0
631483608,828.1336561333214,548.1303003355299,838.1779,633.765,0
631483625,841.093034433183,549.9041793367267,865.1055,638.0812,0
631483641,837.605410942449,560.4426285446929,840.3311,671.3965,0
631483658,832.5587679002468,558.0597798672718,827.1523,636.6898,0
631483675,833.3989836263902,570.005463411395,846.3669,711.529,0
631483691,839.1893344476028,553.3344772621089,880.1183,547.6644,1
631483708,834.175864919826,545.6557441150915,814.5535,581.1641,1
631483725,839.7852252566796,545.4351577060748,889.459,631.1288,1
631483741,838.1381495327424,543.7051452690151,835.3444,615.5105,1
631483758,838.6452841410708,543.5674390757372,853.3032,629.2139,1
631483775,829.6606686791984,543.3095556907768,754.3258,626.3749,1
631483791,821.635847852771,549.9384010584063,750.2365,710.1554,1
631483808,826.705625061844,552.9462879530729,895.9738,675.1057,1
631483825,835.709533413029,547.4583043557242,953.9534,563.2983,1
631483841,840.3667264568611,545.6792460674498,907.0752,608.6937,1
631483858,839.1173687853495,543.0844819589577,830.7814,593.1161,1
631483874,840.844836586677,543.6409776351419,872.0027,639.7386,1
631483891,853.9735534606774,545.3251852641965,1044.0854,660.4333,1
631483907,852.1805639409572,545.4655725802527,827.262,633.701,1
631483924,854.8948826621008,546.5219163300583,897.5025,650.2422,1
631483940,857.0556354134014,543.7513254589882,892.1119,583.7288,1
631483957,854.9294830467875,540.9517485600644,823.6597,580.2122,1
631483974,857.2901892670995,539.7701061516289,898.4341,608.4758,1
631483990,856.0326414521662,540.7874228603596,838.3303,647.5209,1
631484007,858.8451673400715,543.7122115890145,908.8035,684.4049,1
631484024,851.940382228856,546.4906425857188,740.4526,680.8311,1
631484040,593.3859474611647,652.7396820167445,592.23,749.2801,0
631484057,616.2597384940728,744.8709658731867,614.8845,853.7542,0
631484074,621.9284248381431,711.5569280361198,627.5354,778.6283,0
631484090,614.2792124668309,722.447383375062,596.959,852.8564,0
631484107,624.9627093618043,723.5750585363717,657.2762,833.9332,0
631484123,631.9325074437929,731.4412993770801,659.252,873.954,0
631484140,640.6473595114774,734.4867956621405,683.808,859.0728,1
631484158,648.1063984654548,729.7202214288993,692.2709,805.649,1
631484174,640.1681037549573,726.2278150324562,583.2912,805.8537,1
631484191,640.0187580303804,727.9517446802639,637.7102,849.8961,1
631484208,641.8816415229848,724.3160432524077,657.6558,796.8276,1
631484224,643.2559362910008,722.6078463274733,655.4543,812.3449,1
631484241,639.5576254906324,731.1369509416642,599.0475,934.1824,1
631484258,637.2838903542603,727.2613969980092,612.4834,786.2311,1
631484274,639.4328292269552,730.993440257477,664.3605,885.8033,1
631484291,638.7330462588127,736.7023615546306,628.8407,919.2188,1
631484308,637.2603307157162,742.0210264888406,617.2747,920.7665,1
631484324,637.4074457638324,741.6146159427583,639.9867,837.9644,1
631484341,634.7922987182717,741.6854223257741,598.7462,845.2023,1
631484358,635.4057839534627,740.6824995924833,646.1478,828.3159,1
631484374,635.5791123853776,745.0864708476146,638.5377,920.5746,1
631484391,635.3268932553335,746.6390727098544,632.1812,874.6122,1
631484407,634.6710233177373,748.6362447458198,625.0936,884.3638,1
631484424,637.0299748431307,751.7463620396601,675.0123,907.4156,1
631484441,638.2813858049519,753.5088391539343,657.5172,885.0126,1
631484457,638.1172778062822,754.7969422381282,633.6509,877.8351,1
631484474,638.7094347672609,759.2181599802195,646.1838,939.4532,1
631484491,640.6105321921054,763.2896833559493,669.7195,936.172,1
631484507,642.1643282188151,764.660735279908,664.8346,886.7404,1
631484524,639.6100592035432,764.9606945583993,591.6591,867.1375,1
631484541,638.6269916739542,764.3392337885764,619.9775,851.1609,1
631484557,639.0799464239137,763.7443661180976,643.7227,851.3578,1
631484574,637.038025233201,766.2200726952452,599.4053,905.6854,1
631484591,637.390228589063,767.0630367771852,640.2783,884.3392,1
631484607,633.3992763079904,768.0165103232149,567.8805,885.3625,1
631484624,631.5272575840524,767.4114063962118,606.2324,860.9631,1
631484640,633.4271797251895,767.0621127403787,676.2362,866.395,1
631484657,633.0998444196637,769.3352175587231,634.8462,913.4136,1
631484674,636.4167443280603,770.8671673085543,689.0925,901.4489,1
631484690,633.6533355253805,771.5165434247446,585.0151,889.0287,1
631484707,632.4423965825399,771.2820971911613,615.2311,867.6294,1
631484724,635.841782860114,774.871338658997,697.2496,947.2297,1
631484740,635.5786259835645,773.5354858899809,625.6907,863.0398,1
631484757,633.5570047352797,773.2905768579817,595.4104,868.8771,1
631484774,633.549055328293,771.9724577489603,637.6245,859.8757,1
631484790,634.0610141081416,766.6606503567976,643.7003,784.5788,1
631484807,630.4302084027922,762.1548466507796,567.0336,798.9291,1
631484824,628.718455239416,759.4259665552228,603.7336,824.7402,1
631484840,626.9523064310108,755.7695510069128,598.1705,806.7825,1
631484857,623.6815166367974,755.4123484262772,574.7181,868.9138,1
631484873,624.0578346539658,752.978427923789,639.5332,837.0976,1
631484890,621.2634409764271,748.3199523999174,580.74,785.5137,1
631484907,620.7270318802164,745.9668298454822,619.4922,830.4418,1
631484923,621.1379900896902,743.5091137464242,640.7244,828.5109,1
631484940,620.0961792894201,739.2876835571818,611.2772,788.3434,1
631484957,619.8745396211142,741.1029139638252,621.1123,904.1457,1
631484973,621.6768632736803,737.2171015544525,659.5114,795.8532,1
631484990,621.3562557006728,739.233373671591,621.0626,908.0907,1
631485006,619.816434538112,739.5222842796708,597.7046,865.7324,1
631485023,620.2814637045244,739.2070393982613,625.9099,850.3052,1
631485040,621.6568032839414,744.352708561225,644.2228,955.0488,1
631485056,624.4874163032162,749.7872767157061,672.7689,960.1998,1
631485073,625.6558762535049,753.5222298620738,638.1626,931.5854,1
631485090,628.5760890253092,756.5571113501068,674.8143,915.5686,1
631485106,631.8243677503754,758.0965926287615,673.9482,886.6771,1
631485123,633.7427249369305,760.9568036117538,654.8735,910.7693,1
631485139,632.7991807790404,761.1616212614299,611.6202,859.829,1
631485156,634.2531275222461,763.5208086583127,650.6212,909.0973,1
631485173,635.320993887707,762.4138036991185,650.6594,840.507,1
631485189,637.3892801055099,762.5904052337116,658.2393,866.1134,1
631485206,640.1928966554747,763.2445730662859,676.4194,875.0283,1
631485223,640.4330479678922,763.3334639791224,639.7785,873.1702,1
631485239,638.8279204462144,760.175523474953,600.1906,800.9166,1
631485256,637.3063820447919,758.1574525411345,599.8564,825.681,1
631485272,640.5120299434991,757.4623887404667,691.2995,853.0402,1
631485289,641.3399336161374,752.2142702148946,650.6658,756.2283,1
631485306,641.2281994985821,749.0814337984963,626.3582,800.8173,1
631485322,640.294406880231,747.0269279728382,616.882,825.1912,1
631485339,641.4058307714764,747.3007961616381,654.1342,869.5043,1
631485356,646.0224789254903,741.8329831725281,717.8416,763.0885,1
631485372,647.5756377162243,740.0449171095546,669.4575,830.2681,1
631485389,645.929150912419,739.3777542733831,605.8967,845.0825,1
631485406,643.7950532036468,739.1640042687479,602.3452,857.5764,1
631485422,645.0412113601565,742.0762176612333,665.7749,918.0382,1
631485439,644.9650762840902,745.8211091836068,638.7794,928.647,1
631485456,644.3409345216279,748.7442873165487,630.6016,923.4534,1
631485472,643.3222233613266,746.2302915842918,628.8535,803.3945,1
631485489,645.6361113301373,748.8988010267886,684.0043,917.4878,1
631485505,645.8358865795525,751.9800465480971,643.4549,919.2681,1
631485522,645.8574680042819,753.3063330983645,644.123,882.5765,1
631485539,642.6350384651523,757.1487622882496,586.6658,942.1449,1
631485555,642.3405054318242,758.9440717049757,642.912,901.8725,1
631485573,641.1922624225991,759.6878245385851,623.3348,877.5677,1
631485590,640.8681632252299,762.0446257489177,641.3247,908.2255,1
631485606,642.9532312181035,763.2273195516274,684.353,883.5193,1
631485623,643.1215814210552,763.2524233313718,647.1555,864.2729,1
631485639,644.2205937644178,762.2121097839876,659.6835,839.5819,1
631485656,641.9898844231145,762.7736423903573,603.2173,877.3873,1
631485673,636.2360936582328,763.2442905139831,539.0298,869.066,1
631485689,636.2510932953253,764.8314753898737,643.7574,896.9594,1
631485706,634.8277629616099,764.2447178121387,619.0469,856.338,1
631485723,632.2436102284537,763.8389856865246,593.0575,860.8933,1
631485739,634.0759234480112,763.6186088634921,668.51,859.4462,1
631485756,634.7563155100735,759.0803507963755,648.3287,778.6742,1
631485773,639.0223072278831,755.9480453546183,722.2277,811.111,1
631485789,639.9308078804385,751.7369110356407,656.1476,779.6159,1
631485806,638.8642239214894,750.1142171397901,617.0036,835.8065,1
631485823,639.3421150829607,751.0326901501579,643.6809,888.5148,1
631485839,635.7098068882053,749.5900065744722,573.5694,844.8312,1
631485856,635.6146740402744,747.5032286271793,643.948,820.662,1
631485872,639.8831329135182,744.4076784757726,717.1229,808.3182,1
631485889,824.804118128713,702.8156532025693,832.7272,808.6759,0
631485906,787.5469241624915,633.9061957874152,794.7877,730.2944,0
631485922,814.2788300043787,629.9984054352735,850.5262,722.1029,0
631485956,832.770348838677,625.8865118942306,880.2687,712.98,0
631485972,838.0815013790002,613.1483078898794,864.1705,664.9832,0
631485989,835.2984643592333,602.5667737930568,833.5073,648.8339,0
631486006,833.0104359430488,598.6682938093633,830.8251,670.5002,1
631486022,839.1303797716141,590.9082585615627,886.2438,633.3943,1
631486039,839.8159474988802,594.0205449105243,853.3757,711.4944,1
631486055,839.9078692661501,600.0776151987259,848.9926,745.7345,1
631486072,837.3835950552331,596.2283982552921,824.8492,652.2176,1
631486089,830.0108047414919,592.9122565129682,769.7737,650.7614,1
631486106,829.9460692561037,593.634064694143,840.3048,695.3303,1
631486122,827.5940716098798,593.2444525141731,812.8514,681.5381,1
631486139,825.8077562201248,587.4946331780063,817.5507,607.0609,1
631486155,826.3168727116094,586.6671682839058,844.9677,670.277,1
631486172,827.0044054587365,586.3479861187639,847.8221,676.6074,1
631486189,830.9610126185985,585.0129150004461,895.8229,660.5155,1
631486205,831.6836098626325,582.4325509948446,851.6674,637.9689,1
631486222,833.209212120262,578.5042098454834,864.9593,612.5286,1
631486239,834.9852731322326,573.2157683060112,870.5403,585.0374,1
631486255,837.5210869903127,563.7945946641723,885.1819,507.361,1
631486272,837.4821310247962,559.4778001840897,843.6472,590.1931,1
631486288,840.0095788117001,553.5216724276416,887.4965,556.2744,1
631486305,841.8403112602307,552.3841669982487,876.4016,640.1456,1
631486322,846.1368324739636,549.1981360742157,921.043,599.3895,1
631486338,846.4143182278945,542.1748450902923,853.9493,521.7733,1
631486355,846.6276505752344,538.3721857734795,853.1426,578.3086,1
631486372,848.0853411313952,539.3964200481921,875.3538,668.0828,1
631486388,850.7449581458326,537.1269316104081,899.1645,601.2627,1
631486405,852.1877990187428,536.7323246127113,878.4192,634.5093,1
631486421,859.0180194483615,533.3295744476494,971.4266,584.452,1
631486438,864.7366500869333,530.5919420120939,959.2268,592.121,1
631486455,872.896751728236,530.5182909541263,1008.0857,640.0844,1
631486471,881.9226788763372,532.770682288062,1023.905,677.5494,1
631486488,887.4758380235781,534.2940866814206,961.1118,658.2852,1
631486505,892.4408749941646,535.2611851258881,954.4657,647.5299,1
631486521,897.7320631857845,531.0170195848525,971.6139,539.3378,1
631486538,903.2019298605197,530.230180899161,974.6781,614.254,1
631486555,909.1269521698475,530.7607253146282,986.904,641.4425,1
631486571,914.2502054474924,533.2238443260802,974.4852,667.4894,1
631486588,922.6720312674888,534.1977346466946,1034.7159,638.0826,1
631486605,926.8440541828738,529.5105531815597,972.4175,529.8393,1
631486621,933.1234885710286,528.0891900323762,1012.7629,592.3531,1
631486638,936.7288746766422,524.0704879377913,971.2668,532.269,1
631486654,938.1488954231547,523.3106073488684,939.5276,602.5576,1
631486671,943.1199049460889,522.8664256584409,1009.5125,609.1197,1
631486688,947.0131882880739,523.3282935540136,999.6412,624.0685,1
631486704,951.364529293172,524.0320145737375,1007.8074,625.9456,1
631486721,955.7555867259092,526.2881774185245,1014.5109,653.7338,1
631486738,956.2430398556214,530.1393278587674,948.5553,681.8722,1
631486754,957.0295697636798,532.2993641367879,960.2769,641.6926,1
631486771,959.0116237105387,530.5823725504482,982.5132,576.0699,1
631486788,960.707123575618,524.650223412005,986.8406,490.293,1
631486804,960.2840858882188,523.1819282513292,949.4677,587.1274,1
631486821,957.5958751978872,518.6126950270715,916.5994,520.5359,1
631486837,956.1296127223127,516.8911210737568,933.3202,568.5797,1
631486854,954.0026427038074,515.7504248274689,923.5319,585.8165,1
631486871,952.0920551112455,515.1930303947122,931.4388,605.502,1
631486887,948.8961784704812,512.9511457783249,911.8781,563.0127,1
631486904,946.915994955137,511.8535523853511,931.7789,587.8892,1
631486921,942.9220472230335,511.89972648086297,904.3359,603.1094,1
631486937,939.7461440741936,508.4799223321675,916.9846,534.6354,1
631486954,935.1133752499723,509.11523138524245,892.6646,617.7853,1
631486970,930.2985780007599,506.9731724654904,888.696,564.6805,1
631486988,926.7786272867038,503.78767438111635,902.7685,539.9061,1
631487005,925.181108194292,506.0189099791124,933.1924,643.7703,1
631487021,922.6148427574443,506.4671819343289,915.076,595.5985,1
631487038,921.0656205428687,507.185807857988,930.8357,608.6223,1
631487055,922.1086195439235,511.5195145877279,975.334,682.0493,1
631487071,921.9958026406074,515.7388825822853,950.1199,681.0524,1
631487088,916.265293991517,520.6877622877747,851.4592,690.429,1
631487105,912.7734635727816,524.4742346549298,882.6835,657.2909,1
631487121,909.5549836276969,527.5605719577035,889.2681,652.1598,1
631487138,906.4579161701396,531.9907108068793,883.7422,674.2611,1
631487154,899.0626653667382,530.7041433963913,801.1133,570.5986,1
631487171,894.1714114227883,527.1358467979915,851.7266,528.6265,1
631487188,889.603537390394,525.6179698400512,852.3173,572.0926,1
631487204,882.8964548698963,525.1335127388168,810.2722,593.1797,1
631487221,879.712379820899,524.0078515476622,870.9917,584.8737,1
631487238,876.0065575615126,525.1492104721689,850.0656,632.5952,1
631487254,872.7146835291115,524.7397107224767,855.7949,597.9713,1
631487271,870.4189320549161,525.7170449303044,872.2351,619.4886,1
631487288,866.3588472824621,525.3248395095791,837.0354,584.979,1
631487304,864.3738064766873,527.5405321442562,866.4548,649.1027,1
631487454,871.3409525259588,508.6776705085409,883.7054,589.6589,0
631487489,835.9962121913513,442.65563020835106,811.8296,439.6641,0
631487504,837.7092657829661,457.9428351501591,852.6515,566.6575,0
631487520,852.242109966274,460.0256754749983,909.3969,542.015,0
631487537,862.2001307356943,467.81691146399027,914.7341,578.4174,0
631487554,855.6188218125957,480.25002977528146,867.687,557.3195,0
631487570,866.4067583529708,470.0046390898061,879.0593,545.8605,0
631487587,886.4359536102102,443.15532782896423,921.434,485.6814,0
631487604,883.7033712419988,459.616005879829,891.0304,571.4027,0
631487620,872.3026973969212,450.524870991114,850.5203,492.8827,0
631487637,871.927045523883,450.0774646864358,883.8467,521.5681,0
631487653,871.2195657883492,448.7348905334059,881.1533,514.6393,1
631487670,866.813359050892,452.79589898094747,853.2375,552.9318,1
631487687,864.1935134578961,458.03541182653754,859.0883,571.3808,1
631487703,867.9201023002887,455.5776646309099,911.3439,508.0962,1
631487720,862.7123539962621,456.8273416399596,830.5323,541.7066,1
631487737,862.0096171480029,459.31359784673873,869.1636,558.5153,1
631487753,862.8064280565038,462.00552834807957,884.8278,565.455,1
631487770,860.7260364649369,464.36519585956034,851.3569,565.1169,1
631487787,853.6318222565708,462.28863549454303,785.4341,506.955,1
631487803,854.7330258002844,460.32576016219735,885.2316,507.0026,1
631487820,856.6960263789072,452.17922672126673,899.3325,411.4198,1
631487837,854.0509141193772,442.41886646604166,835.0785,375.5806,1
631487853,855.4077323376207,434.253259837256,891.7285,391.003,1
631487870,857.4499186733057,427.4348813067446,903.0884,404.725,1
631487886,856.2143278386586,422.41558920369016,852.4723,427.7225,1
631487903,858.2079296800661,419.62377223899836,903.1958,461.9036,1
631487920,857.8680560829126,413.5224552369339,866.5316,398.3975,1
631487936,859.3415899756392,410.425160043193,896.1565,447.6013,1
631487953,861.9122390521655,406.02391303648267,915.9712,419.5559,1
631487970,860.2943466574201,402.0461316671167,844.6279,421.9117,1
631487986,857.5305519628097,398.198378913608,823.9374,419.5691,1
631488003,856.5210495481382,388.6653352228071,855.2782,305.9136,1
631488020,857.5799795661528,381.5926920046146,891.3812,347.3125,1
631488036,858.4351504106664,375.0651632248193,887.8639,351.8198,1
631488053,857.1476658669382,366.06625707538507,849.7529,296.5586,1
631488069,854.9203618506308,360.4716603934727,832.6584,369.4398,1
631488086,853.4188716427657,352.1445892626099,850.4732,302.7358,1
631488103,853.8110508063872,342.7487562001354,881.0724,284.4132,1
631488119,833.5156310909683,198.4942628935608,848.2643,238.3875,0
631488136,924.7191106789215,162.57078069419413,943.7588,198.8452,0
631488153,885.662632367561,196.8837596790985,861.5905,275.4327,0
631488169,884.9987490331101,230.41824071334494,899.4811,350.2717,0
631488186,902.756546380983,221.71252963774864,975.5242,236.1478,0
631488203,881.4667390575866,248.8302129920455,808.8171,414.8055,0
631488219,870.9432261125058,265.7453506229922,832.7994,405.3792,1
631488236,861.443571013753,280.29206571241957,819.6426,422.3364,1
631488253,860.1890470555392,287.6450180197255,868.1095,390.0284,1
631488269,852.0097431319793,296.8134018086718,804.0184,421.2631,1
631488286,844.4887164486753,300.66719778379405,796.675,382.5285,1
631488303,852.4433574864338,309.72092367578654,946.1788,450.8721,1
631488319,1155.8798881742155,290.8904540250266,1182.9856,346.7323,0
631488336,1224.001885000872,347.97514047268635,1253.2378,412.1079,0
631488352,1237.445847325033,345.70787022790813,1281.2773,407.306,0
631488369,1241.9648365797207,338.0648893344249,1281.5632,384.0538,0
631488386,1246.1327554139398,339.5550645055651,1289.0828,408.1342,0
631488403,1241.3442932156433,330.8034995408793,1252.1174,353.9097,0
631488420,1238.500218796406,328.31016270370293,1254.3226,376.7348,1
631488437,1237.6152597470941,322.21812902934164,1263.0759,344.0508,1
631488453,1234.7932248285424,326.6861283443945,1245.075,423.005,1
631488470,1238.749320990009,324.22428161023936,1300.756,365.5824,1
631488487,1236.9614322671382,318.39331243303616,1252.1946,324.8719,1
631488503,1236.1026619281974,318.6867139265569,1258.3617,384.4317,1
631488520,1236.455282071264,322.069705367265,1270.2415,422.7776,1
631488536,1234.3030613071544,326.22923089274036,1240.4795,437.8181,1
631488553,1232.1498855108944,327.81274918249795,1237.7905,408.4707,1
631488570,1230.6943715325212,325.2011489484735,1244.8788,350.1179,1
631488586,1227.7475301260074,322.1313583955448,1222.3845,339.5423,1
631488603,1224.5376898652883,319.026763506576,1215.1715,335.1487,1
631488620,1231.2052836264675,308.8974907323995,1360.5266,219.2636,1
631488636,1241.0791385358903,302.32333309876975,1415.3015,268.6451,1
631488653,1427.0807272330235,241.5171586023079,1466.2103,294.1244,0
631488670,1622.3537817068786,70.91026743491376,1671.8708,103.4948,0
631488686,1543.0527650179245,134.21457796680514,1505.1978,244.6192,0
631488703,1505.1369314641088,135.83525732247938,1470.7645,177.9146,0
631488719,1469.0570621378424,149.43860206758197,1400.1686,234.4473,0
631488736,1448.2386870852124,146.28251512225373,1406.6167,170.873,0
631488769,1445.6240237877907,180.2135983656105,1486.3177,225.0106,0
631488786,1374.040543096159,163.64225419159928,1411.9397,205.4147,0
631488802,1398.80980266504,161.33613241865268,1463.5524,200.7948,0
631488819,1351.6676271518681,206.21799966976002,1289.1874,353.075,0
631488836,1365.4627186061712,198.95237449999243,1446.061,220.6286,0
631488852,1372.8569791755167,193.04599763050737,1441.0419,212.2962,0
631488869,1374.0242879390373,209.29597734139313,1416.0267,346.3419,1
631488886,1383.3626854502668,209.98655519424452,1476.9186,261.621,1
631488902,1383.3626053149383,216.62398933358998,1419.1531,313.9168,1
631488919,1400.1115398140241,211.4128816321691,1568.8093,214.5843,1
631488936,1407.2885568763315,210.55243096373454,1504.2567,250.1146,1
631488952,1517.4590883241253,219.2269295635627,1560.6704,269.9916,0
631488969,1553.4191224169917,234.3254033120745,1597.9475,287.4969,0
631488985,1482.7380309555435,190.72487818715638,1451.9506,187.3138,0
631489002,1468.051733887735,186.51078230468656,1479.6721,222.8343,0
631489019,1464.21154664392,196.817141439828,1493.8124,278.7563,0
631489036,1460.3534809840671,199.17344626175307,1486.2295,256.8766,0
631489052,1469.1348522690446,196.90325487452114,1556.1179,232.0273,1
631489069,1472.759419371724,197.13064563734787,1536.3457,246.2191,1
631489085,1467.4064098010524,199.3044811905749,1471.2251,262.7898,1
631489102,1463.1090751870731,199.4497857968469,1471.1622,247.4926,1
631489119,1462.581080162587,195.57952271097966,1500.832,205.7794,1
631489135,1463.7030924842898,197.89366888081977,1516.5339,269.706,1
631489152,1459.14345621818,198.43563475227748,1454.2949,251.1766,1
631489168,1167.8221613303144,260.5120189166922,1195.8186,312.5164,0
631489185,892.9113069904425,266.71524108882363,909.281,316.2543,0
631489202,735.9066186418471,238.76720356925708,583.2138,249.3765,0
631489218,654.6972082707539,237.5015475041666,494.1277,275.7732,0
631489235,613.5436347092503,196.69482523174452,495.5851,95.6527,0
631489252,586.947543042131,187.56601452010105,486.479,182.9142,0
631489268,501.4321397238968,195.05531964311203,502.2761,230.5383,0
631489285,471.5325144180529,194.08549527486826,471.133,229.0849,0
631489302,487.35816711981056,166.54858811950842,504.7764,167.2521,0
631489318,491.0585363748818,195.51331188272542,498.3009,296.2798,0
631489335,504.0357459585754,192.77307080447494,545.0743,218.9178,0
631489352,505.90116828341604,194.3249206877069,513.9547,236.4942,0
631489368,505.04589296394903,195.41792496022765,501.0164,236.6264,1
631489385,508.97184491268473,202.92510112432387,532.5718,288.4293,1
631489401,512.3570857247194,206.19115225940538,535.8169,266.882,1
631489418,516.704049993334,210.0598796216305,550.3097,279.2448,1
631489435,522.2480372524617,221.361282810768,568.4985,365.1039,1
631489451,526.0412662727093,225.48810055606546,559.9772,303.3109,1
631489468,524.7917798574656,225.46705627789933,509.6457,259.1496,1
631489485,530.3898150518395,223.63811468931493,590.5187,236.8112,1
631489501,534.7309385407208,229.5456133253861,581.3894,340.8404,1
631489518,720.1506038757814,384.77594640733355,727.7515,447.7221,0
631489535,795.806453579143,459.4739840818352,805.6284,533.1084,0
631489551,795.4430915616716,446.53548309322036,805.2032,503.87,0
631489568,782.4008316258994,437.1056013277298,765.1794,486.2197,0
631489584,784.863223225373,436.5763738875738,802.3498,505.6289,0
631489601,780.3047493114449,424.9867758208825,771.9812,442.5092,0
631489618,782.0931288759961,425.15059017037885,801.1754,496.0169,1
631489634,782.9895548361046,421.47176259692435,798.6248,466.8522,1
631489651,787.4002704580515,430.73756215664775,827.1342,571.8508,1
631489668,790.4988187037188,431.8148769901768,824.0801,510.9739,1
631489684,789.6716747108683,431.5894701824595,791.4219,498.8604,1
631489701,789.4161019338276,435.4690551758168,795.5913,545.3783,1
631489718,797.5131252622482,436.9546767537197,889.746,523.6904,1
631489734,802.3351661351849,441.4348359876353,861.9192,564.829,1
631489751,806.0890788483883,447.1021967864783,854.9489,587.9173,1
631489767,807.0628783368478,452.70019453033035,822.9885,594.7135,1
631489784,811.0973612850609,459.37900088481365,866.8135,619.2051,1
631489801,814.56025921689,461.9438855082846,864.1381,563.3036,1
631489817,817.5513970118834,467.7818861088882,860.5867,620.0,1
631489835,820.5158222707397,473.6874533551492,863.6213,628.0765,1
631489852,822.1886597723383,472.2823840506164,847.9453,509.1315,1
631489868,823.3433876151654,479.06926893700506,840.2111,653.2549,1
631489885,825.1315165170204,480.1651736045377,853.6291,558.0061,1
631489901,828.9424033140191,483.72982935330776,889.3853,606.0593,1
631489918,828.6457449695555,485.96901245050924,822.7685,584.7682,1
631489935,829.4994712682152,489.7231987205131,843.5541,616.7994,1
631489952,830.4261930482138,493.9740471487451,846.3719,630.295,1
631489968,833.2168821471046,496.90242592614675,881.3564,609.4332,1
631489985,833.9653420847359,500.7590473965825,846.8666,630.7407,1
631490001,835.2764154834068,501.2386781429675,859.3621,568.7159,1
631490018,832.3424721859058,504.933062708261,783.25,634.1512,1
631490035,833.2199972862356,509.2726695568521,849.4421,645.7184,1
631490051,833.8696504835397,513.2575641863883,846.9105,639.4904,1
631490068,831.973952348185,518.6270187851311,797.7866,668.7645,1
631490085,832.0726574159696,526.9222834955968,838.8676,733.4337,1
631490101,834.440414411677,533.5046926341063,878.2847,698.373,1
631490118,832.4942953261506,540.2295746063576,804.092,711.5233,1
631490134,832.1764549680049,545.0317358349092,834.4708,676.2258,1
631490151,831.4201162642428,544.3050562421573,831.0316,583.4856,1
631490168,829.1809319739504,540.6638840821388,804.2827,523.576,1
631490184,826.1099518665243,537.5274983444923,785.4866,536.4943,1
631490201,615.0271730589758,649.6119917929959,614.8203,746.0007,0
631490218,595.9385921995168,829.55514250115,592.6251,949.2905,0
631490234,608.7388693542584,800.2809149921163,620.0159,883.4609,0
631490251,626.4205071937338,805.5924233585084,661.1045,935.0761,0
631490268,634.7910157269853,785.6060224952356,659.9434,833.3984,0
631490284,629.3295371442458,786.4818966690677,604.9861,905.3447,0
631490301,634.0260155998478,785.1193968381785,656.4562,892.9418,1
631490318,643.7791176941139,793.2052752947659,700.3844,962.9928,1
631490334,642.683072254747,794.6899393365367,632.4191,921.3029,1
631490351,638.9498268522389,782.4594625383037,608.611,791.9307,1
631490384,642.3327060826582,783.4332500987923,670.0661,909.0394,1
631490401,640.0708151112514,778.0229245602131,617.1005,837.181,1
631490417,638.5384387830412,767.7765665002734,622.6788,768.7654,1
631490434,633.7627541940652,761.0481920352352,581.2249,797.6036,1
631490451,634.2003012359165,756.0145319805282,640.6378,811.1566,1
631490467,635.2742649558206,752.8349779057162,649.4263,830.4597,1
631490484,632.7093009794593,750.0476310859304,600.0811,830.9785,1
631490501,631.830292685324,752.4421124998576,620.6619,908.2751,1
631490517,630.5029431836141,750.5993579700777,613.6987,841.2286,1
631490534,630.2116776098295,750.2246246088221,627.9965,863.1577,1
631490551,628.8781801343582,753.1672174949678,610.4225,918.5992,1
631490567,626.1337681752811,752.9417764405321,586.899,864.2202,1
631490584,625.4549773125502,753.9096673687445,618.5378,885.0133,1
631490600,623.5185255671121,755.0815320006279,596.4403,888.3979,1
631490617,623.9530336947151,755.0861464435504,635.6219,867.2485,1
631490634,632.7918783781428,754.1187864792325,781.2026,850.0847,1
631490650,1052.7158721587766,820.8145827917981,1068.7007,944.8514,0
631490667,1190.3082197998217,844.9423785634448,1211.7634,973.7808,0
631490684,1198.7664691961295,831.0710933483485,1229.723,942.645,0
631490700,1210.0815069712755,834.8194977153645,1255.7864,971.3396,0
631490717,1204.4080814649706,836.8079418965093,1208.7366,971.2269,0
631490733,1203.826633558216,837.4504061056082,1223.4956,968.2389,0
631490750,1201.3709509746113,842.5851829067807,1210.552,999.2561,1
631490767,1204.7443386635125,846.5342887347473,1246.981,1001.2723,1
631490783,1207.6702386794557,853.3186809466979,1249.3019,1033.8357,1
631490800,1214.86464122678,869.4245713948903,1291.2188,1137.2354,1
631490817,1217.4745618290237,874.1360081317996,1260.0942,1046.8608,1
631490833,1213.2011628622586,877.4776737306958,1192.125,1039.0459,1
631490850,1212.3116872631924,875.4136821926463,1224.4512,979.1464,1
631490866,1208.2334041710296,881.7854492304623,1183.7291,1085.7131,1
631490883,1200.7625895329327,874.2969895365492,1137.1721,904.3132,1
631490900,1200.0999303717049,871.8070028690297,1217.4392,967.4777,1
631490916,1203.419199851616,874.8433358895926,1270.9207,1048.6216,1
631490933,1212.283463515997,877.4272254655936,1354.5708,1046.5033,1
631490950,1220.837649401471,878.9179299806154,1359.1218,1032.1366,1
631490966,1229.3969313645803,881.0964618273924,1367.3176,1045.7485,1
631490983,1239.0713520456616,881.8133819007395,1393.0981,1023.5438,1
631491000,1358.960902548939,889.6099140478925,1386.928,1026.3112,0
631491016,1320.3563492243197,936.821026531487,1346.0972,1079.2471,0
631491033,1338.6418850727264,931.316709754629,1384.2966,1067.2477,0
631491050,1362.5164538444774,923.4853188214101,1439.7402,1047.661,0
631491066,1366.8464038835161,936.9781059616794,1406.9292,1125.532,0
631491083,1374.921012572329,939.1151520239563,1435.2469,1092.0547,0
631491099,1378.416250087459,948.2769878647409,1422.6029,1143.0688,1
631491116,1371.0377187798638,942.128215987332,1353.6858,1044.0186,1
631491133,1369.2764892711514,938.7470778328106,1384.7239,1055.9904,1
631491149,1366.9601883354626,938.0761013955939,1376.4653,1075.4285,1
631491166,1366.6402937243774,941.9928805648073,1391.3698,1122.7262,1
631491183,1366.4672277569807,935.752140334256,1393.634,1013.7328,1
631491199,1360.2033211725068,935.3997030145078,1323.9407,1074.5557,1
631491216,1360.9125147752547,935.0079677164431,1398.4445,1074.2952,1
631491232,1358.4347569539907,929.9541148473494,1359.6416,1009.0187,1
631491250,1355.2732451019074,929.6256449906975,1346.5271,1069.9907,1
631491267,1352.6604776172185,925.2993809268355,1350.8569,1009.0887,1
631491283,1350.1586520773972,919.0526883516492,1349.6708,973.4811,1
631491300,1351.224438970848,914.1539599202447,1399.8773,988.5387,1
631491317,1349.2663719782154,909.8433397854449,1353.8196,992.1913,1
631491333,1348.8502089089925,904.12505199109,1376.3918,963.3842,1
631491350,1347.629779151983,898.3014511776714,1362.5988,955.4114,1
631491367,1347.7316564108507,894.9019087078043,1382.6106,993.2428,1
631491383,1346.5128125934957,892.1584598659533,1359.7539,1000.8944,1
631491400,1344.427955770466,889.1660531046713,1343.7452,992.4644,1
631491416,1344.1379115223688,887.6727486069566,1372.8574,1017.271,1
631491433,1342.6509745696014,881.9036811991663,1351.9426,932.5851,1
631491450,1340.4952131624375,875.9849023855401,1338.8269,924.6786,1
631491467,1339.1426516267004,868.5700465881849,1352.0007,890.7877,1
631491483,1336.9831407028846,863.2128410577402,1335.7209,925.3168,1
631491500,1336.655921078616,858.7030660739989,1367.2983,937.2896,1
631491516,1338.0002989537934,852.1954900497469,1395.2383,902.6777,1
631491533,1338.7243674318986,845.9717281733695,1387.1138,901.4321,1
631491550,1337.7111565469943,841.9455739578698,1359.578,936.8553,1
631491566,1339.5262526351428,833.4776140297911,1406.8784,852.3164,1
631491583,1339.489094534143,825.9968129779146,1374.8671,861.2715,1
631491600,1340.7118958519045,819.3265943420231,1395.1238,876.1508,1
631491616,1340.0302775946095,817.1757967543746,1351.8633,947.4785,1
631491633,1336.307614400183,811.8880325822464,1300.8867,880.4213,1
631491650,1337.4106702389483,809.9587360253462,1386.7334,943.7035,1
631491666,1338.7223451990105,806.4978099158793,1392.2001,912.2704,1
631491683,1336.2166351938783,803.5342430554956,1322.7402,903.8739,1
631491700,1336.0717995601647,806.3979918130589,1357.0408,1020.8063,1
631491716,1336.9797444955645,806.3341318503943,1384.9746,958.2582,1
631491733,1336.7206875549848,808.064346311112,1359.0056,982.4725,1
631491749,1335.4425138094014,808.4498786983313,1339.6418,959.0925,1
631491766,1069.0603442406825,764.1498152352179,1086.4575,880.9579,0
631491783,829.4229789221299,667.4153534509978,837.9935,768.6929,0
631491916,814.0116849563191,697.1041959117458,805.1577,835.3972,0
631491932,839.0091352739207,675.5279254418847,900.2749,729.9095,0
631491949,852.0682529956965,655.1861726533045,902.5447,687.585,0
631491965,847.0810767967076,636.2804659863082,836.6235,650.4165,0
631491982,886.0813684941437,571.9294276011469,898.2548,661.373,0
631491999,831.8635772076292,559.988843593523,841.9126,647.2216,0
631492015,814.9169436585123,576.6138762276339,806.2153,684.3764,0
631492032,780.3757236742479,534.557787871983,718.2217,522.4042,0
631492049,790.6818071306725,550.3969225558205,830.9829,689.9862,0
631492065,795.8659247887164,564.533484148515,825.1293,715.0034,0
631492082,799.533497247763,566.3076234006049,826.6434,663.2361,1
631492099,794.5000341494207,559.4538509765092,772.9459,600.2079,1
631492115,807.2375891454861,558.273417873328,904.9989,637.0713,1
631492132,808.690070133787,559.1314838845976,827.5605,653.5145,1
631492148,814.6377013050286,552.6166677581375,874.6226,577.9254,1
631492165,816.8740253462081,553.6361413923148,844.5643,652.0264,1
631492182,822.1534913774814,542.3565262420541,884.2159,503.4834,1
631492198,829.7690046638144,537.2813199541539,919.5106,566.6698,1
631492232,829.6727647401967,538.8129141439005,831.5901,648.7559,1
631492248,835.784423516411,532.197961063148,915.884,533.7524,1
631493397,972.5631011633992,237.34204956485243,992.6547,283.9827,0
631493580,4165.622773127762,595.9436851239033,4315.2417,727.6382,0
631493747,4155.74815595895,326.2828548466205,4301.5884,118.2021,0
