timstamp,smoothx,smoothy,rawx,rawy,fixation
624718916,974.7622474707583,719.0098359925199,994.7227,680.3129,1
624718932,972.9151834757652,721.2343414813831,954.0339,726.234,1
624718949,975.7168561369946,720.8834000594994,1003.3282,698.1594,1
624718965,978.6701426998729,717.2479131924644,1004.2178,655.6122,1
624718983,980.6371383993575,716.5454986323884,1000.2327,689.6954,1
624719000,980.5624876468603,715.8892925334671,974.4354,689.583,1
624719017,984.0614691215571,716.0012682312858,1028.9879,699.0057,1
624719033,1161.3921948614468,647.6899515119563,1171.4926,616.8517,0
624719050,1099.8419360808966,684.9873637832546,1108.9374,659.0875,0
624719066,1103.6325457832886,686.8114135453108,1117.8616,662.98,0
624719083,1112.3127797916957,697.5181626655707,1146.8582,695.8927,0
624719100,1110.1649814587327,702.9900209240068,1118.2341,696.6194,0
624719116,1109.4580120178273,703.4827998702598,1119.4197,681.1615,0
624719133,1114.0140452643602,706.4556705592859,1154.4071,697.7452,1
624719150,1115.087961729426,708.3275591419488,1137.2795,695.8228,1
624719166,1120.400191179663,705.6653419376466,1170.6531,660.6075,1
624719250,873.2703570534436,464.7394356776342,825.2828,419.8167,0
624719266,916.9909131211319,450.55045939135664,917.7078,387.0252,0
624719283,931.2628678537742,441.15752174350786,914.3184,371.7717,0
624719299,940.3726184172738,437.5053623091515,923.3126,376.4198,0
624719316,906.9172298778394,433.89673410612346,709.7604,372.1682,0
624719333,927.717217729107,380.9965959808713,873.0413,326.425,0
624719349,782.3621603805434,295.1476908261599,699.3441,234.1415,0
624719366,911.7201531069734,313.42850335756503,990.7787,270.0157,0
624719383,878.1661915069617,330.70566410323215,741.2736,310.715,0
624719399,908.3200257346344,351.61731917764376,955.1793,360.8456,0
624719416,924.2862899575872,360.5170839273952,939.4693,340.3074,0
624719432,991.5509952712413,366.9190511565704,941.5908,309.7858,0
624719449,922.714977766748,407.63488610178746,871.4821,355.9209,0
624719466,974.9227471053894,431.18707474535233,993.9264,406.0681,0
624719482,973.8498660102804,409.81214905251977,919.3909,310.4572,0
624719499,969.8258807045517,412.58064535694274,912.1458,370.0691,0
624719515,975.9257112104143,420.30895267533754,963.182,402.2078,0
624719532,974.1081446513748,422.7260285526322,922.0964,384.5422,1
624719549,970.3383921212481,425.15438440675416,904.4501,389.8262,1
624719565,953.3353977074333,442.22893782536045,802.2661,520.3003,1
624719582,757.2641727457299,625.4444108074199,720.8813,599.2361,0
624719599,790.0427673843122,648.8985321416989,760.6626,624.5673,0
624719615,783.8378731355034,643.0735798028857,745.2078,611.9346,0
624719632,773.7824158518459,641.53316349287,719.0306,613.7105,0
624719648,765.6319754235295,642.2098035057147,706.4117,620.2863,0
624719665,761.2083520215284,635.707624381843,704.2256,582.6511,0
624719682,760.1494406033192,632.1244490079253,717.5189,587.7876,1
624719698,753.9229578625299,631.6575344726417,678.7562,604.4449,1
624719715,749.1151322629121,628.9645187344414,675.7916,584.687,1
624719732,763.3338125824991,623.7472926600374,841.8297,553.2002,1
624719748,759.8923578428057,622.5076378578361,689.7378,587.0118,1
624719765,754.2970273656396,621.5614375960081,659.8075,588.4989,1
624719782,757.8556617672469,624.3321980728109,766.0194,629.6952,1
624719798,755.2923216178999,625.216355165813,690.7319,610.9976,1
624719815,752.8617472138919,627.2890311165047,691.0132,628.1787,1
624719832,753.0490036928783,628.460735816599,723.2428,617.6887,1
624719848,753.825757920063,629.9522002045724,732.861,623.7035,1
624719865,752.5448476991354,631.451219601159,702.31,626.0496,1
624719882,751.6751060011043,632.1580318113354,705.8179,615.1097,1
624719898,751.1648873013663,632.5104010249077,709.9669,610.0648,1
624719915,750.7658709044216,631.5615681528714,708.2665,588.7233,1
624719931,748.8157752031909,634.5786386240745,690.1367,656.5566,1
624719948,747.8582337399937,634.0978130033072,697.8685,597.5076,1
624719965,746.1407851581986,637.0224941725104,691.4895,658.447,1
624719982,746.2007837387797,635.4498546303685,711.5818,578.5837,1
624719998,746.5998791476824,635.9286003243612,722.4119,615.787,1
624720014,752.6349838005208,632.4748610202852,817.3999,541.6371,1
624720031,760.535934266088,627.1690845246593,849.9308,505.1349,1
624720048,767.6945966649586,622.1363438181323,839.357,508.5564,1
624720064,775.3417144399024,616.8516154525925,850.9091,501.5355,1
624720081,784.3994350784179,613.5101363760488,886.4355,536.1588,1
624720098,790.0173167043667,608.9518527472487,821.1425,515.9868,1
624720114,796.4260638494634,604.5313260671107,837.7137,514.8807,1
624720131,801.7022761003335,609.7003660671039,841.4719,697.5149,1
624720148,2086.1489666549837,520.3502682350683,2176.0029,460.3716,0
624720214,955.5792565502614,743.2590244596715,957.9675,725.9012,0
624720247,964.6728221677266,629.3953369443477,944.1133,474.4874,0
624720264,972.1121945500757,593.877882642492,959.8223,483.1485,0
624720281,983.5900209823153,580.5517684479671,996.429,502.801,0
624720297,990.4892247034518,569.4601782309925,993.7957,486.5295,0
624720314,1008.1982378295941,531.3503299495491,984.5668,491.0397,0
624720330,983.8574717299638,566.9414825310723,962.9404,530.7523,0
624720347,999.4011758903755,573.6765207112086,999.3127,545.0715,0
624720364,992.6550806871893,560.2752649130789,952.7755,494.0317,0
624720380,980.8652027612702,548.2990632167571,912.9108,471.8092,0
624720398,984.2414299131098,547.2842674249127,974.9967,504.9899,0
624720415,981.9599152949304,550.2384827252553,948.5184,529.0095,1
624720431,986.650842033307,548.7326680889099,992.4462,500.8872,1
624720462,986.0949760599785,545.3472598447754,954.6629,482.5597,1
624720481,990.5265157884221,542.6853743524532,1000.6075,482.1924,1
624720498,992.4895982442922,542.3193879856827,985.7603,501.1939,1
624720514,995.4584296272628,540.130548034877,997.6022,479.936,1
624720531,998.2053713835733,538.793561762396,1000.7885,486.3854,1
624720548,999.2014111171584,541.3854027574985,989.3176,534.4327,1
624720564,1000.1558668848496,541.4135730725985,986.2174,503.6109,1
624720581,999.5575402504744,541.9690005091533,966.7612,511.2908,1
624720598,999.3234341951238,540.699197630385,968.0477,484.9217,1
624720614,998.6835618158144,540.3684188186296,963.5024,497.7831,1
624720631,998.3173953389328,542.6909705708997,972.9846,539.236,1
624720648,998.266888559577,542.3467210178637,972.4077,497.8434,1
624720664,997.0844918598493,542.7665232738502,955.2225,510.5706,1
624720681,998.2687864994816,542.398288189279,993.3159,496.7351,1
624720698,996.771409093637,542.6862912156633,948.7793,508.64,1
624720714,994.9237585097833,544.2748548748508,944.7932,532.1154,1
624720731,994.8512543362405,544.1291674015898,971.8451,501.1911,1
624720748,995.7475941027501,545.6436878218585,993.7098,531.4392,1
624720764,996.4083868659519,545.1703885601526,984.7878,495.3907,1
624720781,994.8325332130589,546.6630057795977,947.8829,532.9956,1
624720797,994.2972246688905,552.0798927040933,977.1937,607.9017,1
624720814,993.1783067774858,553.6084250267565,955.925,535.9383,1
624720831,990.6428870436142,557.2787660277403,933.7888,578.7781,1
624720847,989.1475816761478,562.1814572200859,955.9506,604.7062,1
624720864,987.6997304623147,566.6473153196439,959.083,598.9597,1
624720881,986.6804293951933,571.7245276567054,963.3386,606.9504,1
624720897,985.4354372252485,574.532564124535,948.8264,563.8097,1
624720914,982.8430644599398,577.3840286174008,929.4397,571.6555,1
624720931,979.8299519721412,581.2888625115243,920.5027,597.3467,1
624720947,977.9886346322127,582.3931253603824,939.5449,542.9839,1
624720964,976.7080533261546,585.6351000173925,950.599,585.3593,1
624720980,975.0881732632695,590.2831457758141,951.3401,615.9974,1
624720997,974.7164343028187,594.1258350409482,970.1185,605.6819,1
624721014,973.6444338679937,597.401580209859,954.9338,596.3416,1
624721030,971.3160982126342,599.2240467333098,925.7673,573.3049,1
624721047,973.9224878155196,599.1272105183356,1013.3231,543.4684,1
624721064,1221.3763765526364,616.2880171688855,1233.1947,581.1517,0
624721080,1247.320345545985,637.0321592429325,1265.0068,603.6084,0
624721097,1272.3268804908087,616.0914980911007,1314.0457,556.5701,0
624721113,1263.6087531146738,615.0536694024111,1260.145,577.2028,0
624721130,1254.0393664539358,614.1965140381757,1237.2808,576.0956,0
624721147,1254.633951362482,610.8946794974966,1270.193,560.4308,0
624721163,1247.3849065354393,615.9222998345618,1226.8916,608.2257,1
624721180,1247.077222429398,625.3896564246663,1270.0461,651.0547,1
624721197,1242.8756510438225,628.9829797769386,1232.2102,620.5422,1
624721213,1239.0614089664946,632.1965693977261,1228.2703,623.8951,1
624721230,1237.8630726077004,632.1143336219062,1244.4431,595.5848,1
624721247,1234.0728045794863,634.6411883606047,1217.2177,625.1047,1
624721263,1233.2965078561951,636.3986850797589,1246.2743,619.7312,1
624721280,1230.927653227139,638.3668008625244,1225.3159,625.6501,1
624721297,1226.8877286042416,640.8234683228213,1200.396,635.7125,1
624721313,1226.559068335465,638.120733789537,1237.6873,565.8269,1
624721330,1227.8776023157056,637.4713575494753,1264.8717,592.5759,1
624721346,1228.34104240973,640.9625689751314,1261.408,655.6288,1
624721363,1235.8302682516805,649.8128164355691,1385.0688,742.8188,1
624721380,1239.852928395503,658.0027033802828,1335.3446,742.0883,1
624721396,1395.323459825079,747.0749516061721,1445.2472,722.5576,0
624721413,1327.447432031298,767.0549028955373,1373.105,745.7828,0
624721430,1335.5191987202818,771.3108834003023,1392.2192,754.8914,0
624721446,1330.8946336036552,776.731783019209,1369.7533,768.4359,0
624721463,1325.1433443485512,774.6906300163937,1351.9375,747.7506,0
624721479,1335.348199168443,764.9492571759687,1420.3708,700.3781,0
624721496,1334.7371918498993,752.7473385342231,1366.6171,664.8954,1
624721513,1337.575378270036,758.268088861283,1405.8206,772.2872,1
624721529,1341.188493134096,758.3651750462793,1413.2572,737.0604,1
624721546,1344.2826973034462,757.1202747978695,1413.5813,724.5706,1
624721563,1351.5441162906109,753.3980443531939,1458.5005,696.0122,1
624721579,1672.2688514704712,244.5775531878572,1676.7445,163.0175,0
624721596,1480.132214472735,548.9444207429071,1509.5314,502.3547,0
624721613,829.4247502812175,311.0203967888454,0.0,0.0,0
624721629,611.0521974322851,231.1748260167558,0.0,0.0,0
624721762,919.2002343775893,223.38822054806042,1855.3246,113.9038,0
624721779,769.7498461641393,192.47247525625997,0.0,0.0,0
624721847,652.9249135954506,109.80953924150747,528.4103,31.7436,0
624721896,1314.9882784488816,146.8389179207779,2003.1335,90.6791,0
624721930,1114.0208335873222,236.84895992201075,638.6524,368.2799,0
624722096,1050.8704606590413,182.1261620619849,747.7026,-72.8457,0
624722778,1023.9073367598626,284.4617506063465,909.7865,663.5389,0
624722811,901.0234898039304,528.0870730368254,865.4583,489.2786,0
624722828,905.1560552788251,537.0629664702335,871.3724,499.1174,0
624722845,932.2549904707613,567.3778430878369,940.3232,565.0402,0
624722861,942.0973508800272,551.5631552686242,931.2054,479.2894,0
624722878,931.1029870426792,559.0449635566122,870.309,548.0911,0
624722894,927.9480546269085,560.8324639798731,887.5283,532.7748,0
624722911,926.6552254646479,562.143896531005,893.1052,533.3399,1
624722928,923.2444909152447,566.1598372800338,877.6846,556.528,1
624722944,921.5801394618668,563.063593895957,878.6874,504.1911,1
624722961,1083.7013992047116,386.92281895831235,1046.5698,330.2874,0
624722978,904.149366592843,516.5161186723662,867.1904,476.45,0
624722994,929.1782223210848,517.3580170423288,922.7747,477.4475,0
624723011,914.1781479806516,529.2892400636171,850.6036,517.0674,0
624723028,905.0390973808537,539.6700008731997,846.3248,536.2351,0
624723044,910.8932945343375,563.8560934188832,921.6652,632.4537,0
624723061,955.5621180907224,1028.952134427654,1000.6046,1041.3203,0
624723511,1.1420642283028304,113.24703766642395,0.0,0.0,0
624723644,1.519015615217505,135.24923804702175,0.0,0.0,0
624723711,38.9337553977785,122.37428189762315,0.0,0.0,0
624723794,869.0575356653014,778.5777996046975,867.4784,766.3816,0
624723828,703.6923435258055,635.0851374606015,459.0971,455.6158,0
624723844,656.5645084772491,578.0484279840839,482.8014,425.8933,0
624723860,712.0289706148886,571.6187248965022,843.856,518.4286,0
624723877,750.8508583769461,561.1178333483344,866.7366,482.1193,0
624723894,871.1343167525633,512.8233154619018,830.0979,472.9403,0
624723910,901.3605740090129,516.8265014563239,864.1501,476.8406,0
624723927,890.136977427987,529.2365036356888,843.0382,504.5935,0
624723944,878.4261383070823,535.8067462709766,817.8444,512.9347,0
624723960,874.3728200088055,541.3960410740206,827.3557,522.7493,0
624723977,876.0934067835606,539.4674708343226,846.2462,493.4354,0
624723994,879.3358762016471,540.6785767198761,861.9125,509.5369,1
624724010,877.6519884142673,539.8389064981814,829.8198,497.1389,1
624724027,874.3793419704974,540.9009646806645,814.9797,511.8415,1
624724044,872.9019766344771,538.7574095015095,821.8501,483.5968,1
624724060,875.1946314719327,537.2871803676408,858.4263,486.086,1
624724077,873.3007801888874,538.2383676277468,818.9001,511.1935,1
624724093,873.2170875002188,538.9759823744635,837.2994,509.9135,1
624724110,872.1689038563122,539.1094802451847,823.9307,503.5737,1
624724127,828.1819537055511,748.7125069092017,817.7781,734.1113,0
624724293,850.0239993160939,528.9106105387051,809.1349,491.0642,0
624724310,882.0969366822551,521.7722786002936,877.9124,474.2214,0
624724328,872.3181730238857,526.7309067209442,813.2729,499.5305,0
624724343,869.5928336073263,526.7832303335391,821.5375,488.6465,0
624724360,870.1282129903568,530.5850589741289,836.262,508.9584,0
624724376,880.1222055292002,506.0532705937118,839.0349,465.3114,0
624724393,876.8547760580459,543.5149260217623,841.0118,506.727,0
624724410,878.6895983630561,530.4654254285056,841.1763,477.8863,0
624724426,879.038660571108,521.0081327531608,838.0297,461.1519,0
624724443,853.8904468027271,529.6694917749496,734.8594,521.6955,0
624724460,843.7117801897318,540.6205497437651,766.9086,552.1628,0
624724476,837.1426919471712,540.5193011902032,762.4448,503.4287,1
624724493,831.2130617273488,540.5804445848361,753.9606,504.5886,1
624724509,828.4659949541386,541.6343795329758,770.3206,512.8882,1
624724526,823.3920180190945,542.8412194496258,743.5483,516.7751,1
624724543,822.694828525993,544.4603701275079,780.1743,522.6974,1
624724559,821.1607955516745,544.0603322960234,766.7556,503.2261,1
624724576,820.4690173645728,543.7272058052271,774.1112,503.326,1
624724593,818.4500917997474,544.0369811847776,756.8871,511.3451,1
624724609,814.9470561137118,547.5248776006316,739.4772,554.9487,1
624724626,815.1585016581703,546.769868047894,779.4069,499.2271,1
624724642,813.6411619269666,547.7369694539375,757.0421,524.1917,1
624724660,811.9174870002012,548.801670212635,752.0066,527.0673,1
624724677,807.5590948699098,548.8008599032074,705.7141,512.2381,1
624724693,570.2384133039767,696.7354001263479,524.525,681.1586,0
624724710,595.6690143147475,713.436852798907,555.1653,699.1608,0
624724727,580.0019157728315,724.4917892314493,523.8257,724.0778,0
624724743,580.2585307707095,732.4135575588066,543.9366,737.6859,0
624724760,591.1807043792907,730.5255834737352,587.8076,711.1748,0
624724777,591.4357845295352,736.6048349654365,558.3104,751.0146,0
624724793,593.0283782438178,741.4111195075777,568.1302,755.3145,1
624724810,594.4191158687718,738.8099622365736,563.6954,709.6564,1
624724826,594.6414680886353,738.6880661395542,558.6996,725.6394,1
624724843,589.6820870155238,737.1988894525123,508.5935,713.3458,1
624724860,593.8616610785832,735.0860474944262,592.6196,702.9257,1
624724876,593.7392882673283,735.0588721684534,554.4778,723.1562,1
624724893,592.5045066312629,736.725631312871,543.7089,743.5753,1
624724910,592.2213086391267,738.1217065011764,553.8351,742.5717,1
624724926,592.2914608728757,738.7315583483141,557.0483,734.0038,1
624724943,590.9678024297409,739.0652887373155,537.0347,731.2933,1
624724960,589.8367019482494,740.3867563137089,540.2247,746.3103,1
624724976,588.1357812388475,743.537862507175,534.1202,776.113,1
624724993,587.1752830199688,744.6877175892635,540.1381,747.8363,1
624725009,586.5554265114231,745.7597260200743,544.6262,747.8839,1
624725026,585.1285362031535,744.7355676057676,525.744,714.25,1
624725043,583.9498573564597,746.372223040743,534.6975,759.3264,1
624725059,582.3939559464849,745.3982282884356,520.9163,715.2703,1
624725076,582.6405898889901,747.3179263795573,558.6514,766.1105,1
624725093,581.6578585951913,746.6266634076653,529.8293,720.6599,1
624725109,581.1592100437164,746.9763142797264,540.3573,739.7054,1
624725126,580.1920321410674,748.0095849153139,532.6789,753.116,1
624725143,577.341942331956,748.9471568164727,496.1251,752.7179,1
624725159,576.808637322273,750.3902428024016,539.8959,762.4474,1
624725176,575.8407333615187,753.1649124896163,534.194,789.0216,1
624725192,576.5680810362493,753.5980448330331,559.9262,744.8853,1
624725209,574.7441403394578,756.0101304064959,516.7953,780.0718,1
624725226,576.0694166376794,756.500936716301,568.4905,746.1814,1
624725242,583.1546787633405,754.292837411159,674.2257,695.0677,1
624725259,956.4632612284378,561.9871291607484,931.8807,525.7532,0
624725276,1092.9425727018731,446.1720738186198,1065.6443,395.5426,0
624725292,1077.4959667142912,461.0537372592524,1035.9333,428.891,0
624725309,1097.9839892135633,479.59674697633886,1126.8562,472.2589,0
624725326,1089.0980513230281,480.74724444625855,1037.5946,437.6132,0
624725342,1095.7564173898547,478.3682867696044,1101.0791,419.8628,0
624725359,1091.4363820947929,481.7621298866548,1048.1458,453.1714,1
624725375,1268.3619377797415,514.9022659003342,1270.0608,468.4096,0
624725392,1120.2085675858925,531.1486953179361,1108.51,488.8923,0
624725409,1101.3977586846026,528.4237721735366,1066.1108,483.5288,0
624725425,1096.1681528539211,511.8039590453973,1062.6863,431.6749,0
624725442,1091.2577510989493,514.4544965074119,1059.2661,480.1726,0
624725459,1083.5451694807034,510.63488506595957,1029.5037,451.0367,0
624725475,1086.429657907084,511.62439585360914,1085.264,473.3757,1
624725492,1092.484332822453,508.0697879819637,1110.5574,440.9213,1
624725509,1092.0837199542025,511.50498018753507,1074.8083,493.6688,1
624725525,1092.1678717387204,517.1949937373391,1082.3459,521.2745,1
624725542,1091.5297371518916,517.2478304912943,1068.5977,473.7171,1
624725559,1090.724795084444,517.5379156836327,1065.991,476.5242,1
624725575,1089.1533023441384,519.9110881414277,1058.9058,502.1036,1
624725592,1090.0602893487069,521.7070121436285,1087.5535,498.0555,1
624725608,1091.6232449624997,522.5871895856632,1096.3896,488.3134,1
624725625,1092.6907075228403,521.4467888740672,1087.8345,461.2243,1
624725642,1092.33204563303,520.0012323777155,1067.3696,455.7402,1
624725658,1092.282653190122,519.7223958972332,1073.9309,471.9607,1
624725675,1091.6284347556286,520.0759657005061,1065.6393,481.9257,1
624725692,1099.762661252327,522.9038133738075,1214.283,520.5289,1
624725708,1355.5537107628547,539.7130643538277,1370.2693,494.3036,0
624725725,1405.3549138676487,498.1237215511438,1419.1798,447.5312,0
624725741,1366.565070364768,537.9509295591479,1345.3015,536.6929,0
624725758,1370.6316353852324,538.2390329428196,1395.9551,492.6844,0
624725775,1364.4137123193198,542.6682359889134,1362.1902,512.0018,0
624725792,1350.2510397933613,557.777211281939,1314.7288,580.3913,0
624725808,1363.3533242687665,558.9289275967423,1454.0756,519.2831,1
624725825,1349.8154031872816,558.1366287591394,1279.3042,509.8065,1
624725841,1344.67940397319,557.6847850149124,1323.9807,510.4857,1
624725858,1336.6489268335713,562.8369215953601,1293.9075,562.8948,1
624725875,1329.542126258231,565.0901547164383,1285.9261,542.5862,1
624725891,1323.561804414796,566.30399194618,1284.9368,535.0217,1
624725908,1319.0619403166636,566.6834812977021,1291.4543,527.0709,1
624725924,1315.6134079504357,563.3986053218858,1291.2472,481.1241,1
624725941,1314.2934424026275,565.7778665058962,1324.0337,552.2469,1
624725958,1311.0773818179546,566.3199945652252,1291.7612,530.1856,1
624725975,1307.7186157159067,567.9253446263313,1287.1184,546.8284,1
624725991,1305.314133683463,573.9745232106882,1306.4766,616.7905,1
624726008,1305.6861995260476,586.2217243448385,1361.2317,721.1622,1
624726024,1308.1538254815796,596.949434996304,1393.2759,708.6253,1
624726041,1366.0814280310856,803.9941480705579,1421.3805,785.9016,0
624726058,1376.0646376818736,766.0077906331325,1426.7583,743.7913,0
624726075,1370.1462454265088,756.1033252714252,1410.7202,722.1522,0
624726092,1355.9024104784612,780.1209788645418,1382.3872,812.957,0
624726109,1361.699699619474,770.539708155651,1426.54,717.0365,0
624726125,1360.23477503232,772.0653005872199,1404.7424,757.4363,0
624726142,1364.4187239011505,773.2118969244226,1438.4316,757.6466,1
624726159,1366.5543218399207,769.3796330759021,1426.8608,722.8438,1
624726175,1367.1951352211224,769.0772111082747,1421.4236,745.2858,1
624726192,1369.5904834454986,768.9159514639374,1439.2786,745.7572,1
624726208,1368.038214061346,764.9774672717091,1397.6475,707.1517,1
624726225,1371.0043747722739,758.4804383484806,1440.6881,671.0396,1
624726242,1369.684894552138,763.1547167352544,1410.868,794.5552,1
624726258,1371.1860443977207,758.241519140836,1429.3215,679.2142,1
624726275,1371.413664405429,756.7698538704137,1419.7023,718.3949,1
624726291,1373.2661456451247,753.9861271265789,1440.2869,697.3105,1
624726308,1369.4400023673513,756.085720884153,1368.1289,766.707,1
624726325,1369.3712389754173,756.1547562831277,1417.4724,736.974,1
624726341,1365.3699930995126,754.5981591338563,1351.5242,712.0023,1
624726358,1367.663539446368,754.1962854501753,1452.7813,727.4594,1
624726375,1367.9871376438416,756.229948327514,1427.1168,768.0412,1
624726391,1367.5103829126524,758.3776884676772,1414.0308,771.5573,1
624726408,1368.4090030441807,760.405084566755,1437.6787,770.4641,1
624726425,1369.7962148357642,758.890963182829,1438.5952,708.4269,1
624726441,1368.2239962773235,756.9288041986356,1384.4534,700.2037,1
624726458,1091.9882493786974,521.738016303314,1075.8706,478.9874,0
624726474,968.250689744885,454.7555751169624,928.9166,407.1619,0
624726491,956.368780977194,439.566938276597,898.1185,374.0746,0
624726508,950.1498540103025,441.26091765511,893.7692,396.5872,0
624726524,950.59233220913,449.4049534494464,913.8071,428.244,0
624726541,948.3247634089128,449.0429528520146,896.069,399.5636,0
624726558,950.1244085873557,448.28376922769763,917.2665,395.9068,1
624726574,951.6554480697085,448.9852873087725,920.1755,405.2711,1
624726591,952.73202300622,449.33318883964347,919.1193,403.6802,1
624726608,952.963725227546,449.23507855526094,912.7335,400.2532,1
624726624,951.6789165572468,448.60034312718886,896.7476,394.8008,1
624726641,951.4632066731941,446.5960756777956,904.251,378.2971,1
624726657,951.9651072088598,447.3950671554401,916.58,408.3879,1
624726674,951.0944415028097,448.34850289030766,900.291,411.842,1
624726691,951.676427411958,448.9751070498158,918.1741,408.5564,1
624726707,952.0579614144904,449.4969652171992,916.0467,407.9788,1
624726724,951.6834435924725,448.46029282410717,902.3568,385.8758,1
624726741,953.1091625990088,449.06515762423294,932.7783,409.3828,1
624726757,954.4884241952888,449.8154886787932,934.0091,412.3478,1
624726774,954.1248035280456,450.03889528860924,905.8842,404.9511,1
624726791,954.9676084095571,454.41966887135743,935.3682,474.5629,1
624726807,955.5170208739236,455.49067437504686,923.9606,421.5991,1
624726824,953.7965646367516,457.4296628636326,886.871,438.4986,1
624726841,955.4777001651914,459.8777353240062,948.1196,448.3211,1
624726857,953.7271057496762,461.81643587707936,885.9219,442.0108,1
624726874,954.671634968974,463.045396237035,933.2272,429.8969,1
624726891,741.5681118048158,488.548488139359,683.0693,448.3662,0
624726924,444.21135048809765,267.28595460739,641.0184,417.8503,0
624726940,417.6774259767743,280.9464529002616,237.6556,254.5483,0
624726957,496.78121494555455,346.3982655649749,678.2598,504.5553,0
624726974,433.1908625675877,291.65249713121233,0.0,0.0,0
624727206,2902.481863931358,90.18420118328609,3015.2952,-28.5801,0
624727273,756.7606209140313,125.49990649557293,1928.8358,141.2463,0
624727290,630.516444011451,111.51239401875907,73.694,-6.0553,0
624727306,540.0721378745645,103.90511801695837,0.0,0.0,0
624727389,2093.3466703095555,485.97193792734004,2178.8364,422.2926,0
624727407,1113.7504405526834,292.33701226861757,-44.5889,28.8967,0
624727423,1522.327657849728,337.73359638724344,2442.4895,355.0907,0
624727456,1795.727463666633,349.2248603093988,2729.7979,300.4446,0
624727507,1469.634212452966,293.2925938003752,0.0,0.0,0
624727540,1758.7821389053056,178.27927724925522,1762.5988,88.3344,0
624727590,741.1636346261752,532.3459181193731,689.1609,496.7276,0
624727607,640.5872382254379,370.59764059167156,418.5693,143.4793,0
624727640,493.66231513647324,315.0086825954641,43.7988,144.9764,0
624727673,455.5665559271052,297.1996345109561,208.3208,187.4408,0
624727707,409.4269967024946,273.1778792996425,73.3217,117.6131,0
624727756,732.0630524077487,256.0101226714647,637.8294,191.7961,0
624727773,455.86723231943307,164.7400131102735,0.0,0.0,0
624727807,363.17798382630707,134.11047245321964,0.0,0.0,0
624729172,487.0919229474115,211.8397604357418,804.3005,396.3032,0
624729188,564.4055323628718,255.16991690062522,812.042,374.7213,0
624729637,14.957405373048474,74.7723420256794,0.0,0.0,0
