timstamp,smoothx,smoothy,rawx,rawy,fixation
624552170,1001.1668,561.9094,980.1704,588.3455,1
624552186,998.1126,563.1557,972.8674,567.2576,1
624552204,993.6998,566.0262,945.9626,597.0523,1
624552221,990.8671,568.8993,970.0344,600.4122,1
624552238,987.1104,570.3985,950.6576,578.7105,1
624552255,984.3472,571.2655,970.2208,568.6896,1
624552271,981.1761,571.5075,955.573,557.9349,1
624552288,978.5277,572.4526,961.7048,575.8922,1
624552304,976.3021,573.0981,964.0576,572.3132,1
624552321,973.7534,573.5005,957.3006,570.8575,1
624552338,971.8031,574.1411,961.5222,576.0545,1
624552354,970.0311,572.8649,962.3131,542.0226,1
624552371,968.4541,572.8985,963.1675,565.8268,1
624552387,965.8593,572.2534,941.7937,558.9586,1
624552404,963.3504,573.0745,940.3162,581.3419,1
624552421,961.9343,572.8483,949.6554,570.7004,1
624552437,961.8335,572.3454,966.4883,565.2748,1
624552454,960.1675,571.5851,939.2122,558.2751,1
624552471,960.0319,570.442,963.6163,555.5552,1
624552487,959.6566,570.2908,958.8914,571.9594,1
624552504,960.296,571.0978,972.9666,586.4397,1
624552521,959.9641,571.0618,956.9826,573.0774,1
624552537,959.8539,570.3398,962.4636,561.2657,1
624552554,960.9595,569.8348,981.7494,563.6843,1
624552570,959.3497,564.5887,935.5138,478.3181,1
624552587,879.1678,383.8897,879.1678,383.8897,0
624552604,873.3809,399.2876,873.3809,399.2876,0
624552620,866.7303,380.4198,860.0967,361.5999,0
624552637,867.4108,383.6359,868.7965,390.1229,0
624552654,867.1467,381.6844,866.3868,375.9442,0
624552670,868.3285,378.1197,872.9967,364.2316,0
624552687,864.1019,378.8173,843.5195,382.4839,1
624552704,867.5523,377.6729,887.7573,371.2787,1
624552720,867.5526,378.0138,867.4785,380.602,1
624552737,865.6585,381.356,851.3648,406.7045,1
624552753,866.1456,381.3858,870.436,381.3245,1
624552770,867.9739,382.4111,884.7316,391.4259,1
624552786,867.4725,381.2467,862.2269,369.2529,1
624552803,870.0743,380.168,897.2841,368.6186,1
624552820,870.4103,383.1545,873.1722,416.6757,1
624552836,871.124,381.9645,878.4672,367.0172,1
624552853,872.8536,383.5894,892.9131,403.2454,1
624552870,871.61,380.6917,853.6493,342.3322,1
624552886,867.5052,370.6369,811.5205,236.8953,1
624552903,863.6227,363.5794,811.1778,272.0158,1
624552920,859.2892,358.4647,801.0687,295.262,1
624552936,854.9337,352.0607,797.2498,270.6888,1
624552953,850.0463,345.2709,785.4299,259.2506,1
624552969,846.5591,338.4401,804.3933,253.1244,1
624552986,842.6276,332.6675,794.2684,265.0583,1
624553003,841.3428,326.5412,835.2547,254.2708,1
624553019,837.2226,321.4265,785.582,266.2228,1
624553036,834.5792,315.6905,807.6642,250.9015,1
624553053,831.9953,312.1308,806.0875,283.2623,1
624553069,828.4726,318.0378,787.2135,442.743,1
624553086,759.7118,526.4552,759.7118,526.4552,0
624553103,771.2396,549.0107,771.2396,549.0107,0
624553119,785.2397,536.6025,799.2041,524.226,0
624553136,773.4615,533.6938,749.9838,527.9761,0
624553152,775.566,531.2932,781.9128,524.2818,0
624553169,770.0691,529.9855,748.5394,525.0281,0
624553186,765.904,530.5113,745.9626,533.3022,1
624553202,765.8007,533.5354,765.8112,551.1868,1
624553219,762.5287,534.8193,741.3405,543.2404,1
624553236,760.6943,538.6976,747.9219,567.5177,1
624553252,758.9924,539.3181,746.0857,543.5521,1
624553269,758.5859,540.4268,756.4161,549.4949,1
624553285,758.7888,539.8413,762.3197,532.8528,1
624553302,757.6603,539.3907,747.1603,533.6478,1
624553319,754.8713,539.2973,725.3387,537.468,1
624553335,754.1401,539.1365,748.0306,536.5558,1
624553352,753.6229,542.4166,749.8409,582.3445,1
624553369,767.1873,547.426,944.2668,609.9093,1
624553385,1201.0155,663.8844,1201.0155,663.8844,0
624553402,1253.8005,676.2332,1253.8005,676.2332,0
624553418,1254.6561,684.9997,1255.5095,693.7438,0
624553435,1254.3035,691.2241,1253.5978,703.5496,0
624553452,1255.665,692.4048,1259.7029,695.7675,0
624553469,1257.1732,692.7654,1263.0522,694.0107,0
624553485,1255.7767,693.0662,1248.8737,694.3477,1
624553502,1255.8164,692.0845,1256.0388,686.2187,1
624553518,1255.3802,691.1589,1252.4657,684.9079,1
624553535,1258.87,690.1089,1285.115,682.2671,1
624553552,1258.0671,689.3783,1250.8586,683.5165,1
624553568,1257.5314,690.1256,1252.3146,697.2822,1
624553585,1258.1908,690.6782,1264.4771,696.2784,1
624553603,1259.1726,691.1967,1269.1372,696.658,1
624553619,1259.2866,690.6408,1259.9043,684.2675,1
624553636,1258.6188,689.2859,1250.1001,673.3732,1
624553653,1257.7451,689.9506,1246.6271,698.7438,1
624553669,1257.2229,689.0847,1250.5952,678.2058,1
624553686,1256.7991,689.8474,1251.5045,700.6829,1
624553703,1256.3018,691.4768,1250.0217,714.1382,1
624553719,1255.908,692.3913,1251.1575,704.6196,1
624553736,1256.3237,693.1087,1263.3915,702.2911,1
624553753,1256.6571,694.245,1262.2937,709.5112,1
624553769,1255.9142,695.8165,1245.062,717.366,1
624553786,1255.005,696.4084,1241.8718,702.355,1
624553802,1254.8376,696.8712,1253.6865,700.7698,1
624553819,1254.0717,698.1655,1243.381,715.2977,1
624553836,1093.6206,567.4601,1093.6206,567.4601,0
624553852,1002.9641,376.6524,1002.9641,376.6524,0
624553869,976.1014,336.6372,949.3073,296.724,0
624553886,963.5883,324.7884,938.8569,301.4438,0
624553902,959.0186,324.5696,945.7936,324.2989,0
624553919,953.574,322.1486,932.6572,313.0221,0
624553935,927.908,333.7075,927.908,333.7075,0
624553952,922.5248,314.4742,922.5248,314.4742,0
624553969,923.7876,327.584,925.0472,340.6605,0
624553985,925.6483,330.3832,929.3394,335.8796,0
624554002,930.1508,329.9532,943.4646,328.5709,0
624554019,927.1213,335.0727,915.0634,355.0729,0
624554035,930.05,333.3748,944.277,324.7776,1
624554052,931.8745,332.7761,942.1859,329.1127,1
624554069,930.6328,335.8175,921.965,355.9308,1
624554085,927.3365,336.0145,902.3708,336.9689,1
624554102,917.4476,345.3214,835.5051,422.2257,1
624554118,904.2714,358.1647,786.7543,472.6001,1
624554135,893.9565,367.8324,797.9511,457.5198,1
624554152,883.5129,378.549,781.6362,483.5385,1
624554168,875.0876,386.4624,791.8804,464.1069,1
624554185,867.3287,393.6862,789.2417,465.8124,1
624554202,863.8263,400.2043,836.1354,465.6638,1
624554218,857.8868,403.9044,797.4376,434.7289,1
624554235,852.8693,408.9185,803.4565,458.6039,1
624554252,847.7073,414.2656,795.2079,469.6219,1
624554268,844.4529,419.2187,818.1013,469.8357,1
624554285,840.2218,425.6571,798.4863,498.6296,1
624554301,835.5166,431.3136,785.9435,492.8309,1
624554318,831.4721,436.4601,791.4102,490.5519,1
624554335,827.6829,441.8871,790.8663,500.7156,1
624554351,822.3304,445.9758,760.3378,484.0634,1
624554368,816.8625,450.0523,753.2598,488.8044,1
624554385,813.5811,452.7776,785.3568,470.6764,1
624554401,810.9351,456.8686,791.9578,498.459,1
624554418,809.8218,459.7085,814.4716,481.4489,1
624554435,808.2968,462.9623,803.7904,492.8972,1
624554451,812.3453,462.3731,909.1509,414.8574,1
624554468,821.6151,457.807,996.0249,353.6841,1
624554484,1024.7841,333.2011,1024.7841,333.2011,0
624554501,994.3221,314.8575,994.3221,314.8575,0
624554518,1003.8811,337.7022,1013.4156,360.4888,0
624554534,1010.6825,332.8458,1024.1504,323.0788,0
624554551,1014.5137,339.6974,1025.7212,359.9695,0
624554568,1010.2018,336.0776,993.0188,321.6277,0
624554584,1005.7991,336.0185,984.3476,335.6728,1
624554601,1008.5251,336.3782,1024.5522,338.4055,1
624554618,1011.4457,338.9563,1030.8947,356.0391,1
624554634,1013.3419,339.1274,1027.1997,339.9985,1
624554651,1014.6133,338.2144,1024.5171,330.1955,1
624554667,1016.3472,337.7513,1031.2159,333.3232,1
624554684,1014.0944,339.6521,990.6819,358.2492,1
624554701,1013.0626,341.4358,1001.6376,359.5989,1
624554717,1015.0674,342.7715,1037.2803,356.5547,1
624554734,1021.5119,341.2548,1096.5399,321.8414,1
624554751,1033.9219,338.4226,1183.6681,302.6378,1
624554767,1045.7494,331.867,1189.1615,248.0544,1
624554784,1056.6859,326.4269,1188.6926,257.551,1
624554817,1066.5427,319.265,1183.689,226.9408,1
624554834,1076.3129,313.8216,1192.0065,246.6351,1
624554850,1084.6191,307.671,1178.5414,230.7933,1
624554867,1095.9929,303.8723,1235.2479,262.8713,1
624554883,1104.7334,300.953,1202.5548,273.4019,1
624554900,1112.561,297.3878,1195.8228,259.6338,1
624554917,1121.3622,292.2484,1219.7782,229.9418,1
624554933,1128.6102,291.4903,1201.7982,299.5315,1
624554950,1135.7028,291.0268,1206.751,302.0532,1
624554967,1144.1521,288.6784,1237.5974,267.3088,1
624554983,1151.6056,284.1576,1228.3595,226.8014,1
624555000,1157.377,281.458,1206.8004,255.0686,1
624555017,1167.4331,280.1494,1271.873,279.8591,1
624555034,1174.5454,277.314,1231.3167,254.8168,1
624555051,1180.8489,268.6249,1226.896,145.3918,1
624555067,1184.8492,265.2654,1195.2277,238.7476,1
624555084,1190.6338,265.2021,1231.0677,288.2963,1
624555101,1198.5293,257.3889,1275.2131,151.3321,1
624555117,1260.2402,126.2679,1260.2402,126.2679,0
624555134,1297.5676,27.348,1297.5676,27.348,0
624555151,1289.9169,39.3806,1282.2856,51.3826,0
624555167,1279.778,29.9396,1259.6674,11.1166,0
624555184,1277.7072,29.1194,1271.7589,26.7703,0
624555201,1282.3488,24.1645,1300.8143,4.8244,0
624555251,1277.5742,31.1549,1254.3688,65.4951,1
624555267,1275.9459,41.2464,1266.8993,99.3529,1
624555284,1271.5101,44.7135,1242.4834,66.6144,1
624555300,1272.874,37.8806,1284.1776,-15.0118,1
624555317,1270.193,40.1761,1248.678,58.8701,1
624555334,1254.4377,46.8523,1112.4276,106.7389,1
624555350,956.5626,69.7029,956.5626,69.7029,0
624555384,971.3888,42.5466,954.7885,105.3443,0
624555400,971.4046,27.9896,971.5203,-1.2584,0
624555417,971.5736,54.5005,972.1569,133.0013,0
624555434,968.8252,61.3474,958.1139,87.3367,0
624555467,963.1948,70.4119,936.0233,113.2965,1
624555500,966.7043,68.3451,987.5821,54.5956,1
624555517,847.1304,457.1242,847.1304,457.1242,0
624555533,873.0679,583.6447,873.0679,583.6447,0
624555550,883.489,588.6497,893.8835,593.642,0
624555567,884.8906,582.4749,887.623,570.1783,0
624555583,867.0577,578.5931,814.1175,567.1532,0
624555600,862.8515,576.1512,846.8057,566.7512,0
624555616,863.7064,577.1995,868.5225,582.5959,1
624555633,859.5826,580.6956,836.3435,601.098,1
624555650,857.7161,574.5718,846.2554,533.6541,1
624555667,856.2969,575.0047,846.8079,578.9092,1
624555683,852.5724,575.4989,822.9258,580.1669,1
624555700,851.0419,575.762,839.1345,578.5817,1
624555717,849.7463,575.7512,839.2723,575.9786,1
624555733,849.2189,574.4366,846.147,560.9121,1
624555750,848.7432,573.6686,845.8948,565.7876,1
624555767,848.3703,575.483,846.4176,597.7769,1
624555783,847.0126,575.0687,832.6309,570.0769,1
624555800,847.1406,575.4149,851.5346,580.1416,1
624555816,846.4598,576.3484,839.7943,588.8679,1
624555833,845.5482,577.0396,835.4944,586.1072,1
624555850,844.0397,578.0514,825.3887,591.5612,1
624555866,845.822,576.7258,875.0582,556.0521,1
624555883,847.3168,577.6183,871.3523,590.4095,1
624555900,849.9068,574.3495,889.6952,523.7861,1
624555916,1004.7987,423.6614,1004.7987,423.6614,0
624555933,1020.3175,415.8084,1020.3175,415.8084,0
624555949,1004.7333,416.2045,989.1888,416.5997,0
624555966,996.9951,418.5518,981.6957,423.2146,0
624555983,993.0935,419.6945,981.7209,423.0447,0
624555999,991.7131,424.021,986.6014,440.9301,0
624556016,987.4183,419.721,966.8989,398.5289,1
624556033,988.3484,415.4226,994.3845,390.6387,1
624556049,985.8629,412.2847,969.8579,391.8664,1
624556066,985.7078,413.4359,985.3845,422.9468,1
624556083,984.7404,413.1048,977.5134,410.9969,1
624556099,984.2587,411.4691,980.843,397.2728,1
624556116,983.9178,412.445,981.5836,423.0687,1
624556133,984.6298,412.136,993.1564,409.5799,1
624556149,984.7876,413.3041,987.2726,427.0931,1
624556166,986.7766,413.7092,1010.7905,418.732,1
624556182,990.1457,413.9053,1031.4391,416.3708,1
624556199,990.6661,413.5642,995.5432,409.1028,1
624556216,991.3129,414.1419,997.947,421.9178,1
624556232,991.9553,415.0417,998.5759,427.1741,1
624556249,990.1385,414.1307,961.9326,400.4392,1
624556266,989.6572,412.9252,981.4795,395.207,1
624556282,989.1673,412.7507,981.1298,410.7309,1
624556299,988.2651,412.4445,974.2604,408.4475,1
624556316,987.499,411.5564,976.0607,398.6708,1
624556332,986.3661,411.6102,969.5901,413.8249,1
624556349,985.4925,410.3983,973.4211,392.408,1
624556365,986.0189,409.5141,996.797,397.3826,1
624556382,985.5197,410.5859,979.1911,430.4758,1
624556399,986.0267,411.0113,996.3129,419.3681,1
624556415,984.997,413.4623,969.4811,454.6187,1
624556432,984.045,414.4183,974.0936,429.015,1
624556450,985.6941,414.4423,1015.524,412.9106,1
624556466,986.3246,414.8053,996.7988,419.5954,1
624556483,986.723,414.6054,992.7573,409.8149,1
624556500,987.4377,415.021,998.7973,422.4282,1
624556516,986.9741,415.3815,976.2861,417.0574,1
624556533,986.8406,416.9684,985.1202,438.1917,1
624556549,987.9083,416.3458,1003.446,400.5058,1
624556566,988.2205,415.6014,992.1117,402.1752,1
624556583,987.6298,417.4882,975.6676,446.934,1
624556599,983.2857,425.6725,910.7758,555.6509,1
624556616,979.4512,434.3007,919.6409,566.9355,1
624556633,975.9088,442.498,925.4423,559.3324,1
624556649,971.5906,449.47,910.3715,541.9274,1
624556666,967.4581,455.8418,914.8071,533.1687,1
624556683,963.2637,461.8269,913.9617,529.3896,1
624556699,957.0274,469.8506,872.3406,567.8632,1
624556716,953.5218,478.4291,917.9749,583.0685,1
624556732,949.3834,486.4932,904.4302,579.2349,1
624556749,945.3962,493.8803,900.5708,569.7872,1
624556766,941.0341,499.5379,893.4857,544.9822,1
624556782,936.7169,504.6489,891.1611,543.1941,1
624556799,934.2692,509.9524,919.7567,552.3461,1
624556816,929.9781,514.3093,884.4858,540.9818,1
624556832,926.2477,518.6261,890.1598,548.0596,1
624556849,922.8809,523.9415,893.3909,569.2391,1
624556866,919.9886,527.3143,900.3853,542.0602,1
624556882,917.4131,529.1006,900.1616,523.678,1
624556899,915.2874,530.3494,906.0867,518.349,1
624556915,912.454,533.5153,887.2701,560.2789,1
624556932,910.0232,538.362,891.4849,591.1544,1
624556949,907.7617,542.0385,895.3367,573.5741,1
624556965,906.9021,543.7926,914.1328,545.3029,1
624556982,905.5366,545.9464,901.6893,555.4825,1
624556999,903.7364,548.5367,891.8153,568.3838,1
624557015,904.9428,548.963,939.156,533.691,1
624557032,909.8894,545.5183,1003.0779,471.6833,1
624557049,912.7608,545.731,967.0067,534.1213,1
624557065,916.6475,544.7327,982.177,515.7002,1
624557082,921.4566,543.3788,995.9635,516.0668,1
624557098,926.957,540.0828,1001.695,494.1053,1
624557115,931.1259,537.335,981.1357,503.7612,1
624557132,934.7009,534.4308,973.4016,498.8498,1
624557148,938.3746,532.6916,975.8787,515.9116,1
624557165,942.3516,530.341,984.3696,503.0,1
624557182,946.3864,527.6545,988.2217,495.3778,1
624557198,950.7957,524.1571,993.7217,483.6012,1
624557215,954.1223,520.6786,983.4156,483.1689,1
624557232,957.8278,518.975,992.0427,511.0739,1
624557248,960.1384,516.1262,971.0248,487.5222,1
624557265,962.2191,513.8642,970.0621,492.7611,1
624557281,965.923,512.3899,1001.8877,504.1331,1
624557298,967.1779,509.626,965.8091,480.3962,1
624557315,968.9067,507.7738,973.7461,492.8054,1
624557331,970.5004,507.968,975.5361,526.9902,1
624557348,972.6572,506.4387,988.9601,496.8754,1
624557365,974.5513,505.8565,988.1379,508.2791,1
624557381,974.9359,503.8582,964.6025,479.9139,1
624557398,975.2928,501.9534,967.3047,479.4986,1
624557415,977.5976,502.4121,1001.595,523.4595,1
624557431,977.9793,500.4558,970.8403,482.4856,1
624557448,978.032,499.8987,967.579,502.8384,1
624557464,980.3156,499.7474,1010.1348,505.2272,1
624557481,980.1236,500.3364,967.0782,517.9218,1
624557498,980.321,499.7332,974.3092,497.2375,1
624557514,980.5919,499.8044,981.7103,504.2872,1
624557531,980.4003,500.2713,980.5886,504.3771,1
624557548,981.9683,501.0278,1007.1331,516.1566,1
624557564,981.4005,500.8907,971.5746,498.2832,1
624557581,980.9373,501.0255,974.7351,502.9962,1
624557598,981.0029,499.4511,984.254,470.9608,1
624557614,980.2864,499.7749,968.2199,505.2721,1
624557631,980.5408,500.054,984.3459,504.0338,1
624557647,980.7313,499.0648,983.5686,483.7802,1
624557664,980.1673,500.168,971.3108,518.7999,1
624557681,981.1469,499.444,998.5165,486.2444,1
624557697,982.3622,500.2331,1003.0562,511.61,1
624557714,982.8641,500.517,989.5068,503.0891,1
624557731,984.0184,501.1966,1001.917,513.12,1
624557747,982.9048,500.1873,960.3888,481.242,1
624557764,982.5083,499.2085,973.2345,482.5629,1
624557780,981.078,498.8569,958.7654,494.7095,1
624557797,981.351,499.7331,984.6072,513.5483,1
624557814,985.9685,500.7371,1061.4089,517.2161,1
624557831,992.4081,500.8391,1093.6868,504.9929,1
624557847,998.3956,502.1832,1087.9321,523.2177,1
624557865,1005.3345,504.8478,1105.5273,547.5472,1
624557881,1013.6471,507.7663,1128.7852,549.2897,1
624557898,1022.1992,511.5083,1135.8799,564.4415,1
624557915,1030.6383,515.5852,1140.6125,575.7836,1
624557931,1038.479,518.0193,1130.4661,543.7642,1
624557948,1046.2157,520.5565,1132.7793,549.2596,1
624557964,1052.9667,523.7153,1124.8718,561.8248,1
624557981,1059.5853,527.2162,1123.0193,570.7308,1
624557998,1066.4778,531.3118,1134.3079,580.7328,1
624558014,1200.6516,655.8139,1200.6516,655.8139,0
624558031,1295.144,788.9464,1295.144,788.9464,0
624558048,1292.4907,780.6646,1289.8442,772.4039,0
624558064,1280.0095,791.0027,1255.2189,811.5895,0
624558081,1277.0078,793.5215,1268.3101,800.8739,0
624558098,1279.5774,798.501,1289.949,817.856,0
624558114,1280.9095,799.9244,1287.5396,806.4181,1
624558131,1280.4178,798.8414,1277.6262,792.0681,1
624558148,1284.421,801.5777,1311.163,819.4071,1
624558164,1282.6536,801.2112,1268.9456,797.7327,1
624558181,1284.8842,800.2172,1303.3055,791.318,1
