timstamp,smoothx,smoothy,rawx,rawy,fixation
622026421,962.7291365838489,488.5496806473425,954.3972,540.5352,1
622026437,963.2602192663345,490.0952127665827,969.4485,519.9772,1
622026454,960.3991471054924,489.8893508455371,902.7941,488.7627,1
622026471,963.2439628839861,488.53058506962776,1006.7697,466.9531,1
622026487,964.7765556226274,487.0414522493033,984.8942,462.1682,1
622026504,968.1381958983395,486.8021960290235,1015.8464,481.9462,1
622026520,969.8518615673299,488.3612137850994,988.5269,503.8297,1
622026537,970.8277295170262,488.08939296280994,978.537,479.0528,1
622026553,973.1956720861544,486.5613800146839,1007.902,453.8965,1
622026570,976.6631498171417,487.3909711279726,1022.3287,498.1537,1
622026587,979.1862498090275,489.39691108024033,1001.9872,510.1365,1
622026603,981.1535495302389,489.34007001273335,999.1959,464.9612,1
622026620,984.055259982964,490.2579994061498,1016.3655,486.22,1
622026637,986.9596220459208,493.40721503503875,1010.6195,519.9412,1
622026653,987.1794343214351,497.4891402428488,959.9945,539.0228,1
622026670,988.6049537673797,499.9109241264552,999.7775,516.3929,1
622026687,987.8557638337879,501.8798564887126,959.2981,509.4503,1
622026703,986.8222708885365,504.5775098544425,953.5126,520.9717,1
622026720,986.6406715697713,505.48644995815073,976.4494,494.0436,1
622026736,986.4542450679851,507.8845123819842,969.5033,519.8158,1
622026753,987.0976591754231,509.9348061051573,991.1506,517.3232,1
622026770,987.2768875428283,512.1899063360664,981.3806,523.0574,1
622026786,987.5202385036241,514.0267634842189,982.991,518.7742,1
622026803,988.383658008746,515.9028093628941,998.3957,521.6035,1
622026820,989.0343819487134,516.8345469988739,992.1619,504.3425,1
622026836,989.7013576103457,516.4382949703723,998.1789,491.3622,1
622026853,990.4882759020022,517.3651442574773,996.4462,516.8317,1
622026870,985.8862813021611,517.5859701408152,903.3784,504.9245,1
622026886,982.5191713958014,512.4451325383266,932.6724,417.6454,1
622026903,975.6597123760606,507.85838932214483,872.6227,426.813,1
622026919,971.7496833278167,503.3972162730973,917.6371,432.2364,1
622026936,965.9547441462614,498.96008779905844,884.5757,429.232,1
622026953,962.0272616756288,493.94996376140824,910.3198,416.0393,1
622026969,956.0641131694523,492.1933250980691,879.3988,465.9615,1
622026986,952.8563229569722,488.65193240130117,925.5571,435.7166,1
622027003,951.633873334014,485.31257465144955,960.9031,440.2142,1
622027019,947.5629176400812,483.0477932499966,902.549,457.6963,1
622027036,943.2968545414806,480.4148137391097,895.4843,446.7676,1
622027053,940.0383843192551,477.58125605236586,913.6107,439.0282,1
622027069,939.7292913478018,473.9279485394073,965.1005,428.6708,1
622027086,935.4086364377847,471.1520614243181,886.6683,440.7452,1
622027102,931.5472479008041,467.14780567498843,892.8422,413.055,1
622027119,927.9490713088202,463.86817548816134,895.0557,424.6725,1
622027136,924.1022526796802,459.2671675190347,888.099,403.3571,1
622027152,913.9246373410955,457.91767169574945,762.4813,453.9188,1
622027169,748.4997678605112,582.2973412214673,735.0122,565.0668,0
622027186,745.3809923888763,543.9912946926542,734.5522,528.9274,0
622027202,747.2381855826732,549.6363163796793,737.546,539.5962,0
622027219,750.8270361763106,549.8475305218101,746.9756,534.9551,0
622027236,745.1561200245811,556.1508009238408,714.8441,557.7821,0
622027252,741.3427392772448,557.7418338305365,713.7926,547.3575,0
622027269,741.3729651457843,558.8370322659548,729.4803,547.6261,1
622027285,743.1832081883521,559.001443290169,742.1827,543.7239,1
622027302,745.2301648682567,555.5526076031218,749.2831,517.9908,1
622027319,745.674974404779,554.1896660694281,738.0779,529.036,1
622027335,742.208856568175,556.9195995644302,698.9449,562.482,1
622027352,741.3704684238324,554.7440673556199,723.7586,520.0819,1
622027369,738.2911869046592,555.0325255983872,695.9335,541.8982,1
622027385,734.7431300449255,558.7070443850005,683.103,578.9382,1
622027402,733.6280390287329,560.2744541341889,709.9956,559.634,1
622027419,732.4051796786536,558.8701968917526,709.5807,525.6964,1
622027435,733.1685741645183,559.5477832446037,733.2013,550.6996,1
622027452,732.5568039920034,561.3626410629458,713.1051,566.101,1
622027468,731.3077593503892,561.7983000844312,704.1777,549.1271,1
622027485,581.5829935203719,774.628388903404,550.38,744.4985,0
622027502,594.8239801591465,799.1691068669036,562.1865,767.7756,0
622027518,605.8781543881967,801.5335204469104,584.4578,772.4716,0
622027535,609.317914989739,801.8364552873476,583.7364,771.0811,0
622027552,607.5015035100618,800.0811983406181,569.8514,763.7949,0
622027568,608.2655946896019,791.4997271462797,581.9165,729.019,0
622027585,602.5745450266191,789.6100309520699,543.0043,750.3154,1
622027602,604.3897252653678,795.998964807368,580.6068,800.34,1
622027618,605.0969145943974,804.3584981707304,573.3361,825.2156,1
622027636,606.0557175921806,806.5367540933975,579.4935,789.2268,1
622027652,608.7733789494368,809.9485232126605,596.8141,803.6801,1
622027669,606.0866611534706,810.7660373546944,546.8153,783.5589,1
622027686,608.4773723060116,810.5709667747013,599.7207,775.0369,1
622027702,606.3541363471918,812.1950942073953,548.4435,794.1168,1
622027719,606.0662808651149,811.16870104804,570.6013,766.0933,1
622027736,605.4489851108048,812.86362851155,563.5279,797.7819,1
622027752,605.3611042650963,808.5951215573023,575.549,724.8757,1
622027769,611.7978720508851,795.4033425662759,677.181,605.1588,1
622027786,722.293117161416,576.377220798195,708.6013,559.1968,0
622027802,722.4519578389039,533.175901059853,711.8466,518.4797,0
622027819,732.9476795926851,562.2262393328351,729.1722,573.4039,0
622027835,742.7925897243507,547.5481292093598,753.7183,504.835,0
622027852,751.0707128187734,548.3424473727188,764.8162,535.6528,0
622027869,751.8347298895166,548.893028796811,743.2688,535.7333,0
622027885,752.3539636564901,555.169334792673,740.8208,568.3531,1
622027902,747.6770868994831,553.7859047279916,708.6492,529.9425,1
622027919,749.9314992408304,551.2482305842508,755.2894,519.7949,1
622027935,745.2471762393798,546.5052333589954,700.4768,497.4041,1
622027952,741.71391805868,547.1926410778432,700.5236,537.7753,1
622027969,740.1321959800507,548.8358725977919,714.2285,548.0172,1
622027985,737.5862405186875,548.5116197918036,702.4194,530.0779,1
622028002,735.9838847380413,545.1177336440614,712.3503,496.3732,1
622028018,737.0043285044259,544.2466863054375,740.8677,521.3674,1
622028035,738.3006713432667,543.5157355271381,745.5663,522.0091,1
622028052,737.2789902913253,543.8827324987061,714.2996,534.5886,1
622028068,739.7618425201491,543.8018007857937,763.2056,529.505,1
622028085,742.1432344823446,536.1267117930971,771.8527,426.6661,1
622028102,742.9075642618706,529.1224696963651,749.3183,429.0455,1
622028118,743.5976160010723,522.1468971663782,749.2306,423.5645,1
622028135,745.3390294926947,513.9591319768557,768.2997,400.3592,1
622028152,746.8629458428813,509.73323342213143,762.0794,453.2955,1
622028168,750.8042046860653,506.3797076275686,802.4983,463.2083,1
622028185,753.3255178399118,502.79352952355265,781.6946,456.0489,1
622028201,756.4394090709076,499.92556285856665,793.0137,464.0044,1
622028218,756.8331823928502,496.4638874357921,749.1531,450.9462,1
622028235,758.0197866857434,493.74342893143535,763.3706,459.6295,1
622028251,758.2530612028913,490.9090776699065,748.3229,454.4802,1
622028268,760.4011850332207,486.6191933564469,785.3654,427.9446,1
622028285,762.750743413319,481.59848437757006,791.7395,412.453,1
622028301,757.0896724976335,214.9366519856898,770.0208,218.9107,0
622028318,815.1023463614387,206.37868189250733,830.0314,211.4866,0
622028335,779.38939563588,208.5556615539747,756.6805,214.7955,0
622028352,763.4498213869031,209.00776600565695,744.6432,213.8808,0
622028385,754.1323417223122,205.60803813598244,740.524,200.2681,0
622028418,758.8548208871734,211.33580021670568,790.1552,237.016,0
622028451,747.9706357204732,202.99784998127512,710.6927,168.5719,1
622028485,741.6653194500512,205.0860320916549,717.9911,220.8209,1
622028518,745.062474423809,201.57953872859295,785.3013,184.636,1
622028551,735.191748557979,194.1103950490092,678.4626,145.9901,1
622028584,735.5267748129871,198.18067590929573,752.3274,236.6028,1
622028618,738.9917615629673,202.95878694950508,784.1038,249.6512,1
622028651,741.1823818787532,206.9277047951444,775.2258,247.9681,1
622028684,736.2729600260425,203.757368277351,699.9546,174.8342,1
622028718,735.938649483442,205.32409690912704,746.3566,225.7971,1
622028751,737.5468959320964,203.29489280592554,774.2834,184.5963,1
622028767,737.9194093003913,203.63013349789358,757.0105,211.9865,1
622028784,739.2332334605122,204.44915470252127,770.1,218.7934,1
622028801,739.770226068012,203.77974501802424,761.3261,199.3393,1
622028817,736.7993052643718,203.84189989521983,707.9086,208.4201,1
622028834,734.8104138099956,201.60168506583162,723.0371,175.6889,1
622028850,1050.7256866777468,288.70478698189845,1065.4148,291.69,0
622028867,1257.7753029096723,422.31603653114,1267.8817,419.9153,0
622028884,1280.5779087534884,440.1504615582154,1311.9762,453.9958,0
622028900,1270.2956543848334,444.5070081472446,1257.4661,448.8174,0
622028917,1290.3794289240066,436.8810028535368,1362.8569,413.2088,0
622028934,1298.2495173644857,436.94528766183737,1339.3098,434.7985,0
622028950,1264.4355237136392,432.85321253449905,1273.9493,429.9207,0
622028967,1252.1129078299145,438.70994739959326,1260.9141,435.3045,0
622028983,1271.9889142064656,447.8795623440003,1300.2578,453.0073,0
622029000,1271.1640182041203,465.4489774837227,1274.2432,493.5643,0
622029017,1273.400188244208,463.5632689118919,1288.0576,453.4758,0
622029033,1272.3752455599156,460.3462552954429,1276.7621,443.7424,0
622029051,1273.9585119283026,464.6392159198192,1287.7338,479.6702,1
622029068,1275.6562555506862,463.5705142259713,1293.543,452.9215,1
622029084,1278.7092631390194,467.58161052244486,1304.636,487.9537,1
622029101,1283.362894747229,463.5919456871708,1328.329,430.5222,1
622029118,1281.3366814970982,463.93997104882664,1270.0542,461.8614,1
622029151,1280.207568531156,462.84526373991594,1277.1351,448.7301,1
622029184,1367.0104027745351,788.0492757292569,1353.6318,765.8416,0
622029201,1401.4274029240055,689.4856071077411,1395.9049,673.3226,0
622029217,1391.2151477952968,720.883760898267,1370.5433,732.2092,0
622029234,1401.64407544817,702.9302749199461,1418.998,652.4485,0
622029251,1402.622500865515,710.3315416107805,1396.9288,713.804,0
622029267,1409.715872326056,717.9580698485191,1428.5989,728.6666,0
622029284,1410.4543046335586,721.2470925009094,1404.9606,718.0156,1
622029300,1416.2233827778298,711.033964911243,1447.3584,637.902,1
622029317,1417.191082203184,713.1506864362505,1414.8202,709.4684,1
622029334,1419.012747291143,718.3265418310356,1421.8918,737.5222,1
622029350,1416.7246479400317,721.9153921897719,1386.2513,731.2347,1
622029367,1421.7615051917683,715.6720854664688,1465.0376,643.8184,1
622029384,1424.3734403598335,717.9759624006092,1439.9807,722.1293,1
622029400,1425.9733170193908,719.9903037078257,1431.9575,721.9805,1
622029417,1422.6212456896653,722.1354727886569,1372.2863,725.4054,1
622029434,1419.2691857957175,725.9400984915878,1366.5286,747.9377,1
622029450,1418.8311794870363,725.8927242661086,1405.8618,704.1655,1
622029467,1415.8826021214893,727.1177536710238,1368.5686,720.5581,1
622029484,1414.4240108641352,731.1654916038676,1384.5139,760.2936,1
622029500,1409.9678774011675,727.5807235904247,1345.522,657.2175,1
622029517,1406.1277802339741,728.4015967998514,1346.5859,717.8929,1
622029533,1406.98116757925,735.3904490394568,1411.0496,809.8619,1
622029550,1406.815186269038,739.601037699975,1397.3644,773.0048,1
622029567,1403.9869283329851,743.5560047724622,1352.7897,771.7141,1
622029583,1042.4500219073084,753.866396591747,1023.7493,730.0306,0
622029600,760.2865912022614,767.1316461601093,733.8919,739.4105,0
622029617,692.8648769606641,774.5272675109395,594.9457,751.8435,0
622029633,676.7155794643148,779.5404869412869,614.2173,759.1847,0
622029650,642.1777571133659,797.4895662190785,502.757,815.6376,0
622029667,629.8801551522679,801.6072964324615,549.0172,784.5685,0
622029683,574.0235207267447,817.9753930972468,539.5467,785.271,0
622029700,632.9246681811428,834.161339665869,598.7014,801.1788,0
622029716,632.3047831331211,806.2979998939945,601.405,748.7076,0
622029733,602.344899813717,806.911564441858,508.2775,775.7795,0
622029750,591.3879949796606,814.7719161958883,523.0895,804.175,0
622029766,591.6857591701629,813.5048091168471,560.3009,776.4839,0
622029783,589.079344756235,813.229540239362,543.1765,779.5276,1
622029800,585.9759938555226,816.7266419996998,533.0039,803.0493,1
622029816,584.7615751710885,825.518380081287,538.7708,847.236,1
622029833,586.9468481219603,820.6586391232146,573.396,752.3245,1
622029850,591.2763768766465,816.7144762453183,597.4305,753.1332,1
622029866,591.5878566868955,813.6289247504287,562.6268,755.1147,1
622029883,590.7599560304354,809.6755149314888,551.4366,741.7866,1
622029899,588.3201126440742,810.1479684820895,527.9579,784.3418,1
622029916,587.0623020433355,811.5411460674599,538.5006,795.5331,1
622029933,577.8018030663818,812.4065746374764,432.4881,789.5672,1
622029949,570.3751194804734,816.0898253140185,443.7058,826.0216,1
622029966,565.3523442475455,816.532878314794,472.2616,787.6318,1
622029983,564.1643216912297,820.4129891973222,519.3677,835.0756,1
622029999,562.7734969666309,819.9759711735671,518.75,778.2717,1
622030016,560.0744440427799,820.7215905849399,495.1448,794.7834,1
622030033,560.2049585153077,818.2401562471684,540.6871,748.699,1
622030049,557.343997255519,813.6101713381711,493.7026,714.656,1
622030066,557.1284855078954,813.2168557556904,529.9194,777.008,1
622030082,557.8175249633997,812.5233802741019,544.215,772.2147,1
622030099,558.3745962801269,812.4784315207202,540.4347,781.9016,1
622030116,555.1067091431293,811.8879724171386,474.3239,772.3259,1
622030132,555.2729347040805,814.6810289545095,527.7859,826.8337,1
622030149,554.0304388138557,814.6444812495562,505.3575,781.4409,1
622030166,554.1343815920642,815.166210720597,527.105,790.7319,1
622030182,553.254550835409,815.5183859417104,508.7305,787.8223,1
622030199,551.3079015255262,818.8271632657362,493.0038,838.069,1
622030215,551.6382090601592,819.5153524586719,535.0013,790.0524,1
622030232,551.5185208107092,822.7393357886821,512.4142,835.1886,1
622030249,550.625437470223,823.7520118103117,502.4109,802.1023,1
622030265,550.5917087775733,824.3106881463311,521.3905,792.3185,1
622030282,551.9456425396638,823.6787918616639,544.744,774.123,1
622030299,552.2938185560469,823.3046382643278,524.7421,781.2438,1
622030316,551.3042218782297,824.8299393173044,498.7065,816.9491,1
622030332,551.7607173702936,826.2511533516334,527.7208,805.7037,1
622030349,551.4956294978107,830.0052051511069,513.5014,845.2915,1
622030365,551.8262050712718,831.7749398297925,522.0411,814.3948,1
622030382,553.0593249857369,830.886541474641,539.9325,771.0347,1
622030399,552.9948014903373,832.2127638782147,511.5822,813.0339,1
622030415,551.2203467616595,831.0847877459435,485.5359,774.349,1
622030432,551.8246097427309,832.3350424599986,514.4778,813.9156,1
622030450,552.3417905516305,829.7164466934921,520.442,754.6877,1
622030466,550.454273030542,830.0043841056112,478.0299,798.1714,1
622030483,549.9918910129602,832.2054828599715,506.4266,835.1754,1
622030500,549.3291698269425,833.0860158584799,504.1305,807.6097,1
622030516,549.0900920436047,831.9313096001355,511.5095,776.772,1
622030533,550.6275297672303,829.2321943776122,549.6866,747.6111,1
622030550,551.8080385621728,828.7114019473207,535.2267,780.8537,1
622030566,557.7468651279326,826.8480984005827,625.6864,767.1271,1
622030583,566.647199365505,820.4501426897145,685.6254,692.6632,1
622030599,574.2050034991877,815.5344196097619,659.972,717.3449,1
622030616,581.4086536632575,812.6784768447276,645.8627,749.1193,1
622030633,712.789731304308,680.9919455796291,691.4058,657.6949,0
622030649,685.0758815503618,797.9177583230895,654.6859,767.5951,0
622030666,663.5771125933127,760.2393122048546,616.0866,696.1835,0
622030683,662.5624824006939,764.3526030488075,631.4791,743.5729,0
622030699,670.6332595492426,751.6118556786212,670.5123,688.5733,0
622030716,671.9320992183041,746.404129985585,651.4201,700.1608,0
622030733,671.2453468710276,745.6379017308922,640.859,715.3172,1
622030749,670.3392636904379,745.7240827992608,637.7397,719.377,1
622030766,671.7014673060953,739.6962290513615,657.2076,675.5356,1
622030782,673.2437377789904,730.219076456701,664.0109,638.1226,1
622030799,620.5140273879313,428.2636552941614,614.9571,418.4677,0
622030816,653.1841973040449,283.22855010622214,658.7576,282.1283,0
622030832,634.7068912538139,235.53570768378938,627.7653,191.9298,0
622030849,619.5457103597139,226.34467661017163,598.905,210.8201,0
622030866,622.1954276161382,221.81357975999532,640.7131,211.6832,0
622030882,631.0013587055427,224.3026403026738,675.1424,236.4082,0
622030899,629.8808785865036,229.41681622750338,631.1444,254.8708,1
622030916,626.0209424234401,225.59036130669168,613.6836,206.3995,1
622030932,626.2652684939903,221.21185659778263,639.611,196.2512,1
622030949,626.8137383143421,222.36643079762317,639.8578,233.5389,1
622030965,628.5605675165899,215.52327018578467,657.395,165.1666,1
622030982,626.250364057837,213.15558709944665,615.8107,197.1383,1
622030999,629.739019372256,211.20732080744233,676.5183,198.641,1
622031015,628.194926279652,212.8243289722374,619.4476,234.0396,1
622031032,629.2216849292195,213.4803617860959,650.1116,225.1886,1
622031065,630.911738830155,214.1512039788967,660.0448,226.0767,1
622031099,629.9590347943492,213.0961210280815,627.5792,204.5762,1
622031797,971.51514974417,427.2723784813046,974.4225,421.4184,0
622031814,982.0448395064245,435.3934924236616,984.6245,429.1894,0
622031830,991.4392040151099,440.1641463231316,1003.158,438.3788,0
622031847,990.3834351007558,437.72263638750627,991.1476,426.857,0
622031864,984.9941479491545,445.18297796925845,968.9755,459.1304,0
622031881,985.0051744511825,435.6615283480369,990.4967,394.058,0
622031898,987.7450859877783,432.044879801125,1005.7092,409.9175,1
622031915,991.2991150675184,436.77494441220125,1012.9543,457.0589,1
622031931,996.7107033767101,429.18755551951773,1040.1345,376.3143,1
622031948,1001.3516132612749,431.714174315127,1037.7491,445.1487,1
622031964,1001.97766173369,428.09455193332866,1011.105,394.7117,1
622031981,1001.4288479293893,421.69509687094916,1002.467,362.7422,1
622031998,1001.6593841019819,421.97747117948404,1005.9016,421.952,1
622032014,1001.9491179239526,419.5959137297825,1009.2148,393.2707,1
622032031,1003.0311347656892,418.6596366011189,1018.5935,406.8264,1
622032048,1004.6143830162406,421.0912388720428,1023.696,446.1761,1
622032064,1004.736982520483,420.23540332890946,1008.7321,407.0648,1
622032081,1003.5462255516564,419.3296352663117,990.5625,405.1529,1
622032097,1004.6508263256864,417.510793692203,1024.2871,392.1008,1
622032114,1008.2073512841705,403.9515806057018,1075.1171,227.1812,1
622032131,1131.864739289386,183.04321657900897,1156.0337,192.9981,0
622032147,1122.6742023729394,109.60954900667538,1151.8633,123.6824,0
622032164,1124.8666920387689,134.66036771708755,1152.7769,170.8933,0
622032181,1123.1798860652113,149.3271286513926,1144.0322,188.439,0
622032197,1121.4276113825917,153.30330507238233,1141.3488,175.5787,0
622032214,1125.0190621718807,151.3459804871311,1166.3677,155.5327,0
622032231,1129.763235717667,149.82433223258818,1180.3123,154.6183,1
622032247,1132.334126664502,154.64201326504988,1171.3081,192.4104,1
622032264,1133.8407664863807,153.7726832005619,1170.1624,159.4315,1
622032281,1132.9443743574434,154.56270133652194,1151.0085,171.1628,1
622032297,1140.4411275861362,160.5177151690331,1226.1022,218.6437,1
622032314,1143.7621587435158,158.2662835260415,1200.3008,149.0952,1
622032364,1140.4610794443083,156.30682552325476,1132.0741,148.2579,1
622032380,1140.9926005679788,153.69219912286073,1173.4098,139.0536,1
622032397,1139.3883818629963,152.2910409957882,1146.8461,149.4792,1
622032430,1141.6334045240144,145.44096904327586,1200.4091,82.7508,1
622032463,1145.272136897096,139.48834043403184,1221.9581,86.7737,1
