timstamp,smoothx,smoothy,rawx,rawy,fixation
622088985,847.6535671741873,532.6962600527991,957.0616,443.2568,1
622089019,854.0997416338014,532.3378140636161,986.6234,494.1457,1
622089035,859.8785446446614,530.0603849746329,972.7295,465.2887,1
622089052,862.2831163779173,524.1824061004884,916.3348,409.1971,1
622089069,867.2457944088474,521.3998863572577,952.405,457.8982,1
622089085,871.7191962601784,522.5473068274936,939.6332,530.3984,1
622089102,877.9713417683719,520.0324981449504,961.0175,474.9769,1
622089119,880.6094165571801,520.087987481909,887.9824,513.9998,1
622089135,965.7067278740225,431.9893159824813,968.1386,425.8,0
622089152,951.3254431884819,445.7291188371964,952.433,438.5911,0
622089168,919.897479877059,478.54071645186986,883.4794,499.6697,0
622089185,902.0402482640486,484.6599971477751,862.1621,485.654,0
622089202,889.7549300487576,496.4123997880501,846.4496,517.8801,0
622089218,882.7614007000476,487.35823044071066,854.5356,442.7164,0
622089235,889.2146988531222,483.9151546501475,920.5798,458.3441,1
622089252,893.3572946108228,479.05301123908055,917.8004,443.2819,1
622089268,886.8686479348617,479.17758862087817,839.8618,470.2891,1
622089285,889.5779731940443,473.7416366475464,911.9006,426.6342,1
622089301,907.8705098862152,474.5217979379128,1061.6349,474.4333,1
622089318,925.582375594234,468.5336621389885,1089.8506,411.3845,1
622089335,1145.6300467206001,484.1078221297563,1148.6455,476.9151,0
622089351,992.5186864130999,414.49551078503316,996.84,409.6082,0
622089368,1036.618031421214,435.05447447971056,1084.1025,449.289,0
622089385,1070.330086036052,406.3113827276089,1149.5487,349.5579,0
622089401,1067.7006725744045,408.2819182488474,1065.0958,410.3077,0
622089418,1053.0262742050584,406.3001632735434,1000.2994,394.8295,0
622089435,1056.0305101792962,402.273530296806,1079.1869,380.8338,1
622089451,1037.363892234774,416.4056058934349,926.272,488.2344,1
622089468,645.7583273142724,667.6414184896902,623.7241,644.3696,0
622089485,611.3341271881902,620.3278781199867,591.8528,599.3938,0
622089501,643.1224199249912,632.1356380572756,655.1838,622.3268,0
622089518,638.5201263063091,627.7218501328537,610.2617,598.2371,0
622089534,612.643958658889,621.5955225918917,515.7608,582.642,0
622089551,627.4719530897361,614.5250103903774,671.0475,568.7805,0
622089568,643.5156862544626,605.4295850841015,708.8094,545.3866,1
622089584,652.6468787699364,599.7236388312931,690.6288,551.0563,1
622089601,660.0628857911859,600.2133984932382,691.223,586.185,1
622089618,659.9413203054636,607.8501732185132,634.3018,643.6501,1
622089634,671.033339340584,609.0366824299151,744.6411,599.9277,1
622089667,677.3162736463081,610.0243971880022,712.9723,599.4146,1
622089684,679.3150592345229,615.1071417513216,672.0932,642.1688,1
622089701,676.319337245556,622.8001606868002,613.7875,676.6667,1
622089717,671.8431140379602,629.2290247079634,592.0717,671.6178,1
622089734,674.6763565887422,632.9917833103588,684.282,648.2124,1
622089751,675.963989092563,635.0059718792502,668.2145,630.4902,1
622089767,1023.1964681929061,666.6797266152236,1010.2566,647.6408,0
622089784,1099.495814992128,622.9145539956087,1091.5034,607.235,0
622089801,1066.1448266884302,640.8414205351977,1020.7382,640.248,0
622089817,1069.2444659482005,648.9747765990602,1064.0021,646.682,0
622089834,1074.8595056959314,663.7390194647978,1077.4231,686.6816,0
622089851,1074.6086856487973,671.2364157786184,1059.4589,679.6161,0
622089867,1072.3038139974094,670.1742947103189,1049.2117,645.5438,1
622089884,1066.6359099287736,690.2421829730685,1011.4604,778.3663,1
622089901,1070.9547206232041,692.6538621533523,1086.5088,685.4148,1
622089917,1073.8970072968768,692.2270712639748,1083.5101,666.6218,1
622089935,1076.2935082025922,689.2337412423649,1085.0034,643.5536,1
622089951,1074.756894905701,691.0421659146328,1045.0835,684.5649,1
622089968,1070.373849446837,674.5577406504748,1025.1384,500.1793,1
622089985,1053.7662997569573,406.4560288316132,1060.1259,402.7086,0
622090001,1020.961300993246,458.7325752342718,1022.8062,451.6181,0
622090018,1008.9504848377399,431.5527937279548,1002.1153,400.1819,0
622090035,1018.3629901309691,443.57408771665894,1038.7278,460.1564,0
622090051,1040.9021545632672,433.95953823614786,1115.3618,402.3191,0
622090068,1042.4488522265995,424.7855577049942,1055.225,386.2103,0
622090085,1032.6824421583474,421.9104445108521,988.9237,403.9765,1
622090101,1032.0079154506914,423.2115769279041,1031.9891,426.1231,1
622090118,1036.684514063615,427.3714519095445,1071.0033,449.3513,1
622090135,1035.1867360964823,429.9669755154672,1025.9025,443.0173,1
622090151,1035.0750698911743,428.49916735683667,1039.0339,411.4515,1
622090168,1033.0140683133848,425.8128143979392,1019.7738,397.4565,1
622090185,1034.5360705747128,427.11892059389703,1053.5797,434.808,1
622090201,1035.2683869976365,429.0182558403332,1045.8536,442.8761,1
622090218,1037.4651973559567,428.04766817436814,1067.4348,412.5133,1
622090234,1040.282746390613,427.3893539908225,1078.1924,415.2614,1
622090251,1037.7391017788464,427.971351115636,1007.2502,429.3785,1
622090268,1038.3486164221856,429.9416217114294,1047.9399,448.5428,1
622090284,1037.903349720899,429.815290786859,1035.1726,421.8824,1
622090301,1040.115392568617,427.24702789492665,1077.6565,388.2508,1
622090318,1041.5729109456765,424.7142557625991,1068.025,386.6914,1
622090334,1041.769593965034,423.90964366895935,1047.5068,409.9543,1
622090351,1040.2124332448232,423.47383628238674,1019.0404,414.5102,1
622090367,1042.2428825244697,423.2510612484809,1077.4254,417.9578,1
622090384,1048.7706720062686,427.1861284927635,1149.4978,482.7852,1
622090401,1052.4258667184201,430.45288799782753,1104.8484,473.4593,1
622090417,1060.000266095387,432.5792372617165,1176.0459,457.478,1
622090434,1065.4697443068558,435.45876417437154,1142.3408,470.1959,1
622090451,1068.6337027080237,438.3782029053245,1105.0029,471.7276,1
622090467,1071.8253887172505,437.771514163711,1112.4971,415.6006,1
622090484,1074.7240103822494,439.37666743951434,1107.3252,452.4712,1
622090501,1077.9281835123863,439.1285446285138,1111.9131,424.7887,1
622090517,1080.1179456752704,441.39642593211937,1091.7856,461.3008,1
622090534,1082.5120227283155,442.9622009217108,1103.5212,457.238,1
622090551,958.9160505062953,652.4458934573229,945.4547,633.5134,0
622090567,943.1715339374678,608.3300470849216,932.4816,591.7583,0
622090584,944.6580880792063,617.5444788529701,934.2086,609.1389,0
622090600,942.2510564164575,616.4669003033811,926.209,597.302,0
622090617,935.959204207944,611.3823704662211,906.8872,580.114,0
622090634,941.7437999531587,612.8485976092717,953.7449,601.7948,0
622090650,945.4372028232453,618.3411331666208,950.4918,626.6378,1
622090667,955.9760749062698,611.3730823204495,1010.2399,557.1768,1
622090684,956.1894361601038,613.2448791312654,944.5777,608.616,1
622090700,961.6623988139766,609.7796829767151,993.8267,569.3452,1
622090717,964.2200001165891,613.7956420483908,970.7388,629.476,1
622090733,964.8621395032987,616.0995215897457,955.9547,618.9464,1
622090750,962.0615870583906,623.381034068698,914.8207,672.6016,1
622090767,958.9440103475399,623.6202888148549,912.2593,605.7648,1
622090783,955.5147784544347,625.1571573890478,903.1252,620.9895,1
622090800,953.3176922427613,628.5132240127588,913.1754,644.9812,1
622090817,951.9954359298932,631.5252374821249,922.5813,644.6161,1
622090833,954.9508936800905,633.0588507998403,983.0134,629.2716,1
622090850,952.6648088278866,633.8289033120816,909.6022,619.9641,1
622090867,953.1160861965614,634.4464969582922,948.9392,619.3661,1
622090883,951.5277391957419,633.4314501293375,919.2158,596.6384,1
622090900,951.1567368423993,634.3749738865115,935.0746,625.2992,1
622090917,951.7726170000169,636.774330435467,948.9224,648.3153,1
622090933,950.9513746705576,637.018447893639,927.6672,617.1564,1
622090950,949.5861482305423,636.050434123969,919.2225,599.0289,1
622090966,957.0420351757822,640.115711017989,1062.605,679.7229,1
622090983,965.8096782670572,642.4351483504981,1090.2566,654.5234,1
622091000,972.72348185228,646.299372193772,1059.6775,680.5826,1
622091016,982.2598518057601,648.5026246740239,1110.9202,656.3315,1
622091033,992.9763151188216,648.4707809093516,1138.7717,621.8089,1
622091050,1004.0900519028778,644.9686267952794,1155.0717,566.0429,1
622091066,1011.8790423768489,647.1975977977797,1086.9277,656.6595,1
622091083,1021.4461440992936,648.9645385031176,1124.1255,652.5778,1
622091100,1032.712891320221,649.5597353921308,1160.4055,633.6567,1
622091116,1044.9411519612356,652.3594683290341,1179.0266,669.6931,1
622091133,1052.239580029427,654.4035445221607,1103.8817,660.1346,1
622091149,1060.101657205218,656.2532107197144,1120.8787,660.8969,1
622091166,1063.428449658672,658.8128734649158,1052.4612,665.7399,1
622091183,1069.032333879388,657.9340478861387,1097.4164,617.0256,1
622091199,1184.671829905729,524.9061733858875,1185.7097,515.8012,0
622091216,1236.773275938581,440.8856541889494,1245.0524,437.1854,0
622091233,1220.8590773711317,483.59902124217007,1206.4165,517.249,0
622091249,1202.7683325422659,500.51074898801,1166.8682,524.0844,0
622091266,1212.041942570561,505.83017323415146,1242.5137,512.8553,0
622091283,1229.1905742809222,499.2029477489666,1304.0061,467.719,0
622091299,1224.8329025130831,498.26010171990964,1206.5813,486.3125,1
622091316,1223.1196328034712,501.25580590130903,1214.9559,509.953,1
622091332,1219.2396997324208,497.8851645630791,1197.9537,468.8333,1
622091350,1221.2068737760756,489.1362557799308,1245.7478,420.7538,1
622091367,1218.5046718971225,493.42575045257297,1196.8611,521.2662,1
622091383,1216.5349017198655,493.32241468093946,1202.7734,485.8211,1
622091400,1213.6924176563803,494.46238190755093,1189.1169,498.208,1
622091417,1211.591127830519,494.31189226006325,1194.6541,485.7352,1
622091433,1212.5729399099787,497.2729769100842,1227.4381,521.612,1
622091450,1211.6644298215988,498.74257990857376,1204.9199,506.8458,1
622091467,1210.6007193705896,502.4430947980706,1199.3372,536.5052,1
622091483,1210.2051898952648,502.18960656909593,1211.1111,488.7539,1
622091500,1209.9242133086693,498.6258326917152,1215.5771,443.9581,1
622091517,1216.2531065774854,495.57263742409515,1314.7991,449.2701,1
622091533,1215.2486505815828,497.5307748646854,1200.7595,517.4542,1
622091550,1214.1481147237462,497.877584621014,1200.1423,495.2021,1
622091566,1212.9694606420985,496.64097136257425,1199.8696,471.7668,1
622091583,1212.3557186178332,497.35403925475117,1206.2056,500.861,1
622091600,1211.731961790011,497.4244916133556,1206.3281,491.2749,1
622091616,1210.641292388739,497.08463447545853,1198.4087,484.7895,1
622091633,1208.3739539780734,497.67102584163996,1176.3638,499.1394,1
622091650,1204.9958840006668,498.28414718706574,1155.83,499.5508,1
622091666,1203.822999950014,498.2164383932481,1193.8558,489.1531,1
622091683,1203.7482008453883,499.5353547038715,1210.6672,512.0134,1
622091699,1203.5294367827166,499.84793792386057,1208.6384,495.8385,1
622091716,1204.7574703510252,499.1177893135272,1238.9393,473.5914,1
622091733,1204.2139487360516,501.74380287632135,1198.1099,537.3557,1
622091749,1204.6197930815333,500.46078526336294,1215.4861,473.7199,1
622091766,1203.3821003402452,498.41343858994225,1194.8413,459.4532,1
622091782,1204.2214268360103,499.60321636646614,1233.0361,508.3242,1
622091799,1202.213300626923,499.33068256995324,1172.4026,486.0888,1
622091816,1068.3310824449081,256.4368213896953,1085.7437,261.4711,0
622091833,1007.1308318803235,104.86743299843016,1033.8953,117.9339,0
622091849,979.4664672117007,121.58358707286443,974.9333,148.7935,0
622091866,980.7751987933433,129.88884343577277,1006.7587,156.7329,0
622091883,969.1829259644026,126.32527939382972,959.2097,127.2056,0
622091899,964.9935807567377,125.6214020306662,973.111,134.1568,0
622091916,965.2420082458664,122.27294094553564,992.8354,118.4946,1
622091932,962.3871379366941,118.59223679227614,972.3522,110.3432,1
622091949,943.2239989320105,106.96331320490874,844.0574,45.3513,1
622091966,940.09971890305,103.01840937256982,946.7667,89.2594,1
622091982,940.2165811725223,102.79497687623775,970.2728,116.0229,1
622092016,942.0231928208104,101.58993576727917,988.4736,106.4249,1
622092049,944.3980238789845,101.55939528720863,996.5521,116.6743,1
622092082,948.2218302277132,102.859159821549,1015.7813,131.1361,1
622092115,945.3105850351715,103.45809923979789,937.343,123.6912,1
622092149,944.5347764660747,104.24765621078036,961.223,126.7787,1
622092182,945.9159697743919,101.54040271492318,992.853,83.8128,1
622092216,946.1156638926611,96.29582518395456,980.1302,47.6071,1
622092249,942.7904371387732,95.0465430293958,924.7155,95.9381,1
622092831,947.2063133627288,92.4759535713242,1040.1045,77.334,1
622093064,660.6530288357743,86.413681421892,680.4489,96.7056,0
622093314,580.4224595765756,324.57211515829744,581.3058,320.2908,0
622093331,589.0380259938331,332.71570699301526,597.7657,335.813,0
622093347,579.2289270709709,345.6051385630218,556.7535,363.9901,0
622093364,558.3707775173633,346.46374221280445,493.7927,342.1746,0
622093380,564.0937879951847,345.7597441482724,587.032,337.4924,0
622093397,574.518520548007,323.54737813799363,575.3338,319.2596,0
622093414,586.0223592191777,371.2945261202611,583.7057,364.3904,0
622093430,570.6112514438603,376.07850204727805,551.5046,373.0563,0
622093447,567.642011204167,371.54145613101286,559.5513,355.834,0
622093464,568.5253938758748,377.50463868919985,566.8884,386.7851,0
622093480,565.3710772505665,375.7353859565255,550.1675,361.5404,0
622093497,561.9827412918268,375.17254716258026,542.3913,364.9788,1
622093514,563.4367017348022,375.70409850968895,569.1375,371.287,1
622093530,558.2982584332532,377.75131099885436,519.187,382.5899,1
622093547,560.8828020917897,384.0387999526262,574.5732,420.5364,1
622093563,854.5307793188974,493.4151440262906,849.921,482.4656,0
622093580,1053.162495675831,571.3406145869029,1047.7422,558.1118,0
622093597,1101.102475133166,559.974679908385,1147.4102,537.7733,0
622093613,1096.8599335132697,587.9220685589312,1078.4528,626.5309,0
622093630,1103.9387652472647,601.3352755306845,1116.0896,624.3105,0
622093647,1107.104813733932,613.8004120680138,1108.8414,644.2567,0
622093663,1142.1723423416217,640.7303355095086,1133.9292,624.4994,0
622093680,1146.7533576072713,589.3253661238791,1142.2878,576.099,0
622093697,1136.333963061633,593.5527060796487,1120.3752,583.8272,0
622093713,1128.6662527585054,605.151364724414,1105.4474,612.3529,0
622093730,1145.7675300495139,611.3754325408177,1190.4845,614.6406,0
622093746,1151.5425554087317,608.4425830835328,1169.5266,583.213,0
622093763,1153.4436338298865,593.80099711946,1162.7405,513.1693,1
622093780,1151.2635555655268,563.912558661425,1147.322,390.1637,1
622093796,1203.521703382175,329.5697927704759,1218.9487,331.898,0
622093813,1149.4655370436938,317.10239786055774,1164.4895,319.5487,0
622093830,1147.3018042543836,310.485205589115,1161.0073,307.0429,0
622093846,1156.3807400511464,314.19117096801466,1189.7346,324.0542,0
622093863,1160.1180678495093,311.9881111671345,1187.4451,308.7897,0
622093880,1164.4041966298098,308.7595489561296,1198.265,300.1326,0
622093896,1168.2188914351846,313.095798783893,1201.0015,336.2445,1
622093913,1184.2665136677535,316.54571903319686,1292.921,339.0923,1
622093930,1186.1587113897215,313.75331666546117,1214.2195,298.9516,1
622093946,1185.7846089004258,312.8192854836788,1197.1104,309.169,1
622093963,1189.569436608884,325.79140575538736,1227.146,430.3065,1
622095561,967.0757869673855,440.7720412375262,968.9137,434.0932,0
622095578,1080.3866678553643,425.6786678289607,1086.0112,421.1213,0
622095595,1082.00853789153,421.6517171544043,1089.9023,413.5757,0
622095612,1098.0316701116676,428.1697078797331,1135.5701,436.2448,0
622095628,1109.9624544668022,428.69366110154033,1151.9338,426.0695,0
622095645,1108.1715600063342,433.9767644446008,1104.5839,448.6211,0
622095662,1102.6862421073029,436.0804620593405,1079.5757,440.1843,1
622095678,1106.4019600833076,432.61574319093427,1135.5088,408.8603,1
622095695,1108.88320544259,428.3845439596604,1133.4795,397.4954,1
622095712,1108.1133038419064,421.81867330369107,1111.4871,371.6741,1
622095728,1104.2474851779994,427.4179084734458,1073.3651,467.9987,1
622095745,1099.8920564448306,428.90369313430955,1064.4536,436.9877,1
622095762,1099.876030339298,428.6555092157068,1107.0977,421.8096,1
622095778,1106.1880329832904,432.6039323355009,1178.264,467.8554,1
622095795,1102.0642037655089,429.0703261438986,1062.8528,385.6404,1
622095811,1098.3847641807768,429.28297071363545,1060.3516,426.6779,1
622095828,1096.2330653544118,430.9527356345845,1075.4106,445.409,1
622095845,1094.7978804034267,429.50078808277357,1086.0403,406.3974,1
622095861,1094.2126783872638,428.35587563895643,1096.6448,409.3499,1
622095878,1092.824976503399,430.3460987177387,1080.4617,451.9008,1
622095895,1094.304550124058,430.31323371834736,1125.6028,424.9594,1
622095911,1093.653971544216,432.26912525183855,1090.2963,453.739,1
622095928,1095.463482177253,433.0676841923189,1130.6909,438.1688,1
622095945,1094.292360978495,435.3278199672677,1080.4846,460.487,1
622095961,1091.9998785350822,436.1265936867307,1062.3374,439.0261,1
622095978,1091.1852673258065,436.9045113128449,1086.025,439.6159,1
622095994,1092.0160323943928,437.0787269764402,1114.3054,430.9905,1
622096011,1091.0505493179276,434.37017264821264,1086.3645,384.8409,1
622096028,1089.7375950515905,431.9828214422565,1079.1646,389.4452,1
622096044,1091.298248308851,431.41767258998607,1127.0728,419.2286,1
622096061,1089.9600592438628,431.34214411624606,1074.6965,426.6,1
622096078,1092.3260519465255,434.57343487760596,1135.2188,481.0618,1
622096094,1093.4024336156208,435.98217074494227,1114.6953,450.2761,1
622096111,1093.3109221605391,433.8169652158656,1102.8181,394.0482,1
622096128,1097.6639704444585,433.5456961690656,1180.7839,425.0354,1
622096144,1098.6656943868334,431.14474364688897,1118.2925,391.7563,1
622096161,1090.3045740633129,431.2546004012429,946.0471,429.9852,1
622096178,1081.161364095745,432.84307913858686,936.434,450.6638,1
622096194,1070.3942980282661,435.7869136529526,904.4739,471.6888,1
622096211,885.3668968394007,467.3850820918973,883.3519,458.2726,0
622096227,933.2012056095678,470.3782275871862,932.1165,461.6232,0
622096244,932.1986138112387,470.0675736662724,930.1104,461.0162,0
622096261,923.5598348498542,461.75205965584587,906.4659,437.6217,0
622096277,926.6755891800842,462.6512427155804,935.3831,457.0039,0
622096294,937.688724818546,457.9087276883855,983.2179,432.9476,0
622096311,945.0422964678318,453.01800152054324,983.2505,423.6744,1
622096327,949.0423830343342,449.9662662781857,973.6042,426.8274,1
622096344,946.1184063427792,449.8415642711228,925.4397,442.2961,1
622096361,924.1213754256534,459.22344335551713,748.4673,516.4298,1
622096377,708.9410961608278,703.6689225859235,685.847,679.0262,0
622096394,781.6220188969804,633.0432234699707,765.3055,613.2633,0
622096411,761.9159215506265,638.4971342128347,724.2247,623.0956,0
622096427,754.8467555406547,669.0341137425517,716.7112,703.9083,0
622096444,747.8306259052159,688.7787497589197,701.4988,719.9058,0
622096461,749.908116790209,680.2085914177815,740.7112,624.7538,0
622096477,744.4122004670984,673.0312960353011,699.8246,616.7726,1
622096494,747.4978662586605,666.0473253472154,749.8378,606.12,1
622096510,743.1519505245963,668.6239895250746,692.8352,662.8386,1
622096527,743.8880105817022,668.4062294624341,730.8125,644.9943,1
622096544,749.6379684263318,669.2450898444586,779.1792,654.4667,1
622096560,749.9361552292895,671.1610876808262,731.1724,665.4423,1
622096577,735.3834387453271,675.3525130892114,564.9916,689.5884,1
622096594,526.1547143899869,723.1686799936958,497.2982,695.3823,0
622096610,556.6530116683347,669.7547054322589,532.3372,645.3752,0
622096627,594.4416451005118,668.320747289852,609.8278,643.5109,0
622096644,566.4702159088896,675.2800454300559,483.8945,663.1166,0
622096660,556.1969030050278,693.9852019752211,495.2462,720.0485,0
622096677,559.268755288285,699.2939565544472,544.3622,692.4053,0
622096693,555.9869647990976,703.3249098693283,511.967,694.464,1
622096710,560.7528669234495,710.1270265747206,559.728,719.713,1
622096727,560.5883200127313,719.5673114805347,527.4315,749.9014,1
622096743,564.9736628002531,719.6094969053553,571.301,690.3347,1
622096760,570.094575072463,720.4555320887245,585.1585,697.7488,1
622096777,570.7753217085921,717.7287067568102,549.9953,664.7544,1
622096793,570.8873548478102,710.7483574742389,548.3613,617.6168,1
622096810,569.9898627505942,714.9014382213397,528.2433,729.2684,1
622096827,568.0588916030309,716.194302329967,516.328,701.5845,1
622096843,569.2070460743529,718.6455492176229,553.0731,717.5972,1
622096860,572.6906763942565,716.6532057537943,590.4242,664.9093,1
622096876,573.6415062736916,719.127670887513,554.1206,721.1121,1
622096893,574.6561132211957,719.4607822859474,558.2179,694.6655,1
622096910,576.035470062637,719.2791796691307,565.4178,688.0699,1
622096926,577.3655962799608,723.5666252363593,561.2531,752.0907,1
622096943,576.2018664482594,727.0091207031581,523.6359,742.5891,1
622096960,576.2772141398766,729.6459031933514,544.0399,733.3635,1
622096976,578.5973588160493,732.8359303000126,580.7579,744.2618,1
622096993,705.9090871193815,518.5861376816923,695.9492,504.5452,0
622097011,822.7978841582054,372.9913049125727,826.0222,368.6104,0
622097027,875.3838243558855,361.9065014963539,935.1519,348.904,0
622097044,858.4599699527357,397.2889923521926,821.072,457.8595,0
622097077,891.2932197112309,382.0497970084727,998.4258,335.9503,0
622097110,884.1563853615543,373.41140550618235,861.5496,337.3978,0
622097144,889.0217446570912,270.8156303503615,901.1205,273.039,0
622097177,921.0687384395883,275.5558048065156,933.5956,277.8615,0
622097210,902.9128172140717,328.2062975244481,888.9584,376.5837,0
622097243,893.3841854260045,336.20297419161676,880.5118,349.2362,0
622097277,903.8182146992144,335.99471947771013,943.6031,334.0391,0
622097310,893.7786158861511,344.03644006686415,858.1113,371.0695,0
622097327,890.3098562983739,341.8038427070817,881.3513,328.8409,1
622097343,885.8187014996066,342.8359607578278,866.4258,345.6972,1
622097360,880.4444279555335,341.6589087773819,852.3542,331.3483,1
622097376,876.7241240839429,343.4601930719859,855.5933,353.41,1
622097393,876.538622179852,338.68218961399435,887.1279,298.7408,1
622097410,871.6956650729193,338.58034082650596,835.7302,335.6681,1
622097426,867.6670658107596,335.063652752739,839.8598,300.696,1
622097443,871.2924219680044,334.9312157364782,921.6941,333.6814,1
622097460,871.1700529459439,328.5940180945888,885.0423,261.8304,1
622097476,872.756827194623,324.2414447365961,905.7618,278.4807,1
622097493,1141.7808354576887,504.18809187347625,1143.2714,495.7989,0
622097509,1213.2145114793109,571.0149858250163,1211.6448,559.5764,0
622097526,1247.2137953514116,572.1951860891108,1281.0126,562.55,0
622097543,1302.6303021534993,555.4283482053955,1419.2756,515.6803,0
622097559,1319.069660482182,567.3751879444976,1366.6185,591.4612,0
622097576,1320.6013080020812,539.2579441909736,1336.3931,426.7664,0
622097593,1322.1777520184692,534.584762152681,1333.652,506.2919,1
622097609,1317.789947552074,536.0978755412967,1292.9319,537.2463,1
622097626,1518.4739936446651,648.6765972159931,1518.6624,636.1541,0
622097643,1404.8786331666038,567.8087339219668,1408.121,558.6758,0
622097659,1366.114891729948,548.3301979367377,1331.6168,521.1469,0
622097676,1344.7201877485943,553.959475889162,1303.3735,555.1253,0
622097692,1353.9324597166287,525.8547386893883,1393.3861,440.356,0
622097709,1337.273657707363,524.0543708388599,1275.7563,510.1094,0
622097726,1353.8173254377773,525.9628239008299,1441.5317,529.1836,1
622097742,1354.524456038626,518.9856715550562,1366.844,474.8702,1
622097776,1358.1317704112278,520.264849336833,1387.2443,522.9668,1
622097792,1357.0925867909077,524.9815876273891,1350.8799,552.1713,1
622097809,1348.4323876746528,516.3615096560299,1284.7358,441.4679,1
622097825,1265.6436429674243,470.4046448190712,1272.5068,465.3277,0
622097842,1283.3943988624833,503.30225602003406,1288.3346,496.5314,0
622097859,1316.0537379472603,491.14943689381784,1356.8623,474.3737,0
622097875,1319.0353660249982,482.62213378922775,1333.4055,461.5833,0
622097892,1315.8441113810227,479.1554511045132,1314.104,464.5156,0
622097909,1318.2819282064397,476.1481616358112,1336.5032,460.5762,0
622097925,1322.188870767438,474.30065552509495,1349.9623,461.7687,1
622097942,1328.2979177254047,468.00730579045234,1375.0012,430.4059,1
622097959,1338.0431960288965,467.3362825380076,1412.408,460.8212,1
622097975,1343.5427516046877,468.1780834386044,1391.7869,471.6036,1
622097992,1341.583761152356,467.1489283353354,1331.1421,455.7496,1
622098009,1338.6860795975044,464.58327159489403,1319.671,439.4059,1
622098025,1339.4671185955829,465.30383205701327,1353.9312,469.6543,1
622098042,1343.3224858910871,463.2137582207153,1393.7261,440.3899,1
622098059,1346.7889378964583,464.22202803600356,1391.8069,473.219,1
622098075,1350.6968310939546,462.18916001993404,1404.9282,437.741,1
622098092,1354.0110807122032,459.987567314244,1402.1128,433.2346,1
622098109,1357.1209833278117,458.6039387754062,1402.6533,441.5288,1
622098125,1358.3604291580168,452.65465881467725,1383.6638,378.0304,1
622098142,1362.354284538011,451.0789064028105,1422.9506,434.0272,1
622098158,1360.1701346445261,451.87099702772343,1328.6211,465.187,1
622098175,1364.368456476862,451.8516146227381,1430.2219,454.4131,1
622098192,1360.477816687079,452.3858778954299,1302.0005,460.7759,1
622098208,1358.042499247904,451.32985082866645,1326.394,436.5986,1
622098225,1447.2150207276325,717.7446512552975,1440.771,700.4646,0
622098242,1392.6678807378516,874.4520180615208,1373.7375,847.5634,0
622098258,1380.8118663395906,880.856142869914,1348.5765,859.3582,0
622098275,1381.070417645415,897.5056029575333,1358.446,900.3258,0
622098291,1370.2420021790017,916.3946716688951,1310.9937,939.0071,0
622098308,1366.6253423741211,927.8156836852902,1325.9797,938.8737,0
622098325,1327.2944255755947,981.5865277380767,1299.1561,947.8181,0
622098341,1396.933216970834,940.6588252135119,1373.3806,910.013,0
622098358,1368.5324820734518,956.0593289849236,1313.0997,938.3792,0
622098375,1364.7418269901734,964.6542735692032,1329.9277,948.2168,0
622098391,1358.2981142204017,962.3979402020594,1313.4058,923.3672,0
622098408,1346.0150090693385,962.3498297832173,1270.756,929.0603,0
622098426,1349.0709415120123,961.4950899448887,1339.4109,925.2609,1
622098442,1344.4484264890837,966.0994313018832,1289.3413,958.1321,1
622098459,1346.1671277872092,959.9079279639967,1335.9027,888.3959,1
622098476,1349.2172003151898,955.9462183161434,1349.8723,896.427,1
622098492,1352.7802912413965,953.4530146024898,1359.3478,903.2739,1
622098509,1355.9108132186457,949.0592897792386,1362.2281,881.4756,1
622098526,1354.48004015467,949.821844530514,1312.9199,927.36,1
622098542,1354.7311570050733,949.5292519311438,1331.5247,916.9934,1
622098559,1358.550647961454,950.0705826235616,1375.674,926.5535,1
622098575,1359.8921155787543,950.4762451832045,1348.2466,925.1168,1
622098592,1359.29482069718,948.2048350641502,1325.9977,891.4885,1
622098609,1357.8973411029028,941.8774125405982,1318.3496,835.9305,1
622098625,1354.5447908447468,934.1440398936817,1290.2921,810.4905,1
622098642,1354.4972454153979,928.4642929228338,1335.6775,832.5817,1
622098659,1355.329755605214,923.8005897084824,1348.6152,842.1552,1
622098675,1354.6725109701763,918.5751996690661,1326.5159,829.463,1
622098692,1352.8333252754276,911.9917543758015,1308.7686,804.4722,1
622098709,1352.265676363063,903.3137779481485,1331.4333,767.6004,1
622098725,1351.1426686761272,899.159067206045,1316.8446,831.2335,1
622098742,1350.4402893269908,895.3741501043526,1323.1494,833.0417,1
622098759,1357.7296121156355,891.9733501525997,1460.2813,836.7113,1
622098775,1358.5809059755754,889.3323700302786,1350.1296,843.9472,1
622098792,1356.0861667167892,879.3388274854188,1301.0547,720.7383,1
622098808,1170.0439504607118,677.6861184635852,1159.8303,659.6401,0
622098825,1244.3946041469815,667.1783741634393,1236.7087,650.5591,0
622098842,1238.846789304762,692.8640458667167,1221.7014,698.7942,0
622098858,1247.810584399404,684.6943806517098,1258.3926,651.8785,0
622098875,1251.992872737245,678.8812517782407,1257.468,645.562,0
622098892,1255.7167475525719,684.1159330753735,1260.3435,686.3317,0
622098908,1253.0361620579838,678.8117080870533,1232.8098,637.0746,1
622098925,1238.0895046535657,681.397637771763,1139.5649,677.2898,1
622098941,1226.4381516870608,683.1624077602439,1138.2583,675.6838,1
622098958,1218.6009447857773,684.9994120883788,1150.6848,679.256,1
622098975,1212.3297614578491,686.9523446042613,1151.9941,683.15,1
622098991,1207.3103528010452,688.0827578741117,1155.0186,678.2682,1
622099008,1204.1548407178998,691.1901428197567,1166.0784,700.2146,1
622099025,1205.2858770518144,687.1804145247097,1217.2532,627.6129,1
622099041,1205.177438437021,677.5521492824035,1208.1418,558.08,1
622099058,1203.3771033508797,668.4430428327784,1185.781,552.848,1
622099075,1201.3741809262272,658.9018498684493,1181.5618,537.2785,1
622099091,1200.6071368394776,650.3533186881697,1196.1254,540.3885,1
622099108,1201.2441112600543,642.7268302984882,1215.0632,544.4396,1
622099125,1201.3797061271453,633.5143564695854,1209.6771,514.7833,1
622099141,1200.661056986447,626.4534738397465,1194.2234,536.9401,1
622099158,1200.452807518939,617.5007306169841,1203.8049,502.631,1
622099174,1200.4214997099677,611.4443622653087,1203.2551,538.1879,1
622099191,1200.62716484082,608.5235482155227,1203.4331,580.0344,1
622099208,1200.9554328020135,600.6267436268455,1211.2321,498.8476,1
622099224,1201.0826450548007,592.0829889435179,1208.7695,482.1025,1
622099241,1202.060935047862,586.4490180453374,1220.125,521.6379,1
622099258,1202.859225509061,580.9453255939309,1217.3188,517.9575,1
622099274,1204.131353722632,574.956300003431,1226.7429,504.4943,1
622099291,1204.7640181527763,569.60414871929,1215.3403,508.9427,1
622099307,1205.4038484979746,566.2593668544855,1213.5941,536.2504,1
622099324,1206.7423643701904,561.8788347314091,1231.2285,524.1192,1
622099341,1206.5352140789464,556.2156033583159,1203.843,501.665,1
622099357,1204.547373980286,553.0697356946855,1173.1428,531.4158,1
622099374,1205.3796592746849,550.2162551313946,1222.9502,530.5007,1
622099391,1203.8996444914683,549.2015275866995,1179.6975,559.1049,1
622099407,1203.0637500153791,545.9182116033129,1191.2705,511.5096,1
622099424,1204.4643731232316,543.831713278201,1220.6895,531.2824,1
622099441,1281.091719047914,373.6217600781512,1295.2303,374.2772,0
622099457,1254.0478375436041,402.88800784816175,1265.4514,401.5624,0
622099474,1251.097419400294,415.26582626146114,1257.6528,424.8004,0
622099490,1249.1514543950072,411.00969652494393,1256.5222,401.0892,0
622099507,1256.9890351184415,413.10346035138775,1291.1266,417.3342,0
622099524,1262.9652124702802,406.1718023969812,1300.1127,379.3167,0
622099540,1274.7263555437712,406.0889655161026,1344.4717,405.3239,1
622099557,1278.9636249347993,404.4296151454125,1315.2178,394.7812,1
622099574,1275.0725334150752,403.32893527863246,1259.1708,395.412,1
622099590,1273.7181144593246,404.58871687768516,1273.1958,412.7052,1
622099607,1277.3522391302943,405.93728528064145,1318.3784,415.9064,1
622099624,1279.2089492052305,406.24713954134825,1306.5251,407.8677,1
622099640,1278.9455487524322,405.81831348405643,1286.498,400.5303,1
622099657,1275.211174646792,405.91256278626463,1244.9147,405.1852,1
