timstamp,smoothx,smoothy,rawx,rawy,fixation
624584651,976.6028,437.0388,968.0785,416.0063,1
624584668,978.5229,436.361,990.6486,429.584,1
624584684,981.6323,436.3769,1015.2571,440.6278,1
624584701,983.1168,437.0719,991.6808,454.9351,1
624584718,982.9764,435.0732,962.8451,406.4642,1
624584735,983.8032,434.8132,984.3808,435.9445,1
624584751,984.6007,434.0417,985.3029,425.4044,1
624584769,981.7467,433.2678,921.541,423.2308,1
624584785,976.4354,431.564,882.1659,407.1388,1
624584802,971.8705,430.3366,896.6127,413.3699,1
624584819,967.0256,430.2613,893.6378,435.2812,1
624584835,962.0661,430.8914,890.5513,450.6008,1
624584852,957.0007,430.192,890.098,421.6339,1
624584869,951.1041,428.6772,879.5636,407.5096,1
624584885,944.0258,429.0287,854.8754,437.3155,1
624584902,938.9282,428.9085,886.0523,430.5585,1
624584919,933.1127,428.9401,869.6272,433.4791,1
624584935,927.9447,429.0269,879.3895,433.4764,1
624584952,922.6776,431.2814,870.347,471.406,1
624584968,917.8502,432.0906,872.8779,447.1461,1
624584985,913.3748,432.5031,874.451,438.1826,1
624585002,908.9529,432.9761,870.8635,441.0264,1
624585018,905.3364,433.718,880.819,442.7525,1
624585035,901.2495,434.5635,868.0942,444.4569,1
624585052,897.6432,434.9349,869.5648,436.3281,1
624585068,894.0756,434.687,865.709,426.6952,1
624585085,891.0674,435.1156,872.4479,437.0154,1
624585102,888.1353,434.2773,868.5062,416.5795,1
624585118,885.4252,434.0067,869.6775,426.4238,1
624585135,883.3347,433.9994,875.5298,433.8337,1
624585152,881.3069,434.4031,869.7242,438.4115,1
624585168,879.7886,432.8216,877.4913,405.6608,1
624585185,878.5633,432.0299,881.5751,420.712,1
624585201,875.6832,432.3671,846.795,441.7091,1
624585218,874.8679,431.3352,876.9241,412.6152,1
624585235,873.0762,431.1473,859.7316,430.6335,1
624585251,869.173,428.8663,820.5431,392.8732,1
624585268,863.8446,422.8485,786.8644,327.3355,1
624585285,857.6979,417.3509,767.0215,334.2423,1
624585301,852.1752,412.2949,777.9337,341.7302,1
624585318,846.7383,406.6487,777.0618,332.2172,1
624585334,840.2878,401.7574,756.6744,344.7031,1
624585351,834.8116,395.3418,770.8447,312.396,1
624585368,829.6653,389.7141,772.3812,321.9323,1
624585384,825.3671,384.7237,781.3486,333.0303,1
624585401,819.5,380.0758,753.9083,334.5115,1
624585418,814.4946,375.2587,763.2763,327.9189,1
624585434,809.9152,370.5893,767.6746,326.3101,1
624585451,805.2986,366.1172,761.7634,329.2138,1
624585468,800.5369,361.7157,755.1362,322.9873,1
624585484,795.5577,357.3648,746.9877,318.2982,1
624585501,791.0371,354.4199,749.9611,338.5141,1
624585518,787.1152,351.5689,756.7236,335.741,1
624585534,782.895,348.3824,745.4044,325.5768,1
624585551,778.7242,345.5146,741.7994,325.9305,1
624585567,775.644,344.3378,755.7968,350.3055,1
624585584,773.7003,351.6062,771.8025,494.7786,1
624585601,770.6896,357.9759,748.3999,473.7737,1
624585617,768.4145,366.47,757.2028,509.8074,1
624585634,767.6947,373.9643,780.9309,491.9753,1
624585651,766.8427,381.12,774.2621,486.3118,1
624585667,765.3205,387.5963,760.0209,471.8254,1
624585684,763.7912,395.7843,757.1437,505.1578,1
624585701,762.6859,401.9369,758.0711,474.3293,1
624585717,761.8042,409.3539,762.8096,496.4152,1
624585733,760.1542,414.4241,745.2614,461.3929,1
624585750,759.3264,420.9236,753.687,486.8134,1
624585767,760.2063,426.6464,778.8341,471.9577,1
624585783,758.4043,432.1854,729.5093,475.9698,1
624585800,757.6608,436.9056,748.8066,468.9472,1
624585817,756.4826,439.3286,740.6497,434.329,1
624585833,756.0031,443.4625,750.2701,471.7711,1
624585850,755.2784,447.1542,747.1906,466.759,1
624585867,754.6978,450.5448,749.3686,468.7106,1
624585883,754.4676,453.9439,755.8582,475.79,1
624585900,754.622,457.4771,759.1483,483.6445,1
624585916,754.3051,460.2618,751.6819,475.0275,1
624585933,754.1917,463.0167,755.3364,479.2643,1
624585950,754.337,465.7096,758.8546,483.1024,1
624585966,752.6526,468.2706,726.0195,484.4587,1
624585983,752.7612,471.0371,756.2331,491.6556,1
624586000,753.7345,473.8502,771.4276,498.3842,1
624586016,754.9792,477.3615,776.673,513.6201,1
624586033,753.8005,481.9382,733.1267,534.4138,1
624586049,752.6324,483.2672,732.9726,481.1795,1
624586066,751.7474,483.7849,739.2831,472.6899,1
624586083,750.5306,485.3792,734.7759,508.5562,1
624586099,752.2325,487.4198,782.6734,514.5061,1
624586116,955.3843,546.988,955.3843,546.988,0
624586133,1009.8608,568.0598,1009.8608,568.0598,0
624586149,1002.3383,567.9119,994.8349,567.7643,0
624586166,1008.9114,569.9015,1022.012,573.8562,0
624586184,1007.013,566.0157,1001.3232,554.4664,0
624586200,1005.0584,561.312,997.3837,542.9391,0
624586217,1004.4413,562.8338,1001.5332,570.5514,1
624586233,1000.1688,558.0085,975.6301,530.3396,1
624586250,1000.021,559.9111,999.5951,573.2506,1
624586267,997.6694,561.8922,980.5749,577.1595,1
624586283,997.1478,561.3594,993.7284,556.9722,1
624586300,994.9621,561.7999,976.062,565.9487,1
624586317,992.7737,561.3019,972.7112,556.4269,1
624586333,991.3353,561.3187,978.1694,561.6421,1
624586350,989.9476,561.0853,976.7509,558.6012,1
624586367,989.376,560.1461,985.2911,549.2766,1
624586386,990.0732,559.8572,1001.3575,556.8422,1
624586400,990.4572,559.9506,997.5388,561.7876,1
624586416,989.3212,560.1095,975.9121,562.7691,1
624586433,988.5929,562.2841,980.6973,592.6519,1
624586450,1169.3846,805.438,1169.3846,805.438,0
624586466,1311.6772,917.1619,1311.6772,917.1619,0
624586483,1309.2557,928.3256,1306.8402,939.4609,0
624586500,1326.1605,930.9415,1359.7675,936.0834,0
624586516,1326.9745,936.7645,1329.1445,953.9325,0
624586533,1331.4648,936.3036,1348.8254,934.228,0
624586550,1330.2781,938.6068,1324.0317,949.5703,1
624586566,1334.075,942.5286,1355.63,964.7827,1
624586583,1333.8539,946.0442,1331.6478,968.6779,1
624586600,1355.2119,969.356,1355.2119,969.356,0
624586616,1406.1487,959.8171,1406.1487,959.8171,0
624586633,1445.4897,998.2153,1484.7306,1036.5157,0
624586649,1458.0648,1000.6214,1482.8557,1005.2086,0
624586666,1463.4624,1004.3838,1479.0791,1015.3103,0
624586683,1469.0599,1006.5765,1490.4904,1014.8488,0
624586699,1461.4314,1007.8289,1423.5396,1013.4878,1
624586716,1459.4358,1006.9651,1447.7009,1001.4725,1
624586733,1457.0417,1006.9223,1441.1108,1006.2412,1
624586749,1458.6106,1006.9514,1470.723,1006.8049,1
624586766,1459.9529,1010.4612,1471.1974,1039.321,1
624586782,1460.7635,1012.1971,1467.948,1026.962,1
624586799,1461.1996,1012.7552,1465.1207,1016.8634,1
624586816,1461.345,1014.9188,1462.4141,1036.2363,1
624586832,1462.7239,1013.1796,1477.6536,991.7076,1
624586849,1464.3861,1013.0506,1483.0221,1010.2646,1
624586866,1464.5309,1013.2315,1464.7769,1014.3683,1
624586882,1464.6042,1014.0985,1464.0481,1024.1919,1
624586899,1309.3674,872.099,1309.3674,872.099,0
624586916,1115.6438,651.6043,1115.6438,651.6043,0
624586932,1075.8739,589.4959,1036.2056,527.5458,0
624586949,1055.8492,569.5603,1016.2554,530.2567,0
624586966,1056.4873,556.9811,1058.8784,520.2983,0
624586982,1050.9742,553.1304,1029.8064,538.989,0
624586999,1041.7802,528.5446,1041.7802,528.5446,0
624587015,1028.3635,508.5147,1028.3635,508.5147,0
624587032,1022.0317,518.1188,1015.7159,527.6984,0
624587049,1023.0767,515.7358,1025.1857,510.9516,0
624587065,1022.4271,519.4692,1020.5167,530.5254,0
624587082,1022.0208,523.3478,1020.4607,538.4471,0
624587099,1021.1473,524.5421,1016.9539,530.0389,1
624587115,1015.0122,526.3161,979.696,536.1737,1
624587132,729.2425,650.4017,729.2425,650.4017,0
624587149,608.1312,742.9919,608.1312,742.9919,0
624587165,609.3046,743.7463,610.4752,744.4988,0
624587182,610.0439,733.9141,611.5072,714.3707,0
624587199,603.8049,738.4131,585.2915,751.8952,0
624587215,600.2167,743.512,586.3043,763.5308,0
624587232,598.015,742.7337,587.6512,738.7035,1
624587249,596.285,743.2537,586.7866,746.0742,1
624587265,595.1067,736.7048,587.9093,692.8765,1
624587282,593.9948,732.8113,586.4215,704.2245,1
624587298,592.6494,729.3984,582.3723,702.2631,1
624587315,591.3184,727.9182,580.3491,716.3532,1
624587332,590.7359,729.0759,586.3962,742.6163,1
624587348,591.8464,728.0805,604.9879,719.3215,1
624587365,592.7009,729.884,603.24,751.9458,1
624587382,590.8023,732.6077,569.0275,765.8031,1
624587398,590.2361,733.8973,584.5244,749.7076,1
624587415,589.6099,735.6519,582.9619,757.4834,1
624587432,589.1349,736.5879,584.3704,747.4735,1
624587448,589.5159,737.3862,596.4302,746.3468,1
624587465,589.1804,737.3123,585.6993,733.8771,1
624587482,588.1016,736.6035,573.7402,724.1005,1
624587498,587.519,736.8779,580.7031,739.3703,1
624587515,587.8306,738.15,594.5715,755.7909,1
624587531,588.7124,739.2274,603.8751,753.4675,1
624587548,588.6301,741.5819,588.0657,775.4895,1
624587565,589.2398,741.5011,599.5385,735.817,1
624587581,589.3895,741.9781,591.8124,745.7163,1
624587599,590.733,740.1979,612.2928,707.5313,1
624587616,717.4329,544.2281,717.4329,544.2281,0
624587632,739.7413,459.9003,739.7413,459.9003,0
624587649,738.1376,465.0453,736.5379,470.1772,0
624587666,734.0269,465.4323,725.8657,466.175,0
624587682,739.0022,468.0303,753.8223,475.701,0
624587699,734.9006,477.1573,718.723,512.8693,0
624587715,735.0089,479.7949,735.6584,492.066,1
624587732,735.0699,479.7493,735.5344,478.7559,1
624587749,736.5252,478.0664,746.3154,466.1642,1
624587765,739.5867,480.5543,762.476,498.7864,1
624587782,739.8235,482.0462,741.1954,493.6351,1
624587799,740.7448,480.7069,748.5007,467.4498,1
624587815,739.9863,482.1523,731.7155,495.6732,1
624587832,756.4495,797.7117,756.4495,797.7117,0
624587932,775.1696,895.2255,775.1696,895.2255,0
624587965,738.9467,756.3819,702.8162,617.892,0
624587983,729.5926,693.8294,711.1866,570.2217,0
624587998,724.5124,672.4703,709.7726,610.7832,0
624588015,717.163,650.6626,688.7848,567.3096,0
624588031,697.6946,605.0004,697.6946,605.0004,0
624588048,718.3015,546.0519,718.3015,546.0519,0
624588065,718.8787,575.0748,719.4543,604.0239,0
624588081,717.686,582.6769,715.313,597.6372,0
624588098,722.6168,576.3995,737.2491,557.5307,0
624588115,726.4402,576.0121,741.3134,574.4268,0
624588131,721.4777,582.4291,697.0283,613.5922,1
624588148,717.5149,585.8082,694.683,604.8189,1
624588165,715.1199,586.1584,699.627,587.6649,1
624588181,713.8564,582.958,705.124,558.0969,1
624588198,711.8029,584.3186,695.6487,595.3748,1
624588215,713.3578,586.9948,728.8032,610.822,1
624588231,714.5203,589.4241,726.809,612.1899,1
624588248,716.0469,589.7234,732.587,591.1527,1
624588264,712.5775,591.0576,673.7531,604.2549,1
624588281,712.4676,590.7136,712.3445,584.5983,1
624588298,722.2294,590.6375,843.831,587.9322,1
624588314,733.6608,593.3868,877.3719,627.1738,1
624588331,745.2258,594.1342,890.7921,601.3549,1
624588348,757.4345,594.0966,911.384,590.6823,1
624588364,767.4226,594.5369,888.8486,598.1752,1
624588381,777.0955,596.5231,893.0441,622.8037,1
624588398,786.7812,597.4845,901.9207,608.208,1
624588414,796.0575,598.5509,903.8504,610.8783,1
624588431,805.8603,598.4236,920.7323,592.3036,1
624588447,813.387,597.6866,891.3508,582.5555,1
624588464,820.6065,598.8745,893.6746,615.0961,1
624588481,827.1556,599.077,889.6758,599.1802,1
624588497,835.1177,599.2921,921.1735,599.9053,1
624588514,841.877,600.7094,908.0433,621.2023,1
624588531,849.6832,600.1768,933.7129,588.0176,1
624588547,856.8578,600.6656,916.3882,600.7781,1
624588564,863.4913,601.0818,915.3224,606.5387,1
624588581,869.3194,601.0732,909.0671,598.743,1
624588597,875.2494,601.7618,921.1955,607.2108,1
624588614,878.8122,601.0634,887.9911,585.6476,1
624588630,876.6185,599.2592,790.5251,570.8621,1
624588647,875.8423,598.0641,822.3347,580.401,1
624588664,873.9448,597.6652,809.7488,592.3662,1
624588680,872.6978,596.6891,827.1393,579.3085,1
624588697,870.7603,595.8804,818.7039,586.2809,1
624588714,867.7037,596.3292,806.4059,609.3583,1
624588730,865.9117,594.619,830.7644,571.2267,1
624588747,862.2618,592.2933,800.7797,557.712,1
624588764,860.4273,591.676,827.514,588.3074,1
624588780,857.4659,590.8941,812.9736,582.647,1
624588797,853.6483,589.6285,811.2626,573.9989,1
624588813,849.2699,587.0428,802.3712,554.2514,1
624588830,846.733,584.8359,832.5371,556.8664,1
624588847,843.3794,584.5402,816.7498,587.9905,1
624588863,840.1061,584.1103,811.9285,585.3921,1
624588880,837.5449,582.338,821.1309,563.3739,1
624588897,834.3218,582.1613,806.8024,588.2435,1
624588913,831.0803,581.6066,802.8944,580.7091,1
624588930,832.5909,577.5175,883.6639,516.0436,1
624588947,996.6104,315.2116,996.6104,315.2116,0
624588963,1014.9337,280.9124,1014.9337,280.9124,0
624588980,1011.7567,259.971,1008.5879,239.083,0
624588996,1020.9376,233.6448,1039.1989,181.4328,0
624589031,1021.0502,227.8582,1021.261,211.2044,0
624589047,1027.6256,224.0672,1053.3082,209.852,0
624589064,1029.0084,223.9432,1035.2893,224.17,1
624589081,1030.4352,223.2695,1038.1444,220.186,1
624589097,1026.686,231.9715,1001.0735,290.7416,1
624589114,1022.5425,238.2815,991.3058,285.2985,1
624589131,1019.4995,241.7539,994.7505,269.2424,1
624589164,1016.2126,242.8595,987.4903,250.8492,1
624589197,1003.4854,229.441,880.3007,95.2934,1
624589230,836.2559,71.7655,836.2559,71.7655,0
624589247,815.4689,91.5071,815.4689,91.5071,0
624589264,810.8851,97.4201,806.3129,103.3181,0
624589280,820.6808,87.7571,840.1708,68.5237,0
624589297,821.0007,85.6668,821.8246,79.5863,0
624589313,821.2978,86.7109,822.3313,90.9853,0
624589330,810.5905,94.6647,758.3802,133.4629,1
624589347,801.8395,106.5438,751.9446,174.683,1
624589363,796.7512,114.8801,764.3779,168.7369,1
624589380,795.3529,121.7705,786.9714,170.8165,1
624589397,792.4756,130.722,770.7921,201.4967,1
624589413,795.4146,137.3634,824.8627,192.4389,1
624589430,798.4567,132.8358,830.2157,81.6942,1
624589446,801.9915,126.0343,840.0475,49.4935,1
624589463,801.2331,132.3282,792.3766,200.2238,1
624589480,804.0446,126.932,837.0032,58.9564,1
624589497,804.804,122.1147,812.8309,60.8304,1
624589513,804.3396,117.2213,796.7,54.8878,1
624589530,806.0296,117.2137,827.1973,120.2455,1
624589547,811.4229,129.1159,883.5235,296.2122,1
624589563,854.5836,420.1094,854.5836,420.1094,0
624589696,871.2776,762.5427,871.2776,762.5427,0
624589713,844.4056,694.1781,817.6022,625.9876,0
624589729,820.2404,644.4622,772.353,546.0078,0
624589746,806.394,603.9536,765.8431,484.9517,0
624589763,797.9263,582.4025,765.5944,500.0988,0
624589779,788.0529,492.3232,788.0529,492.3232,0
624589796,770.2701,483.0827,770.2701,483.0827,0
624589812,766.5407,492.5179,762.8208,501.929,0
624589829,766.7717,497.369,767.2496,506.9618,0
624589846,769.1386,502.4316,776.1704,517.3201,0
624589862,769.8117,497.9022,772.3974,479.8575,0
624589879,767.2151,499.52,754.501,507.3489,1
624589896,770.881,501.4972,792.1548,512.7642,1
624589912,773.2088,504.0864,788.4402,520.9821,1
624589929,773.3722,501.7064,774.0359,483.1741,1
624589946,775.5795,499.7911,793.3784,483.6129,1
624589962,776.2155,500.4809,781.0172,506.9172,1
624589979,777.8342,502.5962,792.6613,523.3911,1
624589996,778.3817,505.7247,782.6719,538.0618,1
624590012,776.9344,506.3758,759.2126,512.1036,1
624590029,777.4315,506.7693,782.3726,509.7147,1
624590045,778.2963,506.05,787.9426,495.4387,1
624590062,778.1416,506.0609,774.8431,504.9179,1
624590079,777.9478,504.9294,774.2571,488.6663,1
624590095,778.353,504.6565,783.0547,500.4449,1
624590112,777.8297,505.7604,769.4166,521.1942,1
624590129,777.2587,505.6184,768.4025,502.7435,1
624590145,777.0294,507.7177,773.5353,538.2999,1
624590162,776.2634,507.14,764.7861,496.4631,1
624590179,775.855,506.1848,770.2675,490.1386,1
624590195,775.5145,506.4752,771.1906,510.5464,1
624590212,775.3086,505.3067,773.2601,486.1996,1
624590228,774.304,504.0381,759.5096,484.1367,1
624590245,776.0252,501.1349,805.886,455.6296,1
624590262,818.9302,293.7467,818.9302,293.7467,0
624590278,831.6147,300.4355,831.6147,300.4355,0
624590295,832.412,283.7378,833.2073,267.0826,0
624590312,832.4028,289.1286,832.3805,299.9261,0
624590328,830.4296,292.8406,824.5759,303.847,0
624590345,830.6702,300.4224,831.6699,330.0679,0
624590362,830.5844,291.6529,830.2092,248.5276,1
624590378,829.3464,285.9518,822.2444,253.1984,1
624590395,829.2515,283.8854,828.7879,270.8687,1
624590411,830.8226,283.4441,842.7917,281.12,1
624590429,831.4666,283.6773,836.7317,286.6391,1
624590446,831.9047,282.3768,835.6676,271.4724,1
624590462,830.3806,280.2548,815.0798,260.5768,1
624590479,829.6411,279.5354,821.9801,273.6621,1
624590496,828.2255,280.2668,812.7649,290.2532,1
624590512,829.5668,279.2643,846.2147,268.8738,1
624590529,826.3239,284.8607,786.5579,355.6252,1
624590546,766.2682,507.6651,766.2682,507.6651,0
624590562,761.6712,465.2955,761.6712,465.2955,0
624590579,750.8611,487.3621,740.0786,509.3725,0
624590596,752.2141,495.9474,754.9575,512.8971,0
624590612,749.9577,502.8833,743.3016,523.2064,0
624590629,753.3416,498.7935,766.7218,482.3018,0
624590646,753.1779,501.3099,752.3119,513.3202,1
624590662,755.1555,505.3104,766.5197,528.0154,1
624590679,753.5419,503.8642,742.5444,493.4558,1
624590695,754.1412,505.3289,758.6055,515.7692,1
624590712,754.1075,506.4301,753.6973,514.8301,1
624590729,752.7032,504.2757,739.8136,483.7451,1
624590745,750.1291,495.1251,725.0554,404.8211,1
624590762,725.646,213.6606,725.646,213.6606,0
624590779,704.6696,231.2243,704.6696,231.2243,0
624590795,708.2009,224.8776,711.7231,218.547,0
624590812,713.9415,226.3674,725.3317,229.3602,0
624590829,715.9294,237.0848,721.7189,268.8669,0
624590845,719.3965,239.7476,732.842,249.8862,0
624590862,723.1385,240.5492,741.0088,244.0118,1
624590878,726.1987,242.0688,743.2816,250.3647,1
624590895,729.7693,245.1495,752.6685,265.0465,1
624590912,730.4352,243.0596,734.1296,226.3829,1
624590928,729.3884,243.2516,719.3274,244.2543,1
624590945,731.0834,243.7156,745.4351,247.3445,1
624590962,731.0688,243.1981,729.5297,237.454,1
624590978,730.9283,243.3159,728.1584,244.0981,1
624590995,730.8453,245.0583,728.7775,264.0791,1
624591012,730.2516,244.9804,722.2581,243.0372,1
624591028,731.5891,243.6825,747.4451,226.7553,1
624591045,733.0764,244.4372,751.0536,253.8993,1
624591061,734.2661,244.5453,748.3857,245.4289,1
624591078,733.2709,243.1709,717.3535,223.6894,1
624591095,733.6619,242.858,737.7695,238.7255,1
624591111,733.1853,245.3032,724.7635,281.3558,1
624591128,776.8453,461.9288,776.8453,461.9288,0
624591145,745.5592,508.1167,745.5592,508.1167,0
624591161,750.3015,510.1543,755.0316,512.1868,0
624591178,750.0164,522.2114,749.426,546.1619,0
624591195,749.3753,518.651,747.4553,507.9038,0
624591211,751.6897,519.2766,760.7733,521.6502,0
624591228,753.7933,513.5273,763.9095,485.4613,1
624591244,755.9656,507.1918,768.2479,470.9178,1
624591261,756.2249,505.5077,757.479,495.2379,1
624591278,753.2037,507.0129,730.0379,519.4441,1
624591294,753.1577,506.0736,752.8107,499.0935,1
624591311,753.922,508.6807,760.9261,533.3693,1
624591328,757.5984,527.0441,793.6109,707.8381,1
624591344,873.5829,1186.078,873.5829,1186.078,0
624591527,631.9415,439.5825,631.9415,439.5825,0
624591544,639.2221,467.9608,646.4843,496.2667,0
624591560,635.4138,489.287,627.8085,531.5248,0
624591577,636.8447,480.6482,641.1077,454.5746,0
624591594,638.8884,480.3761,646.8877,479.1147,0
624591610,639.5375,479.1983,639.5375,479.1983,0
624591627,669.7566,479.608,669.7566,479.608,0
624591644,675.4493,493.7161,681.1276,507.7882,0
624591660,706.6133,526.5131,768.5167,591.6191,0
624591677,730.5129,536.5696,800.867,565.8181,0
624591693,735.2715,548.5639,752.7452,594.7838,0
624591710,745.772,553.9053,795.4302,578.4608,1
624591727,751.5436,553.6411,782.757,550.3572,1
624591744,755.8234,555.0368,781.7062,562.6699,1
624591760,758.8318,557.9547,778.3673,578.104,1
624591777,759.4449,556.4684,761.165,541.9706,1
624591793,761.0746,557.3503,772.5955,563.6754,1
624591810,762.1051,555.5862,768.7748,536.4744,1
624591827,765.463,554.4838,797.313,541.7567,1
624591844,765.5745,555.5518,762.5535,566.8434,1
624591861,766.981,555.8026,779.6018,557.8429,1
624591878,768.1367,555.8995,778.2623,556.2079,1
624591894,769.4092,556.6066,781.5371,564.9001,1
624591911,769.7377,555.0605,769.7055,533.4149,1
624591928,771.1485,556.7802,786.4777,580.406,1
624591944,772.1635,557.6235,782.136,568.6188,1
624591961,773.7963,558.0363,793.0284,562.6997,1
624591977,774.5752,559.8218,781.1644,584.9179,1
624591994,774.5178,560.7748,768.7394,572.7518,1
624592011,775.0771,562.0667,779.4517,579.0931,1
624592027,769.5549,565.1961,679.1091,610.6184,1
624592044,628.6946,745.9379,628.6946,745.9379,0
624592061,606.8402,746.7938,606.8402,746.7938,0
624592077,616.7977,769.6299,626.7298,792.4078,0
624592094,612.7591,758.5637,604.6827,736.4562,0
624592111,613.308,761.8333,614.9468,771.5795,0
624592127,617.717,756.5963,635.016,735.9984,0
624592144,616.0027,757.6364,607.4448,762.9089,1
624592160,617.2255,750.028,624.197,706.2228,1
624592177,616.2136,746.8323,609.2675,726.4481,1
624592194,613.0132,743.7407,588.9228,721.811,1
624592210,613.3359,740.6194,616.4877,716.3828,1
624592227,612.7555,739.0451,607.8651,727.0013,1
624592244,614.0813,737.2506,627.6239,722.1412,1
624592260,614.4232,736.8693,618.1354,735.7285,1
624592277,614.175,739.9473,611.3951,777.1304,1
624592294,614.4052,741.4193,617.1918,760.2161,1
624592310,614.6506,741.7732,617.6534,746.8386,1
624592327,613.7289,738.3558,601.7329,694.8082,1
624592344,602.3245,529.0273,602.3245,529.0273,0
624592360,648.2103,329.6938,648.2103,329.6938,0
624592377,641.0654,292.9418,633.9386,256.2834,0
624592393,639.7009,295.269,637.0255,300.0799,0
624592410,641.3094,289.6554,646.1339,273.1608,0
624592427,636.9832,289.1572,620.0111,287.5132,0
624592443,631.2496,290.5757,631.2496,290.5757,0
624592460,651.296,281.1385,651.296,281.1385,0
624592477,642.7799,295.4962,634.2855,309.8174,0
624592493,643.0386,297.2593,643.5958,300.6904,0
624592510,643.3354,298.0262,644.2538,300.2015,0
624592526,644.129,294.8003,647.2721,282.0215,0
624592543,646.2171,297.8023,656.3595,312.4449,1
624592560,644.8505,298.4678,636.7942,302.1381,1
624592576,645.7322,298.8298,651.5793,301.0062,1
624592593,644.4671,300.3724,634.8331,311.6826,1
624592610,642.3679,296.6835,624.9805,265.4805,1
624592626,646.502,289.3891,684.6001,223.3038,1
624592643,796.6185,121.4443,796.6185,121.4443,0
624592660,804.171,59.0352,804.171,59.0352,0
624592676,812.0041,63.9129,819.8174,68.7781,0
624592693,815.4145,61.5545,822.1522,56.8431,0
624592710,815.3378,59.34,815.0197,52.7861,0
624592726,817.5709,79.1819,826.2491,157.1309,0
624592743,813.8831,91.2056,795.757,148.7735,1
624592759,816.2971,87.6833,830.3212,65.5895,1
624592793,815.4435,99.49,809.6005,176.7545,1
624592809,815.6337,110.8468,817.0215,193.2773,1
624592826,810.3157,117.1922,766.0023,165.4194,1
624592842,812.3532,118.6743,831.8937,126.5363,1
624592859,810.0782,122.0822,788.1964,149.9229,1
624592876,810.0137,124.3932,810.4272,142.4689,1
624592892,806.9067,126.0077,773.2465,137.51,1
624592909,810.2621,133.0218,851.891,209.0326,1
624592926,1109.9551,153.9027,1109.9551,153.9027,0
624592942,1163.6577,150.1903,1163.6577,150.1903,0
624592959,1175.3916,157.3114,1187.0956,164.4143,0
624592975,1173.0637,143.8799,1168.3779,117.1516,0
624592992,1172.5267,168.8091,1170.9114,242.8815,0
624593009,1168.0758,186.3425,1150.6013,254.5726,0
624593025,1160.343,186.7028,1122.9541,187.0239,1
624593042,1156.3425,194.4714,1134.0109,237.9211,1
624593059,1155.9393,188.6409,1154.4016,147.6859,1
624593075,1158.7604,183.6665,1181.0941,145.0458,1
624593092,1156.1494,188.9831,1135.0596,232.8441,1
624593109,1153.4794,194.116,1130.3068,239.4116,1
624593125,1156.874,191.1094,1191.9209,159.0394,1
624593142,1156.3997,189.4931,1152.0327,170.9778,1
624593158,1157.6044,189.1914,1171.7654,184.9692,1
624593175,1159.3741,195.4599,1180.4065,268.6649,1
624593192,1157.3271,199.676,1131.4814,248.6526,1
624593208,1155.0129,201.7041,1125.569,223.1005,1
624593225,1156.5874,199.5971,1178.9825,166.1794,1
624593242,1165.9403,199.199,1295.2473,189.956,1
624593259,1176.7544,199.6297,1325.1538,202.5856,1
624593276,1187.5645,200.5798,1333.6011,211.348,1
624593292,1197.7286,200.8882,1331.5754,202.2001,1
624593309,1207.8257,203.3672,1338.1392,237.8591,1
624593326,1217.1744,204.0309,1333.386,209.8613,1
624593342,1226.4426,204.9317,1339.2067,214.657,1
624593359,1235.1616,205.2247,1337.1548,205.3605,1
624593376,1244.1859,206.464,1349.4412,222.1555,1
624593392,1252.3755,206.2387,1342.4517,197.9913,1
624593409,1260.667,205.7363,1351.468,193.7332,1
624593426,1267.9945,207.3661,1342.1143,231.316,1
624593442,1275.5168,208.4983,1341.6411,217.602,1
624593459,1281.1013,209.0092,1317.9409,209.6273,1
624593476,1287.3397,209.8224,1334.9233,211.2607,1
624593492,1292.6226,208.5879,1326.2803,189.9496,1
624593509,1297.4789,208.0366,1324.4399,202.7216,1
624593525,1302.2732,208.6809,1328.3491,216.2625,1
624593542,1306.1688,206.9973,1321.6927,181.3652,1
624593559,1309.7476,206.2795,1325.5867,188.8183,1
624593575,1314.2544,206.9986,1351.1213,214.524,1
624593592,1316.5847,205.1606,1314.4924,179.592,1
624593609,1320.0526,205.2723,1340.135,213.5882,1
624593625,1321.5577,204.0626,1318.0015,181.703,1
624593642,1323.7054,204.0898,1329.7108,204.8729,1
624593659,1325.4165,203.8812,1328.7998,202.2501,1
624593675,1326.9479,202.9831,1330.5171,198.4635,1
624593692,1322.5632,213.3928,1322.5632,213.3928,0
624593708,1331.8646,211.0857,1331.8646,211.0857,0
624593725,1365.9601,275.8893,1399.9685,340.5278,0
624593742,1406.3213,355.0984,1486.3586,512.1824,0
624593758,1429.8691,412.3617,1498.9006,580.6074,0
624593775,1439.1735,442.3169,1474.2245,556.6847,0
624593792,1446.6931,570.9299,1446.6931,570.9299,0
624593808,1470.8104,591.4535,1470.8104,591.4535,0
624593825,1486.4448,572.627,1502.0392,553.8484,0
624593841,1485.8247,571.3541,1484.5132,568.9198,0
624593858,1488.4109,561.1426,1496.0096,530.9823,0
624593875,1487.6195,565.5184,1484.3698,583.1066,0
624593892,1488.2517,560.564,1491.2257,536.6604,1
624593908,1488.1807,555.7632,1487.6301,528.5769,1
624593925,1489.1316,557.6043,1495.3347,570.8612,1
624593942,1489.6172,558.7031,1493.0175,567.6672,1
624593958,1490.2035,559.959,1494.77,570.8999,1
624593975,1490.3353,560.6866,1491.1252,567.5039,1
624593991,1491.3199,560.5867,1500.5789,559.601,1
624594008,1492.3993,561.7321,1503.0917,573.7843,1
624594025,1484.837,572.6375,1399.3843,694.0866,1
624594041,1364.0781,799.6031,1364.0781,799.6031,0
624594058,1369.354,802.882,1369.354,802.882,0
624594075,1345.6019,796.9261,1321.9104,790.9853,0
624594091,1335.1663,795.0121,1314.5474,791.2384,0
624594108,1334.353,792.9134,1332.2177,786.7502,0
624594125,1337.981,789.7713,1352.5122,777.5598,0
624594141,1340.2759,793.4343,1351.5409,811.5178,1
624594158,1342.9368,794.3695,1358.2345,799.7655,1
624594174,1344.1669,793.9368,1352.0177,790.9552,1
624594191,1341.4344,793.0546,1320.4296,786.3878,1
624594208,1086.5715,626.8655,1086.5715,626.8655,0
624594224,1013.1532,551.1004,1013.1532,551.1004,0
624594241,1017.4796,571.702,1021.795,592.251,0
624594258,1011.2142,578.1656,998.7408,590.9064,0
624594274,1004.5745,578.5185,984.9635,579.3647,0
624594291,1001.7512,577.1325,990.9413,571.4875,0
624594308,997.0161,574.7326,974.3916,562.9321,1
624594324,994.9803,575.7619,983.9584,581.7574,1
624594341,996.5565,575.7216,1007.96,575.4034,1
624594358,1218.8685,354.7887,1218.8685,354.7887,0
624594374,1399.6799,121.2434,1399.6799,121.2434,0
624594391,1416.7655,77.9969,1433.8075,34.8605,0
624594407,1423.5942,55.8955,1437.0784,12.1925,0
624594424,1438.2577,68.8842,1481.5405,107.9389,0
624594557,1447.7621,58.5521,1484.4417,18.1499,0
624594590,1492.7203,53.3527,1492.7203,53.3527,0
624594758,929.8486,31.2056,929.8486,31.2056,0
624594791,716.6329,2.2408,616.1191,11.5434,0
624594874,563.9892,9.6523,558.6005,53.3745,0
624594891,563.5735,6.1042,562.7748,-1.1689,0
624594907,570.9113,11.4936,592.6978,27.3065,0
624594924,569.5481,21.5548,564.0113,60.7205,0
624594941,574.575,16.0305,598.9041,-11.6384,1
624594957,579.0731,22.4542,604.5724,59.1746,1
624594974,578.0381,22.8605,570.2352,24.5662,1
624594991,575.1736,19.3778,552.9291,-7.7721,1
624595007,573.7863,16.9714,562.0138,-3.4268,1
624595024,573.8855,13.8737,574.8624,-14.1526,1
624595041,575.5103,15.8766,591.5448,36.4737,1
624595057,576.295,18.8523,584.173,50.4928,1
624595074,576.3014,18.4807,575.7737,13.7036,1
624595091,572.3789,19.2959,525.624,28.4507,1
624595107,565.0626,23.0149,475.8449,68.1744,1
624595124,557.8739,24.4191,469.7085,40.1428,1
624595140,552.3435,25.0244,486.1091,30.2386,1
624595157,547.579,26.6101,491.892,45.4912,1
624595174,541.5474,29.3372,467.9666,64.3785,1
624595190,536.2521,32.0383,473.8818,66.3567,1
624595207,532.6242,35.8538,495.4439,86.3271,1
624595224,527.0459,36.4256,460.1713,36.874,1
624595240,520.8789,37.2233,445.6705,41.661,1
624595257,513.5997,37.8556,422.047,40.1066,1
624595274,509.1158,36.7036,463.5169,11.1691,1
624595290,505.5838,36.1104,475.1691,21.0814,1
624595307,499.8596,36.6474,433.2656,41.0444,1
624595323,494.9073,37.2519,441.6948,43.0625,1
624595340,490.9169,37.6814,453.6673,40.8511,1
624595357,487.6933,41.098,470.7343,86.4063,1
624595373,483.9048,38.2985,454.7996,-11.3217,1
624595390,481.2815,39.7962,470.7593,58.4628,1
624595407,477.9594,40.1875,456.8568,43.1174,1
624595423,475.0992,41.2021,457.0019,57.9579,1
624595440,472.0221,41.8333,452.3358,44.1155,1
624595457,469.4498,44.1327,456.9711,81.5559,1
624595473,474.12,51.6727,575.1906,169.6117,1
624595490,834.9539,349.6817,834.9539,349.6817,0
624595506,963.1859,428.1402,963.1859,428.1402,0
624595523,960.8941,428.6384,958.6082,429.1354,0
624595540,958.1941,442.3977,952.8399,469.739,0
624595556,957.7726,443.6567,956.5754,447.179,0
624595573,957.1572,441.9191,954.8053,434.8564,0
624595590,958.6351,439.636,965.914,428.3837,1
624595606,957.8004,441.5726,952.9609,452.7794,1
624595623,956.1119,443.328,944.9342,454.847,1
624595640,955.0397,442.0194,947.2731,431.8071,1
624595656,957.2311,440.5991,975.9102,428.6285,1
624595673,956.7736,436.884,952.5962,403.2396,1
