timstamp,smoothx,smoothy,rawx,rawy,fixation
624629502,1088.1462,554.3279,1076.2362,573.2279,0
624629519,1089.1869,551.3988,1092.3628,542.5858,0
624629536,1088.1887,550.3758,1084.3284,546.3221,0
624629552,1087.9974,548.6956,1087.1726,540.5376,1
624629569,1086.087,548.8686,1075.1694,550.0046,1
624629586,1084.7166,550.7425,1075.8928,563.3331,1
624629603,1085.121,551.1948,1088.6256,554.4558,1
624629619,1087.3873,551.3073,1106.6238,552.0376,1
624629636,1088.6638,551.8191,1100.1743,556.2565,1
624629653,1090.6345,550.0782,1109.5961,532.6348,1
624629669,1078.0259,550.0145,944.4054,549.5187,1
624629686,1064.333,550.7889,914.4948,559.632,1
624629703,1052.2639,550.8911,918.0461,551.9979,1
624629719,1039.7869,549.422,898.1594,531.1605,1
624629736,1028.332,547.7358,898.1315,526.5831,1
624629752,1018.0496,547.912,902.3947,551.5872,1
624629769,1008.2126,546.867,897.9894,533.6174,1
624629785,998.8898,546.5984,895.5358,544.4443,1
624629802,989.1363,546.5129,879.2627,546.9555,1
624629819,980.9086,546.4088,893.7887,546.4542,1
624629835,972.5559,545.1029,883.2172,526.8252,1
624629852,965.668,544.0723,898.7292,530.4526,1
624629869,960.0876,552.4504,912.7693,686.2831,1
624629952,1177.3301,914.2074,1177.3301,914.2074,0
624629969,1228.2856,726.9689,1228.2856,726.9689,0
624629985,1248.5245,708.9799,1268.7119,691.0367,0
624630002,1259.5649,716.1329,1281.4026,730.4391,0
624630019,1273.6259,706.4179,1315.0436,677.5981,0
624630035,1283.499,705.0403,1321.5668,699.9057,0
624630052,1298.8533,714.2465,1298.8533,714.2465,0
624630070,1294.886,748.584,1294.886,748.584,0
624630086,1289.6775,741.8224,1284.4823,735.0782,0
624630103,1298.5546,729.4423,1316.2222,704.8732,0
624630119,1301.354,731.7712,1309.5453,738.8959,0
624630136,1300.1075,728.292,1295.0261,714.7838,0
624630153,1294.9679,726.1836,1269.8518,716.2427,1
624630169,1290.171,726.1703,1262.7251,726.5478,1
624630186,1290.6581,725.1771,1294.6312,719.0015,1
624630203,1289.4628,723.2191,1281.1353,709.0665,1
624630219,1288.829,722.162,1284.3684,714.204,1
624630236,1290.0814,717.3331,1302.3704,674.4166,1
624630252,1294.5723,712.2789,1339.2623,664.6982,1
624630269,1291.8536,712.3647,1262.4927,716.6603,1
624630286,1288.7277,712.5112,1253.9391,717.3098,1
624630302,1289.1678,712.1435,1295.5942,710.697,1
624630319,1287.8164,711.8703,1272.1173,711.2959,1
624630336,1287.2124,711.236,1280.9475,705.7446,1
624630352,1286.5094,710.4964,1278.8107,703.3405,1
624630369,1286.0641,710.3679,1281.834,711.4088,1
624630386,1284.7917,710.5152,1268.7448,715.1776,1
624630402,1285.5691,710.4381,1299.4352,711.4901,1
624630419,1285.033,710.7794,1278.8862,717.7798,1
624630436,1284.2366,710.8205,1274.1472,712.8572,1
624630452,1284.6564,710.4224,1293.4287,705.4213,1
624630469,1284.566,709.5866,1284.8796,697.7042,1
624630485,1281.8677,710.1581,1240.6776,720.8127,1
624630502,1282.0035,710.0831,1287.6145,709.7808,1
624630519,1280.5394,712.264,1259.7913,748.3099,1
624630535,1277.6755,711.7015,1234.7365,701.3174,1
624630552,1277.5215,710.6196,1280.7224,692.103,1
624630569,1277.6908,711.3279,1287.4573,726.9615,1
624630585,1276.3912,711.3634,1259.9312,713.2836,1
624630602,1277.0109,712.2526,1295.885,724.8673,1
624630618,1274.9482,713.8852,1247.3265,741.5188,1
624630635,1275.4436,714.3316,1289.4596,718.3068,1
624630651,1275.0691,713.8462,1271.015,702.5824,1
624630668,1275.4934,715.1169,1283.8916,734.5787,1
624630685,1273.9299,715.7145,1252.2571,722.3143,1
624630702,1273.0928,715.9572,1262.8446,715.5555,1
624630718,1272.3004,715.8209,1263.4116,710.0549,1
624630735,1274.1411,715.7623,1310.5085,707.8879,1
624630751,1284.9559,716.7592,1469.8665,726.3087,1
624630768,1295.7085,716.5692,1460.4174,711.9113,1
624630785,1306.4978,717.4031,1461.7764,730.0448,1
624630801,1317.3905,717.7668,1470.3809,721.4028,1
624630818,1327.5052,717.9128,1457.3629,718.0243,1
624630835,1337.0635,717.881,1452.7058,714.7007,1
624630851,1346.1207,718.3337,1448.5439,723.2906,1
624630868,1354.4181,718.3527,1441.0854,716.9397,1
624630885,1364.067,719.1425,1469.3445,731.0084,1
624630901,1372.7509,720.04,1462.3466,732.7252,1
624630918,1381.3621,721.9234,1465.7771,750.8601,1
624630934,1387.78,722.866,1434.5603,734.2891,1
624630951,1393.0524,724.627,1424.3174,748.3134,1
624630968,1399.1495,725.0341,1445.3616,724.6277,1
624630984,1404.6313,725.1078,1437.8142,722.0044,1
624631001,1409.4258,725.3112,1438.7776,723.6284,1
624631018,1413.9332,725.2614,1438.2561,723.7258,1
624631034,1417.6798,725.5795,1429.937,725.4538,1
624631051,1420.0801,726.1483,1418.6014,729.6511,1
624631068,1423.9064,727.1879,1450.4745,742.2227,1
624631084,1423.0746,731.9921,1372.3816,806.8005,1
624631101,1260.0127,949.477,1260.0127,949.477,0
624631117,1267.9839,937.9417,1267.9839,937.9417,0
624631134,1271.9703,951.4954,1275.9465,965.0146,0
624631151,1272.7681,942.2716,1274.3329,923.8725,0
624631167,1277.0665,941.6537,1289.7783,939.8937,0
624631184,1279.563,947.7299,1289.2009,971.666,0
624631201,1282.765,946.1204,1298.0582,938.0809,1
624631217,1285.9976,947.8929,1304.1633,958.0403,1
624631234,1285.1729,949.0707,1278.8738,956.6482,1
624631251,1285.9985,949.3934,1291.5327,951.4071,1
624631267,989.2018,952.1754,989.2018,952.1754,0
624631284,709.8014,916.944,709.8014,916.944,0
624631300,656.278,892.9225,602.8911,868.9622,0
624631317,628.9866,894.5872,575.0214,898.0171,0
624631334,613.816,902.7448,569.5192,927.0229,0
624631350,600.1613,895.842,547.6873,868.599,0
624631367,583.4884,900.1467,583.4884,900.1467,0
624631384,575.6919,884.9441,575.6919,884.9441,0
624631400,566.8516,885.414,558.0338,885.8827,0
624631417,568.0394,893.248,570.4446,908.8143,0
624631434,568.3776,894.1212,569.4062,896.5891,0
624631450,568.4965,889.682,568.9778,872.1158,0
624631467,570.2167,886.3106,578.591,869.9949,1
624631483,572.666,883.6992,586.6931,868.9424,1
624631501,572.7899,884.874,573.2547,893.2715,1
624631518,569.7786,884.0513,546.8093,878.279,1
624631534,568.5476,886.497,558.4542,907.3629,1
624631551,566.2814,890.6004,546.0664,927.9185,1
624631568,569.4526,893.615,601.5515,922.2492,1
624631584,568.6336,896.1772,560.0129,921.3322,1
624631601,567.433,902.1924,554.2742,966.8511,1
624631618,568.2036,904.2178,577.952,923.4935,1
624631634,569.9521,896.1164,591.8466,791.0117,1
624631651,637.9302,633.0961,637.9302,633.0961,0
624631668,623.2165,571.0956,623.2165,571.0956,0
624631684,627.499,569.6364,631.7704,568.181,0
624631701,633.1592,577.0023,644.3861,591.6479,0
624631718,640.7827,579.1834,663.2762,585.5455,0
624631734,637.9091,579.3674,626.2994,579.9224,0
624631751,635.2623,583.7318,622.2097,604.7844,1
624631767,636.0976,584.3435,640.9408,587.3929,1
624631784,636.2355,586.479,637.0923,600.1707,1
624631801,635.507,587.3417,629.966,593.0366,1
624631817,638.3712,579.9609,662.2551,517.6633,1
624631834,641.1107,579.7457,665.5057,578.4384,1
624631851,643.1246,582.6858,661.7682,612.2795,1
624631867,645.453,592.8312,668.2987,699.4342,1
624632033,637.5261,604.5464,546.66,732.0405,1
624632050,631.6678,612.2855,563.3801,695.9896,1
624632067,625.1464,619.4563,547.7406,697.8209,1
624632083,618.1987,625.9999,534.6753,697.4968,1
624632100,612.9614,631.924,551.9684,696.0123,1
624632116,608.5392,636.4217,558.652,681.5007,1
624632133,603.1171,640.6449,538.9697,682.5004,1
624632150,598.6519,646.8123,548.6985,717.5513,1
624632167,593.849,653.1479,538.9678,726.306,1
624632183,589.9994,656.3763,549.8517,682.1859,1
624632200,585.0341,658.7926,527.5997,673.1021,1
624632217,581.5135,661.8775,547.1593,688.0203,1
624632233,578.0662,665.9271,544.5567,708.3075,1
624632250,575.9346,669.1172,563.155,698.0472,1
624632266,573.2053,670.2562,549.5557,666.8342,1
624632283,571.5257,674.8752,564.2452,730.4039,1
624632300,569.2267,674.3578,550.2938,645.0217,1
624632316,568.1716,675.941,574.4071,674.176,1
624632333,564.653,678.2216,528.8455,690.3434,1
624632350,560.3536,680.0465,513.0027,688.8169,1
624632366,557.8154,681.3076,541.9139,681.8229,1
624632383,557.0756,682.5976,565.6435,685.0348,1
624632400,555.0341,684.9197,539.4392,708.6071,1
624632416,553.0684,689.1169,539.7929,742.0353,1
624632433,552.0522,691.6829,552.9741,717.59,1
624632449,546.2274,686.8959,546.2274,686.8959,0
624632466,544.6289,697.0757,544.6289,697.0757,0
624632483,551.33,694.3358,558.014,691.6028,0
624632499,623.7134,670.6965,767.5269,623.7322,0
624632516,692.1456,653.5065,893.8945,602.9153,0
624632533,740.3064,634.972,926.1718,563.1073,0
624632549,926.8443,588.3397,926.8443,588.3397,0
624632566,935.7961,577.2565,935.7961,577.2565,0
624632582,928.8015,572.7665,921.8246,568.288,0
624632599,934.9532,568.3878,947.2137,559.7088,0
624632616,931.8236,575.0609,922.4877,594.9323,0
624632632,931.2782,577.7802,929.1744,588.3391,0
624632649,927.8234,579.0042,911.0857,584.7112,1
624632666,925.5173,582.5118,912.5132,602.4417,1
624632682,923.5396,583.4343,910.9044,588.9086,1
624632699,924.2012,584.5192,929.9404,591.902,1
624632716,925.9133,582.2411,940.7861,562.3827,1
624632732,927.2587,584.1997,939.7415,601.6188,1
624632749,927.3722,584.71,928.3867,588.8962,1
624632766,933.6946,583.8681,1000.0766,574.0968,1
624632782,945.1791,587.1527,1071.3013,623.2733,1
624632799,955.0932,591.0313,1065.625,635.0108,1
624632815,962.3068,590.6495,1041.4312,582.7892,1
624632832,970.8612,592.1235,1068.391,608.3287,1
624632849,978.657,591.8414,1066.8641,584.8331,1
624632865,986.5891,591.6129,1077.1732,585.6469,1
624632882,991.9119,591.9399,1045.7061,594.1602,1
624632900,997.6073,592.327,1057.4136,595.6143,1
624632916,1003.4983,596.2941,1066.5801,652.9432,1
624632933,1007.2789,594.9494,1038.593,569.9006,1
624632950,1012.2158,596.2231,1062.4031,612.5949,1
624632966,1015.929,598.2177,1047.4143,625.6286,1
624632983,1021.0934,598.4132,1076.6431,596.6749,1
624632999,1016.9932,594.5358,924.2369,527.9755,1
624633016,1012.0417,588.1898,911.6022,484.7432,1
624633033,1005.337,582.0625,882.7106,486.8047,1
624633049,998.8315,576.5888,886.7885,496.288,1
624633066,992.6694,571.5699,887.2502,502.8012,1
624633083,986.9232,566.4792,894.7609,499.2858,1
624633099,981.1019,561.1257,896.9504,492.132,1
624633116,976.075,555.2285,908.0065,484.1282,1
624633133,970.4709,549.5527,897.9081,484.2546,1
624633149,963.9387,544.1402,878.3577,485.0938,1
624633166,958.3777,539.1086,893.4033,489.8334,1
624633182,952.9741,535.5807,893.2254,510.4337,1
624633199,948.8704,532.3696,914.4818,512.0588,1
624633216,942.9023,528.2194,879.0311,488.4133,1
624633232,938.2474,524.335,897.2698,493.0605,1
624633249,933.7272,522.6597,893.6392,525.6801,1
624633266,929.2858,520.1462,897.3787,505.257,1
624633282,925.2178,517.3918,905.0581,502.0557,1
624633299,921.6915,514.1501,906.9919,490.1969,1
624633315,918.013,511.8754,895.3692,497.2581,1
624633332,914.9257,511.0187,902.517,520.9867,1
624633349,911.574,509.8478,891.7949,509.4429,1
624633365,908.5291,509.5278,892.5955,521.306,1
624633382,905.7229,508.2737,888.2151,503.1059,1
624633399,895.6887,482.0692,895.6887,482.0692,0
624633415,873.4583,510.6872,873.4583,510.6872,0
624633432,888.3858,512.2623,903.2753,513.8334,0
624633449,888.9489,517.4717,889.9922,527.8163,0
624633465,894.6599,480.2521,911.5078,369.8243,0
624633482,906.6779,435.6846,953.593,261.8027,0
624633499,910.268,399.3638,926.8904,225.9402,1
624633515,914.3578,374.6202,936.9056,237.472,1
624633532,915.7386,356.7397,923.4908,245.7216,1
624633548,916.967,340.3044,924.6318,226.9546,1
624633565,918.9579,324.3556,933.8459,203.9079,1
624633582,947.9932,217.1861,947.9932,217.1861,0
624633598,941.2399,233.8812,941.2399,233.8812,0
624633615,929.1417,226.4696,917.0745,219.0769,0
624633632,927.4338,226.6769,924.101,227.1265,0
624633648,931.9335,224.4187,945.3589,217.7576,0
624633665,933.2265,228.4764,938.2502,244.5016,0
624633682,934.3478,228.1948,939.6863,226.7231,1
624633698,932.8181,238.383,923.7909,297.1405,1
624633715,932.0394,251.18,926.822,335.2775,1
624633731,1033.4547,625.6846,1033.4547,625.6846,0
624633881,1120.0071,708.9629,1120.0071,708.9629,0
624633898,1125.9392,712.2819,1131.8561,715.5924,0
624633915,1125.3995,707.4882,1124.297,697.9445,0
624633931,1125.2006,705.8488,1124.5894,701.0446,0
624633948,1124.0461,706.2839,1119.501,708.095,0
624633964,1126.9828,705.8173,1141.3057,703.6289,1
624633981,1126.028,706.6054,1120.3428,711.2666,1
624633997,1127.7614,708.9127,1139.2317,724.3003,1
624634014,1130.5386,709.6999,1151.0916,715.3302,1
624634031,1129.3354,707.5292,1118.5857,689.0676,1
624634047,1126.1246,700.5539,1096.4573,637.1656,1
624634064,1124.6012,694.107,1109.9611,632.4625,1
624634081,1125.9873,688.6023,1141.3284,634.1343,1
624634097,1122.9385,681.6971,1089.1611,609.5913,1
624634114,1122.9697,677.857,1124.7122,639.8712,1
624634131,1123.4325,674.9393,1130.4336,647.2656,1
624634147,1122.1667,672.6564,1106.8845,652.335,1
624634164,1120.187,669.9426,1095.3099,643.1804,1
624634180,1120.186,666.3298,1122.6294,626.6107,1
624634197,1120.5942,664.5123,1128.6458,649.9147,1
624634214,1120.9459,662.1207,1127.8711,638.5369,1
624634230,1118.9814,656.788,1091.1897,589.0752,1
624634247,1118.4099,650.1639,1112.2902,563.6339,1
624634264,1118.7937,646.3967,1127.3867,605.3019,1
624634280,1115.7462,644.673,1070.1812,635.584,1
624634297,864.2038,559.3602,864.2038,559.3602,0
624634314,865.5216,534.0464,865.5216,534.0464,0
624634331,864.5555,539.5143,863.592,544.9684,0
624634348,858.6207,538.5388,846.831,536.5724,0
624634364,854.5223,541.6555,842.4666,550.8829,0
624634381,854.5377,540.9611,854.8129,538.1304,0
624634398,850.6601,542.5872,832.0123,550.427,1
624634415,847.0123,545.1084,826.4291,559.4847,1
624634431,844.0344,545.1064,825.0388,544.6636,1
624634448,844.5317,545.1345,849.4512,544.9341,1
624634464,844.1395,545.4284,841.9229,547.478,1
624634481,842.9761,544.2368,833.4612,532.9669,1
624634498,842.6236,544.6492,840.4303,548.5864,1
624634514,842.343,544.5804,840.6726,543.644,1
624634531,842.7527,546.5398,848.5967,568.2607,1
624634548,845.2115,546.7896,875.1809,548.8751,1
624634564,843.8439,546.7155,826.8764,544.9037,1
624634581,841.9783,544.9825,818.4526,521.8987,1
624634598,839.9495,542.1341,814.1853,504.253,1
624634614,839.7353,540.9072,839.0186,525.6397,1
624634631,838.4136,540.3579,821.8358,534.8176,1
624634648,837.6164,540.2867,828.7716,541.6881,1
624634664,836.5052,541.0251,822.9754,554.3021,1
624634681,836.3099,542.6028,836.7825,568.1289,1
624634697,835.8863,543.5007,832.5723,557.6956,1
624634714,835.7088,543.1886,836.0986,537.9292,1
624634731,835.545,542.9182,835.8719,538.4698,1
624634747,835.3309,543.601,834.5823,554.5527,1
624634764,834.416,543.1577,822.1029,535.4083,1
624634781,834.5549,542.1987,839.7047,526.3464,1
624634797,837.6349,541.4592,890.6051,529.8908,1
624634814,840.4609,542.2433,889.0729,555.5222,1
624634830,842.1677,541.6933,868.9927,533.3809,1
624634847,843.9037,540.6998,867.7556,524.6634,1
624634864,846.0978,540.4588,875.7094,539.1454,1
624634880,847.8929,540.8015,870.6669,547.6964,1
624634897,850.0602,539.4197,875.5359,518.7584,1
624634914,851.2576,540.0796,859.2658,554.9163,1
624634930,853.0363,540.5178,870.6378,549.0918,1
624634947,853.2325,539.6451,846.973,526.109,1
624634964,855.1994,538.7233,878.1953,525.3378,1
624634980,857.3355,538.0751,881.5754,528.3822,1
624634997,859.0266,536.8373,876.0376,519.5668,1
624635014,859.8461,535.8693,862.3503,523.3461,1
624635030,860.9506,535.4023,869.6125,534.1356,1
624635047,861.785,535.0692,868.9454,533.707,1
624635063,863.9072,534.5905,887.5045,530.2679,1
624635080,865.7037,534.1183,882.7329,527.6263,1
624635097,866.5847,533.825,868.2181,528.8341,1
624635113,869.059,532.5091,900.3689,513.2301,1
624635130,869.0114,532.6558,856.1528,539.2926,1
624635146,869.025,533.6688,859.6065,554.5432,1
624635163,870.0355,533.0373,877.8131,526.5958,1
624635180,869.8204,533.4958,859.2285,546.3296,1
624635197,869.6935,534.7719,861.4025,558.7388,1
624635213,870.0713,535.1628,871.5382,540.8601,1
624635230,869.2152,534.8347,850.8206,528.3571,1
624635246,868.6931,534.5807,857.1857,531.2647,1
624635263,869.4335,533.8109,878.4747,520.1029,1
624635280,869.3303,532.7276,866.1558,513.7729,1
624635296,865.3864,533.7548,804.6042,551.019,1
624635313,862.3013,533.2659,818.735,527.2068,1
624635330,858.3107,532.611,799.9971,521.7712,1
624635346,854.7166,531.5067,805.8843,513.062,1
624635363,850.9652,530.4626,802.7414,515.6196,1
624635380,847.5002,529.126,805.6166,511.1019,1
624635396,843.8443,527.0831,800.9812,495.3917,1
624635413,841.3896,525.0269,818.1707,498.6064,1
624635429,838.3987,524.1617,807.9119,517.8671,1
624635446,836.4597,522.9028,821.4891,507.7889,1
624635463,833.6106,521.3925,806.6373,502.7148,1
624635479,831.9344,521.0926,824.7278,523.4011,1
624635496,829.9835,520.3207,816.6199,513.4551,1
624635513,827.3788,520.1253,801.2208,523.1611,1
624635529,826.4497,520.6525,828.7178,536.0509,1
624635546,824.1331,522.5021,801.9633,558.1553,1
624635562,822.7908,522.7414,818.3794,529.0251,1
624635579,820.4856,521.9391,798.4839,510.1035,1
624635596,818.4939,521.8729,800.0172,522.6256,1
624635612,817.4785,522.3094,818.0759,529.394,1
624635629,816.7952,522.8734,816.8435,534.1115,1
624635646,814.8574,523.2049,793.5958,531.1624,1
624635662,814.3236,524.7186,818.191,548.4303,1
624635679,812.5488,526.0479,792.7909,547.2606,1
624635696,810.6991,530.4703,790.2023,602.361,1
624635712,864.0433,1010.726,864.0433,1010.726,0
624635863,802.1665,587.1963,802.1665,587.1963,0
624635879,816.0999,569.192,829.9977,551.2335,0
624635896,813.8486,569.944,809.304,571.5295,0
624635913,815.6937,575.676,821.1284,592.7473,0
624635929,818.3007,568.4483,828.443,539.9874,0
624635946,815.0691,576.4012,815.0691,576.4012,0
624635963,803.9222,562.8853,803.9222,562.8853,0
624635979,802.3892,554.4987,800.8601,546.1335,0
624635996,802.9982,549.6216,804.2161,539.9719,0
624636012,806.3148,556.8467,816.1458,578.3815,0
624636029,804.923,558.7333,799.3596,566.0339,0
624636046,807.5724,563.6198,820.4263,587.1874,1
624636063,807.5748,563.3958,807.3685,561.5568,1
624636079,807.5083,562.8307,806.8508,558.5638,1
624636096,808.8344,563.6861,818.5944,569.6973,1
624636112,809.4731,563.2112,814.3839,558.7328,1
624636129,806.7219,563.0696,781.1877,561.3824,1
624636146,816.7368,564.9415,915.3575,583.006,1
624636162,828.9203,569.7152,954.4961,619.1163,1
624636179,840.3938,572.9747,962.1794,607.0889,1
624636196,850.1021,576.9663,954.2562,620.6378,1
624636212,858.4634,582.1688,948.1685,641.6409,1
624636229,867.3848,587.233,965.8303,645.6448,1
624636246,873.5413,589.0699,936.2358,604.8784,1
624636262,879.7415,590.7904,944.0374,605.5071,1
624636279,884.569,594.4081,930.194,636.501,1
624636295,889.8914,597.1371,943.6497,626.2958,1
624636312,894.5654,601.4464,939.3709,654.2548,1
624636329,899.928,604.598,955.9841,639.3833,1
624636345,905.5359,608.211,965.803,650.0715,1
624636362,910.4785,609.4458,960.5731,613.8145,1
624636379,914.9727,609.6964,958.4913,599.4721,1
624636395,918.8121,612.1089,952.5863,638.0901,1
624636412,921.8245,613.4573,943.324,622.3289,1
624636429,924.411,614.1038,940.5654,612.3442,1
624636445,926.4686,616.7151,935.7251,648.5115,1
624636462,920.951,619.7896,795.2572,653.2282,1
624636479,915.5388,622.119,801.793,641.1936,1
624636495,910.6351,625.5108,815.007,661.9693,1
624636512,905.3953,628.1943,813.3314,656.4164,1
624636529,899.9174,630.9824,809.3394,659.3389,1
624636545,894.4608,633.606,813.0221,661.1537,1
624636562,889.126,634.429,813.8097,629.4324,1
624636578,884.16,634.6199,819.5591,620.6793,1
624636595,879.7659,633.5115,829.3395,601.5516,1
624636612,875.9163,633.8066,836.2441,626.8541,1
624636628,872.8407,634.7878,843.7921,640.9241,1
624636645,868.5518,636.2883,833.6527,653.7768,1
624636662,864.3863,637.0136,834.9333,645.1021,1
624636678,860.9553,637.1008,843.0533,633.4039,1
624636695,857.286,638.9094,832.6084,665.546,1
624636711,857.7841,638.4001,899.3994,627.8221,1
624636728,857.7084,639.29,886.3337,652.8779,1
624636745,858.6465,638.8365,896.4027,625.5654,1
624636761,858.6403,639.0333,877.0543,637.7619,1
624636778,859.1047,637.9586,880.5463,619.4024,1
624636795,860.1354,637.2643,889.0999,625.1108,1
624636811,861.8414,635.627,898.0231,611.6444,1
624636828,863.752,633.3204,901.4182,598.0975,1
624636845,864.3365,632.9528,877.7209,632.653,1
624636861,865.4678,631.6804,885.4822,612.637,1
624636878,866.5912,630.0275,884.3728,604.4463,1
624636895,868.3001,628.0628,893.6376,602.7968,1
624636911,868.9484,626.3875,874.307,605.3881,1
624636928,868.915,626.991,862.6508,643.3267,1
624636944,870.7961,625.9263,896.216,617.2177,1
624636961,872.8661,624.6731,886.2765,613.1991,1
624636978,875.76,626.2769,904.3995,660.5029,1
624636994,876.7971,624.961,876.2884,610.7075,1
624637011,878.9562,624.4362,898.29,622.7427,1
624637028,880.4081,623.8804,888.079,621.4291,1
624637044,881.9665,622.3972,892.7683,604.4029,1
624637061,882.9523,621.1141,885.1449,603.6615,1
624637077,883.496,621.5893,880.1443,632.8446,1
624637094,884.336,621.9215,888.1488,627.9703,1
624637111,884.3828,620.5942,876.5873,601.4783,1
624637127,885.694,619.4608,900.7004,605.7497,1
624637144,886.0458,621.0111,884.0546,653.0388,1
624637161,886.3568,621.6495,884.6471,635.4075,1
624637178,885.4606,620.3911,865.4548,600.6351,1
624637195,884.5256,616.7821,864.4683,562.5922,1
624637211,883.1424,613.9714,864.0916,571.7717,1
624637228,881.6631,610.2756,860.6172,558.3077,1
624637245,879.2293,607.1747,844.6082,564.7554,1
624637262,877.6774,603.815,857.3363,560.4724,1
624637278,876.4366,599.9619,862.5584,548.6042,1
624637295,874.2095,594.9827,845.4926,528.142,1
624637311,871.5461,592.8766,837.791,575.0244,1
624637328,869.646,590.1475,850.1495,560.9147,1
624637345,867.2567,587.8073,837.7655,569.3192,1
624637361,866.2097,586.658,860.7179,585.5496,1
624637378,865.9418,585.0483,872.7455,574.4679,1
624637395,864.2432,583.255,847.3223,568.9814,1
624637411,864.6979,582.6407,881.3774,587.6731,1
624637428,864.1655,580.6992,861.783,566.231,1
624637444,861.3748,580.4297,824.8337,590.1147,1
624637461,859.0887,579.9748,831.1044,584.3828,1
624637478,857.8545,579.2016,849.7865,581.7122,1
624637494,856.2609,578.194,838.9462,570.1932,1
624637511,855.1341,576.4871,847.9816,557.7177,1
624637528,854.6967,574.471,857.3325,550.5818,1
624637544,854.1854,572.2203,855.1165,543.2058,1
624637561,853.136,570.5652,843.5927,552.1921,1
624637578,853.5732,568.8445,867.8107,552.639,1
624637594,853.5732,566.9161,859.9775,546.7561,1
624637611,853.8799,565.5742,863.1567,552.6522,1
624637628,854.6143,564.2087,872.3394,551.4225,1
624637644,854.5674,562.0719,856.1432,541.4281,1
624637661,855.3062,560.393,869.3978,545.6185,1
624637677,857.3281,560.5502,889.4594,572.4156,1
624637694,856.8531,560.1864,845.9353,558.4,1
624637711,857.6655,558.5596,868.5486,536.8331,1
624637727,858.2498,560.2321,864.4869,592.3018,1
624637744,858.1603,560.4718,851.5048,567.5205,1
624637761,858.2629,560.992,856.769,571.527,1
624637777,859.3737,561.2781,875.2666,565.9291,1
624637794,859.6632,561.7843,859.6057,567.6145,1
624637810,860.1195,562.1866,862.399,570.7548,1
624637827,860.1036,561.5901,856.1617,551.4995,1
624637844,860.6112,561.2798,864.5609,557.1624,1
624637860,861.3031,562.638,870.7576,587.594,1
624637877,862.2425,561.6694,876.6019,545.4909,1
624637894,862.788,561.0058,867.3881,550.0914,1
624637910,863.7484,559.6973,878.6758,540.6225,1
624637927,862.2097,560.0119,833.2982,566.3234,1
624637944,862.3541,559.6422,859.3389,556.6956,1
624637960,864.2938,558.9196,892.1205,549.5458,1
624637977,864.8181,559.741,870.0577,575.8553,1
624637993,864.7352,561.3876,858.875,588.8425,1
624638010,864.7234,561.9446,861.63,568.6584,1
624638027,863.482,561.7842,841.5433,555.783,1
624638043,862.343,563.1208,843.2734,581.5717,1
624638060,861.8885,565.14,854.116,594.9253,1
624638077,861.7073,566.3648,861.4545,581.6371,1
624638093,860.5092,567.0413,842.6509,572.1014,1
624638110,861.1494,567.7489,874.7994,573.9744,1
624638127,862.3341,568.0264,884.9188,567.0149,1
624638143,861.3834,569.1969,845.7322,582.2596,1
624638160,860.8536,567.9677,854.3384,541.6881,1
624638176,860.991,566.7089,867.6658,544.5765,1
624638193,860.8475,567.02,857.7899,570.6758,1
624638210,860.6782,567.332,859.7091,568.8251,1
624638226,861.5991,566.5508,878.0282,555.9565,1
624638243,861.8145,566.1107,864.2739,559.1152,1
624638260,862.2635,565.5131,868.9778,556.8226,1
624638276,863.5745,566.7304,885.903,587.8242,1
624638293,863.2349,567.0745,855.4199,572.8102,1
624638310,862.2245,567.6083,844.1702,576.4925,1
624638326,862.1,566.557,859.0542,546.9629,1
624638343,863.0864,566.0967,879.3726,558.1232,1
624638359,862.1351,566.0497,846.2462,568.4823,1
624638376,861.5504,565.4015,853.1685,553.371,1
624638393,862.4459,566.2346,877.8546,579.8726,1
624638409,862.1532,564.5721,858.2714,535.5236,1
624638426,863.2035,563.7832,876.9716,553.5125,1
624638443,863.335,562.662,864.145,546.3993,1
624638459,864.8484,563.0238,891.7146,571.239,1
624638476,868.5493,563.7427,927.3868,579.8975,1
624638493,871.2043,563.3418,908.4047,561.1259,1
624638509,873.8995,563.5648,910.1848,569.2988,1
624638526,876.7166,564.5212,911.2692,580.4714,1
624638543,880.5272,565.6216,930.2222,585.5281,1
624638559,884.1148,565.6768,929.0748,568.3359,1
624638577,887.8176,564.4432,933.5405,544.1384,1
624638594,891.5697,564.4813,934.3671,565.1678,1
624638610,895.1864,564.8233,937.6228,570.6044,1
624638627,897.5167,564.7586,918.3215,562.7781,1
624638643,901.0044,563.2267,936.6911,538.8293,1
624638660,904.317,561.9807,937.3749,539.5374,1
624638677,907.9545,562.9526,947.2362,578.7906,1
624638693,910.9557,562.6369,937.937,559.1545,1
624638710,912.9375,564.1786,923.3959,591.1469,1
624638726,915.0385,565.4817,930.3362,585.5844,1
624638743,916.64,566.216,922.9506,576.2024,1
624638760,917.0167,567.4024,904.9495,584.0951,1
624638776,918.2404,566.4426,924.0548,550.1522,1
624638793,919.0333,566.8647,915.715,572.6247,1
624638810,921.0532,566.4338,938.5286,558.2545,1
624638826,921.5469,565.3737,915.9786,544.41,1
624638843,921.8436,565.898,916.7556,573.5978,1
624638860,921.7792,565.6695,908.7791,561.7343,1
624638876,923.9279,566.6479,949.9883,581.2998,1
624638893,923.2414,569.0657,904.7117,609.3558,1
624638909,923.3275,570.0801,917.3527,580.4545,1
624638926,924.1056,571.679,932.522,593.2874,1
624638943,926.1548,571.561,954.197,563.2545,1
624638959,926.1407,574.3748,921.9802,617.5897,1
624638976,925.6425,575.8887,917.6566,596.2462,1
624638993,926.8134,575.0768,944.7511,554.3151,1
624639009,926.0143,575.3437,910.8076,574.7506,1
624639026,926.6986,575.5516,936.9541,575.4624,1
624639043,927.1177,574.531,934.372,555.0104,1
624639059,927.4164,574.9937,932.0475,579.4674,1
624639076,926.7537,575.8773,915.7032,584.9032,1
624639092,925.8685,575.0203,911.8099,557.5786,1
624639109,925.9518,575.1761,928.8719,576.274,1
624639126,926.0905,575.1765,927.6855,573.1004,1
624639142,925.4719,575.9561,916.4459,584.6785,1
624639159,925.1614,576.7682,921.6985,586.0385,1
624639176,925.3231,576.0319,930.7072,563.6697,1
624639192,921.1318,575.4802,853.5646,564.9352,1
624639209,916.7551,573.9979,848.532,552.166,1
624639226,912.9146,572.3253,858.0913,547.9363,1
624639242,908.1002,571.7126,839.4193,565.077,1
624639259,903.147,570.0754,833.9728,547.676,1
624639276,898.7896,569.5079,844.9167,562.3595,1
624639292,895.1226,567.3724,854.0529,537.1483,1
624639309,891.0927,565.5472,847.7906,540.4843,1
624639326,886.428,566.3602,831.6348,584.4952,1
624639342,883.843,566.4513,865.214,574.4211,1
624639359,878.684,565.7638,816.5897,558.8163,1
624639375,874.4879,565.9485,834.4813,575.3561,1
624639392,870.8455,564.8897,835.6909,555.5932,1
624639409,868.0366,563.6105,848.1733,547.5751,1
624639425,865.4221,560.8947,849.5142,523.012,1
624639442,863.5113,560.0568,860.1659,551.6284,1
624639459,861.656,558.2907,853.8898,540.1987,1
624639475,860.0157,555.9005,853.861,525.6046,1
624639492,857.9737,555.0196,846.4332,546.4124,1
624639508,856.2172,554.006,844.5917,545.4462,1
624639525,853.9858,552.0861,836.218,528.65,1
624639542,852.414,552.0113,844.4483,557.6339,1
624639558,852.0389,550.3474,862.2759,531.5532,1
624639575,850.348,550.233,835.1595,557.8843,1
624639592,852.6415,549.0994,902.1362,536.0973,1
624639608,856.0921,549.4355,922.2715,562.7637,1
624639625,859.215,550.1229,914.9352,567.5051,1
624639642,863.5385,550.727,933.7943,566.3436,1
624639658,866.6924,552.0914,913.7164,578.8399,1
624639675,869.4265,554.2458,907.5068,589.66,1
624639691,872.6237,555.3836,908.3063,571.949,1
624639708,877.1368,557.2823,932.7307,583.994,1
624639725,880.6868,558.8322,919.2396,577.916,1
624639741,884.8501,560.7964,930.5043,587.5215,1
624639758,889.5123,564.3853,941.6129,614.6495,1
624639774,891.859,566.6599,905.6034,594.2941,1
624639791,894.705,569.0415,918.4335,594.7157,1
624639808,897.0157,569.2867,911.574,559.4603,1
624639824,900.4125,573.1775,932.1031,629.0685,1
624639841,903.408,574.5816,931.9548,585.8007,1
624639857,905.8597,576.2513,920.5742,590.3326,1
624639874,908.8863,578.2125,936.0909,598.8517,1
624639891,912.1435,583.2396,943.5825,651.9072,1
624639907,1059.3856,834.4063,1059.3856,834.4063,0
624640108,1018.9693,653.5405,1018.9693,653.5405,0
624640125,1009.1357,632.3836,999.3271,611.2805,0
624640141,1022.6581,641.4675,1049.5807,659.6271,0
624640158,1029.2927,641.2889,1048.8069,640.7278,0
624640175,1026.8425,632.064,1016.8754,595.8327,0
624640191,1026.9214,632.2632,1027.085,633.6603,1
624640208,1023.0712,630.8408,1000.6185,623.0275,1
624640224,1022.6638,631.739,1020.1316,638.2474,1
624640241,1003.8574,633.3088,862.9128,645.4801,1
624640258,885.5823,585.2413,885.5823,585.2413,0
624640274,840.7871,654.8085,840.7871,654.8085,0
624640291,835.9956,646.4224,831.2164,638.0575,0
624640308,836.5881,640.1117,837.7898,627.6129,0
624640324,835.0775,635.8489,830.6138,623.3486,0
624640341,836.0136,631.529,839.747,614.8362,0
624640358,834.1122,630.5738,824.8787,626.3952,1
624640374,833.7175,629.2498,831.5868,622.1238,1
624640391,833.4029,632.4221,831.4916,654.1722,1
624640407,832.6334,636.4906,827.0737,667.2173,1
624640424,834.5894,636.5375,851.197,636.4213,1
624640441,834.8217,634.7905,836.8557,618.3918,1
624640457,836.3424,634.1616,851.1543,627.9019,1
624640474,837.3821,632.4932,847.7596,615.0339,1
624640491,837.2874,630.0334,835.3568,603.176,1
624640507,835.9304,628.7371,819.1564,614.9454,1
624640524,837.6942,628.8363,859.2676,631.9731,1
