timstamp,smoothx,smoothy,rawx,rawy,fixation
629674625,1075.582036756302,509.53274989944936,1139.1038,516.0236,1
629674642,1084.255882734988,507.8987281792805,1181.1797,506.6776,1
629674660,1093.1907783436702,508.80244311096214,1192.6425,549.7452,1
629674675,1099.8510732599061,509.9361344502411,1160.6206,552.3583,1
629674692,1105.9929419765645,508.37832108545695,1159.2323,505.2959,1
629674709,1112.1517884100876,506.44024540857635,1155.5166,499.1954,1
629674725,1117.8618283779745,506.230862849344,1149.9371,529.9059,1
629674742,1124.3295943390556,503.0710255047904,1174.4697,480.7383,1
629674759,1130.6969902648475,501.3760363723021,1182.9487,503.901,1
629674775,1132.0229633684496,500.80031139915167,1100.4875,517.2114,1
629674792,1126.492562139428,498.27069648974697,986.8312,476.0278,1
629674808,1119.300922488943,496.1809286481007,963.4545,480.9415,1
629674825,1112.4614673984727,495.6026294235061,976.172,509.6155,1
629674842,1105.1695568810076,493.24215700509853,971.0742,478.7169,1
629674858,1097.2203482375674,492.1615713406327,962.93,497.7136,1
629674875,1088.6070373382042,491.05941295483393,951.7281,496.6557,1
629674892,1080.7710024997077,490.3999662688498,966.3824,503.2031,1
629674908,1072.6646651705696,489.97356413918345,963.6086,503.9559,1
629674925,1064.9768328037185,487.52396736191105,964.0737,470.6665,1
629674942,1057.0557351482842,486.5858514037295,958.6271,493.7075,1
629674958,1049.5882051698352,485.2831829528665,960.8118,485.9976,1
629674975,1042.9177509082035,482.45402271947427,977.7927,456.2784,1
629674991,1036.3380584249594,480.428865538931,977.2703,476.6888,1
629675008,1028.2654675883416,478.9883247445408,950.0152,475.8428,1
629675025,1020.8863415548525,477.3461485445737,954.6574,474.9597,1
629675041,1014.2943610298314,475.2732429803809,960.3699,468.6294,1
629675058,1008.725743196817,473.91794627776085,972.6155,475.6782,1
629675075,1003.768875153316,470.57169095082344,972.818,440.5384,1
629675091,1003.8648329281991,465.6155064132063,1048.1256,415.0565,1
629675108,1003.4467645625958,460.28705324789934,1037.3994,404.5782,1
629675125,1003.9101848636395,454.49816932268686,1043.3549,394.1503,1
629675141,1004.1202042558502,450.0721002006007,1037.1218,414.2132,1
629675158,1006.3058099346376,442.3131774398421,1067.998,358.9958,1
629675175,1010.088274461677,436.41509287976396,1087.4888,388.9857,1
629675191,1012.6874807717,430.6992067078039,1063.1045,382.5595,1
629675208,1013.8461336117095,427.38605184547373,1034.4338,419.2544,1
629675224,1015.4058752628479,421.7272205308908,1039.6475,377.9808,1
629675241,1017.9898818271936,417.1320943528487,1058.8,387.8778,1
629675258,1020.3860781607491,413.29409842101035,1055.406,399.489,1
629675274,1022.761699213261,409.89360313947645,1046.3438,404.1708,1
629675291,1026.4085965296917,407.2024217960843,1058.485,408.7395,1
629675308,1031.7649755240031,403.7303749195926,1089.7134,392.9353,1
629675324,1038.6124127139524,399.99790775518875,1121.1534,388.3947,1
629675341,1288.9729732385792,378.20307458328995,1287.4238,404.0489,0
629675357,1151.4104323514255,402.7300750776736,1148.689,423.4721,0
629675374,1137.7026087043964,401.7336626860346,1121.1564,420.4666,0
629675391,1132.179477470056,403.35893512860895,1118.3125,426.2179,0
629675407,1135.5778994680413,405.7255033686374,1142.9281,433.2548,0
629675424,1129.280914124122,387.9725103444893,1102.5962,337.2233,0
629675441,968.4001152155843,219.60902773768703,966.68,233.5796,0
629675457,990.9034278446693,150.2848058629363,990.1503,165.0959,0
629675474,983.1563264595698,161.71539968223783,974.3057,187.3522,0
629675491,981.3637114048812,155.75076878599054,977.0798,158.1666,0
629675507,981.4888859341752,153.05279472092087,981.1766,159.566,0
629675524,977.6584525161492,165.13678973844972,961.0114,226.4346,0
629675541,979.1454104915094,165.32065968421907,985.6592,180.3818,1
629675557,980.2618352514676,169.78383901577473,985.5292,209.7307,1
629675574,979.2994970370064,171.27485673420486,971.6798,194.4281,1
629675590,980.3833485362612,172.98460752684667,987.4774,199.4715,1
629675607,978.7689070816416,173.78645016673616,964.0227,193.0129,1
629675624,977.8302861962002,170.8939116800776,968.7593,157.2122,1
629675640,977.5890338450499,169.83256766445268,974.7464,173.0335,1
629675657,977.0362621326324,169.8820722056922,970.6292,184.2485,1
629675674,977.4055132999025,167.9794145578261,981.4294,160.9921,1
629675690,975.9063325037238,170.49142953046407,957.1757,214.2115,1
629675707,978.0826673533331,174.03622175627126,1004.5401,232.6599,1
629675723,979.6599692982512,181.50956745308673,997.7642,290.7563,1
629675741,979.9047434939582,187.5959125822514,980.2338,277.7823,1
629675758,981.2216771010485,192.9768346199001,996.4833,273.8877,1
629675774,984.5148028744636,198.69899621087657,1027.6932,285.3253,1
629675791,987.1507774243901,206.35379518917046,1019.6199,320.2647,1
629675808,990.4695032966093,211.78648249543855,1032.9374,291.8947,1
629675824,991.8825121721297,215.05195970188055,1004.7766,260.7278,1
629675841,994.6960738819204,221.25974829895313,1028.6597,313.5376,1
629675858,997.2601447138336,228.0329381801051,1026.3864,327.9685,1
629675874,1090.799453976985,464.6691368767474,1086.9546,483.158,0
629675891,1048.3938960465662,468.28511512617064,1044.2345,485.201,0
629675907,1038.8466110588467,463.7323979783073,1025.1499,475.4008,0
629675924,1052.409723978883,461.1197670902873,1075.5978,474.0179,0
629675941,1066.5362813438064,472.3959333656468,1104.0361,525.0203,0
629675957,1062.7509293762455,472.62353782774625,1043.0935,490.1156,0
629675974,1068.497630074075,486.3738950148918,1091.2091,571.6349,1
629675991,1070.2820797960574,477.54285755504344,1076.3612,443.3541,1
629676007,1068.9633277327268,477.45025730657665,1055.0691,493.8061,1
629676024,1067.8683337221714,478.58696430415625,1054.6262,504.1153,1
629676040,1070.0239031321007,478.2479929686096,1083.4861,493.3192,1
629676057,1067.7203179517307,480.2412958024433,1041.3632,514.8208,1
629676074,1068.6140386397624,479.80701364802155,1073.0828,492.7045,1
629676090,1067.4973001416533,480.262668556399,1050.9681,501.5906,1
629676107,1067.294555101049,481.8597248430014,1060.5494,516.5013,1
629676124,1067.2235126176263,484.2357636885413,1061.8784,528.5605,1
629676140,1068.0700249092968,482.63793235446155,1074.7368,478.8478,1
629676157,1070.7261455190742,484.4268802207869,1100.3799,525.1986,1
629676174,1074.696005517659,482.2185628542153,1122.6855,470.5729,1
629676190,1076.75401829043,480.16246201057,1098.0084,470.0789,1
629676207,1080.165289742466,478.0243666903706,1120.6953,468.0582,1
629676224,1081.4114731380578,475.5782401300174,1089.8762,460.5313,1
629676240,1081.5249067900613,475.3811163533115,1072.7576,493.8177,1
629676257,1082.3459996440258,476.20273560204123,1084.7175,510.385,1
629676274,1082.344695065184,474.99688038235706,1072.583,476.8744,1
629676290,1083.7548090458229,475.17769992972677,1096.5859,500.0261,1
629676307,1086.2355704567763,473.2527321463325,1116.4293,465.0645,1
629676323,1089.26353929677,471.2782661812345,1127.5063,463.5782,1
629676340,1090.531129554545,468.5578221502417,1099.1407,448.6082,1
629676357,1091.441589805955,468.5234535452351,1093.7832,493.5428,1
629676373,1092.7262943988956,468.50100660593324,1101.665,493.3175,1
629676390,1096.229582679277,468.89091591196075,1137.2749,501.0862,1
629676407,1097.6738533142063,467.71325199861644,1101.4642,470.8501,1
629676424,1099.3486682491148,469.41868574051796,1112.2422,520.6487,1
629676440,1099.3200990606003,470.68645418865833,1086.7712,516.6534,1
629676457,1110.0783667827814,467.9212316757079,1271.7183,448.8358,1
629676473,1111.7451558502755,468.47436406713206,1118.718,508.5976,1
629676490,1112.613039641206,470.60106013699743,1104.8904,521.0074,1
629676507,1115.245501008298,472.801920828131,1135.917,529.1018,1
629676523,1117.4063471413208,472.5396603888194,1130.6519,486.8976,1
629676540,1119.5401620250072,472.3023045797161,1135.642,486.2154,1
629676557,1120.6386538232964,472.8270106032124,1115.2074,501.1714,1
629676573,1121.6847687347286,473.24114959510354,1120.2258,496.9089,1
629676590,1122.993059488844,474.67935342371976,1124.4998,516.1666,1
629676606,1123.359463403021,476.25910056294254,1111.2544,519.8399,1
629676623,1123.3027623403652,477.685925985231,1106.0442,518.3672,1
629676639,1124.3695608786181,479.6937348178717,1128.7593,524.4734,1
629676656,1126.6698696658775,479.8237359184192,1154.8466,498.3739,1
629676673,1126.427654377988,483.4745324609277,1112.8634,553.1295,1
629676690,1126.3001564552658,485.79015984265146,1113.4269,531.382,1
629676706,1127.1627423901498,488.9841440873772,1133.9192,548.7842,1
629676723,1128.0741040335452,490.6774904906755,1132.5981,523.7111,1
629676739,1128.5627637147204,492.60593356752383,1124.475,532.8782,1
629676756,1128.8496808581197,492.55158818733804,1123.7786,501.3854,1
629676773,1129.0260563089782,491.79378195736615,1121.6973,486.9631,1
629676789,1129.5107156004365,495.16069698124903,1129.6586,563.05,1
629676806,1130.5108152168257,498.4805921624604,1141.2474,560.3405,1
629676823,1130.7348041871671,498.5162882948172,1129.6582,504.4507,1
629676839,1130.2012470126933,499.9675006674293,1113.3132,529.11,1
629676856,1129.5400889168889,500.6757814637219,1111.1724,522.679,1
629676873,1134.7412187991954,505.4565012522182,1214.3992,598.7341,1
629676889,1138.3727100173649,515.5623907327022,1189.802,692.7667,1
629676906,1141.9683078230273,525.1776692178976,1185.9485,683.0376,1
629676923,1146.6247800835224,529.9207851416179,1207.7815,606.9174,1
629676939,1149.1784219119718,539.0027601571248,1168.7068,683.6169,1
629676956,1151.8562688259585,547.6803941195229,1191.4904,673.233,1
629676972,1156.2770338761104,555.3708047831069,1206.2495,668.2004,1
629676989,1160.6524772659275,562.9169838701401,1206.2469,671.4965,1
629677006,1163.8271237863953,571.2139606415224,1190.7832,689.4939,1
629677022,1164.7531628947127,577.3448439647311,1153.6108,651.2786,1
629677039,1168.8008419828539,583.0153174827084,1211.4857,651.431,1
629677056,1172.114501091477,589.0125411992475,1199.0015,664.533,1
629677072,1175.504029361327,595.0986588425043,1203.8054,671.947,1
629677089,1178.2469874588655,598.3867150196903,1196.4814,631.1364,1
629677106,1181.6929060011735,604.5024438973439,1209.8882,687.3414,1
629677122,1186.5652407292378,608.2720706310399,1238.1064,653.2469,1
629677140,1187.9826158963294,614.5026406553305,1182.6887,700.5325,1
629677157,1180.9995006184613,619.5201500306404,1041.2585,677.208,1
629677173,878.8658675713932,582.1553750234035,872.269,592.7743,0
629677190,864.2138943590556,637.3535056849544,856.868,647.4243,0
629677206,850.6202728478975,626.9745518457978,829.7875,625.6876,0
629677223,830.7558629308498,613.7686158105203,784.1262,594.9497,0
629677240,831.5499620597088,611.7706939155944,827.105,615.0614,0
629677256,829.9843591907807,614.8937247365953,816.69,636.0421,0
629677273,833.9579020287825,614.8511568585706,846.5365,624.4679,1
629677290,833.3428950784767,609.1772777500806,823.0432,585.3503,1
629677306,830.8353568738546,599.7750654058303,807.8036,546.1036,1
629677323,831.4216424407578,595.153225122975,829.6515,571.3999,1
629677340,831.5595715721394,595.718758422352,825.9092,611.9233,1
629677356,832.3640251730673,602.096972158403,832.1698,671.6193,1
629677373,831.8777192920924,601.3959472420356,820.0841,603.8785,1
629677389,831.285825661008,600.276702258843,818.2227,597.9124,1
629677406,831.8118518754753,602.0034422177264,830.7084,631.4457,1
629677423,836.4484922085801,598.4598816806805,884.9741,568.1135,1
629677439,844.3941581239683,596.4177304402446,934.6041,585.7927,1
629677456,848.7893755455524,596.4152276310814,893.4445,610.209,1
629677473,853.0620397720904,595.2131668125011,896.5911,592.9073,1
629677489,858.585760130942,596.5023229162837,919.1732,629.2552,1
629677506,861.7872231708601,593.694251063937,889.7333,566.7844,1
629677523,866.5430583735936,594.0058012377252,916.8446,613.9344,1
629677539,868.8613790705745,594.0454265775057,882.3669,608.2429,1
629677556,870.5352691417116,591.7211484041709,875.1224,569.5011,1
629677573,874.211592935462,591.4491835883977,910.2102,602.9036,1
629677589,878.287793410954,590.4727282772866,920.4539,591.0137,1
629677606,879.4050270721959,591.3817722540186,873.4922,620.2119,1
629677622,881.7686924614433,590.5397401763248,897.59,591.1971,1
629677639,885.7241441070769,587.387776089086,928.3888,551.9645,1
629677656,885.2786701397455,585.7594571968633,854.6858,574.2419,1
629677672,885.9196383576088,585.1422329927344,875.6343,591.5925,1
629677689,886.6425435723753,585.8360826857239,876.7041,618.9813,1
629677705,886.9354470679049,588.7409695377298,868.3151,653.7144,1
629677722,890.4479857879388,585.7701470394236,923.9794,549.577,1
629677739,893.4017378792106,582.5747286041768,921.6652,547.1339,1
629677755,894.3604678209647,582.1173335077235,887.4799,594.953,1
629677772,894.4289353425264,580.5339582602916,877.5897,572.4729,1
629677789,895.8992650482396,578.886687564452,901.6608,567.3967,1
629677805,889.3329695230738,577.6098978359922,761.0988,564.2871,1
629677822,690.8220866106844,497.23493747329906,684.0287,500.8873,0
629677839,706.7678428536349,494.6985495793392,700.1067,498.9425,0
629677855,701.906872304719,507.03208490227183,690.0425,523.2159,0
629677872,700.9068857642158,476.7198664662055,693.1621,420.3781,0
629677889,687.9645392748125,481.6276725812572,642.5854,498.6986,0
629677905,693.86917765828,483.26713192041467,710.9318,494.5836,0
629677922,696.4292979005963,489.87385401235775,702.0294,526.4784,1
629677939,696.285129062853,488.30746613193827,688.8364,482.7484,1
629677955,700.5779473051574,481.77099956577376,723.2549,443.157,1
629677972,699.3698972491597,481.039038852321,683.1292,479.8431,1
629677988,699.3278356203573,483.429104108682,691.7514,508.0347,1
629678005,699.9706529431037,482.05034590035234,699.0676,473.9711,1
629678022,701.9289180608307,481.93311091246164,714.2557,486.1134,1
629678038,714.3865254541154,469.9867772844506,840.4401,354.2151,1
629678055,897.4974957633416,220.27670482560345,895.3153,231.6177,0
629678071,944.6525124586329,181.8893990627956,943.228,194.9825,0
629678088,960.0496359129934,183.83954342231453,974.1339,200.0182,0
629678105,965.366289155696,174.97720671924264,974.9205,171.6074,0
629678121,962.8162764953315,170.1626637500463,954.0492,169.4965,0
629678138,958.3470367003483,164.02368413017166,939.7754,153.1473,0
629678155,960.1310776932985,166.4221266159486,967.723,192.6402,1
629678171,958.2809715770253,166.2741275929663,946.3969,178.9914,1
629678188,956.081950219943,162.49075622936513,940.7241,150.6528,1
629678205,952.9544432702882,164.27349722798334,928.4816,191.0457,1
629678221,953.2970771905192,165.5227975191082,955.8481,189.9777,1
629678238,953.5218628816195,165.91249451818805,955.2299,183.2039,1
629678255,952.059909218121,163.69522255270235,937.4667,154.8631,1
629678271,951.2088721329447,164.24383155032854,942.0759,183.7559,1
629678288,948.0210004214807,167.40392959437833,911.853,215.1167,1
629678304,946.7184901021336,166.07672092671996,932.6466,162.4092,1
629678321,949.7041760975476,165.79956890393427,988.386,176.9557,1
629678338,949.3823681771208,166.9648036985829,945.0333,195.0557,1
629678354,953.4980214840634,168.97124150276542,1008.4617,210.6072,1
629678371,957.6163569223015,173.81682376323536,1011.6085,254.5529,1
629678388,961.0551352354038,177.4568047406321,1004.8505,240.1474,1
629678404,966.5413980412707,177.65935665229034,1040.2668,191.0905,1
629678421,969.1856170692689,180.27581700112438,998.5797,228.4656,1
629678438,975.0913451825795,182.58899380900542,1053.9131,227.7335,1
629678454,978.8111305893046,185.31967513452355,1021.8187,235.3451,1
629678471,984.5195362782102,187.44865408644264,1058.228,228.8175,1
629678487,988.6028851496754,189.40358551919124,1034.6389,226.9045,1
629678504,991.1971607617053,190.8267955684866,1012.5763,218.8746,1
629678521,985.7823660027332,195.69822910189663,876.2996,274.7801,1
629678538,982.1481808693767,201.40499808273333,907.533,293.1613,1
629678555,978.9479957018175,205.78735779931705,916.0785,273.4978,1
629678572,974.360643430165,210.0810548702328,889.1791,271.0716,1
629678588,972.9511983631878,214.6075149439828,949.2659,280.414,1
629678605,969.5847274502444,218.1683710128038,915.5848,262.3466,1
629678622,967.0179003582067,222.53514044743142,927.3751,280.1843,1
629678638,964.4944502595557,226.4094588782615,926.754,273.6015,1
629678655,960.5252159570891,230.49061394599417,903.9567,284.1909,1
629678672,958.7002138793009,234.0044985186023,938.4923,277.7208,1
629678688,953.6784142653582,234.83300994447885,881.3372,229.6831,1
629678705,946.5442485318591,230.87645021821749,842.6735,152.9692,1
629678721,939.7141385300755,224.04726737001272,849.5668,105.8753,1
629678738,932.0319901681061,220.8579962441613,830.9652,170.2136,1
629678755,926.9960066477265,216.36407641962663,872.4592,147.8193,1
629678771,920.3885942956538,210.75853965757113,841.9714,131.5974,1
629678788,914.0281005016695,204.57169564283075,839.3005,124.8505,1
629678805,907.3719963456244,199.31969505657673,831.9592,134.5154,1
629678821,901.1457434116337,193.8153311733116,840.3817,130.842,1
629678838,896.2920640279549,186.81683517069195,854.5142,105.605,1
629678854,891.7211823964493,182.06014383617048,860.0489,143.5898,1
629678871,886.3934928222877,176.7932759176486,840.8755,135.0373,1
629678888,882.2305798633638,173.11344703132613,854.0295,157.397,1
629678904,877.4435355964981,170.2652363492981,840.4219,161.9692,1
629678921,873.7504355826264,164.70852255958752,849.5731,115.2802,1
629678938,871.0892405578977,159.49846895851138,867.6119,117.2104,1
629678954,867.7309043474854,154.43108204030904,846.0389,115.1268,1
629678971,865.2776612733029,152.26107744694013,859.7437,160.4257,1
629678988,865.725079347947,146.29487175127477,903.5952,90.9516,1
629679004,862.3474879125952,143.8073205872843,828.9894,143.3687,1
629679021,860.3355496886368,139.50846670418792,835.7888,113.515,1
629679037,860.2898255188738,136.76892707783176,871.4652,138.3257,1
629679054,859.4176472851159,134.81730531480972,855.6606,144.0248,1
629679071,859.8236548440352,133.4447300486887,873.3159,149.8353,1
629679087,858.9267134411035,131.71874604715322,855.2491,139.3223,1
629679104,859.3846863210854,129.7983965143339,873.6255,130.778,1
629679121,858.083661457476,127.20702414517066,842.8177,116.1397,1
629679137,856.988847778706,126.44656145845566,844.7101,143.9144,1
629679154,856.6060175780074,125.79090290394076,853.7117,144.0699,1
629679171,857.921731136746,124.58960467342126,886.3789,132.0164,1
629679187,860.6312553204018,128.25273301715598,903.0135,210.312,1
629679204,862.4978023738847,131.3954796011955,884.5714,191.5951,1
629679220,864.5717383144636,134.24480967826864,889.877,182.1322,1
629679237,866.1222785202859,138.40436316404256,879.4763,212.3541,1
629679254,868.098426308234,139.3905597750665,893.0801,155.6332,1
629679270,869.8503611343539,142.20082834382757,886.4542,186.8289,1
629679287,870.3230391977625,148.46103628674678,864.3788,247.0283,1
629679304,872.1069041056473,154.197672105715,888.1455,241.7313,1
629679320,874.3695743089326,160.10046505695144,898.8412,246.8781,1
629679337,873.5764947186166,163.79399482005323,848.531,206.6458,1
629679354,874.4258555185925,167.30729697121387,879.1107,211.8353,1
629679370,876.1945475324692,171.52996542412336,894.1659,226.9486,1
629679387,876.3585614667169,174.90537274521253,868.8372,216.7344,1
629679403,877.5040577947723,175.59905005929323,886.3292,174.2524,1
629679420,879.1888714837688,178.22809233621862,897.5599,206.7515,1
629679437,879.1112710956221,181.55615618432836,869.4301,221.7377,1
629679453,881.7336497823096,185.82556852615616,915.2512,243.3585,1
629679470,882.9067764714248,187.51400659630818,892.9099,205.7294,1
629679487,882.7955756871271,192.84588871986412,875.0653,264.4342,1
629679503,883.1493529944022,195.5033967303719,876.6189,227.4882,1
629679520,885.0402490656147,195.15864066725777,906.3239,176.4429,1
629679537,886.4541198003568,196.65213366942044,902.4349,214.2094,1
629679553,886.0578058237329,198.29057227771105,869.8248,219.0201,1
629679570,888.5950884169577,199.64148977928463,924.0944,219.1313,1
629679587,889.3596483760228,198.85436741105121,892.3323,182.0757,1
629679603,888.5140186960725,200.12263769784857,866.5709,218.3292,1
629679620,887.596011397939,201.58120855648195,862.8621,222.315,1
629679636,885.842496431081,203.69192137838365,849.2534,238.1674,1
629679653,884.1282877234855,205.23462767378197,851.6923,229.9944,1
629679670,881.8001006311289,205.63060566775988,844.7769,210.0111,1
629679686,883.0915701825718,204.26929281135412,909.9158,191.2588,1
629679703,884.1175254453088,203.32796299523827,902.6257,196.7953,1
629679720,884.2732372685234,204.66830336739505,887.146,235.4522,1
629679736,886.5314099810381,201.96702389024261,923.5245,169.8958,1
629679753,886.4671208602966,200.24826047083772,883.926,179.7236,1
629679769,886.2250080615368,199.03813558348259,879.9139,192.1342,1
629679786,886.1566653565511,196.49545170913333,880.9988,174.8916,1
629679803,888.3841148236351,192.966840564486,924.163,157.4069,1
629679819,889.2670646450204,190.32186792948053,901.4889,171.1169,1
629679836,889.0283697214356,189.4015411837702,876.4109,194.812,1
629679853,890.9247939452557,186.50096051645554,918.1625,161.1366,1
629679869,890.6924886659151,184.11727107646556,882.5913,169.0159,1
629679886,891.0358233076284,182.59520727701351,890.1765,181.7037,1
629679903,893.6576192814581,181.22105635949,932.481,179.8821,1
629679919,895.4845243040787,179.2586345084237,920.2308,171.3553,1
629679936,895.7326185278462,175.77773453437473,890.4956,143.7493,1
629679953,896.9623571074284,173.75705440478743,913.0145,170.0308,1
629679970,895.8515472463265,172.9545813488254,869.7831,183.5771,1
629679987,894.9486216809503,171.58054951624044,872.4453,177.8824,1
629680003,895.0729082886409,170.273227859664,891.4325,173.4019,1
629680020,895.212227835709,168.64822139208235,895.4534,160.8143,1
629680037,894.8327596504879,167.8732278999364,886.0035,177.9499,1
629680053,893.99078117899,165.62616075444333,875.1628,150.7482,1
629680070,895.2505268346237,161.49918680830885,918.5287,117.583,1
629680087,897.9155457472483,164.2363861385956,938.3659,232.5178,1
629680103,900.4665761679441,168.60645317536037,933.8907,263.3188,1
629680120,903.7927080060684,172.69565039460824,948.1795,257.9937,1
629680137,905.8500259704285,176.8909124083805,925.7393,259.7873,1
629680153,905.7644781900768,181.8030070892378,889.7692,269.566,1
629680170,905.6270246420465,184.8836694172434,889.9825,235.7953,1
629680186,905.9024444140931,188.7240850533315,905.0074,248.3951,1
629680203,907.4874326981136,193.87514617140386,927.2916,274.2591,1
629680220,908.7456331905316,197.7809196679486,920.7631,258.17,1
629680236,911.0546431012272,204.17543629506784,943.1767,297.3966,1
629680253,910.1734178997676,208.08715380333499,884.1368,256.2505,1
629680270,911.0765829764606,211.77307538068146,916.1309,258.0871,1
629680286,911.0799466764406,217.1722145035137,901.1199,289.0015,1
629680303,910.5547095228029,221.66257942745236,897.3168,274.9141,1
629680319,909.9841657333712,223.33928287199933,895.0392,231.5377,1
629680336,911.4245474884478,225.29453234912566,928.2158,244.1664,1
629680353,913.3259174226012,227.7587291814464,941.2276,253.5681,1
629680369,913.2019603880146,231.26762776513058,902.1803,275.3085,1
629680386,910.0559469851895,231.27060219095415,851.4974,217.3771,1
629680403,909.1029693832058,233.0835004129381,894.35,253.6315,1
629680419,907.7976041646914,234.45452944375842,886.66,248.0986,1
629680436,905.8924533569216,234.44998415266392,873.1691,224.1362,1
629680453,902.7463915939676,236.29391853914314,853.2925,261.4739,1
629680469,901.0329928330029,236.02653928201124,873.9191,229.5439,1
629680486,900.0653643442245,237.9788928333721,886.6133,270.2549,1
629680502,897.6065574651248,239.97085215881916,861.9214,271.5165,1
629680519,895.4621399317181,242.19897221923353,866.8634,276.5028,1
629680536,891.4485556805591,241.89629542542764,832.465,234.9307,1
629680552,889.4356980290966,241.41180335367824,865.2154,231.881,1
629680569,887.4279703140619,242.85348651975994,867.8914,263.8046,1
629680586,885.8482189969851,241.80288347493192,875.7538,234.1389,1
629680602,882.2752588414054,241.27664633212382,837.7732,245.0773,1
629680619,877.7363621611175,233.89894360661214,821.2554,123.9418,1
629680636,876.3314691580413,227.36188433215048,871.0045,140.0004,1
