timstamp,smoothx,smoothy,rawx,rawy,fixation
632201290,950.50836171533,574.6752854927707,986.0958,606.4254,1
632201306,953.4481004066864,577.6431206762072,1013.6337,586.6171,1
632201323,956.0264439527837,580.4695494256943,1002.3776,582.6683,1
632201340,958.8485095295625,585.4556615077053,1006.2137,640.1692,1
632201356,962.6757294874865,588.7110139999412,1018.3806,599.2889,1
632201373,965.4380074947276,590.3595400578026,1002.66,568.0533,1
632201390,968.7392998853633,590.6985130417305,1015.5905,543.9661,1
632201406,970.8112939619783,592.0826594798556,992.9767,571.9352,1
632201423,967.5278326137093,597.6453288677142,893.2467,678.2153,1
632201439,967.0029080757947,602.882531543528,952.8274,671.0963,1
632201456,965.3182011325191,607.7012633182646,927.2849,665.9465,1
632201473,962.6577103224158,612.9204236103085,913.1096,681.2387,1
632201489,959.803441965178,618.7147447067296,907.8253,697.8217,1
632201506,957.0322766878796,623.8647220183994,913.3871,690.5257,1
632201523,954.8950285902332,629.7450322355281,926.4637,708.1008,1
632201539,952.6321065766136,633.3187800045833,923.011,663.246,1
632201556,950.02929465034,637.2103553641101,917.3363,675.5729,1
632201573,948.0600301795562,641.673791224911,919.4178,706.7213,1
632201589,945.6929170941715,646.5392082175077,916.2645,714.9645,1
632201606,943.7059727731444,649.2913243554359,921.6716,673.5272,1
632201623,942.2161631503086,653.2808273384641,928.2556,703.894,1
632201639,940.6349347128921,655.5949611422141,926.9453,668.3931,1
632201656,938.0955387203853,658.6071978258606,909.7114,691.6127,1
632201672,936.1453453095768,661.6767896605281,915.9127,699.1223,1
632201689,933.5024465250522,663.8854464903515,903.6806,683.4194,1
632201706,931.9979489150643,666.0953224284215,922.6686,686.6907,1
632201722,930.0243556777872,666.1741923101276,915.3453,646.0696,1
632201739,932.3412407236888,659.8096786917041,998.7623,492.442,1
632201756,985.1787094819013,504.2205133728845,993.3083,449.2359,0
632201772,985.0930503000371,510.61179239543475,993.0621,457.8265,0
632201789,983.8830609054397,514.8526881167425,990.3301,469.3092,0
632201805,977.4306782912815,514.8305510562031,971.5703,464.2672,0
632201822,978.1614794468682,513.8927440399641,988.1813,458.6672,0
632201839,978.3861102141357,516.9152892565348,986.6144,482.485,0
632201855,976.5814043119245,518.2663838322677,974.7293,477.4728,1
632201872,971.4359546027855,516.2443354881799,948.1176,451.2035,1
632201889,975.4476476061016,518.8830021041381,1010.9839,491.7626,1
632201905,975.7805171825429,518.7391948771572,985.9375,467.0831,1
632201922,978.8942181321854,520.2511926727351,1013.1944,486.4092,1
632201939,977.719074763658,521.7026597967651,973.0339,490.4238,1
632201955,978.6925923668873,521.9193315055322,995.7949,474.5122,1
632201972,980.7567525213808,518.2435760572066,1011.4542,414.1534,1
632201989,983.0770067744065,508.60939647923715,1019.4985,309.9854,1
632202005,985.0152361858829,499.3864756563433,1017.6443,301.032,1
632202022,985.651157962297,490.8761257567116,1001.9977,299.8182,1
632202038,986.214255094428,482.11036270557355,1002.1625,282.1955,1
632202055,986.684375737951,474.224948940838,1001.4849,286.5507,1
632202072,986.3759954697664,467.70873345298804,989.8659,303.1548,1
632202088,986.3581769387519,461.04098652657643,994.6955,290.7542,1
632202105,985.6290772195503,455.33502806712806,983.1978,302.2408,1
632202122,986.4939503162736,450.7163253146937,1009.0603,316.4003,1
632202138,986.45894812248,446.43217322383856,994.6547,317.3026,1
632202155,986.9633014937095,439.3156469809991,1005.3926,247.8488,1
632202171,987.9360060267775,433.7846082074535,1013.5434,274.4747,1
632202188,989.0513535264577,429.42337673978017,1016.4164,293.3334,1
632202205,984.5390671451482,424.8658111595307,917.3286,285.9982,1
632202221,716.2516614720575,437.96820612588004,714.0458,371.5235,0
632202238,720.0688851151491,489.3569357091354,716.7726,440.4064,0
632202255,707.9840555035737,479.6930356668593,692.0334,415.4861,0
632202271,702.6525261744455,469.45184946867766,688.5652,387.5589,0
632202288,702.3277002749543,469.66095983826244,697.8459,415.8289,0
632202305,700.2278785239921,470.50474053148173,687.9717,420.9579,0
632202321,697.4468920452549,468.0593803549233,680.0863,397.5172,1
632202338,696.0355950841395,470.8257050286457,683.6707,438.7306,1
632202354,693.9135152988348,470.88050456228905,675.729,417.7748,1
632202372,693.902073859254,471.17206000991473,690.5969,419.9971,1
632202389,694.4363694248491,470.63613055158504,696.0237,410.0621,1
632202405,693.9097172370064,471.0490434806344,685.453,422.2114,1
632202422,693.8365826201668,470.9680094312346,689.8282,415.6709,1
632202439,694.714871948442,468.339827729088,701.8342,375.6301,1
632202455,694.6887856405262,469.19428356253144,690.5419,428.3002,1
632202472,696.2266020251341,468.79907833530865,711.6965,407.3773,1
632202489,695.6404213556502,469.3516202672559,683.6163,424.8247,1
632202505,696.1110881989449,469.2496354791582,698.4597,412.7818,1
632202522,696.799589645462,469.4136281070196,702.1056,417.5767,1
632202539,694.5949962880425,470.71693577284987,657.6887,442.1218,1
632202555,693.9545265963792,470.9023298659051,680.9873,419.8301,1
632202572,690.6609568906626,473.56735799822485,636.4316,473.5632,1
632202589,687.6896468317134,477.9447471714564,638.6111,512.4525,1
632202605,685.4701463653992,481.5899658122458,649.3484,500.0169,1
632202622,682.5670243302418,484.13315803031037,636.3218,479.5193,1
632202638,678.7253219060854,486.6591264283529,617.9205,482.3958,1
632202655,675.279830659701,490.0345979578127,621.9822,503.9823,1
632202672,671.6746388450215,493.36101216758595,616.7152,506.1213,1
632202689,668.9343644854026,495.54087071601293,630.1382,482.2469,1
632202705,664.9539219715897,498.21321990869274,605.1306,497.4345,1
632202722,663.3730582448884,499.70692648940366,646.5062,471.1724,1
632202738,659.6441333185961,501.15198142412873,611.2521,472.5389,1
632202755,657.1141310600549,502.92094041565633,627.4553,479.4129,1
632202772,655.8237940172473,504.5878512611321,646.9934,476.402,1
632202788,657.5941944009434,500.0669879165408,703.6018,335.5883,1
632202805,660.9128625414238,504.53065427264,724.3373,548.009,1
632202938,743.680979402004,347.15007516085507,744.9221,248.3522,0
632202971,741.1387066719468,344.3063160271281,739.7576,240.9339,0
632202988,745.8172214285465,339.00855906156727,757.3351,222.8066,0
632203005,749.9906142316155,343.15159510460364,764.1692,258.8261,0
632203021,748.6890516201458,339.1248034814584,745.2129,216.3058,0
632203038,747.7101785820992,330.63033914192647,749.5356,225.9878,0
632203054,776.8038667160391,340.677661442055,779.6768,238.2643,0
632203071,761.7249050097685,344.3038404343247,748.0402,249.2616,0
632203088,751.6424595589939,339.5471237323498,732.8082,225.9162,0
632203104,752.9578022492728,338.63534003806103,759.1949,232.7893,0
632203121,752.7278488694334,336.2016650263089,754.1202,220.5678,0
632203138,751.0516107492155,332.94809038510533,745.0337,208.3045,1
632203154,753.5547635708402,330.91637349779785,771.3244,210.3173,1
632203171,753.9267306366256,331.4754379401697,758.5251,232.5856,1
632203188,752.359435954599,330.3174152663264,742.2915,214.8825,1
632203204,753.4097157552108,331.1611019349156,764.658,236.43,1
632203221,752.8849975521936,331.07733150674045,749.959,226.181,1
632203237,751.8966081872283,331.09174546568624,743.8656,227.6352,1
632203254,749.7612477112525,332.8848819420255,728.0904,255.761,1
632203271,753.2722616748027,329.71480171045846,798.3058,174.974,1
632203287,755.9120253883434,327.12794392777334,791.0883,179.9588,1
632203304,759.7774356343907,325.5301855810961,811.1146,192.7509,1
632203321,762.6805023925053,323.0498847342374,801.936,174.2098,1
632203337,763.4466016519682,321.56433709318446,772.8398,190.9801,1
632203354,764.9741058758303,320.9460412289475,785.3427,205.5041,1
632203371,768.2625990620022,318.99046711936734,815.4534,175.9067,1
632203387,770.7224860010693,317.9908534540858,804.7245,193.7938,1
632203404,771.856915182939,316.8360550236656,785.2094,189.7407,1
632203420,774.3109046961808,315.61788015303483,808.9757,185.7673,1
632203437,777.0836747002643,314.3001152154049,816.731,181.5967,1
632203454,779.0230358901434,314.2679585323543,804.1235,209.1095,1
632203470,780.6246343944612,313.6900136845665,800.4038,195.9869,1
632203487,782.1609306659111,313.89883239272274,800.7865,212.7537,1
632203504,783.2942244870247,313.09530665586976,795.825,188.8031,1
632203520,784.4230778535557,312.52267183749325,797.3574,192.9324,1
632203537,785.5905608953932,311.77663314846313,799.8325,187.7056,1
632203554,788.9469054279145,311.61812796490204,839.9951,202.7491,1
632203570,1044.4488244738611,337.2349046106871,1059.3093,222.3918,0
632203587,1159.2015424270728,398.47115674772067,1177.6638,299.8436,0
632203604,1170.7694117437336,440.05444109385377,1199.7607,410.4686,0
632203620,1171.0010721974074,476.27248212819205,1186.74,500.2815,0
632203637,1162.673877487554,491.55489091904144,1152.0667,485.6594,0
632203654,1159.0403224443064,502.73833404283,1159.1952,497.8965,0
632203670,1184.9563720693498,569.1147778751575,1200.3794,528.0295,0
632203687,1160.1755366034802,559.3349818632463,1174.7363,515.9312,0
632203703,1153.0019281951738,558.7622827914411,1159.7981,514.9965,0
632203720,1149.2730292076012,559.8781359555092,1155.5791,520.4121,0
632203737,1143.407160194325,561.768430321737,1138.9576,528.1426,0
632203753,1138.7161403400648,561.3628433671585,1133.3618,518.0873,0
632203771,1140.1861637943873,562.4516556938529,1161.629,527.6861,1
632203788,1142.5618519453728,562.2699216133283,1171.0087,518.4435,1
632203804,1144.7931372005346,562.4908759734361,1174.1902,522.0276,1
632203821,1145.7717498860898,561.79906921086,1167.2317,512.3982,1
632203837,1149.5880776282154,561.1569417136017,1196.5583,510.3195,1
632203854,1153.4594472755687,560.1351579505264,1203.5347,503.5408,1
632203871,1154.671353584088,557.5948176375093,1179.9868,480.3547,1
632203887,1158.0688691493192,550.2756762925554,1209.6162,400.4018,1
632203904,1160.4112669441147,540.3775916967394,1202.0607,345.4318,1
632203921,1161.961347659743,531.1746099980109,1194.8279,340.8669,1
632203937,1163.2826232218363,525.6587903599318,1192.8582,392.1314,1
632203954,1164.6665235195148,520.7224295032485,1195.5452,393.9644,1
632203971,1163.6486850391184,514.5034766700226,1161.9915,362.8945,1
632203987,1164.4925390008843,508.8875771943962,1190.1497,364.6902,1
632204004,1164.4484270911814,503.40392878506583,1177.334,359.8432,1
632204020,1166.2869578388083,498.4899746157565,1208.2175,362.7784,1
632204037,1166.6021032261276,495.0099714054357,1184.3275,387.2725,1
632204054,1167.5701081438303,491.4074081393741,1196.2114,378.449,1
632204070,1167.7730663812315,486.9088981885668,1184.6484,353.4634,1
632204087,1168.819630877405,483.2555003523976,1199.7426,365.4926,1
632204104,1170.2231524868591,480.17431813006635,1206.9187,372.4647,1
632204120,1171.7745377747176,476.8949396774642,1210.8807,362.4599,1
632204137,1173.1065079309305,473.2863435559962,1208.3895,349.6284,1
632204154,1173.1732707684132,470.44945947937714,1186.4105,363.039,1
632204170,1173.1218554583045,466.8812543707296,1185.4412,340.8994,1
632204187,1173.6578075937546,462.95785759477366,1195.4946,339.95,1
632204203,1174.9640868932322,458.6261176637456,1209.1772,323.5745,1
632204220,1176.1571946365127,453.94756828401904,1208.0498,310.0168,1
632204237,1178.5490921530734,450.81877603372266,1228.8003,340.114,1
632204253,1180.2200892700635,447.65485765148173,1216.6643,332.7205,1
632204270,1181.063964529686,444.2174418559523,1206.2135,322.1732,1
632204287,1182.7577596609226,440.7644816856793,1223.8379,314.5843,1
632204303,1184.9121526931747,437.9795692413402,1233.3225,324.8953,1
632204320,1186.7321272030883,435.29695823252194,1227.6257,321.3385,1
632204336,1191.3358929740562,438.6779719085439,1279.9967,456.2252,1
632204353,1286.617197849126,671.3769450425076,1304.0537,661.1518,0
632204370,1292.5989197779343,716.2639843817612,1309.2007,721.2084,0
632204387,1287.7734620962933,727.5040788020955,1298.5828,751.7782,0
632204403,1286.0634079031233,723.9275380288724,1298.8386,722.2952,0
632204420,1285.3781516327274,734.1698127118862,1298.4053,786.4457,0
632204436,1282.7735879193465,736.3760214874418,1287.6357,760.2891,0
632204453,1284.8552160701543,739.1328785661424,1311.0096,769.2887,1
632204470,1286.047975847511,739.5001312439821,1308.9841,754.4615,1
632204486,1286.2564861689557,742.0073419990167,1302.9124,777.616,1
632204503,1284.7309671391524,744.0028727718312,1287.8792,778.2009,1
632204520,1285.2459328111713,745.7346584018375,1305.0964,778.6858,1
632204536,1287.2068268370388,745.5430769047517,1321.5901,755.7017,1
632204553,1285.9497521945816,746.0739655022066,1288.0629,767.2905,1
632204569,1284.8073658856679,746.3107968050388,1287.6709,763.8928,1
632204586,1285.9947751032378,748.2281040144004,1315.1958,790.8175,1
632204603,1285.111658153599,747.5229492777897,1289.8472,750.2075,1
632204619,1284.8468019465388,750.5799039137328,1296.1913,816.4604,1
632204636,1283.6384641148347,751.0701896337309,1283.0071,773.8331,1
632204653,1282.3917663583914,751.55778698106,1281.1448,774.8214,1
632204669,1281.752237431086,750.7433962809691,1289.7212,749.5812,1
632204686,1282.0309759211118,751.438058504426,1303.0552,779.2485,1
632204703,1282.0156272095844,753.1739490153551,1297.9519,802.1997,1
632204719,1278.5712499151664,753.3835134853766,1241.5514,773.9255,1
632204736,1277.4727853921815,755.3687325428068,1278.0314,811.5846,1
632204752,1274.384829112323,758.4642920754834,1242.489,839.4219,1
632204769,1272.7184857107331,760.5011181403931,1265.5791,817.4988,1
632204786,1271.9910677267835,763.4221360119554,1280.353,838.9232,1
632204802,1270.0531438760227,767.0347041441735,1257.5105,858.1587,1
632204819,1268.1269293390444,769.0622113767109,1256.8936,824.5167,1
632204836,1265.603321113319,770.9934038197783,1244.6196,825.0959,1
632204852,1262.996327360848,773.450885702588,1241.1344,839.8937,1
632204869,1260.969499545884,774.1495041739059,1254.1563,792.708,1
632204886,1258.786270086733,775.2168680058786,1248.1941,807.6833,1
632204902,1256.2297842037647,776.049491719551,1239.7334,802.0621,1
632204919,1254.0319278253519,778.5898829224153,1243.5668,851.1709,1
632204935,1251.2293838641854,780.5724158985968,1229.7026,837.8596,1
632204952,1247.85334952631,782.0250099521617,1219.8823,829.2528,1
632204969,1246.6262658378344,782.7485674911173,1256.6526,811.4636,1
632204985,1247.2756080156478,788.376857382585,1285.649,929.8148,1
632205203,1798.1666412274312,936.8762952018602,1831.8428,996.367,0
632205220,1702.2223526619807,568.9323271627832,1740.6545,506.0478,0
632205236,1660.7337730299184,479.2062509934727,1658.4924,268.7345,0
632205253,1627.5001510126356,409.5997073968465,1601.1343,112.6414,0
632205269,1607.166021394113,377.52081636571023,1586.1353,129.612,0
632205286,1594.907255107706,356.14643754680384,1586.8889,117.1837,0
632205302,1560.0092041596233,282.6311862581074,1599.1375,127.3641,0
632205319,1583.2982406452368,283.49088854719815,1623.4412,127.5405,0
632205336,1571.1372798226623,290.84727616027084,1597.7097,148.3035,0
632205352,1567.5422157451972,293.0717776436417,1599.2441,147.262,0
632205369,1567.920893353041,294.07569502404624,1608.3411,146.2607,0
632205386,1552.7016528534914,300.42109270194845,1528.1797,187.405,0
632205402,1163.5104376897223,428.9705653961273,1181.4164,340.64,0
632205419,1042.4646685723578,492.18952664714374,1053.437,430.6644,0
632205436,1038.4458348349983,493.1859323067715,1045.0038,433.6758,0
632205452,1030.5330745850265,497.9256826544973,1024.2002,452.181,0
632205469,1030.9003768724733,501.5483511136056,1042.1504,457.9994,0
632205485,1024.9359609983885,501.5942467882819,1010.5793,445.0115,0
632205502,1019.5643515338522,504.50160057901553,1002.0245,468.0016,1
632205519,1018.2173901005879,504.32765682794616,1020.5512,446.4174,1
632205535,1017.3135327489849,504.20307495693004,1021.5549,446.4886,1
632205552,1011.1007767672497,505.6686906270091,972.3938,466.3645,1
632205569,1012.6089859899297,504.9136593463352,1037.2522,439.2372,1
632205585,1010.4242022044666,504.20619826577365,1000.7047,439.7989,1
632205602,1008.4478898974651,503.8838069975173,999.4686,444.0669,1
632205619,1008.0469572935309,504.66416671792194,1015.0728,459.9137,1
632205635,1006.8984158001505,505.3565385849967,1004.8333,460.3032,1
632205652,1005.1274375963103,503.9765969034993,995.4614,426.3228,1
632205669,1001.1915522039994,503.5431972697034,962.6475,442.5068,1
632205685,997.6286160996644,504.55073593518483,962.8716,468.7051,1
632205702,955.3826679637523,541.0404487428146,961.2842,499.9574,0
632205719,951.3616221398017,538.2113961351731,957.1537,496.3254,0
632205735,959.0908612957825,540.7350084578535,973.1555,502.4491,0
632205752,955.5466732645389,535.3191801595607,954.4625,478.0837,0
632205768,957.3246910816514,528.2723364722187,969.6572,454.5238,0
632205785,963.2038659544733,528.1925142495837,993.8292,481.3518,0
632205802,962.6902213053926,530.680487590326,965.918,502.4751,1
632205818,957.8330305334741,760.2758736269701,958.4673,794.4081,0
632205918,652.3437033175198,581.7016838098373,643.7709,567.3221,0
632205951,670.3598037211532,563.8137497314355,682.2338,517.8044,0
632205968,654.7957036469966,563.1698322080603,614.4139,542.0266,0
632205985,665.6511226996588,564.1158090267587,691.7949,545.6774,0
632206001,663.5982444461713,563.6600267354429,647.4059,540.6433,0
632206018,643.1044088801373,576.0906115464942,634.2583,560.1716,0
632206035,682.8043097717696,574.5693953455882,675.7611,556.4595,0
632206051,674.80842918005,562.9276940888467,659.6495,525.8881,0
632206068,671.1504177202695,559.9510142134569,656.5406,529.7436,0
632206085,667.5605365867722,566.2009106391693,648.571,571.3324,0
632206101,667.4027016909347,570.6150144580944,658.9106,574.9698,0
632206118,667.4900134286715,571.1816247358994,660.4429,555.8199,1
632206134,671.3559498816843,572.6442834270671,687.1677,564.3051,1
632206151,669.4569158606614,575.2626450468773,647.9636,581.2806,1
632206168,671.0289145817974,575.5607796156488,675.773,559.7288,1
632206184,672.4808631191838,575.6350707542946,677.3427,557.5729,1
632206201,670.8918933970891,574.9321776618094,647.8616,548.442,1
632206218,673.2685577715936,577.8748842399045,689.3136,598.4373,1
632206234,671.3353303630074,577.3690315769686,641.8328,552.6454,1
632206251,672.5796238194806,578.7445578173731,679.0411,581.1116,1
632206267,673.6531173453942,580.3119062562256,678.2882,586.8484,1
632206284,674.2675648175644,580.7267925610537,673.5582,568.995,1
632206301,673.9631066501667,582.0113793288651,660.7041,586.5123,1
632206317,673.5116093587291,578.9213015164423,659.7823,504.2718,1
632206334,673.4342675878726,575.260141535241,665.4819,489.2309,1
632206351,673.6193778240056,573.2922787371745,669.0869,519.6461,1
632206367,673.035378486606,571.5970373960372,656.7555,523.7867,1
632206384,673.2799435031725,568.6178225936441,670.6633,494.1395,1
632206401,674.4380128441825,566.8550774321013,685.8492,517.1163,1
632206417,675.1501978190755,566.1397539835648,678.5414,538.6322,1
632206434,676.2776525138783,565.0304372513972,686.4277,528.3383,1
632206451,676.1214146562165,563.5140321853023,664.7106,518.5709,1
632206467,684.0643908994724,561.3947059111346,809.1479,497.2979,1
632206484,1010.5430027478583,518.4495072756376,1019.4517,467.2874,0
632206500,1002.3112362839556,528.5111264001017,1010.6071,481.1516,0
632206517,1013.6464381531367,522.0810908337788,1034.5706,462.9439,0
632206534,1024.9784451601413,521.0771785014723,1057.9745,466.6306,0
632206550,1019.5509482984388,519.1819195249165,1011.9354,461.093,0
632206567,1017.6862257649802,521.0147811862331,1018.9644,480.546,0
632206584,1016.360821734773,520.9719869549382,1018.7765,470.4342,1
632206601,1018.944022908563,517.150432021693,1044.5193,434.9193,1
632206618,1019.4262153353898,516.1854975781305,1032.1538,455.6396,1
632206634,1020.4375615506017,515.6930697799319,1037.6672,458.5677,1
632206651,1021.704728417684,516.9581134509849,1041.5261,479.2838,1
632206668,1021.9847916148397,518.7001174757747,1033.0543,488.7216,1
632206684,1022.0238191260839,519.053390635525,1031.1002,472.0752,1
632206701,1023.2542682996451,520.1369427184351,1045.3193,483.4631,1
632206718,1021.4114630384274,520.1303643051396,1008.2839,469.0756,1
632206734,1023.2173481346895,520.4320926236949,1054.5627,472.5241,1
632206751,1024.1093446596904,519.3908832158234,1044.4784,449.3842,1
632206768,1023.6666264691822,519.4476701635135,1025.8811,469.1187,1
632206784,1025.597156750101,520.2178872079569,1060.8269,481.547,1
632206801,1024.709813283328,520.4133485600431,1019.4547,472.7776,1
632206818,1025.9515912063066,520.8457717694544,1052.5016,476.5569,1
632206834,1025.4577875527643,522.7474874564557,1024.8857,508.8322,1
632206851,1025.4750755380578,523.4593528542229,1033.6128,485.0051,1
632206867,1026.8141414417573,524.5693009076765,1055.915,493.5538,1
632206884,1028.0666393586923,525.9965891133155,1055.2211,501.6816,1
632206901,1027.5135960054631,527.0715475553087,1024.8422,496.3507,1
632206917,1026.9217733164678,527.7059345566089,1024.3536,487.5203,1
632206934,1030.3676416981914,528.8036256190458,1095.9404,496.1238,1
632206950,1033.4846839605018,530.8167886895174,1091.1199,518.5573,1
632206967,1036.0979305954713,531.0030221835128,1084.2024,477.9089,1
632206984,1039.7330849067857,532.0764150584425,1103.8118,498.8083,1
632207000,1044.7210129867312,533.314406473985,1125.7981,502.3573,1
632207017,1047.6432152178172,534.7115985603891,1092.3945,506.7548,1
632207034,1050.026093268546,536.6711342301865,1086.4509,522.0414,1
632207050,1053.1842767540281,538.1978462175548,1097.7205,512.1603,1
632207067,1056.7648204086709,539.1228300946889,1108.8457,501.2795,1
632207084,1060.4716445653705,539.26065030477,1113.9844,483.0371,1
632207100,1063.7857286911183,539.7529764164552,1111.9832,489.4692,1
632207117,1066.5642093202932,541.4391496641283,1102.9719,521.7381,1
632207134,1068.716126833216,543.2709599187822,1094.8655,527.3692,1
632207150,1072.1237505887257,543.869296798205,1121.4275,501.1272,1
632207167,1073.8759709475462,544.2341749238676,1093.3252,498.9981,1
632207183,1076.762605509947,545.2990423807782,1116.4458,513.8881,1
632207200,1079.8939068982188,545.3749485114674,1125.7258,492.9348,1
632207217,1082.2444495694385,545.6065548334059,1110.5247,496.7167,1
632207233,1083.955697181555,545.6250209209272,1106.998,493.6771,1
632207250,1085.8848016678721,541.518559147899,1114.2889,395.5527,1
632207267,1088.1031332922735,533.8721119078135,1121.8706,315.353,1
632207283,1089.8299947392634,525.8860772245058,1119.499,308.8053,1
632207300,1090.1875398239586,518.6375356234986,1092.4092,324.7691,1
632207317,1091.3966273136314,510.28444496279894,1114.5205,296.4166,1
632207333,1090.65042445868,501.65613910030146,1078.3926,291.3964,1
632207350,1092.0354780540845,493.93071000745726,1120.0165,303.8883,1
632207367,1092.8767756438492,487.1130630012356,1113.9565,321.2316,1
632207383,1093.7647230290997,481.254710918965,1115.8589,338.4706,1
632207400,1095.6151016047816,474.90024266794023,1131.9854,318.9563,1
632207416,1096.9955469226302,468.70754920179445,1125.1559,315.2057,1
632207433,1097.480896240332,462.6859593885351,1117.7651,313.4726,1
632207450,1098.277036263476,457.9412558524395,1123.0222,337.6903,1
632207466,1098.421661178739,453.6414350408626,1110.9871,336.2936,1
632207483,1099.7726219221959,444.806458044604,1137.6558,223.715,1
632207500,1129.083162822606,311.614791457652,1148.3359,184.4134,0
632207516,1148.5572680206335,321.9598069431959,1168.4224,197.4941,0
632207533,1136.035061804535,320.86233457499435,1142.3513,195.5998,0
632207549,1131.1875729419671,322.3518208193777,1140.2021,203.1373,0
632207566,1132.0143274625377,318.2218965801282,1154.2375,176.5857,0
632207583,1129.8944470277982,320.22987477205425,1140.1986,207.0305,0
632207599,1131.4909862285772,317.6462633037926,1159.3372,175.2083,1
632207616,1131.5600222601263,315.75031621712327,1151.5898,175.3931,1
632207633,1129.8580164052964,317.17756403960874,1137.0044,205.6,1
632207649,1126.5028372078295,319.3553091180605,1119.0413,218.1668,1
632207666,1126.2756525190487,321.2764538391187,1143.6685,218.7694,1
632207683,1125.1661576865886,320.6673038500881,1134.5029,188.9063,1
632207699,1124.258688671884,320.44190562767244,1134.9285,193.2751,1
632207716,1123.9234646218224,319.4781996444009,1140.6237,181.223,1
632207732,1124.4325286438714,317.9817844155094,1150.9933,170.4086,1
632207749,1122.907789285252,318.1795644973224,1123.9263,198.0701,1
632207766,895.929849396953,340.78514987867396,904.0981,233.4028,0
632207782,695.7292237383112,342.36920942411734,694.955,243.9439,0
632207799,712.0965278805447,348.0625514173187,728.8232,257.8491,0
632207816,703.755413210107,350.46141289534364,685.6233,261.5453,0
632207832,696.8817512870319,355.20567742309663,674.2629,280.8066,0
632207849,697.1272079857065,355.5715847082608,697.3276,263.2263,0
632207866,693.2321836658518,359.2151592566709,671.9642,290.9817,1
632207882,693.5046150509688,357.39836599188396,694.7045,249.4082,1
632207899,696.0869717461272,358.8339035172312,713.1366,277.7809,1
632207915,696.318474116197,360.0204828519883,696.8507,278.9239,1
632207932,681.6851732532225,384.2961617990907,679.2582,300.865,0
632207949,662.400570814585,346.8264785790445,660.0348,251.333,0
632207965,678.4698156899119,365.2951396509305,692.6554,299.5481,0
632207983,683.922705541461,370.58816454326006,692.9088,295.9085,0
632208000,689.7844122092752,371.7502510229559,705.9261,287.3431,0
632208016,690.4399693977858,367.8482349592432,691.5251,257.4578,0
632208033,694.1622829903183,367.30416810182834,711.3063,273.2063,1
632208050,692.4491556823867,369.5748776371998,679.5649,298.7473,1
632208066,688.8734998137543,367.54908244933546,662.2141,260.7092,1
632208083,691.0869991049814,367.73427526995204,706.8828,279.5029,1
632208099,690.8258138559252,367.4487811334083,686.7139,274.8353,1
632208116,691.4267160666041,367.85356792322773,695.2378,283.2451,1
632208133,691.9934892767719,367.9424496155359,695.8822,279.4341,1
632208149,692.3142846178829,366.6808515941564,694.1654,258.7824,1
632208166,692.5195776256326,367.36279651382415,692.6404,288.3544,1
632208183,692.3591725236723,367.8056975036801,688.1275,285.5489,1
632208199,692.7815893110344,366.92500863272227,696.5258,262.1776,1
632208216,693.7684639441268,367.13152908964247,704.877,280.8049,1
632208233,694.0967446560793,365.4832795845335,696.7402,245.6671,1
632208249,694.3062733629891,365.0774179964771,694.8981,268.3491,1
632208266,693.5967725247718,369.136728719681,678.9669,359.4124,1
632208282,694.0216635627204,376.2276129914293,695.6984,425.9871,1
632208299,692.040990481757,380.63330672456794,657.1543,377.0098,1
632208316,690.3859201903213,386.1760500180489,660.9363,405.739,1
632208332,688.9499123597521,391.32752041272533,663.7802,402.0336,1
632208349,686.441853556304,395.41349255321705,644.632,383.7639,1
632208366,684.6789436243658,400.33494755494513,655.9384,406.3813,1
632208382,683.3014628804353,405.022765123576,661.6962,405.5196,1
632208399,681.942980932653,410.8664003549946,660.448,436.9506,1
632208416,682.1963076243796,415.8247921120471,688.8223,420.5898,1
632208432,681.0616652344503,420.6854388490578,662.8615,424.5765,1
632208449,678.731240925729,424.7972861507586,638.6932,402.7707,1
632208466,676.7056167535968,428.3038028614466,647.1005,399.0569,1
632208482,675.8232474990342,432.39343305878793,666.3191,416.74,1
632208499,675.8018922893096,436.1693283286744,681.9977,413.3371,1
632208515,674.7813190974402,438.78479813898474,661.269,389.5606,1
632208532,673.3509946581568,441.9640591295095,654.2557,410.7312,1
632208549,673.0393313004553,448.4998827552036,668.3848,496.795,1
632208565,681.7859301043089,604.3552740132457,673.967,596.5211,0
632208582,660.9531796233314,577.5206604498592,652.8658,561.3429,0
632208599,661.9772639216894,583.0921957759942,654.7294,576.209,0
632208615,665.3147913041246,585.4964610654672,664.0315,577.9785,0
632208632,667.0973551722238,589.0050825036373,664.21,590.1844,0
632208648,665.4207689280075,590.0836779106173,650.1393,583.777,0
632208665,669.7821653872988,589.8334264503234,683.9497,574.7001,1
632208682,671.2283753478317,590.73169821948,671.5225,585.0386,1
632208698,671.7649719420363,593.7721880197963,666.5086,609.4253,1
632208715,672.3695350275884,594.5327144372939,668.4451,590.3397,1
632208732,674.1049452974139,593.4802229456178,680.9018,568.877,1
632208748,677.6456531364888,593.2631023760274,702.6588,577.1533,1
632208765,678.3934771151066,595.6112293562135,675.9764,615.1392,1
632208782,619.2180466403917,759.7054516447199,604.8069,807.871,0
632208798,638.7851559670578,720.3552483104615,626.2092,754.1798,0
632208815,641.1335897192,734.4473859179914,630.4185,791.8015,0
632208831,645.6055533951828,739.0654669845485,641.9205,790.8928,0
632208848,643.9025355213971,739.8012312016742,625.6715,783.0496,0
632208865,645.6723388874615,740.7885938776532,640.0371,786.0462,0
632208881,640.308397981456,742.7543540392384,599.6602,797.8834,1
632208898,638.03707105373,748.1028385160195,610.5923,833.0783,1
632208915,639.593972616353,755.1470325760254,636.4232,862.2876,1
632208931,639.0337756581163,758.3680966573329,620.8872,835.547,1
632208948,640.2545590668345,758.7871357445106,637.754,807.0356,1
632208965,641.0760828969294,759.743797183803,635.377,815.4547,1
632208981,640.6058058471672,758.8021408503001,622.5035,790.4655,1
632208998,641.9738734098958,759.5488114420866,643.4781,814.1639,1
632209015,642.6319317396366,759.1053242443706,636.672,796.5235,1
632209031,643.3629415992974,760.0685328322306,638.0852,820.0915,1
632209048,645.0602776428833,758.8787185686366,653.1426,782.6482,1
632209064,646.8862707973166,756.1180701850362,657.5306,751.7739,1
632209081,647.420740760418,752.8329361950886,640.4353,738.9055,1
632209098,649.6465578713406,750.2845623817622,667.0333,748.5215,1
632209114,650.5851958027821,747.6087724420208,648.879,743.7202,1
632209131,650.2263842363167,745.5833332807225,628.6813,755.127,1
632209148,651.17218747081,743.0455368318554,650.635,741.0283,1
632209164,651.3908437594517,742.3433583545614,638.6514,778.5981,1
632209181,651.5729174895685,740.7395851270159,638.9346,757.3998,1
632209198,652.9555402141858,740.0672620688565,659.9569,775.3986,1
632209214,653.2753384129919,737.6050817302782,643.0786,734.1837,1
632209231,653.5552638241945,737.979212340676,641.8327,796.6626,1
632209247,653.9817765560547,736.8529591243034,645.7019,760.8119,1
632209264,654.9693569965015,736.5431083685211,656.1505,777.6864,1
632209281,656.7049794947793,737.7384005833198,669.9143,810.9683,1
632209297,657.7005996524914,738.7007305008597,655.5024,802.7397,1
632209314,657.6586554258395,736.9754033767529,639.1324,743.64,1
632209331,659.2887033234738,738.4002840925564,670.238,814.8552,1
632209347,661.977654614037,739.9432827200341,688.5189,814.931,1
632209364,663.6530553882983,741.7217088629568,672.4858,820.7753,1
632209382,664.5036908714266,743.9916997989968,654.1703,833.6283,1
632209398,666.1308452047388,746.2434784571752,671.0138,835.8992,1
632209415,668.1974681779743,748.23889692446,683.1307,832.1222,1
632209431,669.7969073292425,750.7864111098182,673.8933,842.3268,1
632209448,670.961125406899,753.2492325723474,669.0891,838.2814,1
632209465,672.8650026497091,755.0985165721395,683.7313,825.5289,1
632209481,673.4770537339231,756.4634231003107,660.3723,814.0848,1
632209498,674.5998200704811,758.3881610547829,672.9994,831.2285,1
632209515,675.7580121240018,761.8095230626709,673.432,866.2875,1
632209531,677.5673290148387,762.3226646474294,687.9037,802.4075,1
632209548,677.8309863773344,764.4954756851569,661.8132,840.7557,1
632209565,678.0619733280829,766.4348953577912,662.7827,834.9174,1
632209581,679.3381963356727,768.8849198793177,680.7834,848.0265,1
632209598,679.0229859504012,772.0318481301452,655.3419,869.8621,1
632209614,681.5457840205125,772.77384760612,706.9118,814.239,1
632209631,936.6905857277604,612.228233774881,940.0151,596.3872,0
632209648,990.1071245345166,575.3220204822264,996.7123,544.5572,0
632209664,981.3090994995592,580.839188624609,978.0869,560.1021,0
632209681,980.0733857478107,585.8724771266969,983.2106,572.6565,0
632209698,975.8457047010311,589.2978394778385,968.2017,577.9628,0
632209714,975.6613276176614,586.5299119840196,981.0603,545.3767,0
632209731,977.0488494768841,584.6512366494387,990.3171,544.9917,1
632209748,977.185922152605,582.0197447374927,984.3362,533.7518,1
632209764,979.0937621191291,583.5566223507155,998.0804,569.7556,1
632209781,976.9004092725529,586.3703858543195,964.7277,589.2123,1
632209797,976.9145017845701,587.2682999980201,982.7666,570.7335,1
632209814,976.8660729415565,587.0161804808935,982.3735,557.0756,1
632209831,978.1107648559012,584.1921719803905,997.6035,518.5945,1
632209847,979.0686437879805,583.0576787171958,995.597,539.4862,1
632209864,977.9946787545437,581.8046321721483,971.1746,536.4899,1
632209881,978.0929825041417,584.0423842469515,984.3895,593.7064,1
632209897,981.1746416506195,583.9327474945036,1026.7952,553.3489,1
632209914,981.1579479046186,582.2226494891585,985.9513,525.0189,1
632209930,986.0118254221952,572.8128516534802,1061.7346,371.4175,1
632209947,1027.3280464470886,390.8913901231514,1040.1113,295.2014,0
632209964,1009.7437465404968,398.348332462268,1021.5621,305.9591,0
632209980,1012.8343100482635,388.97381576480757,1028.4691,280.5414,0
632209997,1024.7612389348217,391.97355152570964,1061.9962,303.8412,0
632210014,1029.696636967937,391.9732504292574,1057.6372,295.9493,0
632210030,1031.0899889766608,391.3786698420091,1049.4436,292.3487,0
632210047,1029.069671172477,394.6748653156605,1030.7671,322.2173,1
632210064,1030.8490273044279,393.039251845687,1054.4602,284.5421,1
632210080,1028.53620179087,393.61891809974503,1024.7112,304.6085,1
632210097,1027.5310012407529,394.80127818451604,1032.052,312.5376,1
632210114,1027.9121818651226,394.7822375664118,1044.0549,299.6455,1
632210130,1028.036131947689,395.05800604735106,1041.9043,303.7062,1
632210147,1027.969510015522,393.0441618450587,1040.5493,271.046,1
632210163,1026.198025550381,393.2493337409007,1019.3824,302.4333,1
632210180,799.916895689319,247.13757721449107,806.1116,111.6173,0
632210197,601.7515339860792,161.8787145834961,601.2239,5.3951,0
632210213,596.7030834893477,152.9003738640259,591.1311,-18.2762,0
632210230,585.0688647334482,142.98165299981733,560.6228,-44.7447,0
632210247,575.2707832666774,142.2339059107287,543.9667,-21.391,0
632210263,574.1042123229583,146.14651046534715,568.0803,6.5075,0
632210280,574.3621696734824,155.64912935937846,572.7692,-1.8237,0
632210297,564.6499912309143,148.2595060601249,562.8063,-11.3439,0
632210313,565.3755644410645,146.9359152323206,564.3849,-14.957,0
632210330,564.7043143635404,146.75229172352223,561.5118,-13.7961,0
632210346,560.1997872752263,149.5472838758581,543.9819,2.2795,0
632210363,560.7741302285382,150.56617819168656,561.1069,-2.9101,0
632210413,307.8680987899709,147.28529766162904,588.506,-3.7198,0
632210446,402.1710866647161,152.19401356209926,587.017,6.0106,0
632210463,446.2139531422633,157.80956416673519,571.8875,23.3141,0
632210480,361.6326924440715,154.2174552119277,0.0,0.0,0
632210513,551.6376624202567,188.7961525277788,548.2212,43.6659,0
632210546,553.2987574225527,188.45645728526858,551.7033,42.6149,0
632210563,551.5426158309505,183.5327115595172,544.8367,23.601,0
632210579,621.0287674069627,232.28539549016796,831.2653,284.8111,0
632210596,677.0226224577143,277.0765779583947,900.1172,382.1793,0
632210613,904.5683063568684,474.01856711096696,909.8535,412.0455,0
632210629,885.0974859278622,488.0237042596971,889.1733,431.6803,0
632210646,883.2885243399711,478.6400416340768,885.8589,406.6494,0
632210663,889.6872589915706,467.1163791936522,908.3315,372.1579,0
632210679,895.015224870773,464.0710074309208,916.7416,386.588,0
632210696,894.6706316546845,462.5247448329906,898.2708,389.3447,0
632210712,898.5184468481343,466.8285628564036,922.5006,430.4829,1
632210729,899.612865705997,466.64471382510277,910.9696,400.7372,1
632210746,900.488489396786,467.6301597513441,911.0648,412.3044,1
632210762,902.3098284227789,470.76360294085384,920.5786,438.7161,1
632210779,902.7669607024912,471.44307887714257,910.9044,415.329,1
632210797,903.1782304169889,474.52840030055637,910.6052,449.4099,1
632210813,903.1087902818236,476.79045446337904,905.9788,443.8559,1
632210830,902.5404093474742,477.4731352305385,900.3141,424.0378,1
632210847,903.4761825362992,478.5207505055812,918.5944,430.6352,1
632210863,903.2244486220255,479.8407774090183,903.9147,437.8324,1
632210880,903.6644480654439,481.42575027367104,913.2107,444.4848,1
632210896,903.1621716002064,481.06223062728145,900.7677,411.2924,1
632210913,902.9672004704344,481.74966852385063,904.5809,431.245,1
632210930,903.3332127240876,482.0143260973686,913.2667,423.7012,1
632210946,904.5099958837095,481.81935809848204,926.6667,414.4789,1
632210963,902.7454797627311,482.6230883348965,879.5625,437.4119,1
632210980,903.1361222986953,484.49954721537705,913.689,460.0119,1
632210996,901.4412431590993,486.1773250346707,878.8341,459.0961,1
632211013,899.892527848352,486.6221317090973,880.8621,433.6443,1
632211030,889.5454772388173,488.19534931017176,726.5858,465.9971,1
632211046,879.0408116232929,490.4159391344822,718.5122,482.5648,1
632211063,705.8151527956179,530.6719186770681,700.8718,496.5141,0
632211079,699.9768785678943,516.0640947193881,695.1321,477.1331,0
632211096,707.0670224770249,519.427009075381,709.7596,485.5629,0
632211113,701.5898225774538,516.8094182870587,685.5195,471.5135,0
632211129,699.9652440404428,518.1865404229039,689.9865,485.7016,0
632211146,698.8302024604452,521.5050656319474,688.9292,502.1475,0
632211163,701.5489333851975,523.6966085300916,710.2936,500.8338,1
632211179,698.8946372631945,521.835390376728,678.065,470.6866,1
632211196,698.6991836008082,522.8692834545119,692.329,495.438,1
632211213,700.4541812447485,523.258661387972,709.3873,489.7874,1
632211229,697.6498118452165,524.1276688944257,667.8892,498.3385,1
632211246,698.0856104809989,526.5124064026169,697.0336,519.5705,1
632211263,695.746976254637,527.0489893687628,666.7096,498.7419,1
632211279,696.3992317878412,527.3166453613094,699.2845,494.367,1
632211296,695.6242686319422,529.2402322957616,681.4801,522.7172,1
632211312,695.2148678656008,529.3459196082127,685.8047,494.6793,1
632211329,694.4828385731988,529.7257631490417,680.6431,500.1287,1
632211346,693.023061081066,531.091888500798,668.8473,519.6889,1
632211362,699.0843550876803,530.9679689234569,780.3625,488.5373,1
632211379,929.2562402317942,501.2828653265394,934.9708,447.639,0
632211396,894.3812284052808,498.52106263909167,898.6125,445.3939,0
632211412,896.0336202180882,504.5309909771898,901.7655,461.384,0
632211429,903.0528103496516,499.46051251134264,922.4556,432.1266,0
632211445,904.2812591521349,500.8462610578929,912.4777,453.5358,0
632211462,903.4260260543206,504.17100719200585,903.9407,470.289,0
632211479,904.3430347552538,507.95898386155443,912.8893,482.0073,1
632211495,902.4567947957257,507.2931627906665,895.3881,451.559,1
632211512,903.6031491213716,524.368655946312,912.8367,631.6785,1
632211678,902.4632795532418,531.3147339365725,895.9773,556.0792,1
632211712,903.9740651442069,528.0188275629388,921.8821,442.3868,1
632211728,907.6229461124555,527.7194961509257,946.2908,475.2821,1
632211745,910.5383597606508,527.0210564476561,943.8174,469.2044,1
632211762,911.7680054584475,527.2344257278588,927.6497,482.8771,1
632211778,912.6016621819304,525.8778192892436,924.8881,457.9625,1
632211795,913.9723232727141,527.0244817994693,932.53,498.5973,1
632211811,915.9515761189627,525.5188226425872,943.6708,452.6563,1
632211828,916.4480374795884,524.6682119342051,924.4512,463.7108,1
632211845,917.733883807896,523.5236571571123,937.1937,456.6086,1
632211861,920.0186488547337,522.2544896355275,954.2142,452.2077,1
632211878,921.4424156262646,520.896020686055,942.9744,449.5015,1
632211895,922.4088193259804,518.9257251830095,937.3998,435.5727,1
632211911,923.3942885149511,517.7511585194973,938.6626,450.5332,1
632211928,924.0623738531776,516.747901410724,934.4735,453.174,1
632211945,924.8055345016711,515.6147308386018,936.8381,449.0895,1
632211961,925.4722883659911,515.4518923059816,936.1648,469.5656,1
632211978,926.1232843147925,514.7565373889565,937.0976,456.808,1
632211995,926.7721572891991,514.0482397330892,938.0368,455.4993,1
632212011,934.1843136048933,514.5457828663268,1059.8254,477.41,1
632212028,938.9032470882856,516.9436096094623,1013.4551,522.9374,1
632212044,944.6891891696284,518.087993890555,1035.9629,492.9362,1
632212061,948.7032214611205,519.4153567127926,1000.7618,495.8167,1
632212078,954.1429938205592,520.4184386150828,1030.0009,488.8812,1
632212094,958.7602969353876,521.9904895863764,1019.8987,499.8455,1
632212111,963.8438675001702,523.1059839186124,1030.6001,491.5306,1
632212128,968.2673867742409,523.6829520266792,1021.4019,481.4565,1
632212144,973.7031814094097,523.6398744545227,1044.801,467.5957,1
632212161,978.4054566040229,524.9693372114281,1032.9802,497.3297,1
632212178,982.8024054985444,524.671520693633,1034.233,478.242,1
632212195,986.4242244355262,526.7061282587528,1021.6439,523.9474,1
632212212,986.7110056319891,527.6862566596582,968.521,489.9133,1
632212228,988.2952976881313,529.4825990940508,998.2499,512.9999,1
632212245,988.460601189022,530.557324121247,975.8978,497.709,1
632212262,989.7563617701211,532.1675739262323,997.9023,512.1845,1
632212278,991.633257814678,532.6066875882996,1011.9923,483.0831,1
632212295,990.751005837514,533.8549674936114,965.329,509.8149,1
632212312,989.8651751985656,534.4818707281121,969.3922,491.6995,1
