timstamp,smoothx,smoothy,rawx,rawy,fixation
629437632,912.3786911194782,480.1281408185132,857.1815,487.0833,1
629437648,907.057979779524,483.28813810178536,847.9094,529.7033,1
629437665,900.181771973275,483.63758160902074,816.546,482.9973,1
629437683,893.5521580827593,483.5298405674478,818.585,479.3763,1
629437699,897.4878016832756,482.48959251772635,997.1024,469.3201,1
629437715,892.5725138962321,484.65716885471306,837.8882,523.7727,1
629437732,886.7427458328443,487.06588064927405,817.3127,525.7928,1
629437748,882.5544085635432,488.5937420797226,841.2631,514.6871,1
629437765,876.006708434735,487.975319279771,796.8646,476.8675,1
629437781,869.1450974671208,487.5488547808736,784.8093,482.1902,1
629437798,864.7447141354085,488.00638826904196,818.1021,502.4498,1
629437815,866.4419655572472,489.0614340449578,922.6829,513.4948,1
629437831,868.196043388253,489.8376483805165,921.8439,508.2703,1
629437848,867.6075608593725,490.8779624317571,881.4918,510.6675,1
629437864,867.7970274009384,489.84844735692155,891.0169,479.3135,1
629437881,867.4977089831237,489.5337209461548,881.4796,493.3077,1
629437898,870.3047931194762,488.5871351005402,929.4623,483.3419,1
629437914,872.2460110850005,489.2233970665225,911.3911,506.3717,1
629437931,873.8025204785487,488.2864913115961,900.5128,482.6358,1
629437948,877.935746364719,487.8905710128596,946.7703,493.2789,1
629437964,879.4377470175456,492.82939160492396,895.7559,588.9133,1
629438114,1204.266664507965,892.3445956002104,1196.0723,915.0048,0
629438131,1069.416861176004,578.8054453946663,1064.0803,596.4915,0
629438147,1066.816238267814,603.8038407711764,1058.2595,646.2277,0
629438164,1072.9648432589777,598.6889719760202,1079.8479,606.6679,0
629438181,1075.277648122459,591.1081471625165,1076.9204,586.7425,0
629438197,1071.3344244597006,591.1686921573556,1050.1348,608.7643,0
629438214,1076.7032481446035,575.8953698391487,1071.4479,593.8519,0
629438230,1107.5868285941353,540.6117789967748,1102.9481,559.7167,0
629438247,1093.4115734059415,567.1374665146212,1073.8235,611.6458,0
629438264,1088.0063077631178,577.3242033152435,1071.8291,615.412,0
629438280,1073.187966164942,579.113815349632,1023.7539,600.3354,0
629438297,1091.2775019679714,570.4365948923738,1158.6321,557.2051,0
629438314,1102.849889285867,567.2277415361814,1154.3665,572.7332,1
629438330,1117.5401711873944,563.7211312522678,1197.1467,566.3893,1
629438347,1128.7682383792971,560.4848451176399,1196.8948,562.192,1
629438363,1136.0110994220472,560.6410472211085,1182.0128,584.9291,1
629438380,1142.0822977269206,559.4519864459072,1183.3531,572.6491,1
629438397,1148.699518069936,556.3184086391741,1199.0222,551.6677,1
629438413,1152.25176022172,555.0795624890621,1175.7244,566.5787,1
629438430,1151.15698974861,549.9502228453806,1127.9001,518.1129,1
629438448,1147.1662397527862,536.3850597579847,1092.8054,407.142,1
629438464,1141.0438944428427,524.1637652306384,1060.9644,406.027,1
629438481,1135.2096227852185,511.91878506655604,1058.3794,390.9166,1
629438498,1131.2610135903044,499.86258877421943,1078.8798,380.2659,1
629438514,1125.880875596651,487.36844504076817,1054.6987,359.8775,1
629438531,1123.7970560062088,474.95285962180577,1098.9539,349.5839,1
629438547,1120.8475236118747,463.9562022433563,1083.6737,358.0065,1
629438564,1118.7108339426895,456.37579299990625,1093.2672,400.3546,1
629438581,1115.626563449059,448.6479134054161,1076.2605,388.8945,1
629438597,1112.059748368288,440.0408540956057,1066.0538,365.8426,1
629438614,1107.961951672812,433.43195863194006,1054.1006,389.3431,1
629438631,1105.501304634321,427.2220815366056,1078.3423,389.1036,1
629438647,1100.8334405491103,424.2764425254251,1037.873,435.0866,1
629438664,845.2641182531838,522.3990074279533,839.1613,531.7769,0
629438681,842.2749463667909,525.6410434594783,836.1145,534.9078,0
629438697,849.47005419117,550.3088224822677,849.9935,584.7092,0
629438714,853.6321652768554,567.3584297794994,854.936,611.1028,0
629438730,844.622654231748,577.2813122358546,810.5399,614.6716,0
629438747,848.3389913116524,581.7668722186747,856.203,608.7362,0
629438764,843.9605108846267,582.2448951683057,815.6802,592.2347,1
629438780,841.9595202465879,585.1171513892806,823.5826,609.6638,1
629438797,842.4808031479612,587.0061812035858,839.4495,607.8784,1
629438814,834.9434326929725,581.5510461198318,772.0411,546.1995,1
629438830,837.2741970074877,581.3398884250217,851.604,589.1036,1
629438847,839.3292680823813,581.5786938464463,852.3699,593.3901,1
629438864,838.3182828960319,579.4589054792291,822.2771,567.1292,1
629438880,838.4619086437642,580.8275965156372,833.735,604.8108,1
629438897,839.0665321605019,580.7177637968382,839.699,588.8615,1
629438913,838.2260484904932,577.6622717583076,822.2556,550.457,1
629438930,836.2278988621774,576.470273433774,805.4219,571.1887,1
629438947,833.1388396578011,576.0873024772443,787.8522,580.4271,1
629438964,832.6404082035602,578.0735581334798,821.6362,615.1818,1
629438980,831.6568834850995,579.7564780695126,813.7721,612.1024,1
629438997,830.7702987293984,580.9137576949655,814.2534,605.4785,1
629439014,830.4825010943375,580.0172540366248,823.0178,574.7596,1
629439030,830.9667447956814,580.6866527145314,834.52,599.4592,1
629439047,830.1748950888075,579.6064267257141,814.0632,570.8679,1
629439064,830.1472381872412,581.7940403694962,825.2877,624.3733,1
629439080,831.0855218907913,581.7345377346579,841.5306,588.6599,1
629439097,831.9537245601518,580.3919239106906,840.681,567.1026,1
629439113,833.1784366968695,578.6190514840924,846.9669,559.594,1
629439130,831.152624340038,575.6797289469478,791.2555,536.907,1
629439147,831.6452896191806,573.6847863907897,834.2344,553.8452,1
629439163,831.0740204805946,574.7860672981283,814.8873,606.285,1
629439180,832.0834943454865,576.6344884000721,843.4331,615.1433,1
629439197,832.5019403278789,578.574436435543,834.173,621.7863,1
629439213,834.1219070386286,579.7912623191327,855.525,612.3958,1
629439230,836.5032971257639,579.5169216705408,864.4518,586.8163,1
629439247,836.545273611979,580.0852137408128,828.4471,599.0287,1
629439263,835.4901878599796,579.2221688766892,805.4544,571.5294,1
629439280,833.7486977630575,582.7231551861563,793.9343,648.9859,1
629439297,834.224446917938,581.1052723826998,835.8403,560.9836,1
629439313,833.0570513468779,580.7705380705206,800.01,576.2007,1
629439330,833.9498050738503,583.0092214265595,844.6115,627.6493,1
629439346,831.408604861673,586.7854897203682,783.8308,652.9681,1
629439363,828.9310400843791,587.7514565591428,782.1486,601.8819,1
629439380,828.013374305926,588.6239644001082,810.5854,606.1232,1
629439396,827.1855152798291,590.7081457376025,812.0607,626.2397,1
629439413,825.7457631950352,592.3531822289809,799.054,615.219,1
629439430,825.1610735457455,594.0605129232682,811.9058,620.5112,1
629439446,824.7397239028118,594.165948304299,813.027,594.9092,1
629439463,826.9460252454141,594.8848863971901,862.262,611.9422,1
629439479,823.2643536410695,594.4927924907715,757.7966,589.071,1
629439496,820.8540677095847,594.3390680034415,779.5691,594.0468,1
629439513,820.6862372507314,595.8298203022966,818.6525,621.7621,1
629439529,819.1825127484649,597.7796554844258,795.2609,632.5378,1
629439546,817.9591927284315,597.8339286280249,797.319,597.627,1
629439563,818.0499003583482,597.37802544346,820.6699,596.225,1
629439579,816.7131354429007,597.8559422423303,795.9716,608.3153,1
629439596,813.6308201759334,597.3792131224556,764.1619,589.2133,1
629439613,813.4944676678087,596.1722662444447,815.2622,578.6694,1
629439629,814.9090387280693,595.602055969809,835.2585,589.4116,1
629439646,815.81584190547,594.3140152823756,830.3498,579.2971,1
629439663,818.8831724338135,594.4553713178133,865.033,611.4084,1
629439679,818.9627421139388,593.5100391496317,815.3098,591.0226,1
629439696,819.8639987286922,591.4568384248169,828.4243,572.3623,1
629439712,820.6064542886335,590.7332412859865,827.2097,593.7373,1
629439729,822.1824655052121,589.8070131969035,842.333,587.4802,1
629439746,826.3995837624409,589.5820963277621,884.5668,602.2748,1
629439762,827.935622322453,590.2541879993954,835.6006,612.8115,1
629439779,829.8625091886823,589.4478575124386,842.7863,594.9368,1
629439796,831.5684083925897,588.2452886093487,844.6626,577.7264,1
629439812,831.726882778697,584.9418275531938,815.2987,541.6658,1
629439829,830.6307205581431,587.192673597334,798.1797,642.4005,1
629439847,833.1481663077527,586.7352714122878,856.7966,598.8499,1
629439863,1059.756389652072,537.2831496598541,1054.8508,554.6145,0
629439880,1086.4358293569708,510.3764947834828,1082.0205,528.6996,0
629439896,1083.7512059876694,530.2071614424801,1076.1534,568.1082,0
629439913,1085.8296971981342,509.4400935645161,1086.0833,486.5272,0
629439930,1089.989327431164,528.1665369338846,1097.1166,602.8028,0
629439946,1090.241009404476,533.3389473575195,1086.1924,571.7819,0
629439963,1088.843528858812,525.9981441278969,1077.6978,507.8613,1
629439980,1087.1110844568984,527.0140814610661,1072.3193,550.8112,1
629439996,1092.1290214655403,530.4243774647679,1120.9994,572.7654,1
629440013,1096.2136107926985,526.772381171052,1122.3284,518.5856,1
629440030,1096.7044061695858,526.9862977381802,1095.0582,547.6326,1
629440046,1097.389115324313,524.2477690890181,1098.2063,518.2754,1
629440063,1095.5238548204215,524.1291346099086,1071.2244,541.5773,1
629440079,1094.3746736242936,525.2966538599483,1076.7825,556.4163,1
629440096,1091.7860014839164,529.1928930219119,1057.2661,590.4432,1
629440113,1090.0967186350852,531.8464703491966,1065.7651,579.7014,1
629440129,1090.6477950183892,531.9649431134035,1094.2375,550.0536,1
629440146,1090.9976969145391,532.3476994121569,1091.9253,553.8873,1
629440163,1089.9956535571018,532.9575139405308,1072.6671,556.9563,1
629440179,1088.6253508511131,532.6222046650158,1066.3789,543.4734,1
629440196,1088.2510077332759,531.237068682051,1080.5409,527.9711,1
629440212,1087.4072995711988,530.8653268041471,1072.5889,542.562,1
629440229,1087.0792468697964,531.7706708662961,1079.8215,562.9628,1
629440246,1089.5217531084998,532.9207860253596,1124.3779,569.2312,1
629440262,1088.441074172226,533.5357173003435,1067.4128,559.1322,1
629440279,1090.0654447990896,535.496643788576,1111.7908,583.6807,1
629440296,1088.714524185718,538.0347625741485,1061.786,592.6704,1
629440312,1087.662357258053,541.6400933645842,1066.0732,612.3524,1
629440329,1085.0070289282942,541.519059415283,1038.5859,549.0682,1
629440346,1083.3254280266601,542.6756232303519,1054.249,572.4581,1
629440362,1082.4246856328075,543.3401855789074,1067.1952,565.3773,1
629440379,1083.480381490483,544.2381108132025,1101.2896,568.2474,1
629440396,1081.2612263491055,539.8344328442699,1043.7883,478.9721,1
629440412,1007.9078404426641,295.47434822337686,1005.5403,310.9036,0
629440429,1034.239845035427,224.22216847717934,1032.8867,240.6341,0
629440445,1028.9840774645895,222.77876172860994,1022.3553,237.3619,0
629440462,1028.4489810260986,212.28770515987418,1026.4044,207.6076,0
629440479,1022.1197011692528,213.57494567433204,1001.9185,232.8248,0
629440495,1019.7964426601116,211.31371258927436,1009.6555,218.1109,0
629440512,1018.5869221089055,215.51202999886556,1011.4061,251.7829,1
629440529,1016.2042784979259,213.84345020893895,1001.5367,219.3737,1
629440545,1013.9900962980183,216.50869514238994,998.1853,249.4726,1
629440562,1012.9233111915414,216.78518206822338,1004.3402,233.9464,1
629440578,1013.4103934651196,217.8469091809597,1017.0078,242.1978,1
629440595,1011.5483144251615,221.70499837549562,993.5,271.2532,1
629440612,1010.1328221565443,222.3487491326651,995.8506,242.3095,1
629440628,1008.6285844463841,222.8733809006172,992.7279,241.8026,1
629440645,1006.5891793032914,223.5921767597583,984.0108,244.6317,1
629440662,1006.6783597193888,226.08188328777348,1008.4047,269.1695,1
629440678,1007.6151295814974,225.33797799494076,1020.1729,229.4645,1
629440695,1006.5643141976866,225.18243554391097,993.1645,236.0238,1
629440712,808.454754864765,173.51915833352749,806.2572,181.5619,0
629440728,873.5829117626156,168.449456812028,871.8627,178.908,0
629440745,864.9791473094294,145.704284911137,855.1063,132.8421,0
629440762,851.7022467434364,152.68487650206023,823.3524,175.343,0
629440778,846.2608068209388,157.31907782552258,828.3442,179.9213,0
629440795,846.1725276014861,158.51165424090723,844.3943,172.5044,0
629440811,847.3723164819191,160.91056454820261,851.7058,182.1055,1
629440828,847.1787391105381,163.1838389370435,844.3678,185.4028,1
629440845,849.2362550746162,162.80430056106945,861.5451,169.7803,1
629440861,845.5650723155189,167.04221545153234,815.5797,206.7514,1
629440878,847.2278064488617,168.48157436635594,859.7377,189.2993,1
629440895,846.7018444898603,171.02329875208912,839.9392,202.0264,1
629440911,847.9961859055724,174.57290131288335,858.7899,217.5196,1
629440928,846.6296128769776,177.18240672270895,829.8124,210.7473,1
629440944,847.3074613788217,176.92884600763344,853.3862,180.4026,1
629440961,848.5990127404831,176.2568893436264,862.158,175.2977,1
629440978,849.4281776375864,176.2801406374467,857.332,183.8694,1
629440994,851.2056306005044,176.37602962401073,871.4543,185.6668,1
629441011,849.681185282766,179.87996678724397,825.0331,233.191,1
629441028,838.6136031287601,187.34666457506287,681.0642,289.9177,1
629441044,832.867350967941,197.2831258202118,752.5812,336.6462,1
629441061,823.2323268787434,205.55306426179897,687.2351,316.5412,1
629441078,659.0746850440518,346.2976650176991,653.8695,348.7856,0
629441094,690.7123810649815,322.871825543105,685.9879,326.5351,0
629441111,693.5921061170727,313.8462515996924,691.9908,308.7218,0
629441127,684.3862187567955,311.9207989811527,661.3693,310.891,0
629441144,680.1778940054721,318.26641559471966,662.7855,339.9656,0
629441161,680.3182265108131,316.6514724248019,676.4814,313.5045,0
629441177,674.5173220424463,315.11297464700266,641.7169,309.6224,1
629441194,676.3963812667911,317.1008579794767,683.0845,332.2161,1
629441211,676.1808681695602,321.9204646540679,669.9899,356.9672,1
629441227,677.7970805782195,326.1720905076574,685.2347,360.9848,1
629441245,677.2277895160917,343.4568884717091,665.8634,488.825,1
629441262,638.2039587311044,632.6686879197656,629.466,634.358,0
629441278,668.9573904178669,863.0331471286423,657.6821,865.8432,0
629441295,661.3425272846463,846.1126009083504,642.7755,831.484,0
629441311,652.2505659964701,860.1907981500067,622.4235,889.7736,0
629441328,648.2794712490252,859.3119960772359,625.2761,858.1921,0
629441345,649.56383114137,857.5332110248037,643.6785,852.7419,0
629441361,628.9122076363739,862.0738945834356,617.3918,863.3989,0
629441378,658.4816780275312,877.750417561421,646.9646,880.1707,0
629441395,652.0863275642316,860.0820798142296,634.5272,844.4083,0
629441411,640.5673034169881,860.612223982054,606.1194,862.6646,0
629441428,641.6127474752001,869.2174915990656,633.1111,896.7242,0
629441445,640.4275131084328,870.1420270536997,624.3337,875.1755,0
629441461,639.6705035347276,862.1334137148685,625.2021,824.566,1
629441478,641.5756018795141,859.4712318381952,641.6886,846.6793,1
629441495,641.9591473685672,855.6043753107366,633.5328,832.3938,1
629441511,643.9033082122737,854.7461997406161,647.3247,851.837,1
629441528,644.7983016337051,855.2370498684344,640.5713,862.7042,1
629441544,648.3840922627816,855.6801040290311,669.3296,863.9945,1
629441561,646.072831941511,854.9332560842049,610.6166,849.5345,1
629441578,655.0043787490386,854.314564412259,737.7595,854.5771,1
629441594,664.071631885003,856.6256916043307,750.9965,889.8331,1
629441611,673.5772866643576,855.5339677194236,768.6639,849.7682,1
629441628,681.5042834719658,856.5341702337556,758.639,875.9988,1
629441644,689.6823699319494,855.5711920802537,771.69,850.2581,1
629441661,696.2416588104801,852.8417974660213,757.7332,823.4029,1
629441678,704.0572949944828,855.3522596948359,782.7779,899.2286,1
629441694,708.4072441686989,854.4686600200162,738.5176,848.0068,1
629441711,715.9823896405151,850.1354531949461,794.7816,795.7266,1
629441728,718.1318018201798,846.8901605103243,715.3467,806.9777,1
629441744,722.8262675362499,844.2898364793085,760.4237,816.7515,1
629441761,725.5652735834099,842.095168172149,733.2784,820.4964,1
629441777,727.5541548094733,843.7313483900878,724.1342,882.2344,1
629441794,731.4383940012988,844.0952273789198,760.2846,862.1287,1
629441811,736.274329560681,841.7624797360382,781.5881,816.51,1
629441827,738.4204401398063,839.4335882288913,739.8271,813.6108,1
629441844,740.7723075088096,837.6586135424545,747.1619,822.0194,1
629441860,743.2792182169903,837.1672991501092,753.425,843.2781,1
629441877,747.2494237467063,836.1340699274342,774.0418,837.6549,1
629441894,750.3893932033809,834.6581931042706,762.7839,824.3884,1
629441910,752.6930581742217,835.2581101093025,749.3597,860.9912,1
629441927,752.7147574218443,833.407846396807,717.2552,819.1179,1
629441944,754.721224920904,828.2365895390318,755.7905,758.7837,1
629441960,755.7146306557293,827.0797483504812,740.954,821.6125,1
629441977,754.276321521538,827.6676405029052,702.9481,851.8521,1
629441994,753.4047498462758,827.0733128575596,714.9901,829.0243,1
629442010,755.4041831620169,826.5712180257984,769.0381,833.5634,1
629442027,756.1896714031255,825.8146221265647,748.9261,828.2883,1
629442044,758.1252107198454,824.0400875679356,773.9377,810.1603,1
629442060,760.2904041595903,821.0376304772609,773.4642,786.1985,1
629442077,758.5658883979942,820.5690462225169,719.4808,827.2232,1
629442094,755.5349909546635,818.2933556441463,698.1437,797.1783,1
629442110,754.8869552086502,817.1486905833845,740.9684,812.6199,1
629442127,756.2542270689904,817.2522923546312,774.153,837.1444,1
629442143,758.7443951345089,815.442485606833,794.9162,800.4307,1
629442160,759.043546700815,811.724371721675,754.8698,762.0093,1
629442177,758.5262845866057,805.2560993627202,743.442,720.3672,1
629442193,760.0851774374315,803.3165190686797,773.9613,793.1824,1
629442210,759.6281229204704,803.1242530361566,744.1687,815.3387,1
629442227,759.1279286842387,803.7141540989269,734.7662,829.1051,1
629442243,757.2333411788727,805.3129548058599,715.3436,845.6481,1
629442260,757.7895804213989,806.2146033854458,755.634,834.3303,1
629442276,758.3736237072083,807.6623677342651,755.3306,849.0745,1
629442293,754.7322699421122,806.2656922769294,685.8149,793.0475,1
629442310,744.5793589476955,805.6806764776092,573.2463,797.2072,1
629442326,738.9194624977378,805.474263673226,646.5752,805.9456,1
629442343,731.6797766946878,805.2671394366854,618.3673,805.3163,1
629442360,726.7147567496057,804.0604702578638,657.1961,790.9584,1
629442376,720.6150803221049,805.7162272793156,636.2667,838.6901,1
629442393,714.7345698630126,806.4005727744415,635.9529,819.9032,1
629442410,710.8536985584885,806.9625484282897,666.2706,822.4604,1
629442426,706.635357360392,807.580844449251,653.5636,818.2926,1
629442443,702.269396687278,807.0984205694899,651.788,792.9896,1
629442459,697.732552113621,809.8277100869891,642.5219,856.1133,1
629442476,694.842148267176,809.0258357369777,664.2516,798.6896,1
629442493,691.8949242433852,809.6069874637378,660.5656,820.1484,1
629442509,686.3029352126958,809.0250239550292,615.9873,798.7021,1
629442526,682.323251654169,808.5637762843876,637.4465,801.3507,1
629442543,679.3493039698667,808.0164221380677,653.103,798.7466,1
629442559,676.1417253858326,807.7700583700278,644.0779,801.7231,1
629442576,673.0529219810987,805.7743393666275,636.4299,775.9894,1
629442593,669.5026473661791,806.2111436400704,621.9553,814.8346,1
629442609,665.7681226336696,809.4593226197121,619.0598,865.4014,1
629442626,664.1954866020177,811.5142225059877,656.5295,848.479,1
629442642,661.7700758218642,812.7824811146779,639.4633,830.3922,1
629442660,660.1769135995218,812.2292181607107,646.0385,795.8822,1
629442677,658.8430947534008,812.232384912179,645.8436,802.6548,1
629442693,657.0594989126122,812.8793875685363,637.8439,822.4475,1
629442710,656.086346438091,815.5597085281408,645.3693,860.9371,1
629442727,654.4917932407618,816.6914419278158,631.2803,835.0197,1
629442743,655.6248085887328,813.167519758423,675.9098,757.3763,1
629442760,658.9418870121872,811.964898086099,716.1257,797.8839,1
629442777,661.7005088762589,812.6550501508215,704.0643,831.793,1
629442793,665.2533956598407,811.757309399936,710.0672,798.6075,1
629442810,668.5703865903273,810.5893939542129,694.9266,794.6367,1
629442827,670.5961978463746,808.2714648523239,682.1612,774.9041,1
629442843,673.2347073673953,804.82651617645,691.5687,755.5446,1
629442860,676.620213089351,801.379963996428,710.4451,754.2325,1
629442876,677.9730574271115,803.1921476257129,673.0533,848.9496,1
629442893,680.6125357801269,802.7612219709474,698.0085,807.5767,1
629442910,680.8668335745405,802.2495470317847,661.2646,804.0793,1
629442926,683.4318324105442,798.3090820267047,702.8419,744.548,1
629442943,683.1872816886059,800.0178983355789,654.0737,837.7314,1
629442960,682.027717354897,801.7962551388129,638.9568,844.088,1
629442976,681.4515531125496,803.3165535878456,653.252,832.8316,1
629442993,680.4522737903358,804.0764785050499,646.8983,821.2177,1
629443010,681.2850486726925,803.0157027828582,676.0656,788.0631,1
629443026,679.9382845481291,805.0890274863544,640.986,841.4679,1
629443043,677.9041689491295,806.5511910424565,631.7214,830.0483,1
629443059,675.5092592189477,808.4004683969423,624.9517,837.0117,1
629443076,676.2761973178198,810.5952140211087,679.9324,842.7581,1
629443093,675.6831493226268,815.6462419716912,654.2926,896.3961,1
629443109,674.1498250029997,819.930675481543,637.9992,888.0658,1
629443126,672.8233817701289,820.4581137414932,646.3195,821.295,1
629443143,672.0309971799389,821.270270174694,653.2592,825.6293,1
629443159,671.7689222260328,823.2624607397238,662.4602,844.2916,1
629443176,679.1390873137781,826.73972693134,795.3156,877.6273,1
629443192,1126.7661692553556,901.307676557595,1117.969,921.0929,0
629443209,1232.6760905924807,930.955910849437,1224.2054,954.6664,0
629443226,1266.7027765168207,951.3980413892747,1292.1228,998.0157,0
629443242,1281.5228555945293,952.3759026871976,1302.5562,980.8214,0
629443259,1297.3709795757306,950.6266032411339,1336.0332,973.1606,0
629443276,1300.4369554832415,947.4853274852852,1303.5979,961.7338,0
629443292,1300.4400515359935,957.1079393963191,1290.5625,1030.1792,1
629443309,1303.5017613286375,958.7020286967875,1311.895,994.2584,1
629443326,1304.0002971601077,967.9466340755936,1296.9489,1055.174,1
629443342,1305.4411725198645,966.9276097102401,1306.7909,984.114,1
629443359,1304.8928864334678,967.7871174878629,1290.4048,999.4276,1
629443375,1305.0850471354006,971.678725297598,1296.7734,1031.7236,1
629443392,1303.9078794632821,972.0319125002093,1282.615,998.7971,1
629443409,1304.664544944192,970.5754254005328,1303.7094,979.3786,1
629443425,1306.7194219394155,974.4036464064098,1319.9661,1042.571,1
629443442,1303.830229916142,966.8887503610981,1260.718,900.3244,1
629443459,1303.0036957171883,966.9032047437773,1284.0901,993.2114,1
629443475,1302.4443365802329,963.0663196871409,1287.631,940.0376,1
629443492,1301.344732337598,959.717612294417,1279.2761,942.9948,1
629443509,1299.208424242871,955.5226797649783,1263.0481,926.7781,1
629443525,1298.1122665683156,952.5588776209667,1276.9397,942.2805,1
629443542,1296.2135630631558,950.9947592312805,1263.1826,960.8887,1
629443558,1296.284462921496,945.4388524749686,1293.891,897.0583,1
629443575,1295.7092524024526,939.246952955869,1283.3025,882.28,1
629443592,1295.4129202268696,938.8063049776371,1286.2007,972.3887,1
629443608,1294.4725929926235,936.5104810403167,1275.3071,939.5739,1
629443625,1295.5541577419895,935.2629625646533,1308.604,956.0942,1
629443642,1296.452141717703,931.5337392136254,1305.991,911.7542,1
629443658,1299.3303900361627,922.3324049363283,1341.354,816.1536,1
629443675,1301.6013365355684,914.3955019043108,1331.1975,833.0421,1
629443692,1302.922425471284,908.1400700918011,1314.821,857.2275,1
629443708,1304.1621221535902,902.5322124580208,1306.4863,866.7777,1
629443725,1304.544174679415,892.8772140075187,1300.4851,796.3315,1
629443741,1305.9076660591277,885.4064052230875,1318.6438,828.4549,1
629443758,1307.1345015783818,880.6457973549277,1319.3684,869.7802,1
629443775,1307.1007054949378,874.663036716091,1294.2327,841.3282,1
629443791,1308.4315861979499,872.7089113118847,1316.6255,914.1341,1
629443808,1307.5152390596925,867.5177492855387,1280.8907,846.4655,1
629443825,1308.3017471013368,861.7673865232113,1309.9215,838.4669,1
629443841,1310.0280634146516,859.1450384427905,1327.5088,880.051,1
629443858,1306.6893183433235,853.3039584883556,1238.3779,817.0665,1
629443875,1269.700869179185,662.0012893684377,1264.6597,687.108,0
629443891,1302.1039930354295,664.8975244417952,1297.236,691.2057,0
629443908,1277.478821220867,677.8546955315906,1247.4263,715.2606,0
629443924,1273.7191674226103,680.1264225642466,1261.0417,709.5565,0
629443941,1273.2534259993151,670.5367713155546,1267.2631,667.2042,0
629443958,1265.7606325921688,670.6810641097037,1231.177,695.3138,0
629443974,1272.3637616464846,661.761111757745,1300.7256,644.9855,1
629443991,1274.6277423248532,669.67062851709,1282.1853,741.9449,1
629444008,1276.9484331859194,660.1551450233445,1288.0923,622.7563,1
629444024,1276.6289765665003,667.2149990564778,1268.022,746.7097,1
629444041,1278.3470632748313,672.9516743525055,1286.625,746.6455,1
629444059,1281.2284554610615,672.1048412624814,1301.8623,689.7374,1
629444075,1278.0082988579352,673.6986020627053,1239.4307,712.6448,1
629444092,1279.0623652680529,671.7118398876607,1284.9519,675.3396,1
629444108,1279.6299715970845,668.1684850083606,1280.699,653.6566,1
629444125,1279.1643202062123,663.2370306324102,1268.4355,631.0918,1
629444142,1283.4469762736285,662.5704452585578,1331.1172,684.5813,1
629444158,1285.9562299536992,659.3796120431817,1311.4998,647.9883,1
629444175,1285.712518955251,661.9515713672109,1273.5111,725.9141,1
629444192,1283.8161447113819,659.4138829488735,1249.8496,651.5573,1
629444208,1196.0447525354514,391.95612517849946,1193.7371,414.3544,0
629444225,1242.5455887886665,259.0856630080853,1242.1129,283.2199,0
629444241,1243.299458324214,217.98027314109717,1244.603,201.1766,0
629444258,1234.5051784958287,213.10980247650667,1217.0861,226.8314,0
629444275,1231.905479508662,204.79010104432578,1224.7118,203.8685,0
629444291,1228.2753229227103,200.67797702507215,1214.4967,208.1495,0
629444308,1225.793964488087,203.4706414985683,1213.981,240.8398,1
629444325,1217.8902638475085,203.13983252565157,1172.5927,223.2582,1
629444341,1216.1337827930104,205.47927500037503,1205.5315,244.3115,1
629444358,1218.182876635499,209.13729585946277,1234.8435,260.6035,1
629444375,1216.6072349847634,208.72159495007867,1204.551,227.5147,1
629444391,1218.3223438693944,209.67316956800266,1235.2595,241.8031,1
629444408,1217.4664288458466,211.77119258939808,1209.5626,254.703,1
629444425,1216.6481181810852,209.66055941302392,1209.2499,209.1669,1
629444441,1213.3161206293285,208.56193666867486,1177.1497,217.5555,1
629444458,1214.5177907672876,208.62657665678205,1231.0193,233.0723,1
629444475,1214.746162380551,208.2924784817923,1219.2325,227.4015,1
629444491,1213.3933398907918,209.97849459212674,1196.9387,254.2452,1
629444508,1212.7410509703584,211.41350890076762,1205.5679,252.6392,1
629444525,1214.428185267832,211.37483591646182,1239.8156,233.4769,1
629444541,1213.253316814192,212.3694929616979,1197.1199,247.6634,1
629444558,1015.4196064663244,277.8562505318384,1013.3093,293.5656,0
629444574,1047.8815390423965,335.6481209948374,1045.2932,352.5564,0
629444591,1037.3821175759301,354.74964738675527,1023.7336,389.9297,0
629444608,1029.3717898834593,363.7443940331308,1010.1532,397.1524,0
629444624,1029.0170625878145,368.4455534784592,1024.8713,398.3239,0
629444641,1034.3769859352815,367.700409438284,1052.7117,381.6024,0
629444658,1037.1576280613094,371.39500298010336,1047.385,406.0469,1
629444674,1040.3133966479404,369.53160693085397,1055.4569,375.4881,1
629444691,1044.3010913215617,365.8024974814467,1067.7426,358.3499,1
629444707,1042.1878586961388,359.65494140616187,1022.7476,329.7247,1
629444724,1041.5036155872963,362.2139373467228,1031.8484,401.1047,1
629444741,1038.837940210798,363.625118772854,1010.766,392.7279,1
629444757,1039.138752230661,365.7767476099139,1039.0034,403.8763,1
629444774,1040.2222173098457,368.24567795882456,1048.4432,410.9064,1
629444791,1038.6609982756925,371.27703832345105,1017.3875,419.9052,1
629444807,1037.5733011088469,372.3331677848273,1021.8053,398.6477,1
629444824,1034.7013981291725,372.2574696949602,996.74,383.9691,1
629444841,1035.0543335773887,373.45348336180814,1038.3793,403.22,1
629444857,1036.607088355043,373.4029930087994,1056.1301,387.351,1
629444874,1036.5207184330122,375.22925305860286,1032.7263,414.4081,1
629444890,1035.063101649505,376.564325455795,1011.7031,407.9257,1
629444907,1034.341788235643,375.0955501505236,1022.5269,366.0579,1
629444924,1033.9494444412662,374.89698369185777,1026.9026,385.7227,1
629444940,1035.2586154065657,372.7702485928306,1054.5021,355.7551,1
629444957,1036.533921867745,370.7461782253299,1054.4734,356.5249,1
629444974,1037.4905546434377,369.26847324459965,1049.5525,364.5748,1
629444990,1035.3504244928083,364.6736481042755,998.0679,309.5094,1
629445007,1033.7680640810722,361.8010852865161,1006.4556,337.2125,1
629445024,1031.5857437768536,357.706667818029,995.676,314.3877,1
629445040,1030.0429405371622,354.3631975106465,1005.7953,325.8503,1
629445057,1028.893790026629,352.36554368496815,1011.6643,347.6682,1
629445073,1028.4254053339766,350.5554588515133,1024.9039,348.2601,1
629445090,1026.393692783585,348.2111062482329,994.6094,340.4899,1
629445107,1023.6071100185366,345.04907877878844,979.6149,324.5255,1
629445123,1022.1127102061887,343.0884321708195,1002.9598,344.2007,1
629445140,1018.221358189859,341.8434412694762,962.5931,351.0961,1
629445157,1013.7099195835253,339.0349127873677,949.9364,323.7899,1
629445173,1010.5407483237268,336.31611221080334,972.5162,320.6089,1
629445190,1008.3533148178603,333.7006114343233,988.8555,319.1558,1
629445207,1006.2751467625617,333.0199246312184,983.4596,348.0364,1
629445223,1005.8510373759988,331.5265249962332,1011.8098,340.4672,1
629445240,1004.2285544892613,329.89415672687215,986.7743,333.7189,1
629445256,1003.3609355596211,327.41922091504506,1001.4458,318.1672,1
629445273,1001.8095655521903,326.0369368143162,988.1592,334.8868,1
629445290,1000.4626650455803,317.7865796105399,987.941,213.6093,1
629445306,1000.0674766048681,306.3775554963942,1004.1449,154.1393,1
629445323,1020.9222708712202,109.63652406914875,1020.8439,125.5644,0
629445340,988.5373437529954,114.67769609208878,988.1917,129.4041,0
629445356,1000.5089724520623,102.07492924466801,1012.5565,105.1197,0
629445373,999.3525775736722,103.1026040090687,996.8147,120.2497,0
629445389,1004.0577034308651,102.52665855794646,1017.9711,116.6851,0
629445406,1001.9845908198578,100.64018067059102,993.6075,108.2183,0
629445423,1006.1640637313556,99.80980791201212,1026.5337,112.0581,1
629445439,1006.8016768713686,99.45573074392394,1010.1047,113.147,1
629445456,1007.9158994713273,101.49958388773904,1014.7245,131.0471,1
629445474,1007.0705831583157,106.03802351141526,999.6019,155.2195,1
629445490,1003.7335415112707,109.74360058982062,974.856,154.0234,1
629445507,1001.9328501799273,111.14000164061417,985.4182,136.9523,1
629445524,1002.2542420294734,109.24021916742343,1006.2332,104.1658,1
629445540,1006.527516359047,106.47230119080916,1052.64,93.2793,1
629445557,1004.4151274174236,109.56260750273202,979.3036,158.3093,1
629445574,1005.4211140925704,109.47249138127066,1017.2336,122.9362,1
629445590,1005.838393484786,108.92926933830566,1010.5792,116.6409,1
629445607,1008.394670675511,109.21159059041747,1040.7637,128.7196,1
629445623,735.9530486025969,222.24016825301905,732.7128,227.5899,0
629445640,760.4440401321483,223.66100871621904,757.3438,229.9189,0
629445657,753.0710657916765,201.00629906824545,743.0595,184.1249,0
629445673,751.6441063961275,198.25138310091165,746.036,198.7216,0
629445690,749.7187253395297,198.3428963289334,741.1597,204.421,0
629445707,747.9079615783073,194.0240799031771,738.2413,182.7597,0
629445723,749.1614537480232,201.48193319326828,752.1535,244.175,1
629445740,753.0856640613943,202.58949369272517,773.0253,215.6154,1
629445757,752.3222208280408,206.07460644509848,743.6929,234.7231,1
629445773,753.2360294988302,209.34869790770864,756.6886,239.4037,1
629445790,756.0387722309695,208.2193573674756,776.3521,204.4988,1
629445806,754.3165491461882,207.54077004316827,734.7979,205.7972,1
629445823,755.2775652372833,207.100291615174,761.4744,208.4016,1
629445840,755.7453365598615,208.58877156541706,756.8929,229.8978,1
629445856,752.3849951933242,209.74589379350067,710.6917,226.193,1
629445873,738.2461671661749,216.52863413383105,567.0555,294.3306,1
629445890,727.8676261804842,223.87356743472122,600.8613,311.0514,1
629445906,715.9905628680465,226.5998786551538,569.0499,254.0005,1
629445923,707.4827039237738,232.90554588838285,604.5005,309.8475,1
629445940,698.9042591909306,237.7505053936722,594.7426,294.2447,1
629445956,691.5254948023481,240.39358395178922,604.7525,266.0728,1
629445973,682.8643988088036,245.11379797350287,576.7883,300.3946,1
629445989,674.2770992090944,248.8456902437051,569.8723,288.913,1
629446006,665.7178192061526,251.8950847319941,562.3649,281.3603,1
629446023,657.8012273738987,255.104958046185,564.9622,287.4192,1
629446039,651.3167990311636,258.8992678488153,581.2188,301.1301,1
629446056,645.2413077003561,261.5441129112617,581.4162,285.3938,1
629446073,639.5920478118378,263.36007938948575,582.0933,274.461,1
629446089,634.5001022001271,265.72232404633587,584.9825,286.7984,1
629446106,624.4593895370193,268.79516148646326,492.1687,298.6622,1
629446123,618.2653283796917,272.3305803857761,551.7698,312.0609,1
629446139,608.9519603146605,275.86708310191773,505.1777,308.3421,1
629446156,600.1015331762987,281.4597936867575,503.3752,342.909,1
629446172,591.8109485118823,285.2940906796614,505.8497,317.907,1
629446189,582.6204350761147,289.4406895821655,481.3416,326.9796,1
629446206,573.7784441365404,293.3307410141815,479.0192,324.1016,1
629446222,567.048883990715,296.7963136182636,509.2983,328.1169,1
629446239,500.29128788787494,261.2682571205784,495.0783,257.8748,0
629446256,522.635789727422,295.559927179289,517.1589,292.9922,0
629446272,513.4274489987101,292.44916371056564,498.7217,286.0969,0
629446289,500.9860497821779,297.3279890272562,470.3979,302.7525,0
629446306,507.2084709594643,297.3935277365567,520.4095,295.0826,0
629446322,508.1868088971713,298.3459265742748,506.4473,299.0647,0
629446339,509.7256795662886,301.02738584930006,511.4703,311.1919,1
629446355,510.03506812398547,303.1226917748163,505.9224,311.9525,1
629446372,510.5630426103245,301.5519761765691,508.4523,287.7093,1
629446389,506.4709762356935,294.5106310420225,470.3996,237.0725,1
629446405,506.98734959214835,292.0236669673726,506.4803,269.2714,1
629446422,505.9861618479226,288.67891000484224,492.0124,256.1324,1
629446439,503.79149835331737,286.36870359183644,477.4087,261.7427,1
629446455,499.84766140792755,286.453073378014,453.6881,285.0963,1
629446472,499.9639920784977,282.7356397119601,498.635,240.4219,1
629446489,498.4943986436244,277.7812159137438,478.4904,219.0694,1
629446505,497.994936753238,277.27899598626067,489.0189,272.8791,1
629446522,495.8650506151081,276.5857261372619,465.578,268.4344,1
629446538,494.5331523817521,275.46272490482033,474.8342,261.4958,1
629446555,497.37629138974177,275.231063338571,535.274,275.412,1
629446572,892.4506654501388,228.85691054024264,890.1343,240.01,0
629446588,1215.4425123199974,178.6460063066054,1215.791,201.782,0
629446605,1319.8167250912472,194.22078530251937,1425.2395,240.6211,0
629446622,1346.4349716882468,203.68582475092754,1399.8086,252.3492,0
629446638,1374.5828021311738,198.82690685844207,1458.9395,216.2999,0
629446655,1386.111762816258,197.3279109411803,1431.1885,222.4529,0
629446672,1400.7701885635756,190.3198812594136,1402.1672,220.328,0
629446688,1441.999620702073,220.66823929464812,1443.3005,252.2028,0
629446705,1437.270830227949,191.2247832456722,1434.4924,193.0457,0
629446721,1430.4556477443043,202.00565976880736,1418.041,254.1843,0
629446738,1445.2204171893716,200.20633369572627,1491.0278,228.1398,0
629446755,1439.4607709191023,198.3832813540684,1418.0251,221.8584,0
629446771,1438.2911760657175,202.2261875296871,1433.813,252.2235,1
629446788,1437.4967531339466,201.6438997530556,1434.479,229.3233,1
629446805,1438.0544262370497,198.06711038835627,1443.7576,205.6919,1
629446821,1437.711468928021,197.00943855441446,1436.826,220.7284,1
629446838,1437.2467646320163,198.62021113343334,1434.8403,243.7757,1
629446855,1438.6348938848812,197.8131611408337,1453.1825,222.5471,1
629446872,1435.9506305574773,198.1032356057511,1410.751,231.6481,1
629446889,1435.5914542176479,199.63008732740235,1433.7229,247.137,1
629446905,1435.3495950651459,200.45502787707255,1434.7262,240.634,1
629446922,1433.2696173681018,199.44397980380165,1411.0071,217.3202,1
629446939,1436.5539891515455,199.86601068452063,1480.343,237.8521,1
629446955,1435.9460620452057,198.82796730096823,1429.7271,216.1973,1
629446972,1433.8283652382122,198.99971971300118,1407.1147,231.704,1
629446989,1434.1730002635236,198.3545830287686,1441.895,221.0528,1
629447005,1434.16111009872,198.8460662177094,1436.4321,237.5616,1
629447022,1432.0496976067868,203.5777773389291,1402.7087,302.5591,1
629447039,1198.7274432557508,532.3301942782379,1194.7708,554.8159,0
629447055,1193.7564126906009,637.5599925629307,1188.5189,659.8523,0
629447072,1186.604603930849,639.9932361359042,1174.0845,664.1824,0
629447089,1173.0871212967459,653.1894840606004,1140.2218,699.9293,0
629447105,1156.9004013224646,657.4102531356687,1102.9907,688.864,0
629447122,1153.0528433721959,661.8415257515485,1132.5901,699.1453,0
629447138,1150.7564908559625,660.3535612571075,1134.7212,672.8917,1
629447155,1147.8030678695638,660.2658854180837,1125.8777,679.3372,1
629447172,1144.3502973186135,668.178015868217,1115.9626,740.116,1
629447188,1145.2270712865372,665.5064699900505,1147.9038,664.8492,1
629447205,1146.6266330745466,665.6013734982566,1153.9174,686.5225,1
629447222,1150.0343367392632,666.1937450839504,1176.3787,692.579,1
629447238,1150.27186577221,667.3943391476259,1146.7748,699.0286,1
629447255,1152.146534353828,665.1850247083271,1166.483,662.2206,1
629447272,1152.0566074259245,660.3067406496746,1145.2954,626.0985,1
629447288,1151.4057554519538,662.1837396405817,1137.0063,706.1354,1
629447305,1152.2763771691968,658.4429300605507,1157.533,634.0546,1
629447321,1142.3645419495365,657.8174701646587,1007.5817,667.6964,1
629447338,882.8992146145522,599.9136185925436,876.1174,610.6806,0
629447355,872.792023728274,569.8929782221089,866.3018,580.2877,0
629447371,863.5520085438927,592.4548951268873,847.1921,624.6656,0
629447388,866.0323848731347,590.1013047994129,864.3235,595.637,0
629447405,870.5876953914767,588.4996273267817,877.5198,594.4872,0
629447421,869.4178270018764,585.1160227769545,858.1334,581.9053,0
629447438,870.1392477508151,585.304884137002,866.8994,596.7873,1
629447454,869.0851021580273,576.9896641478038,856.8106,539.1254,1
629447471,876.5220558357656,573.6272657602599,920.0858,564.5679,1
629447488,879.6833693959063,572.1581979470953,896.2229,573.9888,1
629447504,881.9620228084017,567.975131606843,893.5542,546.106,1
629447521,880.6704673016525,568.6298869467145,860.4581,587.0789,1
629447538,882.0491768822908,568.1952182887849,887.8473,577.1395,1
629447554,881.3084297476587,570.7318078326533,864.9299,609.7925,1
629447571,882.2794356301854,569.7735144313292,885.4996,571.2177,1
629447588,882.9643220285059,566.3423196980356,883.5466,538.2236,1
629447604,888.298574261601,563.7659703768487,946.8316,547.8463,1
629447621,890.3161468648716,561.8952852417899,906.413,553.1587,1
629447638,894.1628972020607,559.518619100056,935.2501,544.8124,1
629447654,896.1746559514929,558.7641454796124,911.6199,565.3967,1
629447671,895.1338712764319,558.3133056555084,867.1707,567.2921,1
629447687,897.2827126452747,557.2522217977619,916.9971,558.8218,1
629447704,897.4900304577392,556.649481350947,888.0068,563.7909,1
629447721,898.4196761054267,556.7169099754894,900.4446,574.1594,1
629447737,894.2007791982626,558.5181282371327,816.287,598.9967,1
629447754,891.754399153082,557.3428545819249,845.1387,550.8706,1
629447771,887.7046016273428,558.0642087867041,816.9394,580.8503,1
629447787,882.7671624180856,560.1480994492978,800.088,603.2684,1
629447804,878.9572620660047,559.7433599933047,818.2763,561.5385,1
629447821,875.434753193384,559.139145096796,821.6957,557.8903,1
629447837,871.5075410783592,560.0770716624419,812.5425,584.0973,1
629447854,867.3264894311334,559.9058169151602,806.8151,565.4893,1
629447870,864.2989329564499,558.1998513807011,823.8634,543.6746,1
629447887,861.2900013824278,560.1119059608823,823.5306,602.8692,1
629447904,856.8618674745154,561.9992914633488,797.792,601.0237,1
629447920,852.2582378128376,565.4099163336654,789.7987,626.051,1
629447937,847.5647741086023,567.7160779305765,786.6641,608.5573,1
629447954,845.1872764732528,571.0164342042262,822.949,621.9398,1
629447970,843.0444751677996,574.5695081588276,830.2426,630.5205,1
629447987,840.9743073187788,577.1536051530463,825.2229,615.9219,1
629448004,841.6719368573374,580.2116953538492,869.7878,624.5345,1
629448020,839.5834812034248,582.5847524444773,814.3616,616.8975,1
629448037,837.9253597307428,583.29730734582,822.3532,588.7382,1
629448053,836.2581688226736,586.8804452272843,816.2941,643.7845,1
629448070,833.8611024822654,588.5889904715012,803.4311,608.128,1
629448087,832.8395076623736,590.4055337691647,824.5911,609.6935,1
629448103,830.8016827336066,593.1960490169024,810.3571,629.5906,1
629448120,830.2307423926919,592.8676949024024,829.3356,579.1514,1
629448137,1170.4513358611657,761.595749523163,1163.5923,783.0131,0
629448153,1386.2350959221849,984.9937097348642,1378.1066,1014.3945,0
629448170,1379.986980404591,1016.9800776933519,1364.7881,1077.8174,0
629448187,1378.5742637868054,1002.4331203931571,1367.7407,1002.377,0
629448203,1385.4402379676928,997.9808039130486,1397.8467,1014.9698,0
629448220,1391.2150460822465,991.0637430452125,1406.0203,994.532,0
629448236,1437.5257830114447,1045.4107158615623,1429.0087,1076.7085,0
629448253,1468.547009529573,1013.7690331248784,1460.6042,1046.22,0
629448271,1446.6277076458928,1009.0424340500197,1416.6528,1035.156,0
629448287,1437.3656820544336,999.1471786635786,1411.217,1010.125,0
629448304,1434.0988100722823,1001.6664514828467,1416.4917,1040.1323,0
629448321,1429.1099398468425,1005.3459866251021,1401.4802,1050.1545,0
629448337,1429.5165557193716,1008.5154790332545,1423.7732,1054.9338,1
629448354,1430.966028131551,1007.6019448978165,1431.8746,1033.3929,1
629448371,1431.169932302691,1007.8724060721454,1424.7637,1040.5815,1
629448387,1425.5808748114086,1000.8748826467325,1376.2249,977.4156,1
629448404,1105.1220735789302,835.7841476837227,1096.964,854.7723,0
629448420,924.3163811602809,639.2881897352759,917.3325,651.5878,0
629448437,896.2413529407522,612.1802612082929,861.5372,595.366,0
629448454,879.0445615129934,603.9876236468717,838.1302,597.2066,0
629448470,870.0345218995379,607.1257427889811,836.4904,625.9998,0
629448487,864.6212780858566,610.7891150121875,836.7032,634.648,0
629448504,859.4661420257642,593.8165420102481,852.6066,603.715,0
629448520,851.0053060048022,608.6586987521472,843.9154,618.2421,0
629448537,841.6074105255221,608.8952527649627,825.0177,618.0184,0
629448554,858.1319700763597,606.5788180633887,884.2644,613.042,0
629448570,863.5171386968894,597.299804575653,872.8313,580.4603,0
629448587,853.6616612406724,592.8931297104305,807.6892,584.1458,0
629448603,851.0473654627209,591.7859892914257,831.558,596.0427,1
629448620,852.3332195302693,585.7023789738938,853.7354,561.0779,1
629448637,854.2313379028984,581.8333522721658,860.6799,567.4279,1
