timstamp,smoothx,smoothy,rawx,rawy,fixation
622187378,938.5672698145722,650.4440554043754,848.8156,678.9641,1
622187378,938.5672698145722,650.4440554043754,848.8156,678.9641,1
622187378,938.5672698145722,650.4440554043754,848.8156,678.9641,1
622187395,908.3591514244022,617.7412568271068,868.7104,629.1919,1
622187412,904.3095696987943,621.7700863097306,859.2401,628.2328,1
622187428,899.6279375723664,626.7804108613271,840.5107,653.5781,1
622187445,897.0993087217452,631.577555250857,871.2261,647.6528,1
622187462,896.0891433749317,634.7332719430776,898.6497,633.1133,1
622187478,893.0615999016546,643.2057318206397,844.5369,721.2209,1
622187495,891.268822320152,653.0879322392354,863.0482,752.0844,1
622187511,890.59021568823,659.4485406311222,882.4562,696.3098,1
622187528,888.6974692955815,668.2564138735486,853.064,742.9191,1
622187545,886.6249634230528,693.3214565411739,868.5182,671.24,0
622187561,874.0628681363169,738.0453514525391,832.1058,713.2549,0
622187578,874.3598184646249,742.3064167268,832.9025,748.0841,0
622187595,874.3598184646249,742.3064167268,892.1279,690.5219,0
622187611,880.3374649212258,746.7894613917152,881.9918,734.405,0
622187628,880.9259725254803,755.234204761478,866.5961,760.7808,0
622187646,880.9259725254803,755.234204761478,842.2667,770.2473,1
622187662,881.6301435199999,755.2259355557032,862.8286,708.3646,1
622187679,880.8211191761095,743.6169046533762,900.5969,625.3087,1
622187695,879.0442709533867,718.1201614686939,818.9981,515.359,1
622187712,877.902539605258,701.7369776959517,819.5658,555.7993,1
622187729,876.8649163309324,686.8476845027565,895.7096,545.4974,1
622187745,879.3539943309412,672.2265664746859,897.8032,527.2758,1
622187762,879.9022218138626,664.6859975277474,874.0212,583.8853,1
622187779,879.2533785128476,655.3754718443911,890.3859,553.1085,1
622187795,878.8105719752651,649.0214544191231,884.2426,576.7401,1
622187812,878.0455563162509,642.0337924433994,808.7408,560.4425,1
622187829,875.8367419438948,635.9244834640356,835.8521,563.056,1
622187845,875.183702404878,626.5537441950148,863.4521,511.6952,1
622187862,872.9070180973663,624.3040712811797,829.8441,600.5443,1
622187878,871.1006703620718,619.2316923799291,838.4289,556.1149,1
622187895,870.5695122404697,613.7302437104328,815.7909,543.967,1
622187912,870.2083476503468,608.5477409597726,878.2542,542.5728,1
622187928,869.8479587732346,603.3763692416734,883.71,536.8964,1
622187945,871.6200648070178,598.6631191234972,919.9301,538.6699,1
622187962,871.012947478245,589.9513369820993,834.8048,470.1672,1
622187978,864.7020493191831,499.3936024673754,926.5077,407.3021,0
622187995,861.0182279440293,499.43686223982604,853.6416,484.4053,0
622188012,861.0182279440293,499.43686223982604,858.62,492.0112,0
622188028,846.9005795045805,478.57313720562007,817.3862,428.9821,0
622188045,840.0125762688369,468.86099075727196,818.1369,425.6791,0
622188062,838.1559302957594,468.88279368258713,827.8076,425.6758,0
622188078,836.533097197248,468.9018509015501,825.6083,499.9799,1
622188095,830.6538158671747,468.97089235242714,788.3751,454.8095,1
622188111,830.944294532649,473.13909301217745,832.9502,494.1475,1
622188128,831.4091682584552,479.8097618113531,821.6982,516.3209,1
622188145,831.5643330238602,482.0362863530947,813.3361,487.6171,1
622188161,834.8333776637063,483.40993688761307,882.3328,483.1976,1
622188178,837.6083929867594,483.3773493869725,881.1981,475.6377,1
622188194,837.6083929867594,483.3773493869725,862.5142,466.7603,1
622188211,837.5051123401679,481.8953319088244,782.6512,453.4815,1
622188228,834.7278784378251,477.0835751860019,800.8603,411.9813,1
622188244,833.8323692098846,475.31463931171254,820.7902,445.337,1
622188261,832.4152750526213,473.22536929652307,812.8217,439.2717,1
622188278,830.1175304055585,472.09314078546765,794.4816,450.0471,1
622188294,829.9353782151178,469.47936232043025,822.6763,422.2759,1
622188311,829.9353782151178,469.47936232043025,838.1215,470.152,1
622188328,828.3251335393188,469.49827171129675,802.8999,450.9178,1
622188344,827.7998352489227,469.50444038295507,819.2052,455.0843,1
622188361,826.5733910888449,469.51884273580697,806.9946,650.4594,1
622188959,728.6852618659159,328.4433359782277,680.8039,325.5806,0
622188976,728.0372016656546,319.1440473372664,718.5957,316.8085,0
622188993,727.3924955006975,309.8928871609031,747.0437,299.3773,0
622189009,737.9471396749304,308.556470264163,765.3344,304.712,0
622189026,738.6603572191922,308.25197924183993,751.3309,305.8933,0
622189042,738.4232328333804,304.8493816026323,739.4076,287.086,0
622189060,739.6352344619739,304.8351488510075,751.5543,307.4984,1
622189077,739.5630266622754,303.79900873431075,746.8295,297.0245,1
622189093,739.5074856106963,303.0020268029289,763.3794,290.3777,1
622189110,739.5074856106963,303.0020268029289,719.689,290.2032,1
622189127,739.5074856106963,303.0020268029289,761.5169,320.4859,1
622189143,733.0825827279982,296.32782275426007,674.5599,237.7003,1
622189160,725.2477648128279,284.1217483451037,663.559,171.5359,1
622189177,718.6316703834948,275.00956793438644,665.2394,188.8234,1
622189193,713.7767121317794,266.3031083801494,678.5376,181.9404,1
622189210,709.7176320515312,259.2434704484944,681.7486,191.1693,1
622189227,703.7683953383286,253.09257206569353,650.4241,193.9055,1
622189243,693.6444386046893,250.5202134087688,581.0236,232.861,1
622189260,691.1570946474425,244.89733912066342,685.4611,189.2564,1
622189276,687.6043322264896,238.96200237825042,666.6482,178.6767,1
622189293,684.2969040977358,233.386847160694,666.2065,177.7612,1
622189310,680.1254255734843,229.75810139967888,646.6903,200.4443,1
622189326,676.8410419251708,226.4630095648267,656.4723,201.3141,1
622189343,669.3984554324519,215.61927757114864,592.7897,81.6525,1
622189360,621.2324904919049,134.6479725240563,587.5444,44.986,0
622189376,621.2324904919049,134.6479725240563,636.6439,141.7319,0
622189393,612.5770842340708,100.46312235280514,601.1628,77.1815,0
622189410,612.3972961213776,97.88326703462099,621.5961,65.8586,0
622189426,612.3972961213776,97.88326703462099,661.3094,143.5375,0
622189443,594.7326483537629,87.35341300148336,544.609,46.5431,0
622189460,594.7326483537629,87.35341300148336,603.6368,101.2849,1
622189476,594.7326483537629,87.35341300148336,622.2974,103.9357,1
622189493,594.8464639218164,88.98660050279604,632.4868,109.035,1
622189509,595.0588172054808,92.03374716888274,610.1782,130.9574,1
622189526,592.5229819139644,92.0635259356881,574.4714,99.6983,1
622189543,591.282387976419,92.0780944519044,598.5744,94.2986,1
622189559,581.1762588740853,103.82209413265596,489.2435,219.6767,1
622189576,571.8177438375509,118.45152331289617,479.8066,266.5942,1
622189592,563.515515938044,125.53770630519938,485.1518,198.5454,1
622189609,554.9167923366435,133.3948738279465,468.9164,216.3972,1
622189626,551.0615356834023,142.84263875028824,520.6669,246.1688,1
622189642,545.4069937104238,148.54001143794926,492.9228,207.2379,1
622189659,540.8882151258742,152.8110522742779,503.7754,194.5192,1
622189676,536.3996793324658,158.44380598012742,496.9251,218.4546,1
622189692,533.1759362010284,162.86345211798786,512.1337,207.2271,1
622189709,530.8377777729696,168.03372951297803,520.8295,223.2717,1
622189726,524.9719458398243,171.02154239554815,462.1258,195.3166,1
622189742,521.1460691669824,173.1872350762793,490.8469,187.0512,1
622189759,518.1352250810264,174.3259964870238,501.0948,174.7194,1
622189776,514.286919336748,178.16127629556306,479.5023,219.7253,1
622189792,512.5511653650814,182.58753263673705,510.7009,233.4259,1
622189809,511.4440104805831,186.6007999648796,481.5517,231.006,1
622189826,511.7172978681878,190.52231574110695,500.7322,233.6837,1
622189842,512.2333834281981,197.92784470898954,612.3245,294.4186,1
622189859,518.7649005212544,206.96855435584527,639.1107,327.1485,1
622189876,524.450530261244,214.17598135958067,635.9121,294.4402,1
622189892,529.0581563655526,222.34223693774786,608.8983,308.2658,1
622189909,533.9613443662444,229.59938119178514,615.7449,298.2339,1
622189926,538.5952773207158,234.704016850437,616.4462,276.9104,1
622189942,547.337641381136,243.44503492551692,672.5363,332.8159,1
622189959,554.9322219984933,249.798990192538,662.6199,305.6032,1
622189975,560.8919346337966,255.6307331100835,637.5741,302.9285,1
622189992,568.3007814098389,261.4707095748563,666.5395,309.79,1
622190009,573.1529487632491,267.547279642549,621.0275,321.2471,1
622190025,577.7178524021577,270.19128504835066,620.1715,267.1954,1
622190042,581.985549101379,273.73200779534807,620.6702,287.2308,1
622190059,588.930065039914,274.1731950006543,665.6554,255.1508,1
622190075,592.8746786047892,276.30535397116745,615.3143,290.617,1
622190092,596.836436318857,279.39684917032525,621.3788,302.2481,1
622190109,602.5137691723427,280.9804055895884,658.4077,283.3261,1
622190125,607.2137872696832,282.9145234906576,652.0415,295.2121,1
622190142,611.927907613814,282.85916473337153,657.4198,315.691,1
622190159,614.9396633515986,282.8237971477518,633.9089,285.9505,1
622190175,870.6664509040675,239.12613173860984,884.5875,242.9673,0
622190192,1010.2915213371818,236.57618085731883,1027.7334,242.1093,0
622190208,1058.022516336675,222.64728478647547,1127.339,216.941,0
622190225,1058.3253932625407,217.02082099823454,1079.4729,198.3959,0
622190242,1063.5570051232921,216.95938524562916,1099.3071,228.1502,0
622190258,1076.9887545728002,216.80165381252576,1151.0442,235.7489,0
622190275,1076.9887545728002,216.80165381252576,1137.6874,182.9622,1
622190292,1076.9887545728002,216.80165381252576,1169.8245,224.9004,0
622190308,1072.100655309585,208.29653037962245,1056.5522,205.8995,0
622190325,1072.100655309585,208.29653037962245,1103.5812,226.3521,0
622190341,1072.100655309585,208.29653037962245,1118.6383,214.4088,0
622190358,1072.100655309585,208.29653037962245,1113.6854,216.7497,0
622190375,1072.100655309585,208.29653037962245,1100.0875,219.8397,0
622190391,1069.3147723255463,200.42186668560464,1051.2329,169.6399,1
622190408,1067.3548043540977,192.91669333493869,1078.6703,161.1105,1
622190425,1067.1451623721,189.90845227789924,1053.6542,181.056,1
622190441,1066.7390581415468,184.0810917075268,1127.594,153.5143,1
622190458,1066.3732909875591,178.8325448303367,1089.8573,149.476,1
622190476,1061.5799364054594,176.89326329750014,1040.6885,172.5641,1
622190492,1057.1288770555743,171.10258150551655,1040.8357,130.3056,1
622190509,1051.832724718116,168.45528046578093,1022.3696,156.3355,1
622190526,1049.5474868647823,168.4821164221054,1038.9999,166.3649,1
622190542,1049.5474868647823,168.4821164221054,1088.7319,177.9753,1
622190575,1044.8668380632128,168.53708211708806,1012.9222,212.6889,1
622190609,1043.5255895221787,167.72114147319127,1055.7051,164.1755,1
622190642,1041.8197372448321,163.12522928176185,1052.4487,119.1028,1
622190675,762.1974565525405,155.43934509121866,735.423,125.2192,0
622190708,762.1974565525405,155.43934509121866,744.8078,144.7337,0
622190742,762.1974565525405,155.43934509121866,814.0961,180.9976,0
622191241,772.0534607718271,165.08247467202258,807.4117,194.6739,0
622191274,775.15070068245,165.04610323049118,807.504,167.4696,0
622191290,775.5000670470645,170.05930827638733,788.3911,195.1738,0
622191307,775.654175365226,172.27067341187887,788.687,188.6187,1
622191324,776.0373554293722,177.7690854676094,782.1324,213.479,1
622191340,778.6191943261076,182.85177331350383,818.8257,248.6639,1
622191357,781.7395618040393,182.8151302808182,820.9232,167.6144,1
622191374,785.1260426830318,182.775362230928,833.9147,178.4975,1
622191390,785.0205309380661,181.26132978293714,794.1252,162.33,1
622191407,786.5862770033467,181.24294294720278,816.7585,197.4713,1
622191424,801.068716809576,180.84158250444207,971.8339,184.1479,1
622191440,1042.7870940559599,131.52424649341162,1088.1571,143.4536,0
622191457,1040.4542295225242,98.04899118852981,1096.8462,60.6545,0
622191473,1040.4542295225242,98.04899118852981,1040.2302,137.0273,0
622191490,1040.4542295225242,98.04899118852981,1068.8557,137.4906,0
622191507,1040.0035175592363,111.71867593469545,1062.7365,162.5507,0
622191523,1035.5269589218246,119.17137598355991,1042.0553,158.3423,0
622191540,1028.8379044513922,124.21917270755333,1020.11,158.1077,1
622191557,1028.9807131168557,126.47300307609606,1050.489,149.4317,1
622191573,1029.0826713574575,127.93604479397324,1043.8611,169.7331,1
622191590,1029.0826713574575,127.93604479397324,1072.3635,116.1688,1
622191607,1029.0826713574575,127.93604479397324,1063.7657,142.1767,1
622191623,1026.311266667275,127.96858989430699,1018.386,144.6056,1
622191640,1026.2585709442928,127.96920870959502,1007.9678,118.2747,1
622191656,1026.306761191626,128.66071085623028,1097.6067,157.1345,1
622191673,1026.3804687031457,129.718370969212,1044.3879,151.5309,1
622191690,1026.6795013233486,131.75721872363943,1063.145,164.7497,1
622191706,1026.819521215684,133.76642310585277,1052.4971,166.731,1
622191723,1026.9452310499044,135.57028643977057,1057.1423,166.2765,1
622191740,1025.8891703181807,138.93491579147522,1028.8545,189.1164,1
622191756,729.9289511346934,190.3062494909925,743.9681,195.395,0
622191773,700.8033998848016,199.52155820839056,702.1046,203.7584,0
622191790,701.9227463717591,215.58353218436667,713.8626,234.0226,0
622191806,701.9781987704226,216.37924199774156,724.3835,221.0753,0
622191823,705.0741385788533,227.2875978033323,722.8579,260.4716,0
622191840,710.2715782646209,239.3725009068073,744.5662,285.9607,0
622191857,710.592797328555,243.98180848548276,713.0555,265.9698,1
622191873,710.8186029988575,244.33924863392858,730.2388,260.4008,1
622191891,710.8186029988575,244.33924863392858,754.6086,232.7142,1
622191907,710.8186029988575,244.33924863392858,677.122,243.6764,1
622191924,710.868233856068,245.05142269817748,686.8144,251.3571,1
622191941,710.9530451452574,246.26841559153522,745.538,257.2946,1
622191957,711.1264428602897,248.75657240338188,729.8365,272.0813,1
622191974,711.1470472754072,249.05223383017412,725.9038,251.6691,1
622191990,710.4639032538176,250.26614994872324,704.3275,266.3805,1
622192007,709.4250168336882,250.27834977753145,687.4376,245.9071,1
622192024,709.4250168336882,250.27834977753145,738.1065,270.0299,1
622192040,707.973249665525,250.29539813871682,698.5396,228.4635,1
622192057,705.1847974233932,250.35519806182126,677.364,252.1392,1
622192074,703.0901541316491,258.91887374159717,676.2125,369.4494,1
622192090,700.9749095867548,263.81789685442055,677.3816,323.9088,1
622192107,699.2992446895323,268.41829473835804,682.4966,323.5732,1
622192124,696.2132709240128,274.9129515722564,655.6207,355.2916,1
622192140,694.4323426764765,281.17711914000745,674.6892,356.689,1
622192157,694.3010921839327,285.67726192943746,702.4862,334.1924,1
622192174,692.7975117286106,290.3112874491066,677.8677,339.6862,1
622192190,692.9887962414867,295.2143108799125,705.0566,347.9885,1
622192207,691.3420484841627,299.35656240101196,672.9094,339.2941,1
622192224,690.7443402881397,303.83130877903244,689.2802,348.5241,1
622192240,689.3060598905269,306.29117883252235,675.5105,319.287,1
622192257,688.9334980053446,310.4986763829801,690.8153,351.5367,1
622192273,688.0552946458329,314.4128132926102,673.0149,339.4335,1
622192290,688.2276359136216,316.88581069820685,698.1902,323.5768,1
622192307,688.3406536054354,318.50754913745664,714.4775,312.299,1
622192323,689.4104806424425,322.07012274388757,725.3076,352.3887,1
622192340,689.5195902182301,323.6357819809957,690.4941,325.3017,1
622192357,690.3624622041546,328.75278947918065,705.2129,384.6855,1
622192373,690.7523641092927,331.37802695543263,707.7235,346.3351,1
622192390,690.9344350345608,333.9906393122969,701.5685,346.6388,1
622192406,691.2046121823789,337.86752494844546,681.5924,372.1734,1
622192423,690.1028885006451,341.96433260953097,666.9441,379.6713,1
622192440,688.2545664555383,346.47944054403814,659.0802,390.2532,1
622192456,687.4586942671503,350.2520326429295,676.2827,382.9409,1
622192473,685.8219702000442,353.72809206515416,660.5544,378.8749,1
622192490,684.6728025520518,355.085406348746,669.0349,348.9774,1
622192506,683.5226584473295,358.7298562789262,664.0397,387.4938,1
622192523,681.946173623356,361.4278385896812,662.4113,377.5108,1
622192540,679.565338808174,363.6565587142336,643.4884,368.2667,1
622192556,677.2924572735562,365.1780444175861,643.4768,362.3926,1
622192573,676.9903987434067,367.2370007732739,677.2667,386.2108,1
622192589,675.7657819679273,367.93909975997036,661.8792,360.1392,1
622192606,674.9168834202725,368.4604540886515,668.4932,358.9322,1
622192623,674.9896104871557,371.88927839393756,677.6244,411.7042,1
622192639,673.4108353316399,372.1271198831053,653.4125,360.3033,1
622192656,673.2133882402131,373.6411027467866,674.2288,380.5261,1
622192672,673.3492709964905,375.5909416220068,669.1768,389.8669,1
622192689,673.5163300280623,377.98814199635336,696.1094,399.5431,1
622192706,676.2671813197692,380.85312392435486,722.4305,408.268,1
622192722,680.5215802732151,380.80316375747987,753.9465,376.2661,1
622192739,1014.6614514866458,376.87929956230477,1022.1964,404.9936,0
622192756,1117.6875425821102,375.66944577098604,1154.5189,363.4505,0
622192772,1117.6875425821102,375.66944577098604,1105.5552,380.4386,0
622192789,1117.7529684337708,376.6082688601477,1123.458,390.1853,0
622192806,1117.7529684337708,376.6082688601477,1132.8269,366.8841,0
622192822,1114.2238390891164,380.52075222100115,1103.8674,404.9396,0
622192839,1111.4405290689272,380.55343712775186,1107.5217,391.6909,1
622192855,1111.1539228867068,380.5568027953462,1119.5952,354.1482,1
622192872,1108.373735576028,380.5894510315613,1088.5299,374.4207,1
622192889,1108.373735576028,380.5894510315613,1108.9774,382.9184,1
622192905,1108.730186786142,385.70431950818306,1139.384,424.3415,1
622192922,1106.7758171221556,387.62841480753326,1074.0381,400.8476,1
622192939,1106.9126159585599,389.5913989021592,1139.7122,404.2227,1
622192955,1106.7148817366497,391.60998051733395,1112.6714,421.9957,1
622192972,1106.7038546686922,391.6101100101627,1109.912,372.4955,1
622192989,1106.7038546686922,391.6101100101627,1098.2924,391.8939,1
622193005,1106.6558638904194,390.92147012904326,1140.2822,374.0281,1
622193022,1106.5490592904353,389.38888596011697,1101.8752,367.1652,1
622193039,1106.4691830135434,388.24270763581524,1125.2284,352.2358,1
622193055,1107.5206578563857,388.2303599789105,1136.1572,400.5397,1
622193072,1115.7736863374685,388.1334431912159,1244.3802,390.6979,1
622193089,1119.7276905373974,389.1993272579242,1181.1049,402.5222,1
622193105,1122.1022081853698,390.8502092087045,1157.8674,411.7601,1
622193122,1127.935098194389,392.8412595347996,1216.6619,418.6282,1
622193138,1132.377342052393,394.65151300376385,1197.4751,416.8258,1
622193155,1135.353161393166,397.0799180407181,1175.0081,427.3829,1
622193172,1139.627302567498,398.98094841493776,1200.6328,420.6484,1
622193188,1143.9133986594384,400.52238315519344,1204.4668,421.6216,1
622193205,1148.1835087451068,400.4722384896862,1209.4258,385.9567,1
622193222,1150.8309798581142,401.1796871230071,1183.111,404.2379,1
622193238,1154.0775391637692,401.8256730062522,1196.9233,404.2165,1
622193255,1158.2192357501317,402.32651056043386,1215.0934,399.1836,1
622193272,1160.8105073710722,403.4621884101198,1184.5758,412.2855,1
622193288,1162.8547103018327,403.48582033863335,1181.7366,395.8672,1
622193306,1165.9789900464068,404.69512971060664,1203.8995,414.0245,1
622193323,1167.5477145632722,404.81898342490484,1177.8352,400.86,1
622193339,1170.4116857813815,405.6872784066502,1204.0363,422.3495,1
622193356,1173.2954104292535,405.6534143129895,1210.1736,412.3618,1
622193372,1175.068523922937,405.63259232450133,1190.4363,370.6509,1
622193389,1175.7871448858418,408.4271192282051,1173.7412,458.1602,1
622193406,1178.090631072875,408.40006897843824,1211.6091,404.5325,1
622193422,1178.6901912988073,408.3930282356055,1176.9801,390.5287,1
622193439,1179.6826642866558,409.193330647478,1192.7968,416.8049,1
622193456,1180.261041460207,409.7428030797693,1198.4189,415.3989,1
622193472,1180.261041460207,409.7428030797693,1163.7437,400.3521,1
622193489,1181.156078474278,413.7977016167487,1188.9751,470.5953,1
622193505,1181.3674415775486,413.81336205887584,1187.8927,404.1925,1
622193522,1181.8278460609386,413.8079554467851,1189.5342,401.9118,1
622193539,1182.3497392609959,414.2686517555173,1193.8547,410.3171,1
622193555,1184.254255144371,415.51955185590134,1224.3557,429.5977,1
622193572,1184.3138077403776,416.3740971270996,1193.9792,422.1476,1
622193589,1185.3901059466048,416.737570374787,1215.0083,435.8513,1
622193605,1185.3901059466048,416.737570374787,1201.9231,391.5336,1
622193622,1185.4943026733233,418.23273307234086,1178.7471,436.9284,1
622193639,1185.5354745648438,418.8235258767557,1205.4075,422.1234,1
622193655,1184.1137634757147,418.8402212840361,1150.4634,434.5944,1
622193672,1184.1137634757147,418.8402212840361,1198.3175,424.45,1
622193688,1183.6129388357963,417.992343301527,1186.647,368.188,1
622193705,1181.9126105017747,416.9778688132445,1154.469,393.7507,1
622193722,1181.7957290203924,415.3006872308567,1202.9314,385.6865,1
622193738,1180.4431383204774,414.2701402828067,1170.1694,381.2992,1
622193755,1179.4576307160355,414.2817132746472,1176.9333,394.0617,1
622193772,1173.1178473178998,414.35616248356916,1077.5525,448.0519,1
622193788,734.0664534910521,432.8676723087943,730.8964,424.064,0
622193805,663.1002199014265,444.51270832311417,615.2451,455.9584,0
622193822,663.1002199014265,444.51270832311417,699.4518,431.7095,0
622193838,657.7464320310936,444.57557881042436,640.7996,415.3092,0
622193855,652.856701007644,449.9534254690159,630.4183,463.9327,0
622193871,651.0165468441667,449.97503472806494,625.2259,440.5919,0
622193888,651.0165468441667,449.97503472806494,640.8127,428.5518,1
622193905,651.2914743107086,453.92008468742176,660.6492,464.6284,1
622193921,651.9889410185814,460.21594136627925,646.6554,488.258,1
622193938,661.4679700518698,461.16474455739774,734.1082,456.4257,1
622193955,661.6224920836371,463.3820462435885,645.6594,468.2912,1
622193971,664.4281082804263,465.48429325513797,680.4907,470.836,1
622193988,666.1915493818458,467.1703606865897,678.8127,469.5502,1
622194005,666.2008948766911,467.3044631264936,651.0882,460.2978,1
622194021,666.2008948766911,467.3044631264936,659.7651,450.5827,1
622194038,663.9128270678639,467.331332315491,623.7861,451.4453,1
622194054,663.4250012915886,467.3370609407223,629.1725,438.1752,1
622194071,663.4890973495161,468.2568022597791,675.2333,481.9883,1
622194088,663.0665964909728,469.89501466161767,647.6256,476.7939,1
622194104,662.1460653481394,471.6223613448065,639.6023,479.5592,1
622194121,658.7448490672518,477.24139159408685,595.4295,536.415,1
622194138,658.9356966311573,479.9799436336436,654.0618,499.1611,1
622194154,659.0686560088542,482.06020954711795,653.1136,491.624,1
622194171,657.6006925064805,487.2851992004275,622.8422,541.0931,1
622194188,656.4472883666419,491.6424443020532,627.9089,531.2382,1
622194204,654.713538175978,495.87462645027085,617.1216,532.2424,1
622194221,653.7090314108494,499.05828619238423,629.6353,518.7625,1
622194237,652.8139113111292,502.8291791693106,629.7975,530.8745,1
622194254,651.4299249586105,508.1856973042358,618.2194,559.3519,1
622194271,648.9488969483548,510.82799145876766,600.8723,518.2702,1
622194287,648.5160105273499,514.0591539183066,635.1293,531.1539,1
622194304,645.9752656785342,515.1017883823009,596.9116,493.0726,1
622194321,643.2220552951826,517.6433041653487,598.9285,518.2507,1
622194337,640.3643799642772,521.9735620388565,586.6672,549.2822,1
622194354,639.2005470419842,524.8778307177257,592.2921,534.6321,1
622194371,639.231686378564,525.3246621676824,662.2514,494.9835,1
622194387,639.357795150904,527.1342500326316,636.0441,519.2693,1
622194404,639.4394666493354,528.306188746575,623.8555,515.4939,1
622194420,639.4795820936124,528.8818221447399,666.6088,519.2116,1
622194437,639.4795820936124,528.8818221447399,632.5354,491.5669,1
622194454,639.4795820936124,528.8818221447399,619.1415,502.4291,1
622194470,639.6869043243204,531.8567761139296,626.3372,554.0188,1
622194487,639.9150468667722,534.1298688401064,656.2394,543.9983,1
622194503,640.0689778791027,536.338689739584,645.1541,543.6606,1
622194520,640.1543284735285,537.5634213508176,609.2192,528.2839,1
622194537,637.8726277325406,538.9835822801224,582.8834,532.9772,1
622194553,637.3985587705665,541.4121832676598,614.4348,550.4622,1
622194570,637.3985587705665,541.4121832676598,627.351,516.5546,1
622194587,637.4325497759289,541.8999345135082,622.6536,525.3447,1
622194603,645.1579283612331,545.2509873762209,766.3115,575.2294,1
622194620,650.6517224930698,548.014159073765,715.872,571.9406,1
622194637,658.569918191111,551.1105438642558,766.0376,574.556,1
622194653,665.8367775979427,556.0216145255514,753.1448,604.7018,1
622194670,671.4406789340337,557.5548947081006,726.4082,555.4588,1
622194687,678.3509327429917,559.9499346656153,751.9526,569.9255,1
622194703,684.8332266587843,562.0871989804069,746.7194,567.077,1
622194721,692.138999762652,566.4144936221281,763.7539,603.3645,1
622194737,698.3626853133838,569.803339486399,749.6788,590.8739,1
622194754,703.9849661778213,571.936698338263,743.8057,574.976,1
622194771,708.2399918543708,576.0341525918675,720.1287,604.5503,1
622194787,715.9704852577617,579.6239688133255,791.5592,600.6954,1
622194804,721.5176270132029,582.3272060466646,754.8362,584.3673,1
622194821,728.1042157108421,585.8251014320435,778.41,603.309,1
622194837,732.5311958012375,588.0539790951511,746.0961,587.9776,1
622194854,735.2473209388027,589.4718930480155,723.2167,579.5007,1
622194871,739.6420466508571,589.4202849989474,767.8716,545.8219,1
622194887,743.517950356421,590.5230529575531,759.1772,574.4384,1
622194904,746.8689463154418,590.6930301845034,754.7697,568.8314,1
622194920,747.7590161104823,590.6825779359067,720.4564,552.6058,1
622194937,748.7506050746174,591.1058234499395,722.4907,578.9683,1
622194954,750.0185227203756,591.0909340665368,730.9928,550.7412,1
622194970,759.7495686464408,590.9766606559672,887.0883,573.7538,1
622194987,1043.942091585084,587.6393370936942,1046.1096,566.6327,0
622195004,1043.942091585084,587.6393370936942,1037.1383,563.1959,0
622195020,1052.1734610827864,590.7436087565688,1053.5306,589.5483,0
622195037,1062.920949690125,591.2872929441376,1078.061,578.2081,0
622195054,1062.920949690125,591.2872929441376,1062.8657,608.7172,0
622195070,1062.920949690125,591.2872929441376,1071.958,550.3901,0
622195087,1062.8416201062125,590.1489593475457,1023.1925,553.0618,1
622195103,1062.8416201062125,590.1489593475457,1048.7012,575.0569,1
622195120,1064.7485221854674,590.1265662557984,1098.7836,589.7243,1
622195137,1064.6151438740537,588.2126647142757,1049.2844,560.6432,1
622195153,1064.547486924019,587.2418266552712,1056.8206,565.954,1
622195170,1062.3468340313545,585.2479085409543,1031.7778,554.5223,1
622195187,1062.3136039635172,584.7710763079992,1051.1765,560.0837,1
622195203,1062.3136039635172,584.7710763079992,1066.3213,574.8989,1
622195220,1061.9820112474172,584.7749702604968,1052.145,576.064,1
622195236,1061.3368823178596,585.1483671653572,1047.28,576.1052,1
622195253,1061.491419125113,587.365880871216,1042.4407,599.7391,1
622195270,1061.6097855428304,589.0643704302211,1055.257,606.7896,1
622195286,1074.3460490336436,588.9148062129655,1256.1674,562.1053,1
622195303,1258.2489888599846,593.7615016208487,1272.5042,628.9503,0
622195320,1258.2489888599846,593.7615016208487,1264.8516,583.1829,0
622195336,1258.2489888599846,593.7615016208487,1247.4369,579.8501,0
622195353,1258.783144839277,601.4263306424903,1252.4834,603.1215,0
622195370,1269.1611077186265,607.1600372417531,1328.7295,610.5248,0
622195386,1269.4290537680706,611.004907908059,1237.7776,611.8611,0
622195403,1278.2089620278298,618.1727092521303,1317.9619,638.6943,1
622195420,1278.2089620278298,618.1727092521303,1301.1949,614.3214,1
622195436,1278.2089620278298,618.1727092521303,1245.0564,592.3367,1
622195453,1276.270832853474,618.1954690492335,1257.407,618.4498,1
622195469,1275.8914236480014,618.1999245193073,1243.7937,585.7805,1
622195486,1275.8914236480014,618.1999245193073,1297.5906,624.8344,1
622195503,1273.959473755821,618.1207590260746,1250.9282,578.726,1
622195519,1273.959473755821,618.1207590260746,1261.0344,582.6243,1
622195536,1273.959473755821,618.1207590260746,1276.9426,633.3069,1
622195553,1273.959473755821,618.1207590260746,1276.2732,596.5677,1
622195569,1273.959473755821,618.1207590260746,1259.408,652.5074,1
622195586,1278.9898660225178,618.0616862311061,1351.9075,608.3578,1
622195603,1281.7682131205481,618.0166463038652,1314.2072,559.7197,1
622195619,1285.170862943505,615.4957257302759,1328.9916,570.2076,1
622195636,1287.139083244239,615.045679891547,1307.7581,597.6752,1
622195653,1291.5552989145588,614.2639810428798,1349.0298,592.8749,1
622195669,1294.654795887402,611.5005824563078,1333.5513,562.4517,1
622195686,1296.7061784052842,604.9564328937396,1323.4011,502.9733,1
622195703,1298.64650896027,602.1960369465248,1319.4624,557.7678,1
622195719,1298.64650896027,602.1960369465248,1362.5437,550.112,1
622195736,1298.64650896027,602.1960369465248,1249.1936,631.9019,1
622195752,1296.3913427382372,602.7048348621846,1208.4641,619.3651,1
622195769,1294.2087850537803,604.0929574293219,1248.8512,618.2672,1
622195786,1290.982302734176,604.3881308170896,1231.8951,599.8937,1
622195802,1288.7927036307985,605.7564960106301,1248.8635,617.161,1
622195819,1288.076492547657,605.8316413601127,1274.6442,594.8092,1
622195836,1286.7402758308758,606.0997365781308,1261.9934,597.233,1
622195852,1284.4467685808204,608.9270891233488,1242.6794,641.2418,1
622195869,1283.2954703239277,609.0696224772701,1274.1124,611.1885,1
622195886,1280.6341411439753,609.1008749412243,1236.8086,582.0178,1
622195902,952.3700647503209,622.7086676181557,940.8741,605.4125,0
622195919,751.5578390260353,633.3303865224892,734.5019,641.8588,0
622195935,707.8743532744195,633.843369498866,645.0866,584.6167,0
622195952,696.4552675345764,634.3709781129648,654.9233,642.3022,0
622195969,684.1176374296572,634.5158611071619,628.2827,585.9321,0
622195985,682.2622939435538,634.8828870393777,627.1573,615.4484,0
622196002,683.6662680035607,655.0291018866424,663.4385,632.9016,0
622196019,684.4746570015566,666.6290159432526,662.7083,668.032,0
622196035,698.3769597403624,666.4657587188178,694.2313,660.7686,0
622196052,698.3769597403624,666.4657587188178,681.3978,603.0197,0
622196069,698.0987742791748,662.4739584227041,672.2397,629.2433,0
622196085,689.5390670528368,653.5020511288283,637.6393,598.4012,0
622196102,683.9165611836967,648.6326760691715,638.2109,605.0963,1
622196118,682.3246266896952,647.6908780155459,654.3138,621.8945,1
622196136,678.5736195403665,644.6861351666306,635.7014,605.1617,1
622196153,678.0935203312198,644.3879124250718,656.2832,622.1757,1
622196169,677.8953219630683,641.5438806007684,648.0256,595.3023,1
622196186,677.8953219630683,641.5438806007684,670.463,626.0277,1
622196203,677.8256481592053,640.544101857105,662.2028,611.6942,1
622196219,677.4182321528141,640.5488862160448,653.1855,619.4219,1
622196236,676.9399696744133,640.5545025377609,640.2424,594.4012,1
622196253,677.0359807819314,641.9322063393355,671.6371,665.4977,1
622196269,676.0209054347856,643.5866078525322,643.1093,656.8138,1
622196286,673.9728959195446,643.6106579941063,628.7021,620.1981,1
622196302,672.3030270090378,643.6302675630116,632.0332,608.8432,1
622196319,663.6199701898589,642.8763530627884,524.9611,609.9838,1
622196336,657.9686466540203,642.9427175645676,563.5488,609.7105,1
622196352,653.2880954371228,642.997682113596,573.999,633.2733,1
622196369,647.86908647946,644.1315148020863,556.6083,637.3204,1
622196386,641.8336943246788,647.4526585096406,539.2786,671.084,1
622196402,635.9604869350702,649.1097884813969,538.9476,647.0922,1
622196419,630.6706042065188,650.8127983724412,543.9916,648.8497,1
622196435,625.9391533210238,651.624298845568,550.0996,635.7726,1
622196452,623.7419689940945,653.3715179382639,588.7404,651.9396,1
622196469,620.7863456992625,656.0426205031002,570.7162,667.7748,1
622196485,618.5409647246865,656.1116392419574,582.7124,650.8386,1
622196502,614.4607544110988,656.1595538805193,546.4155,640.3044,1
622196519,610.6668575257153,656.2041062893493,555.0242,593.797,1
622196535,606.424292334672,657.7930707141361,543.9689,656.1273,1
622196552,602.9714769006658,657.9404570081831,553.7783,627.2037,1
622196569,601.8157436812652,659.0339861743628,588.1451,647.1488,1
622196585,601.7488013359535,661.1999914888271,598.5446,662.7464,1
622196602,601.4124911698725,661.595861640801,592.5911,635.6603,1
622196619,598.6564899237638,661.8494372448499,548.0825,635.7985,1
622196635,598.3618541114005,664.9286373354722,583.4536,681.9131,1
622196652,596.7404847829719,664.9476773651218,562.9493,636.3915,1
622196668,594.8619798433238,664.969736984186,554.741,630.5489,1
622196685,593.8558818730498,664.9815517723705,570.1003,631.2544,1
622196702,593.8446596357481,664.9816835571078,584.4193,619.9895,1
622196718,593.0434186821856,665.5170134669099,566.5486,667.8908,1
622196735,592.7020407582397,667.7979612361419,567.5817,673.0518,1
622196752,592.7020407582397,667.7979612361419,578.2243,655.7346,1
622196768,592.7020407582397,667.7979612361419,579.4341,642.4492,1
622196785,593.626460357891,667.7871056116537,589.6687,625.4028,1
622196802,597.379405106282,669.1883879498617,638.1675,665.2573,1
622196818,598.4583274492093,669.3400615891983,580.94,642.5415,1
622196835,600.954839598314,671.0443628735321,609.7711,669.0437,1
622196851,601.5504618590492,673.3548361794082,577.1879,681.7437,1
622196868,601.8324295096662,673.8875249530803,573.0187,658.7415,1
622196885,604.0242788317146,673.8617856749606,607.2532,652.2468,1
622196901,606.4307168479079,673.8335264434737,612.5259,637.0232,1
622196918,607.2471102154453,673.823939390326,586.1892,626.9428,1
622196935,607.8780927058226,673.8165296502289,584.9854,651.9011,1
622196951,610.2402493414885,674.2585861212159,620.5662,676.8157,1
622196968,612.4728890565123,674.2323678342253,631.8928,648.3822,1
622196985,612.4728890565123,674.2323678342253,566.4052,641.9688,1
622197001,614.3871099861817,674.2098887959102,612.1373,630.5469,1
622197018,616.3344791605098,675.7029285626336,613.3488,684.9249,1
622197034,618.6055003062972,676.6815247411714,620.1923,667.019,1
622197051,620.4046699986861,680.7497837158312,610.6564,714.9735,1
622197068,831.4289739829999,707.880911623686,810.9634,728.9146,0
622197084,1079.4760367579777,704.9680506567904,1065.1499,684.3519,0
622197101,1162.6577370920363,736.2176477656984,1230.8206,745.0237,0
622197118,1192.6101672714456,737.5614406245118,1239.001,725.9657,0
622197134,1214.7937980462696,737.3009342856536,1267.916,709.5474,0
622197151,1220.5712009785768,737.2330892110002,1229.0198,724.5494,0
622197168,1232.653744750393,737.091201741179,1219.6984,717.7985,0
622197184,1253.3783870913112,736.8478285641199,1240.936,705.842,0
622197201,1255.1705460370456,745.8578307164386,1243.3171,755.6471,0
622197217,1256.3079929760863,745.8444734738509,1246.1881,712.9067,0
622197234,1256.3079929760863,745.8444734738509,1242.6877,731.1554,0
622197251,1264.339903777489,745.5877194320403,1285.4436,685.8291,0
622197267,1264.339903777489,745.5877194320403,1249.5349,712.8667,1
622197284,1264.339903777489,745.5877194320403,1264.5763,768.0496,1
622197301,1264.3177479363496,745.2697959401257,1225.9374,722.0191,1
622197317,1264.276088453794,744.6720064866724,1243.5895,719.2677,1
622197334,1263.9486662747024,737.208667398108,1272.3979,658.0067,1
622197351,1264.071852474087,734.9570182338276,1259.4966,696.5829,1
622197367,1263.792211627536,730.9443340004324,1263.657,675.34,1
622197384,1263.6651572240967,729.121176876742,1234.1904,693.7074,1
622197401,1263.2875179671712,723.7022721964486,1253.5416,649.9904,1
622197417,1263.2115202553339,722.6117490349528,1248.1555,695.6088,1
622197434,1262.9029046808907,718.1832942329381,1234.2209,651.8214,1
622197450,1262.9029046808907,718.1832942329381,1291.0186,705.4271,1
622197467,1262.7560585140598,716.0761367641863,1252.2771,676.1565,1
622197484,1261.7710971731738,716.0422940008498,1216.6832,665.6534,1
622197500,1261.7710971731738,716.0422940008498,1249.3717,739.4092,1
622197517,1261.7710971731738,716.0422940008498,1236.0256,683.9515,1
622197534,1262.162115632601,721.6531824903653,1272.6356,802.9518,1
622198167,703.4253683895262,734.3192195838943,678.0123,707.8542,0
622198200,616.4583898222663,777.8191225629693,584.0126,797.5123,0
622198216,616.4583898222663,777.8191225629693,578.5364,709.4036,0
622198233,616.4583898222663,777.8191225629693,594.9987,737.1655,0
622198250,615.9551515472649,770.597944696267,584.6326,721.1881,0
622198266,623.9032968534117,759.8617410234988,630.8278,692.1785,0
622198283,629.6015745094934,755.6902663730558,635.1915,709.3433,1
622198300,629.5366288611252,754.7583339230986,595.0109,722.4493,1
622198316,636.991746153419,749.2450075619213,661.4926,684.0553,1
622198333,669.5854550114987,778.5908193971461,635.0447,727.3909,1
622198333,669.5854550114987,778.5908193971461,635.0447,727.3909,1
