timstamp,smoothx,smoothy,rawx,rawy,fixation
629409678,1115.4401900740493,552.858678643599,1057.6877,547.9135,1
629409695,1098.222491677366,547.3838499475946,978.9431,526.0928,1
629409712,1086.7601612796425,544.4055901243048,998.3022,538.614,1
629409728,1077.3174561276899,543.488206823353,997.9663,552.8453,1
629409745,1069.4134901757402,541.5004653335391,998.6003,540.5259,1
629409761,1061.8808430541387,536.4710916581065,990.8771,504.2079,1
629409778,1055.2813978453107,533.0154441327419,990.4099,515.0796,1
629409795,1047.0302081427938,532.2789874111129,960.4144,542.2629,1
629409811,1042.2022306135323,534.3850204413445,992.9202,578.5787,1
629409828,1034.1804471464256,530.5292878841891,944.3386,499.3228,1
629409845,1033.9651282535945,532.1386115430989,1042.5673,574.276,1
629409861,1030.4453942520952,532.6879928486287,993.4027,558.443,1
629409878,1026.882762386421,535.2532382737314,987.7137,588.1663,1
629409895,1022.4840062752943,535.2505718758762,970.7859,550.3486,1
629409911,1019.6996604445055,534.7719919966668,991.015,543.4578,1
629409928,1017.2219323836754,535.4629412627365,991.8602,561.4989,1
629409944,1013.4267111136983,534.2976920734519,967.2434,530.8163,1
629409961,1007.7931601606975,530.655106989856,933.1688,488.0842,1
629409978,1002.5355680905376,527.4394156384454,934.3724,493.2191,1
629409994,996.7477473908355,525.6707128531567,920.3295,515.2726,1
629410011,990.7106467484748,522.261113973796,911.4566,485.7491,1
629410028,986.9297112286417,521.5067702812952,944.9258,530.7665,1
629410044,982.3898923695581,520.2516277793861,927.5032,520.3597,1
629410061,977.439347655495,519.1686323925127,915.7793,521.7027,1
629410078,973.9001220880928,515.9254107254687,947.7471,489.9417,1
629410094,969.0219938010206,515.6326975748293,923.5887,536.7401,1
629410111,964.8590167077332,513.388094375273,930.1741,499.6822,1
629410127,961.1362055095168,512.3301689811396,931.9604,520.3005,1
629410144,957.9791771903176,510.1017601994665,937.7855,497.1245,1
629410161,957.4219090931957,510.00591900776203,976.1432,536.1715,1
629410177,958.1247617861335,509.7409299965075,987.3463,528.6592,1
629410194,957.8683528296352,510.9666445781116,959.0245,550.5493,1
629410211,958.114386778033,510.7737034990834,968.312,526.5894,1
629410227,958.5388542388903,511.19379764072715,969.4152,537.9265,1
629410244,967.7812424172009,509.3393718264945,1123.0297,501.7531,1
629410261,979.1048445276008,509.7297542373079,1157.3066,537.8229,1
629410277,989.3512712055369,509.30501512709407,1138.7791,523.8458,1
629410294,1000.0978752153209,507.3958987315827,1146.2026,500.76,1
629410310,1008.5041698159579,504.0545528310752,1111.573,477.2461,1
629410327,1016.9552764099492,501.8336412798426,1110.4846,487.5095,1
629410344,1025.0295129553922,500.8778151556216,1118.229,516.6343,1
629410360,1033.7773359632738,499.82940020982664,1129.0414,512.4437,1
629410378,1042.4526450715719,496.9967212441733,1132.9603,483.1958,1
629410395,1049.2919307856032,497.65333347863077,1104.4177,537.4756,1
629410411,1197.027952763856,700.881403362125,1191.0598,723.2896,0
629410428,1257.624577485283,785.4733631863834,1251.0405,810.1216,0
629410445,1225.0165995896461,802.2943194167335,1185.0918,841.3022,0
629410461,1233.6166484320734,818.0266266016996,1243.4885,873.5986,0
629410478,1236.637765697327,814.7551032990935,1238.7369,828.9369,0
629410494,1242.002247876068,820.2518264621643,1255.7803,866.4513,0
629410511,1240.8398632824938,825.9361234396978,1227.3318,876.8977,1
629410528,1241.215359061136,826.8039722316424,1235.9362,855.0486,1
629410544,1241.3680353448772,833.7928104749013,1234.3271,903.4582,1
629410561,1240.1715414619503,837.5623079305288,1223.2324,887.7112,1
629410578,1239.5532042353645,843.1145168257823,1226.4147,910.7509,1
629410594,1241.1373081113027,842.9755562480103,1248.3982,862.9489,1
629410611,1241.1980755689735,844.3620217234899,1233.9838,878.9271,1
629410628,1242.8637936096766,844.63056938513,1252.8281,868.9027,1
629410644,1242.3116443778156,845.7775451307167,1227.7751,879.2762,1
629410661,1240.8541063523012,848.239811450589,1215.2719,897.3199,1
629410677,1240.2680050821045,847.0893489677736,1225.8506,852.6406,1
629410694,1241.2084138167272,850.3272508217187,1245.8162,913.3599,1
629410711,1239.9507075001723,851.1560657729356,1215.389,881.2242,1
629410727,1239.0728928927579,850.1082306918316,1220.2205,854.847,1
629410744,1237.5085984610153,853.6623500248885,1208.1548,923.8575,1
629410761,1235.7563983301266,853.1969927597443,1204.6556,864.3685,1
629410777,1235.7958420666037,857.282780968216,1231.0442,937.7889,1
629410794,1233.2639406980966,859.8929042117701,1189.2961,915.4636,1
629410811,1228.7802480358419,861.3241109930681,1155.5958,897.0317,1
629410827,1227.2645256687501,869.5105269517679,1201.3209,1012.7086,1
629410844,1225.4835962183479,870.2235363924359,1196.939,891.1732,1
629410860,1223.4259385999617,869.0998508714893,1191.1008,861.309,1
629410877,1220.3671611647253,867.9565915538954,1172.2001,861.2419,1
629410894,1217.6029005432908,867.6139784691459,1175.2131,876.1077,1
629410910,1211.8645240671576,868.1588407491229,1120.8982,890.6007,1
629410927,1106.3676453142295,620.6492705288763,1100.7711,639.7021,0
629410944,720.2395361475245,514.1588055170565,713.4337,518.9007,0
629410960,713.1164761085026,427.4590249887239,701.1702,345.2091,0
629410977,720.1323562410544,381.7975085306727,730.0367,296.7687,0
629410994,717.5319951003287,366.62274269847563,705.1512,327.125,0
629411011,718.9061739535988,356.5786164665271,719.8483,323.6163,0
629411027,702.7260110732941,342.3318557142238,697.8475,346.439,0
629411044,734.6092841260391,338.5993006426971,729.9793,343.8892,0
629411061,731.5943870922897,333.52677637584816,724.039,333.5345,0
629411077,728.622432892732,330.85686593777643,718.1796,330.4273,0
629411094,730.1816789540887,328.5091374781557,730.4372,326.915,0
629411110,725.432562755212,327.4108705297715,702.1805,327.4952,0
629411127,721.0840073924106,330.77163133995765,695.2295,351.311,1
629411144,716.266039149561,331.33366050824145,684.1222,338.1111,1
629411160,716.3893418647508,330.4484116032797,713.6617,329.1147,1
629411177,713.8163936230616,334.15295115316815,690.3041,365.7935,1
629411194,715.6723297429154,335.5282394058413,727.716,351.5626,1
629411210,715.342100365458,337.33584171101734,708.2939,357.401,1
629411227,714.4923816327471,337.95410780038577,702.1892,347.0347,1
629411243,716.2210350118166,340.8797497055277,730.4796,375.6145,1
629411260,717.1791830521115,337.6433374287876,724.1053,304.3229,1
629411277,722.8832978503173,334.1007882415367,786.3696,298.8193,1
629411293,733.0874262460047,328.3456598569188,853.8003,267.7561,1
629411310,742.8434701103457,323.67274227313055,858.5801,276.7606,1
629411327,751.7397915393227,320.61494742510314,856.0896,295.0449,1
629411343,761.8669356837383,318.0800507738646,883.2346,300.6678,1
629411360,768.6773032335607,314.65028439401425,842.3704,283.0054,1
629411377,775.6442345003841,310.83857882202636,851.681,274.2234,1
629411393,780.4492501348265,307.58599885852817,823.8408,278.6876,1
629411410,787.4422927951781,303.7135196887279,864.8481,267.2056,1
629411427,792.6593091380585,299.933514806625,842.0308,264.5802,1
629411443,798.9238927491089,294.9552565241575,865.4127,242.2488,1
629411460,801.7346512634442,290.1246007071066,812.8992,239.0118,1
629411476,808.6070914295364,287.1472711515411,886.8115,269.5237,1
629411493,813.8975684345797,278.3402099787443,866.744,165.434,1
629411509,816.4817480509016,267.3989321494942,825.6835,121.9241,1
629411526,821.2950327316887,256.54049205527303,869.6843,119.1539,1
629411543,825.7833888673969,245.11675380854135,860.0856,112.1438,1
629411559,830.3077174474805,235.824764625434,865.4077,142.6429,1
629411576,835.4795259473684,225.55777900469604,882.1308,119.6716,1
629411593,839.8598339718022,216.59915966072558,874.9845,135.0569,1
629411609,842.923521385859,206.79349620197993,854.7186,112.5334,1
629411626,846.5093865502915,198.95273588955345,868.5131,142.1343,1
629411642,850.5611059304701,189.96940057724578,881.363,113.1627,1
629411659,855.429017995146,180.84458349770435,904.1666,102.31,1
629411676,859.9980032769304,172.16279058566965,901.3443,105.4316,1
629411692,861.7858568896137,164.83355591618943,861.1519,116.9709,1
629411709,885.8698332002717,106.87358935347626,884.9592,117.7931,0
629411726,914.0177621014242,121.21501741851752,913.1172,133.1772,0
629411742,919.8089957663435,126.02805518519138,924.6451,143.2192,0
629411759,945.800619265197,105.47195451648498,997.7299,79.6568,0
629411777,959.0510332237154,99.0510933068565,998.035,95.3789,0
629411793,971.3310932175816,94.65479293028595,1019.0016,93.7223,0
629411810,977.0943845212396,96.17188380408221,1003.6068,119.5151,1
629411827,983.8236268610403,99.27608743244524,1020.7478,133.6722,1
629411843,989.1362132606357,101.8469838466896,1021.9557,135.1389,1
629411860,991.6575163198522,99.290258243487,1007.8208,95.3825,1
629411877,994.8495934115087,99.89882802452038,1018.1498,121.0515,1
629411893,999.5621345186544,98.64574939251072,1039.0547,103.9567,1
629411910,1000.9301810075755,98.04836220972976,1009.8737,108.0948,1
629411926,1002.2109918387499,98.3444870461404,1011.0076,117.5586,1
629411943,1005.5991134966418,98.64135946910945,1038.8876,118.949,1
629411960,1005.1503298893737,99.45367300773533,994.0975,124.2179,1
629411976,1008.6654610158159,100.53600259546286,1047.2253,130.691,1
629411993,1008.7347548112756,101.77763941711247,1003.3951,132.4362,1
629412010,1011.1872582469343,100.31275914771356,1038.8879,96.1686,1
629412026,1016.6072462270267,99.95932118289977,1085.6801,113.0536,1
629412043,1026.0782575642704,105.36614042313333,1151.7302,202.6643,1
629412060,1032.5907919045474,115.8509150674117,1112.5878,284.2635,1
629412076,1094.8474629239006,329.7470190665274,1092.63,348.3976,0
629412093,1137.5155858307264,286.2260747805865,1136.088,306.4628,0
629412110,1119.1661430353272,294.50970042493293,1099.0048,321.6483,0
629412126,1116.6115066048628,293.7514774356265,1109.9629,311.4787,0
629412143,1124.430087209656,289.50204968669425,1146.4875,297.4913,0
629412159,1133.174700893875,285.40129151915824,1166.3502,290.7515,0
629412176,1133.0550006656908,283.7527891322795,1130.5942,296.0657,1
629412193,1131.6719531102272,294.03066435474875,1120.8495,373.495,1
629412209,1102.5047901476091,521.0498726066835,1098.0657,539.968,0
629412226,1147.4186752180647,487.1204652501443,1143.67,507.7072,0
629412243,1128.5931220736277,510.1932187085619,1105.2788,552.3954,0
629412259,1126.6699093478057,513.5605329634649,1118.646,539.8118,0
629412276,1117.558285466762,501.3876040381227,1086.8171,483.6181,0
629412293,1120.7212339588934,494.7073278672677,1129.908,488.7658,0
629412309,1119.075425290283,490.1451729517985,1107.537,487.7375,1
629412326,1117.8746058875824,485.7127261503374,1107.6067,480.2104,1
629412342,1118.0899096106882,489.03912710969263,1115.7369,532.0121,1
629412359,1118.089084277865,484.933604989938,1114.9199,474.4031,1
629412376,1119.9664181596477,483.9359958087388,1132.249,497.2034,1
629412392,1117.272705981065,483.2648381122817,1088.7336,497.2476,1
629412409,1117.0659128267944,482.58934928161864,1111.7888,496.951,1
629412426,1114.53507864059,479.61155285787555,1084.83,468.3536,1
629412442,1111.182489045951,474.1889222976741,1071.7385,434.0139,1
629412459,1109.4688010378948,474.6047124625641,1087.7175,502.2979,1
629412476,1108.452987852212,473.88692360185445,1095.1021,487.6195,1
629412492,1109.4310474595663,472.86956352883885,1121.6648,483.3583,1
629412509,1109.6154320559274,470.13699060561396,1111.2397,457.0163,1
629412525,1288.3934883824286,312.5731269290097,1287.6196,338.4031,0
629412542,1323.3040895801582,157.707314588395,1324.592,184.8453,0
629412559,1335.6344011922342,156.56923049402883,1349.406,183.4856,0
629412575,1339.9559636812564,154.88791504167824,1350.0039,179.6245,0
629412592,1341.4890587146886,147.67743864252483,1347.7124,154.3115,0
629412609,1344.7418704388924,149.83818935394234,1358.8346,186.9642,0
629412625,1341.6733083696633,150.30853154627934,1327.7948,179.983,1
629412642,1336.3684331183285,153.45484035069157,1306.6511,198.2004,1
629412659,1334.9152616592469,152.4708486432508,1327.1364,172.9197,1
629412675,1331.8753191405926,152.1747635927257,1310.978,176.4914,1
629412692,1328.1415247391278,151.71049653007196,1299.4294,174.0117,1
629412709,1328.46051046969,150.57556900402565,1334.7339,167.8106,1
629412725,1329.4429836372028,151.02767149788886,1342.1711,183.5774,1
629412742,1330.618577739611,151.67842890773278,1345.6749,186.6199,1
629412758,1329.7591286421464,153.14822902090896,1322.0911,196.5766,1
629412775,1329.6767273891187,153.6344267550046,1331.0538,186.1623,1
629412792,1316.9945845189627,155.59943003359743,1161.4353,200.2399,1
629412808,1316.5518614830712,155.06370299002384,1318.7493,173.5172,1
629412825,1318.2679865375756,154.39960111011715,1349.0464,172.3598,1
629412842,1319.6843636653423,154.12574931683346,1345.6104,177.4904,1
629412858,1326.6971747997743,151.5334469935277,1432.2405,145.3319,1
629412875,1333.6426197676742,149.1856640438226,1436.1226,147.3721,1
629412891,1339.4770986777094,146.0390141407445,1423.2726,132.56,1
629412908,1345.3991521514777,144.37814406794163,1428.3298,154.6348,1
629412925,1352.6635888092057,142.28605284705156,1454.5217,147.2605,1
629412941,1359.998962654498,141.47384078600084,1460.0857,167.2889,1
629412958,1446.023070593244,116.22615099990237,1448.5894,147.9189,0
629412975,1411.5424486185987,113.21995331202555,1413.9236,143.6342,0
629412991,1416.43175428957,125.4043736172309,1423.4634,168.3321,0
629413008,1418.4494571173047,125.09491778655277,1424.7523,155.2355,0
629413025,1416.213131408532,124.97274445936254,1411.762,154.8931,0
629413041,1411.6623330784937,122.35699224843123,1396.0973,141.7974,0
629413058,1413.5249219695581,123.81614097899084,1425.0626,161.8227,1
629413074,1411.7427364779685,123.77393211662508,1403.7417,153.546,1
629413091,1416.231497481408,122.67136560434764,1448.9653,147.0151,1
629413108,1419.0789189932366,122.1288185057273,1442.6321,149.6549,1
629413124,1420.0991833533917,123.41779136220774,1430.031,165.3669,1
629413141,1422.493928226409,122.80142604803426,1445.8481,148.729,1
629413158,1426.069253220365,135.33150680487054,1460.6829,290.7758,1
629413175,1443.108603823132,403.6145290905777,1442.2451,435.1745,0
629413192,1490.8899774908773,471.70734233252875,1489.5243,505.0335,0
629413209,1474.398733879926,450.3943113279207,1456.8783,461.2437,0
629413225,1475.6609460902735,451.3797851452102,1477.0225,486.3052,0
629413242,1474.348771255723,451.0192179487635,1469.2825,482.614,0
629413259,1469.3789666598473,450.7043028307734,1448.6097,481.3784,0
629413275,1465.4887919125233,448.0089436595733,1445.7026,466.7115,1
629413292,1463.291135694742,451.68786279499597,1449.5757,505.0903,1
629413308,1462.568074194785,457.5774845208626,1456.6965,528.8354,1
629413325,1460.5446156896296,456.9776756886308,1444.8103,483.2939,1
629413342,1459.5000830046833,459.6548436091727,1450.2421,513.0859,1
629413358,1456.7661540478734,462.09464468628215,1431.3342,514.2375,1
629413375,1458.730923508212,461.62743840804285,1478.6837,488.1985,1
629413392,1458.2569742263022,462.47118795065813,1452.9021,501.7941,1
629413408,1458.7785138324266,462.2336255373015,1464.5015,490.2802,1
629413425,1460.066046160383,460.79965245551824,1475.0723,475.2052,1
629413442,1452.9693529780195,469.3551779920614,1362.3245,602.8382,1
629413458,1449.4503642519335,482.6304250082585,1403.5986,679.106,1
629413475,1441.9987920551905,494.61050593663913,1343.123,671.8014,1
629413491,1434.5571431291687,505.35101234830614,1336.1274,664.8948,1
629413508,1427.9986635818805,516.9025349056888,1342.4568,687.6069,1
629413525,1422.6523884194114,528.3671937578303,1355.3193,697.1838,1
629413541,1417.4403248904684,540.4697299932789,1352.2401,717.3162,1
629413558,1411.7016561681492,551.7737274890136,1338.8979,714.2584,1
629413575,1405.6422672635426,561.2516624400886,1328.7677,693.6874,1
629413591,1401.003034623355,568.2908194425759,1347.7256,662.62,1
629413608,1397.2602271748156,575.5799527789292,1358.2119,674.972,1
629413624,1395.1182186855833,582.351173819861,1381.4063,674.8831,1
629413641,1391.965030293817,588.4183353480638,1360.3147,669.7245,1
629413658,1389.647753668021,595.9991259999974,1370.5321,703.8168,1
629413674,1385.4964322365183,602.670656569291,1334.756,694.5427,1
629413691,1382.3568608947264,605.966374980582,1360.2841,630.4473,1
629413708,1378.628625400104,611.2979997157781,1341.3085,669.1837,1
629413724,1374.75651132157,615.2900452925023,1336.7484,656.6498,1
629413741,1378.9187907376786,615.0659622677373,1473.2021,595.6379,1
629413758,1384.6903643844998,612.205069842611,1495.8635,557.738,1
629413774,1390.3112536088763,609.1546494700821,1490.0911,559.1558,1
629413791,1394.1028768606325,605.9708584464078,1456.4626,565.05,1
629413808,1398.3085043313915,599.0763947106232,1463.9534,507.0079,1
629413824,1401.9404925954946,593.3350042291333,1451.7772,524.7464,1
629413841,1407.925549466988,587.3864292092635,1493.7983,527.8333,1
629413857,1405.7937009527298,586.2992982988387,1349.2302,608.114,1
629413874,1403.8045488869739,587.0665346162981,1357.4948,637.8284,1
629413891,1401.100315094777,586.2446541787072,1343.3157,610.949,1
629413907,1396.7885044390416,586.2337625841445,1317.0681,622.2512,1
629413924,1393.9863089908365,587.0893593087508,1344.9766,636.0331,1
629413941,1389.1322686327599,591.0632193897638,1297.1375,701.1587,1
629413957,1383.96791403951,592.1724417776742,1297.8983,656.167,1
629413974,1381.924110170739,593.9083881586015,1346.6299,665.1164,1
629413991,1382.707213551866,593.9521494682907,1396.5049,634.0596,1
629414007,1379.7594459058228,595.1864774740419,1331.8859,652.5068,1
629414024,1375.356807204408,596.8091947130973,1307.6086,657.1513,1
629414040,1371.3434042637298,601.0882048334648,1312.9036,703.9067,1
629414057,1368.6043732430899,600.9554741069468,1333.7107,626.0193,1
629414074,1363.604464245076,600.2869450705579,1291.8093,612.208,1
629414090,1359.3627958303966,600.9409092774107,1305.1257,632.2334,1
629414107,1356.4785067206296,602.7300307610301,1327.4028,654.4154,1
629414124,1353.6344511571956,602.4458820028334,1328.0732,618.6073,1
629414140,1351.0254530168515,603.2707111000531,1326.5325,638.0535,1
629414157,1349.2603081011555,603.1905670056105,1339.4919,626.9265,1
629414174,1347.6910475616314,604.520679436647,1335.7767,650.9358,1
629414190,1344.427975829949,607.1768230778138,1305.6938,667.0304,1
629414207,1341.3482773667401,609.8959714859175,1303.8885,673.7919,1
629414223,1339.9969270722013,614.0489449479849,1330.5775,699.8353,1
629414240,1336.3250724115617,615.4075373781492,1301.4011,645.1038,1
629414257,1328.7601929477376,618.7492782920259,1230.239,675.9623,1
629414273,1322.9926612919799,621.2788923524613,1256.325,666.2095,1
629414290,1331.6567335528143,723.5633613219366,1326.2817,750.9625,0
629414307,1263.753850711842,674.5956246569341,1258.5251,699.4807,0
629414323,1270.8362162381713,698.0784830774779,1272.2056,746.9072,0
629414340,1267.7281764781778,687.2147155767926,1256.3802,690.309,0
629414356,1266.8124682467355,687.5792071729607,1258.7156,713.6037,0
629414373,1267.6925107792235,684.2327820930055,1266.0461,696.2966,0
629414390,1263.76202724407,685.1292264197293,1239.1128,713.8638,1
629414406,1262.169377311978,693.9626509295424,1247.1201,769.5961,1
629414423,1261.0857302052923,696.1204248373782,1248.5963,734.2567,1
629414440,1261.3762608349314,695.749018205655,1258.6829,716.8378,1
629414456,1257.1606152045183,689.2409019879491,1217.5552,657.5364,1
629414473,1254.2498664788502,683.4872567210512,1224.1437,655.1996,1
629414490,1251.995197611992,681.3379895157764,1226.4817,685.7292,1
629414506,1251.8316410658672,680.613092952015,1247.2614,699.802,1
629414523,1251.315317224108,681.5035180227602,1242.3419,718.2089,1
629414540,1252.4125320089515,682.0294715132076,1262.3215,715.2504,1
629414556,1252.107810675487,679.1925287791948,1245.1106,670.1975,1
629414574,1251.4749690412366,677.1625241597409,1239.9344,678.0071,1
629414590,1250.1053265033713,676.2934445418043,1228.3132,691.9983,1
629414607,1248.6654456829397,676.1246299694407,1225.6995,701.1639,1
629414624,1246.7654744599304,674.7057710748436,1217.4463,681.4089,1
629414640,1242.267188951021,674.3941693172171,1174.8723,695.6301,1
629414657,1240.0551611099502,674.0995800574606,1207.8778,696.4913,1
629414673,1238.3215926513735,674.582113250065,1213.5481,708.6547,1
629414690,1236.063208832382,673.4742732936571,1203.5157,682.0222,1
629414707,1237.546397183804,672.1674549676812,1264.3047,680.0065,1
629414723,1234.7924304842081,672.6218285924717,1191.8975,705.9998,1
629414740,1232.8586150390402,673.3883126117345,1203.9771,711.4573,1
629414757,1231.5769140233238,671.9046187583353,1214.074,672.9965,1
629414773,1229.6498035589307,672.2623189934017,1201.0251,703.5975,1
629414790,1231.891250762168,672.5407158050617,1272.5342,704.5226,1
629414807,1230.97143949085,671.8664703243186,1219.6721,685.851,1
629414823,1230.2057511551498,671.4121278787511,1222.2644,694.1469,1
629414840,1230.3068683618567,673.4648541712976,1233.8065,731.6068,1
629414857,1230.173947120755,673.1975607709791,1229.2166,693.2942,1
629414873,1228.7533381623728,674.8312863417889,1205.8784,723.5488,1
629414890,1228.6578400949747,681.6041099081385,1224.2144,815.8054,1
629414907,1228.419959383225,691.5198839562338,1221.2012,876.3099,1
629414923,1230.1534963979398,700.9761058237373,1255.3005,866.2133,1
629414940,1229.791662494437,711.7472503335753,1218.6704,887.746,1
629414956,1232.3707330601494,720.9548930867189,1265.8611,859.3165,1
629414973,1235.1311714395827,728.4547628443972,1270.2336,834.0269,1
629414990,1237.7033169362505,736.2664424881217,1267.4326,847.5581,1
629415006,1239.302715152132,744.0546957702553,1252.998,853.0804,1
629415023,1241.63816355435,749.2872320578665,1266.374,816.2698,1
629415040,1244.4414148804117,758.7321811520342,1276.4321,895.1816,1
629415056,1245.593736035811,766.3822030165662,1246.7825,864.2173,1
629415073,1246.9347565097191,771.6065183051576,1251.2014,829.8649,1
629415090,1245.8586409213544,778.0171782856312,1208.665,857.4037,1
629415106,1246.615782025543,781.8413272357641,1242.5112,821.2784,1
629415123,1247.6518027920804,785.9490579197939,1247.8551,831.0848,1
629415139,1249.4395498325848,790.9785890132958,1258.0071,855.8761,1
629415156,1249.8921071422283,796.4089718667254,1239.8667,868.5203,1
629415173,1013.1362572234493,801.6954375836993,1004.7936,817.2751,0
629415189,721.4061407256272,811.5485908232024,711.0779,816.3082,0
629415206,757.5546168026184,801.718331029776,783.9783,799.3522,0
629415223,764.8579490081155,812.2252797686962,768.974,840.0562,0
629415239,763.2630672836987,828.3508135533966,747.3873,882.1672,0
629415256,767.4440973030165,830.5506433889973,773.3673,845.6589,0
629415272,748.3182972284804,796.6986411879212,738.3387,802.4576,0
629415289,775.2312390671226,779.3709495507408,765.6297,786.1295,0
629415306,787.3799809744255,795.3832727022219,789.6721,819.0105,0
629415322,793.8407084566327,795.9402157185598,797.0094,804.887,0
629415339,791.9697209517298,800.0539572601116,776.3445,819.3263,0
629415356,788.9266302997835,801.1338071766353,766.9889,811.9812,0
629415372,786.1355636423866,809.9172723024166,762.1336,859.0294,1
629415389,784.4105022542999,813.8844893874441,764.4314,842.6443,1
629415406,782.575005868608,819.0192024101087,760.2889,858.5396,1
629415422,776.2974062436899,820.7370632901338,719.3097,836.8307,1
629415439,762.3001830593171,827.537653556565,635.8612,884.0649,1
629415456,752.6830780047234,830.6206818100405,658.4397,858.1713,1
629415472,745.5875828785099,837.6012275997393,670.6892,905.6425,1
629415489,736.2008744139704,842.4511630883287,633.8525,889.8354,1
629415505,728.8845193193517,843.7807142607311,646.592,854.2479,1
629415522,724.8097598492881,845.671294667797,678.3074,864.7161,1
629415539,719.3752875844517,849.43876312037,654.0625,891.597,1
629415555,714.8245910677701,853.6052898370242,659.3317,901.9788,1
629415572,711.5219889695172,856.1869931198165,671.7592,884.5565,1
629415589,704.5152803252385,855.362275548737,612.7611,835.2433,1
629415605,698.6091049192502,853.9294909687256,622.22,826.6386,1
629415622,692.3785178918749,856.4488771863826,610.0544,887.4629,1
629415639,578.7221173471586,610.4906471732315,569.8664,609.9759,0
629415655,572.9681028510455,535.4100920082788,564.9667,534.6884,0
629415672,561.6388403500936,534.1943486093462,542.2208,531.421,0
629415688,577.0001413999274,540.6980127095997,599.5891,554.1892,0
629415705,586.7279402297561,542.0551607078127,607.5364,546.8375,0
629415722,595.3876008455193,539.9092210893243,621.3156,532.71,0
629415738,593.1799822627846,543.8555326657299,573.2935,562.6191,1
629415755,593.6565359567425,542.4659396385015,587.8796,534.2565,1
629415772,594.0984984692952,540.4686772638422,588.5842,527.1611,1
629415788,593.8776334701643,539.5941932098236,583.6389,533.1101,1
629415805,593.1309385222951,542.0392954762228,578.0347,562.4111,1
629415822,584.6680090748184,543.2577593681197,498.6077,550.9388,1
629415838,573.5991036979823,547.3181135714435,457.1343,582.0305,1
629415855,566.4628592021943,549.3860485368933,487.1532,565.9391,1
629415871,559.3480112688942,551.7264133878016,477.5813,571.7383,1
629415888,554.089762476495,554.0239200614669,492.1461,574.7712,1
629415905,547.7763502722472,557.9877020591567,470.9839,599.0861,1
629415921,543.5551925851865,561.3917418722397,492.6448,596.6432,1
629415938,538.8768795194455,562.9436767873635,481.1447,573.4137,1
629415955,533.7327609207981,563.822528903595,468.8804,564.9362,1
629415971,529.4874761425384,565.9222514413665,476.7145,585.0743,1
629415989,523.5844784846856,565.3739249989989,446.4396,545.0291,1
629416006,518.9552829955858,565.4205089891251,460.7996,555.3479,1
629416022,516.8942189628881,567.706542747701,497.1683,593.601,1
629416039,513.1875514922721,565.7932451517482,467.3657,525.5302,1
629416055,511.2486677560744,566.5428156823198,492.2504,570.6083,1
629416072,509.0303637772731,568.5468566698016,483.9005,592.4258,1
629416089,506.14803361722136,570.0302792388147,469.2222,584.4742,1
629416105,503.4376218066292,573.3519839199536,468.2454,617.2925,1
629416122,498.05766160366915,575.8440211394192,418.4428,602.9147,1
629416139,497.61231243773847,575.9365454660217,501.3728,565.7888,1
629416155,496.58242415698726,575.811429519127,495.9515,558.8088,1
629416172,493.39058978692765,575.0886409232578,452.059,548.1288,1
629416189,493.25658102744535,575.6137559352658,507.9257,575.4749,1
629416205,489.22726793035406,578.2236126990543,436.0345,609.3904,1
629416222,487.14940773148845,580.6272794727229,467.9205,606.6168,1
629416238,482.59832321318635,582.2587027740461,416.0671,595.8632,1
629416255,479.88418868856564,583.33545264047,446.9367,585.4181,1
629416272,476.84297814222003,583.4373488092598,438.3363,568.8362,1
629416288,472.906936132489,584.7892384093936,418.8396,591.9937,1
629416305,471.20288219689814,584.1599814958182,454.899,563.0272,1
629416322,471.35307111304303,585.604935680425,476.211,599.8689,1
629416338,471.4700392593451,585.084053006273,470.4246,569.5023,1
629416355,472.29585263732764,583.5256927106343,485.3712,550.5646,1
629416372,471.84668739917856,584.3646226893256,460.4554,592.5377,1
629416388,469.8437031038166,582.5436496262375,434.373,545.7388,1
629416405,467.85369948480155,580.8123028574723,431.3699,549.8939,1
629416421,466.1007601938486,580.8740182888404,436.4902,580.6571,1
629416438,465.5963768017395,580.1061580592756,456.1489,564.2523,1
629416455,466.1143269243303,580.8364119172825,471.4585,590.0729,1
629416471,466.39186524979624,580.7872148055856,467.3828,578.3517,1
629416488,466.8808991239881,580.2283303047714,467.3275,565.2733,1
629416505,466.5393776659193,577.5568665704733,454.3708,529.2097,1
629416521,465.2205842160534,578.6823725111899,439.6548,598.4991,1
629416538,464.3889663722176,577.322197325623,444.7257,547.8759,1
629416554,463.80064674245807,578.8228448853524,450.3823,602.6779,1
629416571,462.4639758887003,581.4739449061284,435.2884,623.9645,1
629416588,463.1025945916901,581.9043978487391,468.1821,585.1466,1
629416604,463.03780924234655,587.4479767810466,454.2103,676.8524,1
629416621,462.4409327060109,587.8355460544782,440.5412,584.7794,1
629416638,463.23090452369354,586.8356629735706,473.8369,557.9315,1
629416654,463.5989473466664,586.532387550652,464.847,569.8452,1
629416671,462.43361200742197,586.5998113836371,432.8047,574.9946,1
629416687,461.24949181668313,586.8521477651653,438.1016,581.8186,1
629416704,460.7273757387646,588.1529229043047,441.4044,604.3453,1
629416721,460.9764140025331,590.0513500873005,458.2249,614.9634,1
629416737,459.2629256645077,590.3324212726967,418.6029,584.6396,1
629416754,459.7307037973437,589.9848432243725,460.5035,574.5464,1
629416771,696.4859856071062,599.713988651529,688.5125,603.5676,0
629416787,1120.6270532345977,529.1413791087615,1116.208,548.7309,0
629416804,1234.229651875933,535.9876609951514,1344.4149,570.8205,0
629416820,1328.2616728762598,518.5251557701669,1513.1985,517.9897,0
629416837,1362.1328989546325,505.920012473146,1459.0388,500.9823,0
629416854,1381.8885858673389,495.7619733187415,1455.0662,488.548,0
629416871,1484.1214326977133,504.31186422500355,1482.3254,537.3842,0
629416887,1464.958587431542,463.2917200399376,1463.5267,495.6569,0
629416904,1458.1762807277585,471.88938974873207,1449.6887,512.3264,0
629416921,1452.444304287637,488.6220054550299,1438.8077,553.3059,0
629416937,1454.0735898333119,487.56229014662665,1457.3066,516.2687,0
629416954,1455.4762283302123,484.59021604973447,1459.4822,504.889,0
629416971,1458.1793802227678,491.8159868050319,1469.1754,559.4469,1
629416987,1459.0092235383247,488.08869070830605,1462.1279,498.2562,1
629417004,1462.3112318964413,483.2156125803577,1482.8572,483.6214,1
629417020,1458.9940544871497,483.92119522030583,1431.442,520.8416,1
629417037,1458.323900885819,480.8000806223595,1451.208,487.0474,1
629417054,1456.4080159206087,478.2004104603647,1437.4958,486.8892,1
629417070,1453.6428759815503,481.43123700046203,1424.6647,545.6577,1
629417087,1451.067515819666,482.5217414133175,1423.1541,525.4233,1
629417104,1447.1031759765247,479.207979624775,1403.2589,472.4739,1
629417120,1258.7469238981425,308.9874018779346,1257.8257,333.7182,0
629417137,1274.4919102289577,267.4894123993839,1274.1641,292.8077,0
629417154,1267.6701362010913,267.19708201780355,1260.4578,291.7184,0
629417170,1257.327801890239,267.5525720429747,1236.2303,292.1812,0
629417187,1253.2309359537892,272.6995520737869,1240.4917,312.0391,0
629417203,1249.643634692566,276.0712816864153,1235.041,313.0307,0
629417220,1247.8919462962538,279.16251100912325,1238.9869,317.906,1
629417237,1244.947077681923,270.97082165854556,1228.4318,246.7455,1
629417253,1247.366935285833,269.6192618400492,1264.0195,285.8691,1
629417270,1249.7030427461477,263.4581947974858,1267.9602,242.7591,1
629417287,1249.8810268907448,263.3422840557539,1251.0104,288.3243,1
629417303,1248.871970341383,264.4189987918592,1239.0697,299.6856,1
629417320,1253.050513286117,258.143092666165,1295.0013,223.6324,1
629417336,1255.8083018663956,249.67208854824008,1284.8408,189.0178,1
629417353,1255.6792469074514,239.6985178411012,1253.5516,158.1425,1
629417370,1256.326779618883,229.9660670437942,1263.5781,148.8592,1
629417387,1256.9746099358877,223.3760751955848,1264.0736,178.9783,1
629417404,1259.44459617045,217.2096426162732,1290.3422,177.9067,1
629417421,1262.4478271140295,211.13254160929077,1300.7275,172.3899,1
629417437,1262.31596482808,205.83267655984068,1257.0349,175.421,1
629417454,1263.1899029777016,202.06134136279437,1272.4375,193.2089,1
629417471,1264.163262413277,195.44727475769446,1275.597,144.4742,1
629417487,1264.9191540176068,191.64201456206152,1272.7581,182.3927,1
629417504,1263.9235261635315,188.32215354242012,1245.17,184.5638,1
629417521,1264.3451232631357,184.65710315771275,1268.6284,175.4426,1
629417537,1266.1335615866478,182.91262662120943,1291.8304,203.8424,1
629417554,1266.4912328213313,180.33984085638534,1269.0244,185.5387,1
629417570,1267.858566632951,179.69887636023742,1286.6411,215.3279,1
629417587,1269.0227639874818,176.8979598813339,1284.6091,175.1504,1
629417604,1273.7544493987025,174.83330152951717,1347.6123,186.6972,1
629417620,1278.9311980650925,172.1126810463965,1357.5497,172.3937,1
629417637,1283.849670497971,169.33893452303633,1354.1904,177.9447,1
629417654,1289.653590193166,167.11439717369288,1369.8446,183.9609,1
629417670,1295.1297073424582,165.7405899169513,1363.7167,194.8459,1
629417687,1300.8161015905048,163.24828815293986,1371.0345,173.9843,1
629417704,1307.901094869654,161.72970110585948,1398.0439,188.4319,1
629417720,1312.5973141338231,160.1711015425047,1360.2341,183.4225,1
629417737,1319.6865196895446,160.1301852323874,1404.7792,201.2347,1
629417753,1325.2402741189958,160.53695167093647,1385.7019,210.3277,1
629417770,1331.7324684860455,160.91431226627932,1406.7158,204.1326,1
629417787,1338.1821539880389,161.15003719177588,1408.6931,205.2334,1
629417803,1344.0182378351017,160.84387180932669,1401.7994,195.1185,1
629417820,1348.5525268970032,160.7708052773997,1389.8981,189.3805,1
629417837,1352.2167060158313,161.90391158086283,1378.0115,206.389,1
629417853,1357.0630558280127,160.44575285212306,1401.012,159.5254,1
629417870,1362.0838647556925,156.82883859992495,1410.8896,122.1281,1
629417887,1367.0458047542104,154.4465136522034,1414.8839,147.5092,1
629417903,1371.5727784389544,151.55427621022943,1415.2556,138.3015,1
629417920,1375.5178856053476,149.0585521432675,1410.8632,144.1038,1
629417936,1365.735813025184,146.2083886873345,1170.4125,128.9921,1
629417953,958.1907478624814,67.8876207272458,958.2061,81.4926,0
629417970,998.0258473388147,81.03531167334611,998.1403,96.1165,0
629417986,973.0888382431112,85.32030259584465,947.9093,102.8277,0
629418003,959.2288150347495,79.34690713076708,931.6625,80.081,0
629418020,952.4735608468922,85.03172330082892,932.228,114.6132,0
629418036,953.5757167983767,90.01217625234918,957.9517,123.0664,0
629418053,954.6132364085394,91.10449227861321,959.809,109.7446,1
629418069,954.2397972092735,95.86195051718812,951.7715,136.309,1
629418086,956.4002481615125,96.96472201121055,970.8391,117.5129,1
629418103,955.789709708138,97.92944754206749,950.8195,117.5309,1
629418119,953.126753776315,99.4111341714036,930.4615,123.2396,1
629418136,951.5340572837481,102.65488016746727,936.8576,143.6637,1
629418153,950.2632957436072,104.47456442045943,938.0551,133.2123,1
629418169,951.6536407294726,103.70373536634202,967.3625,107.1307,1
629418186,950.1515271116162,102.68135544703627,933.7473,101.9674,1
629418203,949.9498612965758,101.85086314483551,948.5079,103.854,1
629418219,948.083387197568,102.58134662601303,925.5769,123.0276,1
629418236,947.3882169378746,102.58782851402911,939.8975,114.4333,1
629418253,941.4713647681779,103.55234586186927,863.5115,125.5155,1
629418269,938.0398388897227,104.44488533225821,894.8585,126.6309,1
629418286,932.4925952340069,105.2388805969882,859.2755,124.7358,1
629418303,926.2329059641544,106.44493327492309,843.2621,131.3542,1
629418319,920.4222279342821,108.00376407169753,845.2194,138.0809,1
629418336,914.0464050755999,108.58827032062334,831.4607,123.0768,1
629418352,908.5972329015876,111.6064195610488,841.2788,164.0662,1
629418369,903.4742712963688,113.05753620795133,842.5091,139.909,1
629418386,901.7443005382485,113.33961875312403,895.8574,123.3604,1
629418402,898.7537383556165,115.94985206396768,870.7041,162.8028,1
629418419,897.3973002453693,118.15494686143734,895.4975,158.296,1
629418436,894.6018356809459,120.17099366284629,867.438,155.4493,1
629418452,890.7176033614171,125.48610233270115,844.2651,213.5804,1
629418469,887.9691901802463,130.32894703580143,871.9594,203.6717,1
629418485,884.1869765389308,134.967714096441,844.3171,202.1726,1
629418502,881.2955571488982,139.27791661632222,854.709,196.9677,1
629418519,878.12344525472,144.0775710496402,846.304,211.6115,1
629418535,873.0385063846742,147.86797855342928,812.1089,196.1612,1
629418552,870.1599700634382,152.21740665733506,846.9977,208.6358,1
629418569,868.3948364234924,156.46863427705713,861.8297,213.3712,1
629418585,866.0965331939382,160.33360202777618,850.8412,207.2661,1
629418602,864.8559540309079,162.9263333432041,863.9047,189.1181,1
629418619,864.9991244079582,165.86557620253203,882.8304,200.0367,1
629418635,866.265159570408,168.86018085611622,900.5138,207.1183,1
629418652,868.3466163758817,172.7263193714163,912.3672,224.858,1
629418669,869.5883565634805,176.64340429249873,898.6091,225.9012,1
629418685,871.7519850312268,180.55149896503877,909.4373,229.6129,1
629418702,872.7243634110636,186.24732635548241,888.6443,264.0855,1
629418718,875.704094762526,190.3601723379902,921.0164,243.6744,1
629418735,878.1391604630074,194.63693206699836,912.7275,249.0861,1
629418752,878.3209767460839,198.1737930352417,865.7151,239.8093,1
629418768,879.3245330424949,200.36296287385917,884.96,220.7763,1
629418786,881.40351647541,203.87616279460605,900.9232,248.0847,1
629418803,882.4394824120876,207.4400487873399,882.6078,252.6447,1
629418819,883.3627416927969,209.53558850531013,883.0151,231.2291,1
629418836,884.0254817078862,213.77207387388236,878.4033,270.2734,1
629418852,885.2683117847027,217.17497419847504,891.6594,263.8369,1
629418869,892.8275208489852,216.7476939766488,1005.0659,201.7332,1
629418886,1114.4476176304095,229.1280760331451,1113.55,248.5142,0
629418902,1055.4692039829815,247.78167306090268,1053.9724,264.9789,0
629418919,1080.560914217128,253.80813075120108,1104.27,278.8741,0
629418936,1078.618337079491,251.90241012567313,1073.2532,265.9925,0
629418952,1086.2251229207257,255.02047005457962,1107.3287,283.4321,0
629418969,1085.5216110340648,252.17131595949547,1081.198,259.0937,0
629418986,1085.0872147866994,249.60350551804865,1081.5029,255.3733,1
629419002,1087.875952662585,246.75593674430164,1102.7646,249.5351,1
629419019,1089.1586657146352,246.0844078977397,1096.0371,260.8727,1
629419036,1089.912098238416,246.58640896131848,1093.6409,269.5987,1
629419052,1091.794288125768,241.79649387038597,1106.0876,221.5185,1
629419069,1093.49464063075,239.9719772391381,1107.0004,243.9323,1
629419085,1095.2740409643918,239.68536114167134,1110.3203,257.9147,1
629419102,1092.487360100799,239.75861527146023,1059.9487,259.7,1
629419119,1091.8294766123058,239.1269595030672,1082.5258,251.9268,1
629419135,1092.3173212887316,238.55991840448465,1096.5179,252.3572,1
629419152,1093.0347554948303,238.318090607964,1100.2045,256.0297,1
629419169,1095.6855782188616,238.2171725846254,1128.0164,258.5869,1
629419185,1093.4623629621392,238.5410513613827,1060.3494,261.9125,1
629419202,1091.8477799894893,237.69645779512786,1067.7419,245.03,1
629419218,1092.2805345031795,237.46278843171234,1097.6594,254.5384,1
629419235,1093.675626564132,237.5325555461953,1113.0253,259.4517,1
629419252,1093.8103922803016,236.58297599330305,1094.1167,242.4348,1
629419268,1092.0328615390729,234.91345469170983,1063.3513,228.8919,1
629419285,1091.494033411697,235.90932342363726,1082.4124,272.198,1
629419302,1091.846281796233,236.23828807814863,1097.1855,261.8427,1
629419318,1091.72883640815,235.87621259159064,1089.4774,249.8263,1
629419335,1091.8837997743844,236.7992448680191,1093.8119,271.5267,1
629419352,1091.733323884315,237.29296788881828,1088.6187,264.0814,1
629419368,1090.8179437216406,238.2328967571423,1075.115,271.3389,1
629419385,1091.4406479033698,239.17588394602043,1101.774,272.5625,1
629419401,1090.0668676929286,240.06220859586583,1063.0685,271.1685,1
629419418,1089.7478407365265,242.02770900998502,1086.7775,292.0891,1
629419435,1089.844981574039,241.92349745699158,1090.8846,254.9774,1
629419451,1091.2271489430711,242.6919039251988,1116.6521,273.0853,1
629419468,1092.4772818393583,242.35831239194576,1111.4524,251.4543,1
629419485,1094.5808115519096,241.9373639759875,1126.5562,250.6365,1
629419501,1293.2688428060521,215.39006826403173,1293.6797,241.4092,0
629419518,1108.1045015001841,251.61035066833784,1106.8994,270.7593,0
629419535,1115.928339274679,235.6242195843927,1123.0063,239.4101,0
629419551,1110.3146754936943,228.93303503586213,1098.2819,234.5353,0
629419568,1106.6176098511612,217.07522695465283,1095.244,200.7971,0
629419584,1096.8701598055309,217.59876932902398,1057.6228,237.5058,0
629419601,1091.338827006753,215.90006035591676,1064.1075,225.6868,1
629419618,1086.1466986007867,215.8170103385257,1056.0706,233.1959,1
629419634,1086.7257538460121,212.79787589936038,1091.465,211.8337,1
629419651,1088.0886649279273,211.72293814106956,1098.9807,223.4347,1
629419668,1084.9204523571623,209.77626834829232,1058.7832,212.0033,1
629419684,1075.6881731453575,210.1456916729434,1074.7676,228.096,0
629419701,1094.4459622456372,201.42918476127358,1093.749,220.0759,0
629419718,1077.2075851215452,215.30548552753376,1058.7666,246.5138,0
629419734,1069.8692259173529,217.57483349535087,1054.1813,239.2103,0
629419751,1081.0143485646088,220.30543612030846,1113.3625,247.6761,0
629419767,1082.8125863051182,218.32187561810724,1088.8953,228.826,0
629419784,1085.323925597997,216.6305938897995,1096.547,227.0797,1
629419801,1085.9050297352953,246.12007646159105,1085.5704,434.894,1
629419817,1083.2773757912603,272.66830747573323,1061.5409,464.0546,1
629419834,1084.7581119334445,288.2730330584733,1092.751,417.8111,1
629419851,1088.6265784619156,301.22597859493516,1117.5997,419.9882,1
629419867,1091.7598203500306,314.63943049817806,1115.9734,445.3776,1
629419884,1093.305760364451,329.78259825194533,1102.9763,484.2788,1
629419901,1095.116337543265,346.06584952880013,1107.9186,519.813,1
629419917,1096.7068368418961,356.61276985183576,1108.3394,472.7299,1
629419934,1099.5267274173684,365.82568192129366,1126.339,470.9329,1
629419950,1100.4906245901284,375.6972826128071,1104.6791,491.3858,1
629419967,1100.5137251579768,384.17685442432946,1092.9713,484.3514,1
629419984,1102.773760160667,391.56647284703337,1125.6787,480.763,1
629420000,1105.155266715473,396.6686898091804,1130.1968,456.6008,1
629420017,1106.4477317271935,403.2101190034992,1115.6504,485.2044,1
629420034,1107.0238206716217,406.6204469646514,1106.4463,444.4042,1
629420050,1107.676459511465,410.8598071959915,1108.4294,463.4534,1
629420067,1108.0688466623033,415.35034079359804,1105.0959,473.5885,1
629420084,1107.8275262234163,419.0770106681206,1095.549,466.8677,1
629420100,1105.450150560962,424.73826525620353,1059.843,503.3744,1
629420117,1104.5667715289467,428.3578375423675,1085.019,476.2148,1
629420134,1104.6473815760069,431.41831095190383,1101.6442,472.6489,1
629420150,1135.0266422207462,468.55964592288194,1131.4189,488.6884,0
629420167,1133.7965067772514,557.5341114561742,1129.1248,577.6096,0
629420183,1171.9150331230658,593.8951582320653,1204.8904,653.0566,0
629420201,1179.1689744994928,620.2488001747519,1187.7377,694.713,0
629420218,1191.320756343122,625.2631656900946,1221.9991,663.0768,0
629420234,1184.4920317124445,627.667224742918,1151.5787,657.3182,0
629420251,1187.3458287619546,628.0949245581758,1195.8301,651.9225,1
629420268,1193.5723754015933,627.356041156717,1224.2095,645.8818,1
629420284,1195.2083088316192,628.0900334099508,1199.9066,654.991,1
629420301,1195.9347037742655,634.6149546615856,1194.397,705.3727,1
629420318,1199.9007400677615,640.3725634995204,1226.0129,710.1948,1
629420334,1202.7291782858845,639.6611059100277,1221.4817,653.8597,1
629420351,1203.3038384054087,638.2491725536786,1201.3965,644.6277,1
629420368,1200.617291798417,640.3170844410585,1164.1099,681.5399,1
629420384,1203.042250503305,644.6636249969551,1222.9563,714.3636,1
629420401,1205.3660260308332,641.1386417815185,1225.9718,619.47,1
629420417,1208.040352627696,645.3727245293388,1232.4152,719.4735,1
629420434,1206.5983094179378,647.5648929973559,1178.4226,693.949,1
629420451,1204.7231022744922,648.6080272168923,1171.2388,679.7201,1
629420467,1205.2439959144206,651.6182677969665,1205.1038,711.4124,1
629420484,1203.6667720154219,649.9563184952417,1174.5405,642.3185,1
629420500,1204.2265908506195,650.0072612318909,1206.688,669.4346,1
629420517,1206.385855966174,657.3366116644551,1231.4003,786.3634,1
629420534,1190.33682744383,1010.4400487244699,1180.6515,1032.5735,0
629420550,1204.3232052188944,930.05483860897,1195.6816,952.7139,0
629420567,1205.686835253486,926.4375557602757,1198.5087,945.5902,0
629420584,1208.5638898443594,939.7728019975158,1205.2661,989.3171,0
629420600,1213.1808350162014,930.3552672162725,1218.6506,925.7485,0
629420617,1215.3345418610932,926.3367488260312,1215.3123,934.0436,0
629420634,1213.8965534079616,925.3510938933431,1198.0978,943.6013,1
629420650,1213.2607138459105,926.4705710456776,1200.7676,956.1455,1
629420667,1205.5502655242044,923.6198785513648,1145.4518,925.6781,1
629420683,1207.3801867074746,927.2630264477057,1213.208,978.525,1
