timstamp,smoothx,smoothy,rawx,rawy,fixation
629711619,941.9084267270069,371.6978747072251,893.7404,316.0769,1
629711635,934.2286782960884,370.67510071255003,860.5114,374.2966,1
629711652,929.9540833484705,369.1944026437347,886.1606,368.6217,1
629711669,926.0961999057822,366.1366147674688,885.0807,348.1512,1
629711685,922.0172572711124,364.8922809748707,876.8447,365.6623,1
629711702,916.3042466692519,362.8193776201566,850.6259,352.2822,1
629711719,912.988405109435,362.62723358960335,875.5302,375.5833,1
629711735,908.0112731254804,360.8906680758022,848.5063,352.5827,1
629711752,906.103195567159,358.8434558302887,887.2658,347.4278,1
629711768,901.9698994959558,356.5374465940715,851.6619,339.962,1
629711785,897.7916977491766,355.2766925493986,846.4158,353.174,1
629711802,896.7024533396349,352.6294612159523,890.6874,331.6728,1
629711818,892.9441968702746,353.0987815719461,845.4668,376.9545,1
629711835,889.040265270133,353.078762445684,839.4951,368.3319,1
629711852,890.7767758331141,355.9966122870534,928.3664,419.0751,1
629711868,891.8176943557137,357.5540422205778,916.1475,396.7124,1
629711885,892.5454349472934,360.31759040642544,909.5027,416.9624,1
629711901,893.0994644302748,363.652029952601,905.2573,427.2491,1
629711918,894.9985338191392,366.140214164651,927.5699,414.553,1
629711935,896.8296863350852,370.8482078822045,925.3619,453.8247,1
629711951,898.1727443596322,371.9569940173685,917.1199,392.4273,1
629711968,899.4005661656564,373.73351121236107,917.0114,405.6198,1
629711985,901.600277025228,374.7277173720638,936.0045,393.6301,1
629712001,904.7671415811692,375.6333477162827,951.3958,395.5638,1
629712018,905.4769663791104,377.1895566043515,907.0505,406.6898,1
629712035,907.8694444192558,380.1637838466122,938.0397,431.2727,1
629712051,909.3653087395016,381.37241153117446,924.7754,403.3015,1
629712068,910.7479986621782,384.0217602220257,921.4147,428.7896,1
629712085,902.556380968274,379.27955003507174,758.0,289.3284,1
629712101,710.2894414608852,237.81017560748754,706.7,242.2068,0
629712118,750.3599203806955,212.2779139771484,747.3302,218.1628,0
629712134,728.041811398448,213.62892736561113,702.4335,219.2079,0
629712151,728.1810738289693,224.57750328297874,724.9973,251.4026,0
629712168,724.850161021855,211.38840154881146,712.3052,176.6959,0
629712184,721.259740055277,213.5941466837004,703.9476,226.7667,0
629712201,717.4757977222008,216.21600457128207,695.8961,233.0746,1
629712218,719.4594976443558,215.31505896624452,728.4297,215.2183,1
629712234,718.2313350647195,222.52432642826187,706.4926,274.9313,1
629712252,712.461498385311,218.6324742695866,666.4355,191.3764,1
629712268,714.6283242565332,214.285641135122,731.405,183.1454,1
629712285,712.76225835333,211.56281278449367,693.6715,191.33,1
629712302,709.4324182001005,214.51415798546782,674.1671,247.9896,1
629712318,700.415851805713,210.24098243636297,604.3357,166.2613,1
629712335,700.5158102197705,204.60459108925366,704.0723,147.6323,1
629712352,701.1912265260603,203.6561608753257,710.6625,200.6868,1
629712368,699.2228930568908,202.81018650697675,675.6166,199.4406,1
629712385,701.0182676516106,199.80034401479807,726.028,170.1173,1
629712402,703.5448279683053,193.57800850605287,738.5551,121.1997,1
629712418,706.2317171248145,190.78932198898497,742.373,166.013,1
629712435,707.8316274847568,187.05356618556286,727.9594,148.1354,1
629712451,707.581013475782,183.92629186409073,700.0328,152.9517,1
629712468,708.2439975415848,181.25817496875862,714.332,157.661,1
629712485,708.9308650794691,177.59898717406182,715.3278,138.9202,1
629712501,709.4547226005216,174.39018352175538,712.9897,142.9397,1
629712518,710.2615469608012,170.95216596771493,718.1653,136.2793,1
629712535,712.0373550978907,167.0499724572713,735.2321,125.9576,1
629712551,713.708457803579,165.3318497353624,733.9626,159.7861,1
629712568,714.6210204395295,162.51016368656323,722.0418,137.8204,1
629712584,714.4041250402483,160.33782090826136,703.0218,145.4797,1
629712601,715.3650296086109,157.9248771507232,724.2493,139.3518,1
629712618,716.7328413678175,157.20648827728053,735.2186,172.2729,1
629712634,717.2221049690424,155.97623757590702,715.5765,159.8772,1
629712651,717.1664607645769,152.6062116788829,709.7013,122.6228,1
629712668,717.5923581326372,151.90065607962262,716.9265,158.6133,1
629712684,717.2647066689553,151.85430349575137,703.5154,172.641,1
629712701,716.8729803729103,149.31541306601662,702.9608,127.2054,1
629712717,713.9942873493941,148.1500731769124,663.1926,145.2355,1
629712734,713.5939817167086,149.26471481885372,704.1461,190.4624,1
629712751,713.4448290286782,148.08454495342312,705.3069,139.4769,1
629712768,712.2918891563704,148.86597042758916,694.6069,171.0059,1
629712784,712.4674163596143,148.33111481096222,714.03,148.8184,1
629712801,712.5293300740248,149.00597663811237,709.965,174.6281,1
629712817,712.2740753057648,150.29585392765827,697.6017,175.3561,1
629712834,713.2241088647716,151.05568592712356,730.1243,164.9679,1
629712851,712.8756289855736,151.20632271772436,707.7352,159.2011,1
629712867,713.4092424338593,152.93608155312845,718.8884,186.8116,1
629712884,713.7134108069073,153.0470105873619,720.3339,155.3471,1
629712901,712.5750696748546,154.77137566067114,695.2968,178.0554,1
629712917,712.1561460355813,156.1019263265668,707.5748,177.3993,1
629712934,710.4202904017873,159.10336075504046,681.8442,204.4889,1
629712951,685.5847732306036,405.84461848434114,679.8426,409.3106,0
629712967,722.6144803852801,583.8883183436506,714.9962,588.7123,0
629712984,708.9789135714489,608.3200108799834,687.006,636.4993,0
629713001,697.1580017777695,616.6414203513982,665.2202,636.0616,0
629713017,690.1664119070723,610.5018854544652,661.6308,594.9142,0
629713034,690.5910734066867,612.6234185800467,684.4589,624.6031,0
629713050,683.0141583475682,612.8721401117107,638.1226,615.9255,1
629713067,683.4700530050903,613.201960977297,678.8389,618.4409,1
629713084,681.8605965127563,610.6268286083165,663.9591,596.2358,1
629713100,681.2462996801748,610.6747147529658,669.4409,614.3447,1
629713117,678.2942146388917,608.653223149519,646.6638,594.2905,1
629713134,677.4530618819917,608.7256246597909,663.1515,612.8602,1
629713150,677.064600740928,607.4914252306515,666.8879,598.9307,1
629713167,674.6977479324419,605.3672206721468,643.4161,586.0372,1
629713184,672.4886986066875,607.8189569022786,641.4216,638.8114,1
629713200,670.73252116685,607.2775406063703,644.7194,603.6364,1
629713217,670.0088205851935,606.9206493606225,656.2783,605.8513,1
629713233,669.5055616612206,607.8572938721576,658.0804,623.4074,1
629713250,728.4604138748236,636.4665312662396,720.2555,641.5028,0
629713267,714.6371592901121,628.2271775057922,706.4415,632.7515,0
629713283,695.4688455877541,641.0757642887062,667.604,656.9938,0
629713300,694.4117375795705,639.7716565285165,683.9641,640.8141,0
629713317,694.6116818909217,632.5620219027941,687.1992,614.9532,0
629713333,680.1418572012191,632.2411273899414,614.6413,632.2966,0
629713350,673.9190180930143,639.8826663382723,635.2426,679.1453,1
629713367,670.5331915382116,643.1672164983167,643.2269,663.9652,1
629713383,663.7614883579029,637.7770911914619,611.7307,602.2197,1
629713400,659.1317693278886,639.3126225215964,617.7032,652.1384,1
629713416,656.4613460005596,635.6285422695229,628.8342,606.4177,1
629713433,654.6260539001889,632.2798188565729,632.9568,604.1732,1
629713450,656.7678774575206,629.9075826154502,673.2709,611.2112,1
629713466,657.9320361754876,625.2162051493715,665.0884,580.7681,1
629713483,660.2167929720308,625.3502833668574,679.5126,633.7173,1
629713500,659.9543333772517,623.3164422979463,649.7192,604.8796,1
629713516,659.9340221012254,623.4309054033068,652.173,631.0702,1
629713533,659.036844603162,621.4153052751398,640.0897,600.9359,1
629713550,659.220693052421,621.8303226627243,654.2391,634.0392,1
629713566,658.3052859737329,624.0148594604852,637.5612,659.6022,1
629713583,657.3395161180609,623.4288259949096,636.3375,618.9663,1
629713599,657.1745873191378,621.3322624754318,648.2265,595.2101,1
629713616,655.8377803921899,620.3322538555265,629.0034,610.171,1
629713633,656.9503221025366,618.8130632164143,667.8842,602.2228,1
629713650,657.8273415499508,617.7209439316703,664.2927,607.8494,1
629713667,657.9164708311956,617.6788348336665,651.1553,623.8225,1
629713684,657.4618773762586,618.167035992061,641.7581,631.8813,1
629713700,657.1344856042227,621.0914290105237,643.1671,673.1144,1
629713717,656.7611847381106,622.7518160321362,642.4035,651.9602,1
629713734,658.1409241325696,623.7103288781717,672.8577,641.2308,1
629713750,659.459927619147,624.8942135606087,672.0122,645.3279,1
629713767,660.5722106383209,625.0380753975381,674.3664,627.835,1
629713783,659.556972722351,624.3016636021713,632.6742,613.6587,1
629713800,659.8034820623852,624.3849286230092,656.3435,626.9049,1
629713817,663.1743405014843,624.0689886257024,711.3782,619.4302,1
629713833,665.7625535877205,623.2089273433868,690.4553,611.6492,1
629713850,667.498455451356,620.9696566821638,679.2154,591.9337,1
629713867,671.7574500761739,618.7265133740746,725.4164,591.3344,1
629713883,671.8083680517603,619.3199759996395,649.0593,631.3387,1
629713900,676.8129692897203,617.0837814569217,738.9476,590.6269,1
629713917,680.9269535595835,608.3922620383371,727.5798,472.4535,1
629713933,692.8439580004332,359.79244518059727,687.6949,363.5316,0
629713950,700.9919102226546,305.13507141064866,696.5438,309.1811,0
629713966,704.6694176079488,261.70985516287413,704.9658,222.7211,0
629713983,702.2642133682317,229.99753083850516,694.6324,171.1226,0
629714000,705.6139109605061,225.35990431964638,712.3094,216.8998,0
629714016,698.8458875235001,218.53781951688478,668.9053,195.5687,0
629714033,705.9764467258685,210.98342402577202,738.2516,180.9122,1
629714050,701.7965263738668,213.35974619943903,673.6924,231.8946,1
629714066,703.6574985212319,209.2982805823102,713.2925,188.2067,1
629714083,702.2218883953267,204.53771312231027,688.437,174.2857,1
629714100,704.3545823993054,203.7082480111318,719.1887,204.1195,1
629714116,705.6968327731514,199.1122739713004,714.9985,164.4755,1
629714133,705.904758184177,198.409402388044,704.2494,199.214,1
629714150,705.5312396547497,201.2560994045145,697.3619,238.6469,1
629714166,704.7239556575975,200.5437774259562,692.0555,198.6421,1
629714183,707.2654383297057,196.87570795270332,734.6082,161.3134,1
629714199,708.0670556850138,191.37860660010622,714.5747,131.67,1
629714216,710.6501222660187,188.0012199054221,740.0994,155.7667,1
629714233,709.8808642796512,181.66690466387564,694.9495,107.8553,1
629714249,708.7268277372318,180.03006304270312,687.9678,170.6724,1
629714266,710.4221055302892,175.31518628703864,731.2753,123.3526,1
629714283,709.7441034311871,171.52860558735748,695.4752,131.978,1
629714299,708.930228460996,167.4519389943253,693.1413,123.5755,1
629714316,710.214934637793,164.59884879990852,726.7287,140.7644,1
629714332,708.3627848802839,162.794783286207,675.6063,153.0267,1
629714349,707.8021105717795,161.23064226862684,696.4653,155.2723,1
629714366,708.2260797001369,157.42129151636803,713.4589,115.6806,1
629714382,708.0483505708415,154.41632466848347,703.2209,125.7543,1
629714399,707.7971772013459,150.7698264822314,702.0949,111.722,1
629714416,707.3327482217402,147.89660360566927,698.1885,121.8118,1
629714432,708.0018203266461,146.06483278232025,717.7498,137.7241,1
629714449,709.3918644309921,142.38716514405996,729.9452,119.4832,1
629714466,708.656249293449,139.65521171090222,693.5063,121.1996,1
629714482,709.5054792453159,139.71162171382602,719.7755,162.3901,1
629714499,710.0733607201572,141.1201820770728,716.5636,188.0527,1
629714516,711.2099399202249,141.69808014768708,722.3489,169.0644,1
629714532,721.4525566317145,141.94443999310235,889.8614,165.6479,1
629714549,722.1423769389777,144.3993679887957,715.4591,201.5552,1
629714565,722.183486871811,144.89418588379726,710.0883,160.6361,1
629714582,722.5497381261783,146.4778390202021,714.0607,177.5432,1
629714599,723.0943686339943,148.11388122130447,721.6154,181.1686,1
629714615,723.2231084322782,150.79843737664353,714.5499,194.6284,1
629714632,725.8333482320512,151.84812328085704,758.2813,171.6205,1
629714649,726.5813340623531,153.41321767873174,725.9802,183.5022,1
629714665,728.0955547164004,154.17312604179617,740.4006,165.7516,1
629714682,726.0127998470242,156.32185243760128,682.7216,184.5565,1
629714698,727.5812262676077,158.66168624657956,745.3956,188.6604,1
629714715,727.2160746804751,163.27092439341175,714.4847,231.3646,1
629714732,727.7990190979141,168.83798340687056,726.8932,245.658,1
629714748,727.3334531099842,175.8350507095723,708.6421,279.0773,1
629714765,729.5760153663143,180.49628272183412,762.0986,237.6464,1
629714782,731.8630827458496,186.74900093476225,759.3656,269.6805,1
629714798,731.9817957749021,193.02333736450333,722.162,271.3497,1
629714815,732.9990044885069,198.56898925885287,742.5527,264.9541,1
629714832,733.5927854690349,203.92592833110672,730.5392,266.6358,1
629714848,738.2625238150811,206.20484055056082,806.0603,219.9184,1
629714865,1074.105157006556,184.11636364664713,1073.4834,202.0102,0
629714882,1161.4992472487013,118.93933565782552,1162.2109,140.0799,0
629714898,1150.7291175507587,125.2988068902082,1140.4095,151.9838,0
629714915,1166.202193695378,124.25297704040251,1197.9072,144.5992,0
629714931,1168.497141908786,120.44053822805823,1176.0366,130.7689,0
629714948,1167.9749030815544,122.67449809463525,1166.2686,152.8356,0
629714965,1171.7744776561265,123.32424154574184,1190.844,148.6687,1
629714981,1168.309932757005,126.12666966045995,1148.1686,162.8814,1
629714998,1173.9690739139867,127.19578459546634,1212.3838,156.9679,1
629715015,1172.981892224469,129.8492235379361,1165.0973,170.558,1
629715031,1176.156313637155,132.8699553460649,1202.4412,179.753,1
629715049,1177.355348620715,132.33204129366027,1187.808,148.072,1
629715065,1176.8076655443126,135.0708881723616,1170.2305,182.1938,1
629715082,1174.0814588079159,136.98595777785042,1144.3518,175.6937,1
629715099,1173.065329806257,137.97692743859474,1161.8472,167.7556,1
629715115,1172.4455108021104,140.12619892221352,1165.5291,184.0988,1
629715132,1171.4501190510896,141.8981666138203,1159.8232,181.5426,1
629715149,1171.3107374266924,143.08823801592257,1170.7664,176.0421,1
629715165,1169.1597886524764,142.66477248372163,1141.8259,153.3276,1
629715182,1168.8840896812699,144.32744000272947,1167.3352,185.0876,1
629715199,1167.4353099063012,146.88358957704654,1148.8848,199.7162,1
629715215,1145.6190220322294,379.6957783723149,1143.1339,400.225,0
629715232,1118.0162434673184,379.4612446704117,1115.3571,398.9668,0
629715248,1116.1874568380713,397.8275456523056,1111.2454,435.514,0
629715265,1115.1368562379284,403.739316512514,1109.9407,434.7134,0
629715282,1114.1567132935725,406.113370410051,1108.1758,432.2235,0
629715298,1118.5234305495212,412.75959579753385,1132.4675,458.7533,0
629715315,1123.5415171178984,410.16717052729126,1145.1042,417.602,1
629715332,1120.8038722959245,409.3600304494424,1101.4283,423.3413,1
629715348,1120.576576974461,411.80737026908747,1115.6017,447.3727,1
629715365,1121.5941257393758,414.3741536209354,1125.816,452.9904,1
629715382,1118.3715084266362,418.26990345664814,1087.5481,468.2343,1
629715398,1117.0986862973225,421.2291620365787,1102.3123,465.5064,1
629715415,1117.165064178129,421.4316177170175,1115.2902,440.6351,1
629715431,1114.417033243562,423.3412962392919,1082.4878,459.5274,1
629715448,1117.3000378442764,421.70443547500037,1148.2419,421.4592,1
629715465,1118.2088996528064,420.9700660094296,1126.2728,430.3435,1
629715481,1118.9235394040409,419.4550324608355,1124.8264,419.1979,1
629715498,1119.1447186263842,423.57448365471555,1117.7949,495.6053,1
629715515,1113.6438683569984,419.8350688672614,1036.7302,384.0866,1
629715531,828.8290198280829,308.88838143395213,825.1552,317.6751,0
629715548,723.2563336191662,257.45286845355963,719.5168,262.3287,0
629715565,758.4604334923071,250.80510555748492,790.4434,251.6591,0
629715581,738.0012335657491,236.84936369571548,693.831,213.0611,0
629715598,733.6180322672423,232.20072126480005,717.4619,223.4493,0
629715615,733.4057850189157,230.16131752505663,729.572,227.7688,0
629715631,730.0055831263456,227.18046251802306,710.4634,217.6783,1
629715648,730.5716670809031,226.16188101542863,731.1116,226.2361,1
629715664,730.111295579851,222.5711460163011,724.4541,204.444,1
629715681,731.5314503722735,223.0641200054913,739.3968,233.5373,1
629715698,733.4959267991101,222.52151811713844,746.9377,224.9133,1
629715714,733.9812315232028,222.69113450649016,734.9241,230.7439,1
629715731,733.9436252948014,222.01317093679373,730.0598,221.5616,1
629715748,736.0130269931709,221.13334878008246,754.4833,219.0958,1
629715764,737.1685050821682,220.71035996800697,746.01,223.0853,1
629715781,737.1135278679668,222.1738246069192,731.6586,246.0353,1
629715798,738.6139161214844,222.05577053264412,752.7887,227.2805,1
629715814,738.7903260895563,223.7272717379276,735.7308,251.2521,1
629715831,739.1347464176566,224.28554640782428,738.6347,236.9596,1
629715848,739.6161870769872,224.1780822957202,741.2473,227.6927,1
629715864,736.0584253712934,226.95406520997525,679.6025,269.1012,1
629715881,731.2894769177032,229.79367209237174,658.0946,271.412,1
629715897,728.5478426395814,230.45120580721803,687.5768,239.9646,1
629715914,723.7022934051813,230.68822993095011,651.5334,232.5279,1
629715931,722.0417681328771,231.33176805084196,700.9786,241.4846,1
629715947,719.0550084299921,231.2988332522331,677.4227,230.0334,1
629715964,717.2367491541828,231.02874265644672,695.1691,227.0768,1
629715981,715.2357976295121,231.42738490485405,690.2267,238.5717,1
629715997,711.8722633358716,231.03319226483939,665.0294,224.5395,1
629716014,710.2928011335698,231.84373839952138,693.598,246.7284,1
629716031,707.8510240805874,232.3393375901308,676.6669,241.1843,1
629716047,706.7656434916308,232.4123966770091,700.215,237.6708,1
629716064,704.8401803380697,231.02258568086856,691.0184,210.5283,1
629716080,703.3046085940937,230.6006981931692,684.9781,223.8563,1
629716097,702.8191878190854,229.4270998500246,704.4846,213.0334,1
629716113,701.0503697222063,228.98496087948175,681.218,225.6317,1
629716130,703.6710439742444,228.12229550711157,754.4214,220.1769,1
629716147,703.4110227797827,226.53110203714832,704.6316,206.5726,1
629716164,702.9094346499754,227.4998873464131,697.6536,248.6559,1
629716180,703.9971865965254,226.67587579600368,726.1107,221.4275,1
629716197,704.0122754315663,226.0006581943927,706.7008,222.0468,1
629716214,692.911405333663,225.9269426716884,509.1678,225.5855,1
629716230,691.7517264005779,226.41499286754652,681.6368,240.3935,1
629716247,690.9690564381938,226.0035838972714,689.26,224.3721,1
629716263,692.0370850836088,223.43985434331947,719.3921,188.1539,1
629716280,693.0333153507569,220.37414440158167,715.197,181.179,1
629716297,693.9093108304359,218.377985420968,713.8735,196.8141,1
629716313,694.8637536692213,213.80799598158282,712.8647,153.4997,1
629716330,695.7447532785077,211.90755964010808,710.6008,197.0424,1
629716346,696.2632193266235,206.3965581432036,704.704,131.4675,1
629716363,696.0490556954214,204.2452158578503,684.5428,192.1309,1
629716380,696.190601919287,201.359918532314,689.3577,177.3567,1
629716396,696.2638983221929,198.90538935357287,691.8907,179.1358,1
629716413,697.9937083860528,195.6272553604473,717.8429,162.9839,1
629716430,700.017505069277,193.68613334532324,728.6237,185.2466,1
629716447,699.3894990830748,192.63903383617756,679.8337,195.6038,1
629716464,701.2159434700048,190.41850689315964,725.6154,174.2724,1
629716481,705.1304844812892,187.1003457533173,762.4191,155.5296,1
629716497,706.7594401453385,184.89214400613508,720.3209,169.6152,1
629716514,697.7986873410807,159.41097643733372,695.0598,163.3511,0
629716531,722.5094554785956,137.4681588848228,720.1893,142.3266,0
629716547,730.8184728653068,164.93676769694457,736.2413,197.8046,0
629716564,721.9899681084614,166.04427991210994,701.6031,172.2905,0
629716581,718.0373691676972,175.4366743531566,703.2083,207.384,0
629716597,708.8536814689944,173.77592117189175,670.034,169.8483,0
629716614,700.3002690502868,171.79606596193076,656.3484,164.3472,1
629716630,702.8182566026896,166.11059451075687,716.3251,137.814,1
629716647,702.0786647075756,159.00591287553462,695.9395,116.066,1
629716664,701.6524148562326,149.58851182735788,697.6752,84.2319,1
629716680,695.4618670421006,150.46467195780062,641.8873,162.5745,1
629716697,692.2186026559966,148.2456621650487,662.316,133.3309,1
629716714,689.8663830238041,145.42445503198647,667.1384,123.5324,1
629716730,685.9738526030384,141.93961539545097,645.8946,110.9364,1
629716747,681.4037998901441,140.80010409150321,631.8812,134.1095,1
629716763,679.638518365389,143.24428194199308,661.3957,179.2781,1
629716780,675.0069994970501,143.98691189898435,620.6675,157.5444,1
629716797,672.7024631450308,143.21201217656153,647.879,137.9857,1
629716813,670.273805699456,142.03978151617184,643.2343,131.0456,1
629716830,670.1164280527521,144.62744039969627,673.4212,186.3523,1
629716847,668.4380133808097,142.34719077327705,650.0902,113.3956,1
629716863,669.4996943189077,142.6573435439382,690.3603,153.1628,1
629716880,677.5622627461942,150.03016570839299,800.6246,269.1845,1
629716897,959.8567502566387,328.3759147753755,956.7909,342.0203,0
629716913,1121.3412415117302,461.32596606770886,1117.7317,480.9478,0
629716930,1133.3981609940724,494.4231624351523,1141.1843,547.9452,0
629716947,1124.6512929719604,485.7038027599209,1103.4257,487.3052,0
629716963,1122.0995702268713,488.7647998431763,1110.5212,517.1754,0
629716980,1116.932879639938,479.70083482921615,1093.2422,462.7188,0
629716996,1149.9037020555782,499.55097263669427,1146.0234,520.2288,0
629717013,1168.2574384853638,467.45184163398824,1164.8757,488.8131,0
629717030,1172.8486530574387,484.75015641478876,1173.6951,523.7028,0
629717046,1173.3403045824198,481.75936589621585,1170.8523,497.3123,0
629717063,1170.4474607841407,487.90337879510133,1157.9609,527.1971,0
629717080,1173.3322321693895,491.54710619204,1180.9802,527.5925,0
629717096,1174.5201271434821,490.7891863800586,1176.6775,508.5103,1
629717113,1170.895147659928,492.60908001372263,1145.8716,523.4646,1
629717129,1170.9155183005985,496.07182204442097,1167.2798,540.0983,1
629717146,1171.6096813593424,495.39862022818335,1173.4263,511.1034,1
629717163,1175.1956955047556,506.8720137774516,1200.3635,624.2795,1
629717179,1180.4211446952531,516.2085230647747,1222.7361,621.6309,1
629717196,1186.2002565861858,524.7454303222945,1236.5942,627.5884,1
629717213,1190.546378029672,528.9882130402059,1228.7251,590.146,1
629717229,1193.5879812114142,534.277865528065,1218.5177,608.5874,1
629717246,1196.4484798090195,537.3210415174997,1220.5334,587.0724,1
629717263,1196.1350791413906,541.254802377326,1181.4379,601.7371,1
629717279,1197.8668747858896,544.1604260274162,1210.1969,593.5749,1
629717296,1200.590069539399,548.9405433463056,1226.3564,624.8904,1
629717312,1199.5717840908494,551.003985123876,1174.1699,588.2301,1
629717329,1200.9755939879074,554.8627544599412,1210.6104,619.7905,1
629717346,1201.0137974947181,558.6327615334894,1190.9214,621.9517,1
629717362,1195.306179364947,562.6954853376461,1099.7961,627.321,1
629717379,1183.7284422203363,561.8195861555024,1002.3608,548.0996,1
629717396,962.3146238357616,572.3297206372796,956.3689,586.0443,0
629717412,953.0011534251141,539.8325312932609,947.3815,553.2045,0
629717429,947.4770038790641,546.1989488395668,936.1256,565.5107,0
629717446,949.6534944697567,566.9101101481723,947.584,621.4406,0
629717462,948.7224123372364,567.8835242222273,939.9289,583.5336,0
629717479,944.6155895304945,563.8792872848942,922.6489,560.2613,0
629717495,952.4305810968885,567.127036764693,984.7701,597.5284,1
629717512,947.472661529498,567.2722204039703,912.3171,579.8156,1
629717529,931.6739828096075,545.900299632319,821.8395,411.9324,1
629717545,798.3736846851809,282.1213591039834,794.8225,289.7809,0
629717562,782.3789727384461,191.1267268141064,779.8054,198.2009,0
629717579,787.1186723519681,190.59250273289504,789.3462,197.4849,0
629717595,773.3542492602813,169.65747637064766,743.9177,133.7855,0
629717612,765.2798235322566,171.17015735347283,738.871,181.5337,0
629717628,764.0225634448815,165.89503133200745,757.3325,151.6886,0
629717645,767.6917120177138,158.95715991375016,784.2321,132.9514,1
629717662,766.8988357036731,159.38220132398212,760.1433,169.1814,1
629717678,771.1067745275749,159.036114476175,797.3086,165.3628,1
629717695,772.2850189052734,155.84234329203946,778.926,139.8119,1
629717712,774.7457129665194,154.47376753625014,792.7729,152.02,1
629717728,776.6873464538521,154.0163201253606,791.3273,158.9321,1
629717745,776.3305386480573,150.9080857805798,769.5876,128.6291,1
629717762,778.0297098857861,156.776473898652,791.8173,228.405,1
629717778,778.5741126734478,156.90199476773876,780.759,165.707,1
629717795,774.9304224741642,156.65520475331317,727.7504,159.0703,1
629717812,772.1804858071728,152.3626210812631,736.274,105.0304,1
629717828,768.9562886090854,150.48813375585507,726.3995,133.5132,1
629717845,766.1652348030385,148.2444510011495,729.4956,126.2906,1
629717862,764.7792977625536,147.27436700907379,747.5024,143.4981,1
629717879,761.158837599286,149.991370113307,711.313,197.0122,1
629717896,759.0410734974695,146.61051979711277,732.8258,104.7311,1
629717912,757.2077163648989,147.3855789204549,734.6493,168.1584,1
629717929,753.6249136803718,148.08891244045523,704.4565,165.9731,1
629717946,752.3404598497459,147.27327807565015,739.9711,142.3818,1
629717962,751.3291701525353,146.42511025365573,742.9864,141.2386,1
629717979,750.780727650603,142.56181807003244,749.9841,89.9769,1
629717996,746.470733439283,143.96868091737147,683.2253,175.3534,1
629718012,539.1123947854388,142.75214138237686,535.5548,140.8086,0
629718029,573.9561820802428,140.20559352483238,570.652,139.5545,0
629718045,559.1448760060506,130.01331520614332,541.1191,118.1005,0
629718062,547.582210424512,130.43216831406139,521.1646,128.8383,0
629718079,539.2550923624349,136.56921803987632,510.9604,151.9618,0
629718095,548.7334003747702,137.48078046040018,583.1901,140.729,0
629718112,547.802504481825,136.83554856059,539.866,131.7276,1
629718129,553.4969664015617,131.72472262400132,583.6835,101.8949,1
629718145,553.7537193630781,131.89301505143465,551.6125,132.0461,1
629718162,554.9724661341124,127.48283727287061,560.7625,93.6998,1
629718179,556.5462500040538,128.0106167098654,565.6735,132.6335,1
629718195,556.6108522871506,129.35153605252455,552.7562,141.155,1
629718212,558.1852623970007,130.37893518968326,569.3771,140.325,1
629718228,558.9185745758493,129.6214742361015,562.1479,120.8978,1
629718245,562.486317416534,129.95808857854846,597.7893,134.4964,1
629718262,564.0546312987367,131.53856132021366,576.4596,149.9867,1
629718278,563.270503134849,133.05077169820186,546.8737,149.783,1
629718295,564.4207215130352,131.14555060277343,573.7931,105.0127,1
629718312,562.5746237836423,132.52533418367017,531.3855,148.7321,1
629718328,563.5430945558222,133.4835994626118,571.8785,145.251,1
629718345,562.7236771786345,135.0619242691563,545.4724,154.537,1
629718362,562.543799351475,136.1377877155718,555.1644,148.3747,1
629718378,715.3830999713555,308.43513816417845,710.988,313.0146,0
629718395,704.847465848409,439.9383646095151,698.824,444.1158,0
629718412,707.1835457070435,455.7134832508554,703.1461,475.7962,0
629718428,710.8970560761536,450.5487189528056,712.3241,444.8799,0
629718445,709.6288147970388,461.53779753239354,699.141,498.3235,0
629718461,717.8031774643209,458.9532181599707,744.0199,454.3271,0
629718478,726.5001583218306,456.05402975393224,762.7239,448.2961,1
629718495,726.9486358561586,457.4989214955516,722.3092,470.922,1
629718511,727.3996209753637,457.4545922926967,723.2743,462.128,1
629718528,730.3052444650316,459.4037007669072,744.9144,479.8218,1
629718545,735.6379831576191,458.01330946970035,772.889,452.9385,1
629718561,740.1638127060173,462.27792934516685,772.5685,507.8667,1
629718578,741.316478944773,462.9729408680225,743.1393,474.4997,1
629718595,740.3065305999547,464.3363133059353,719.8031,482.3864,1
629718611,741.2298126631385,464.64769889233804,742.5084,472.3026,1
629718628,743.4412077949044,469.78352755489914,759.7382,535.1012,1
629718645,743.2849444849242,471.3114540642076,731.3002,491.9788,1
629718661,746.8713111924715,472.99969384100626,783.6301,498.021,1
629718678,748.8129192499762,471.9334950719864,764.2568,459.7724,1
629718694,748.3306280738256,473.4095083063599,729.993,495.4951,1
629718711,748.3743378030817,473.98153641794903,738.2873,483.654,1
629718727,748.1180499952109,474.4255793488138,734.1423,482.3545,1
629718744,747.6952666972703,475.732171096937,731.6276,496.6874,1
629718761,748.2433364844491,475.42721898603884,747.9072,472.5087,1
629718777,747.8947442777214,474.74268818854523,733.8934,466.0907,1
629718794,748.6533546879061,474.95917269286747,752.5044,481.9037,1
629718811,749.8967182067277,475.43330160692705,761.3766,487.0804,1
629718827,753.3574399287058,469.61915652648486,801.5073,382.0612,1
629718844,818.2776354344534,267.5666436412609,815.0267,275.9656,0
629718861,830.4796849674643,215.50964159120878,827.9248,224.3656,0
629718877,821.470787031424,225.5182086712282,809.5773,243.6882,0
629718894,824.2073120391597,217.1061982101804,827.3113,209.1664,0
629718911,824.606467400028,220.26656651761525,823.0398,238.3936,0
629718927,821.9044652038286,221.0324397310487,808.5125,232.1633,0
629718944,819.2790998083333,219.93031027433102,803.9416,222.4864,1
629718961,824.5073531808862,221.48404690328525,852.4369,240.247,1
629718977,825.639813225982,217.112672518698,830.7449,196.8303,1
629718994,826.1070710321453,218.22903954309294,826.5485,235.8655,1
629719010,824.4746933207745,218.77382528817603,807.6819,231.6666,1
629719027,830.8469701097937,213.11171430466035,887.1754,172.7603,1
629719044,837.5971867321435,205.8792519926159,901.1882,147.7905,1
629719060,843.7809846172605,199.14833917792714,904.3505,143.394,1
629719077,846.9326009050454,194.8771902588075,875.4168,163.1465,1
629719093,850.4749750040095,189.91188991830944,884.8709,148.9878,1
629719110,855.3536010830835,182.75704474631698,907.774,114.4151,1
629719127,860.1288868697225,177.5228971069631,911.9086,132.9218,1
629719143,856.0297001984119,176.43242731121245,788.6482,181.8111,1
629719160,625.6280612697931,136.49485305297156,622.6989,137.7604,0
629719177,691.3430319847964,121.31291994755185,689.015,125.0169,0
629719193,654.9330012960817,133.55018664760226,615.5317,146.7609,0
629719210,650.6849842339964,131.43324823892385,639.7164,129.0538,0
629719227,641.766766245669,144.20188946358888,612.0389,182.9153,0
629719243,641.696468936679,143.22901294929784,639.0714,140.871,0
629719261,631.7714423357751,148.92428532307503,580.3337,175.9866,1
629719278,632.7024323392455,151.2540584610173,636.1082,165.7253,1
629719294,636.158776088044,147.8994870593582,657.6595,127.1585,1
629719311,635.6002355775923,145.30307821909028,629.202,126.8391,1
629719328,635.0736466098514,147.71581477622726,628.0278,169.2511,1
629719344,636.3796437021889,146.60898501034478,646.1382,138.1924,1
629719361,639.0506101360244,145.44422852992594,662.9495,136.5692,1
629719377,639.2298183183127,147.79108398309955,637.3464,174.4818,1
629719394,640.971736652785,147.76378023533726,657.0284,149.4314,1
629719411,641.8177314076817,146.15576722004502,647.9306,128.902,1
629719427,643.9798165425516,146.6978299345664,666.3184,156.4585,1
629719444,643.4669028309016,147.27080126179092,631.4042,156.1923,1
629719461,643.1585956422596,148.14851066059313,633.9354,161.2482,1
629719477,643.2768411299994,150.85315773778316,639.8115,189.3067,1
629719494,644.1547790575759,150.95100662677112,652.1018,152.5039,1
629719511,644.5214641999029,150.72638831315086,644.9939,147.4723,1
629719527,645.0424755620452,152.25539726645312,647.573,175.4145,1
629719544,647.1225130619312,151.64550385771645,673.8569,142.9454,1
629719560,647.9255038312065,151.76633423810085,654.0324,154.1151,1
629719577,648.2842645000804,151.19838031643712,647.4799,142.6831,1
629719594,650.7075015574137,150.5714574239374,683.0399,142.9611,1
629719610,651.0665776103338,149.7690716644801,649.0927,138.6486,1
629719627,652.2330786435541,150.57557968452207,663.3986,166.6653,1
629719644,653.3287297238121,151.43231958678152,663.0793,167.8358,1
629719660,646.9860136978488,155.4220905892706,532.858,218.0076,1
629719677,641.8207832559558,164.03949052869248,556.8316,296.8726,1
629719694,636.6136618716804,171.62405531384195,548.202,282.3077,1
629719710,630.7010899973354,180.13796253138688,537.9847,297.844,1
629719727,624.6655622502327,188.16798816112276,532.1188,297.229,1
629719743,617.6087547432528,196.95445432474386,515.5688,307.8327,1
629719760,610.2089462418044,204.08979928800665,501.7318,285.9908,1
629719777,512.8882931088176,358.14600341987716,506.6061,355.2114,0
629719793,509.028131420225,331.31365743034434,503.0397,328.2382,0
629719810,520.2852739428693,310.65979655652677,526.1589,287.8205,0
629719827,529.13700716837,310.30018713863143,541.1803,308.0126,0
629719843,528.6798671422223,309.0054295561243,521.5719,302.8736,0
629719860,525.5211476469198,311.7644119886499,507.0914,319.8068,0
629719877,521.5122430605385,313.9731774151655,496.0527,321.3822,1
629719893,527.7331017996653,314.7150321756926,558.4551,317.8016,1
629719910,527.6760851817057,310.3608726240626,521.6735,278.7341,1
629719926,530.5260642959842,310.6502021444571,546.0951,311.6728,1
629719943,531.1674177562543,310.0740671832982,530.211,303.4839,1
629719960,531.0931833844736,308.6409971425192,524.1079,293.684,1
629719976,531.4986436607788,308.3425344561278,529.1522,303.9991,1
629719993,528.0407893451646,309.976714070735,484.7243,324.1765,1
629720010,525.7152800202421,308.4682291330291,494.4611,288.3952,1
629720026,523.5228540795803,308.3360268618064,493.0856,304.0343,1
629720043,521.7964886191553,309.69046783193136,496.5089,323.7949,1
629720059,520.6292854360102,310.89695880005945,502.3468,323.3554,1
629720076,518.6568900307163,309.40327942616074,489.8416,285.3285,1
629720093,519.833054117372,310.8521842706714,534.1439,329.1147,1
629720109,529.1053456788683,304.27094334185784,659.9202,213.0179,1
629720126,676.7115214016062,166.6870476897992,673.7512,169.8445,0
629720143,702.0479834465871,158.3000900904967,699.3495,162.3979,0
629720159,700.8900946173644,149.18384873958632,697.2379,144.1044,0
629720176,688.3797051048812,162.8892909988637,660.2003,192.8385,0
629720193,696.6732571929908,163.7633884795033,718.7869,171.0102,0
629720209,695.8898184725289,164.29778927946444,689.9053,169.9631,0
629720226,699.5169824029415,162.7389370601548,714.5747,159.6111,1
629720243,702.1294402036003,161.8788766298234,714.3475,161.4778,1
629720259,704.5185011103431,162.83625732255285,717.1729,173.9759,1
629720276,701.0091984329894,161.04335052923525,671.0844,150.5221,1
629720292,699.7951204571746,161.60322435807984,686.6002,170.0824,1
629720309,699.9523651205354,162.6859857527337,698.5574,176.6798,1
629720326,699.580768936876,161.7106831070639,693.2858,155.8094,1
629720342,699.7930666835407,164.10821574286211,699.0923,193.5305,1
629720359,699.6683476816634,162.4469983915931,695.7987,147.1744,1
629720376,698.9959846319503,162.30632180011347,688.3999,164.3087,1
629720392,698.2507820131015,162.24095303287754,686.6261,165.0946,1
629720409,697.3624551893008,162.61022956353864,683.7378,170.9476,1
629720426,692.753926417357,160.15453211547597,629.5933,128.7958,1
629720442,690.1596359144243,159.65680213159249,654.9308,156.4466,1
629720459,687.5621427657694,156.81498952893267,652.8979,120.2975,1
629720475,684.8461086712534,155.92774110541524,648.3708,148.2501,1
629720492,682.3823740688376,155.22715185026874,650.0073,150.436,1
629720509,679.5170898664949,154.0782160862308,641.4143,142.1664,1
629720525,677.7059386632866,155.45550341338006,655.9658,183.2126,1
629720542,675.4033338100863,154.86964830058466,646.2883,150.4814,1
629720559,672.7100997925818,155.64599723425698,637.3342,172.5353,1
629720575,672.6744784502271,153.86416521286634,681.1478,130.5593,1
629720592,668.8002566241382,152.06649153113932,613.4818,126.8846,1
629720609,667.8693224084324,151.67918321223635,661.9921,152.1558,1
629720625,666.0224129400077,151.6505758948451,644.0993,157.1595,1
629720642,663.8174557281479,152.19139618592425,639.5885,167.0908,1
629720660,661.8713587558078,152.40518819740728,641.8171,159.0945,1
629720676,659.0148991280598,153.2260944021901,619.8417,173.7075,1
629720693,657.4158408572451,153.28500270622294,646.2845,158.1115,1
629720709,656.446749729849,153.1503311935366,651.8678,154.5697,1
629720726,655.336479162119,153.10970359154808,649.7947,154.6836,1
629720743,653.3187378868947,153.29795043436218,631.4846,158.0798,1
629720759,652.7761242277093,154.1413464580845,655.2832,171.5271,1
629720776,650.0914896951692,155.0907913398435,610.9017,169.3432,1
629720793,647.3425246913187,154.7729131214992,610.1989,149.3658,1
629720809,646.1436192198153,153.83059519577517,636.9933,140.0737,1
629720826,645.9922596251635,154.19884020943982,652.6577,161.3049,1
629720842,646.5629306614068,154.58860958799693,664.1941,166.0747,1
629720859,649.2587503314849,156.28937758484886,699.286,185.2588,1
629720876,652.5101020746532,157.4332950798194,707.1843,178.0973,1
629720892,656.7794793975339,158.97709207249954,724.0979,186.1225,1
629720909,659.9876604580003,161.15329930051743,704.8804,197.4864,1
629720926,664.2087537909387,161.38337410118265,717.9006,160.5006,1
629720942,667.8036058932187,162.14821985167958,710.8591,173.444,1
629720959,670.9844191936172,162.00394268438853,705.0056,154.491,1
629720976,675.1966742258525,160.11136289629843,724.7589,128.812,1
629720992,678.875228135682,159.55669108471102,717.3918,152.7107,1
629721009,680.7306383886586,159.25295458547367,686.8562,155.5903,1
629721025,691.7535867666519,160.97620166122502,851.3743,201.5235,1
629721042,1016.7525508136923,253.5488280979607,1014.9393,269.3097,0
629721059,1108.1989486545397,370.35575004826,1105.585,389.498,0
629721075,1147.433388488703,440.008871968398,1182.8044,531.5212,0
629721092,1173.075916571081,489.78146030684024,1219.3757,611.754,0
629721109,1173.3222035299093,535.0035117002903,1167.7421,689.5089,0
629721125,1172.22899458559,579.7895026500997,1160.5845,774.4369,0
629721142,1105.385743719856,764.1519147939421,1098.0796,783.156,0
629721159,1165.1307043658167,800.1640859735153,1157.7798,821.3808,0
629721175,1161.3395343716018,784.6829565799358,1150.5256,790.1799,0
629721192,1153.9279196900784,802.1572276662865,1131.2639,857.2145,0
629721209,1155.6749964436838,789.5760540384672,1154.1781,773.1582,0
629721225,1156.5442579273063,795.5939333280207,1152.4199,840.4307,0
629721242,1148.5794015796328,799.1093228457739,1101.9836,835.2632,1
629721258,1149.5818226129225,793.299647561693,1149.0522,780.2678,1
629721275,1151.0089606494873,792.3627397186748,1153.7839,807.4227,1
629721292,1153.6945950493855,792.6438634805065,1166.9014,816.6566,1
629721308,1156.2913793800685,787.7420370713542,1171.0691,768.936,1
629721325,1157.664511692994,785.4275137451394,1162.5283,787.0216,1
629721342,1158.8543321191974,783.1225896133737,1162.6621,783.613,1
629721358,1157.9552800326405,786.2726028135601,1139.467,842.2815,1
629721375,1154.806035561438,789.6748891218069,1110.6853,848.3425,1
629721391,1390.469749365372,921.6616206598783,1383.1201,951.2249,0
629721408,1465.0813530209361,1023.2929799483636,1457.0033,1055.6146,0
629721425,1451.923568952667,1071.4444911662567,1429.4115,1150.812,0
629721441,1446.3271686284024,1096.7490153091164,1425.5367,1177.998,0
629721458,1440.4854812344438,1076.2169981820246,1415.0731,1045.5001,0
629721474,1446.2312074571223,1081.5861714345685,1460.1074,1135.1292,0
629721491,1442.3201138365307,1079.905775269273,1414.4135,1102.2527,1
629721508,1443.9795977684853,1071.9790500296062,1445.6885,1057.99,1
629721524,1448.5188065086893,1065.1956245203155,1470.9094,1053.5558,1
629721541,1449.4045530736153,1066.9581268350812,1446.7451,1113.7157,1
629721558,1450.105592904299,1070.1115987553558,1446.306,1129.5182,1
629721574,1449.8025572780148,1072.261921988488,1437.3022,1123.9612,1
629721591,1450.2695858187744,1075.5324825943064,1445.087,1139.5613,1
629721608,1447.9588087114198,1077.3372359511593,1413.7249,1126.115,1
629721624,1444.4785867872192,1072.6180992499442,1397.2681,1048.4977,1
629721641,1440.3507518133654,1074.0103052158595,1383.7349,1120.3137,1
629721658,1437.8285258701983,1068.9990148349325,1401.4128,1037.1036,1
629721674,1435.4626603703975,1068.4750111429432,1400.0291,1093.9058,1
629721691,1434.7705393198635,1066.3979009338682,1421.8365,1071.7878,1
629721708,1435.7710501172978,1062.835789594247,1446.3154,1048.71,1
629721724,1434.2744545051269,1054.6145865411115,1409.4985,973.4213,1
629721741,1433.1807996932453,1053.8849835275744,1412.9922,1083.3687,1
629721757,1432.119794363245,1053.9438374044942,1412.1754,1094.6211,1
629721774,1431.591781991023,1049.773961201479,1420.5039,1025.8412,1
629721791,1427.6384252521395,1046.0434562849016,1363.0508,1027.7926,1
629721807,1425.6288315944898,1042.6173904364823,1393.0181,1031.0668,1
629721824,1420.097621917892,1040.3225256781484,1331.4464,1045.0784,1
629721841,1416.0488375124412,1041.4667786435837,1353.0823,1102.093,1
629721857,1413.5861847096903,1041.4645092649923,1378.1051,1082.1575,1
629721874,1409.1298941316818,1043.4751495852352,1340.7307,1114.2136,1
629721891,1404.1661430075396,1041.2555463236436,1329.8938,1039.2289,1
629721907,1401.9609711908577,1038.8210189448935,1381.9558,1034.1179,1
629721924,1398.75178551113,1036.180509083709,1358.4888,1038.2678,1
629721941,1393.6548767320044,1035.779800425594,1321.7776,1076.1042,1
629721957,1186.908732371367,905.8315967792184,1178.4431,927.8469,0
629721974,1023.4444732159927,840.54648133494,1014.7067,856.5051,0
629721990,1032.8458325647039,864.0586392443453,1033.0483,904.1619,0
629722007,1029.086273217499,863.7940448646146,1012.5491,879.0359,0
629722024,1032.4722001235564,861.1751481729162,1033.7529,869.9635,0
629722040,1032.774167265145,865.0338808375482,1024.7271,896.4885,0
629722057,1030.774433647641,860.4892532142876,1012.2212,854.0361,1
629722075,1029.0784348349612,848.562726954042,1011.286,795.6168,1
629722091,944.0973389038811,578.4316575871039,937.9625,591.4701,0
629722108,888.0922453835065,430.5129738535477,883.3544,441.4871,0
629722125,856.8112328361523,393.68100815350374,821.345,365.6061,0
629722141,851.3215169215099,355.2144968345506,837.3268,288.1811,0
629722158,849.3132456950791,334.23347369752656,840.4473,282.1343,0
629722174,846.5052260451565,322.58971253088225,832.5109,287.313,0
629722191,840.5149472470506,241.06596597716873,837.721,250.2919,0
629722208,858.097145986494,295.551587475027,854.7691,305.4249,0
629722224,856.6205329645384,288.7466650210327,851.962,291.7241,0
629722241,854.0315065319821,284.34800466124483,845.743,285.1747,0
629722258,849.0011237058912,279.2000209330889,831.0269,273.0259,0
629722274,844.7743651493228,274.84160154577273,825.3093,266.7625,0
629722291,849.9217561055466,278.0482790804022,872.1517,304.6147,1
629722308,851.6871730425602,277.3258441325165,858.8527,283.3801,1
629722324,848.1983299837107,276.307245091626,821.5659,278.4379,1
629722341,837.6051285432661,266.64767841478346,755.6033,200.7059,1
629722357,824.1315314294693,256.8326217557601,711.2058,181.6693,1
629722374,816.9338105643285,253.1488424937741,752.9953,229.5894,1
629722391,805.9660544666536,246.69464207488386,701.2822,191.9727,1
629722407,799.4853051468914,241.21331851448144,737.3588,195.1366,1
629722424,793.7028216531932,236.38395483319974,736.7126,195.3867,1
629722441,787.0040285510844,234.44612216303938,716.6367,225.0943,1
629722457,782.125535307193,230.870440489152,732.6871,200.9418,1
629722474,775.1987599624853,226.64586638267042,697.9212,186.0952,1
629722490,771.8778829740498,226.30479630274232,741.1869,238.3617,1
629722507,767.8325281626691,222.34788380741182,726.5006,183.0581,1
629722524,764.3933184159254,218.73872147811852,730.696,184.1631,1
629722540,761.1015021250429,215.19169820149182,728.5739,181.1308,1
629722557,757.1318223836697,215.4354400953266,712.8385,236.9323,1
629722574,761.7412758534077,219.1069077033248,847.0787,295.9519,1
629722590,1030.6945778842091,350.04215941206104,1027.8253,366.3118,0
629722607,1028.5185073111859,352.81320001367993,1025.6024,369.0019,0
629722624,1041.7493869703335,354.8543902821305,1052.1514,374.0588,0
629722640,1040.6542379562077,387.17548225295155,1034.3878,467.9438,0
