timstamp,smoothx,smoothy,rawx,rawy,fixation
632009580,943.8758200651685,699.2614459767143,1034.1177,722.3984,1
632009597,951.3457812907491,700.4390005321231,1047.198,716.8646,1
632009613,958.4824707338339,700.8583361488455,1045.8967,700.0766,1
632009630,965.7531089131326,701.7387107882352,1042.4814,718.8075,1
632009647,972.9960463692512,702.3241472740308,1049.3625,714.0858,1
632009663,979.3934041380519,702.7796793804416,1039.8081,713.4674,1
632009680,985.7988078714691,703.8837458635836,1046.9143,731.4451,1
632009697,989.2937829053271,698.6359053682382,1002.9176,583.4688,1
632009713,986.598135696011,550.0455776636846,993.6671,510.7445,0
632009730,977.8086144746653,552.2059343978724,984.4337,514.0164,0
632009747,972.3719114839442,551.4518414268881,973.128,512.449,0
632009764,974.033211737083,551.7244113512202,983.9661,514.1211,0
632009780,976.7013377209814,552.5639189308566,991.4711,517.5551,0
632009797,978.3813330135017,548.3478459652031,992.3372,486.2695,0
632009813,977.7247898842404,547.9791291910735,980.9895,506.3181,1
632009830,981.7350096790458,549.046240953941,1012.5348,517.1929,1
632009847,981.4824666562348,546.8941712769977,986.4674,487.6889,1
632009863,981.382935924353,547.0549524754838,987.0026,509.1108,1
632009880,982.006670066612,547.8531444964531,993.7436,517.1481,1
632009896,981.133602739599,551.686506438441,978.2302,560.5715,1
632009913,1009.0163860911318,737.5687319437957,1012.4838,761.7491,0
632009963,493.4416050134482,403.71392076392385,963.1048,668.875,0
632009980,645.844590499146,478.51345385119805,949.7667,614.2514,0
632009996,715.1912094739153,494.3399524203815,920.3616,498.6207,0
632010014,761.8198401126422,503.0653688928641,943.5337,491.831,0
632010030,948.8447144696959,530.3760579280691,954.717,485.904,0
632010047,931.7800284425253,535.5870357344553,936.7656,493.6223,0
632010064,940.5081670998911,539.8324868148569,954.767,504.283,0
632010081,937.3753299950297,530.1449039328137,936.6667,460.4438,0
632010097,936.8354545932281,525.5619792499789,940.9545,461.9214,0
632010114,938.7527092974925,522.1048437412744,952.5853,457.0181,0
632010130,937.5887858925373,524.8783100492394,936.7655,497.9195,1
632010147,941.1426823154991,525.0801946340976,968.218,480.0936,1
632010164,938.7982000303497,525.0006888884919,927.7025,479.2983,1
632010180,937.0418787589863,528.2127740858026,928.0519,516.6779,1
632010197,936.3347871334176,530.6171412577395,935.2991,513.3698,1
632010213,936.382027893367,529.7339473362726,942.804,473.5979,1
632010230,934.3595279944107,529.9399765290831,919.1925,488.6548,1
632010247,934.1722626726366,531.1554364721512,937.9808,503.9445,1
632010264,933.9887203878438,529.9114832829332,938.4098,465.9545,1
632010280,932.6584628401475,529.8087701962568,922.4805,484.1777,1
632010297,932.5126270817075,530.5092814978697,937.0456,497.8766,1
632010313,930.9320204748634,527.8586013279179,917.1183,437.3759,1
632010330,931.0138782231785,526.9858682604173,939.7009,467.2507,1
632010346,934.78582447802,526.4638219262652,996.4556,470.8331,1
632010363,943.2074008122096,524.1848526812834,1073.9359,431.2583,1
632010380,951.7138069306286,523.1701201340832,1081.5271,454.8882,1
632010396,960.292005598519,522.3056737152743,1089.1497,456.5925,1
632010413,968.3251600081882,522.0698576996002,1086.0898,469.2939,1
632010430,975.8126734986084,521.1445777926394,1082.9978,453.6523,1
632010446,982.5198674520046,520.7811002795461,1074.9226,465.4779,1
632010463,988.3409217514367,519.7672281811348,1065.021,450.4501,1
632010480,993.4271519688756,518.6267669331907,1057.1475,446.8027,1
632010496,998.6411836565621,518.1055388513064,1064.1815,459.6532,1
632010513,1003.7344064044232,517.9846855374004,1066.9603,467.9373,1
632010530,1008.2949619292889,516.8746735413146,1062.8883,444.1916,1
632010546,1013.0269895234151,515.9929416200185,1062.5042,451.1578,1
632010563,1017.2938847723086,515.0982248361371,1061.4128,450.86,1
632010580,1021.6444602325522,514.5461201968506,1066.3242,452.8407,1
632010596,1025.7026643302552,513.4567923431869,1067.2916,439.7168,1
632010613,1030.1540914056338,512.4984042241633,1081.103,441.0054,1
632010629,1033.4210713297678,509.74479182523817,1064.022,402.949,1
632010646,1036.8161046292207,508.66099574679697,1074.2556,438.4012,1
632010663,1041.279455124069,507.36633500271273,1094.5369,431.0128,1
632010679,1044.6195212241842,506.15972259320057,1079.4036,436.0472,1
632010696,1048.00257170288,505.3525790888216,1085.8979,442.856,1
632010712,1052.6757437766682,503.9622144944517,1115.2126,422.1893,1
632010729,1054.7598352284665,503.1987724654522,1070.0073,438.8554,1
632010746,1058.8838953092718,502.4554440445444,1113.7909,437.6948,1
632010762,1061.8686560458264,501.468748595492,1097.4348,427.1584,1
632010779,1064.9689066949957,500.2099032557579,1102.1475,421.2989,1
632010796,1067.5268252779586,501.2325591608327,1096.9275,474.9627,1
632010812,1070.3988335190247,500.0637058758131,1105.3113,415.6991,1
632010829,1073.722498076964,499.9894750058424,1119.2,443.4005,1
632010846,1076.231084303762,498.9965945814102,1113.8396,421.762,1
632010862,1077.9991398785114,499.420172011878,1110.0068,450.3897,1
632010879,1072.5580560423198,493.39847742159867,983.6004,306.6364,1
632010896,974.6045644554811,321.4666012215433,986.7455,204.1413,0
632010912,914.7589820809409,371.1175158709594,923.0208,273.3646,0
632010929,921.9509196486708,368.0668059212119,938.1746,264.5739,0
632010946,924.6127001829051,365.39414943953346,939.0702,257.9246,0
632010962,926.4848810542677,369.5716452409589,940.7186,287.2789,0
632010979,931.6469608303477,369.54129361869605,961.7274,269.4365,0
632010995,929.1091239602822,371.1682189814418,924.5286,283.9019,1
632011012,930.4846232019006,368.1454063515957,948.0568,244.6828,1
632011029,934.3743390140511,364.97712272046044,970.8959,235.043,1
632011045,933.5880846871232,363.9649233960803,936.0292,253.7595,1
632011062,935.981344163959,362.60276277424094,965.7878,245.9166,1
632011079,714.1101897561732,491.26539036362664,710.5021,443.2209,0
632011095,699.1824436640468,604.3266460248003,692.1379,595.7516,0
632011112,706.9972647702192,614.0553487052347,707.9653,621.2043,0
632011129,697.9423595811177,617.1378507910937,671.5428,621.9382,0
632011145,697.0490442598616,615.3499458922419,687.1079,603.5095,0
632011162,700.8180407121195,617.9196916421192,708.8442,626.8168,0
632011178,699.2529305409842,619.4359965669886,683.6453,626.0585,1
632011195,702.1144012511421,617.1903368882256,712.5209,594.4302,1
632011212,702.0927472001376,616.896034433869,694.515,609.8563,1
632011228,703.1525476878206,617.4560695580516,703.9286,618.5629,1
632011245,701.5413256750887,619.202259769438,679.467,635.6343,1
632011262,702.4832742693382,618.690096020295,704.2493,607.7271,1
632011278,699.6259310500958,618.3834669459111,662.7175,611.3877,1
632011295,699.8055356838281,619.8511815281199,694.5771,636.9996,1
632011312,697.685590245519,618.7939191764251,666.2748,599.5151,1
632011328,698.5238236696488,618.6150082337927,702.7356,611.4077,1
632011345,698.4454591460191,618.8576542524825,690.7751,619.193,1
632011361,698.1424917737837,619.002768875498,687.401,617.889,1
632011378,696.9188010128937,618.8350623964168,673.339,612.6588,1
632011395,697.705785141192,620.1923406556498,702.5814,641.5711,1
632011412,698.0536203072527,619.4299696552246,696.9437,600.1586,1
632011429,699.1567382777001,620.5667756585444,708.6658,638.6211,1
632011446,699.9706966638201,629.6260646582856,701.4846,808.7282,1
632011462,700.7040401920559,635.622878275657,701.7059,749.9958,1
632011479,701.9765135520613,644.1441653557658,710.2853,810.5129,1
632011495,720.5745290736053,762.4320391022547,710.6042,807.2751,0
632011512,693.9565938123905,765.0203024672371,682.739,811.8711,0
632011529,693.2255375128116,758.6764202465657,681.5245,794.9075,0
632011545,703.4612682970306,749.3483137888087,714.7543,764.6976,0
632011562,702.4977505073973,747.2902662407716,689.0994,779.8513,0
632011579,702.4826937544929,741.7840812291165,692.5526,751.5764,0
632011595,704.5938444092691,741.7531295203045,705.0148,780.199,1
632011612,703.9350645701116,742.9243677997083,689.277,791.668,1
632011629,704.5744384085308,743.430391384357,698.5181,787.2324,1
632011645,705.5048814849405,743.3293896134165,702.3704,781.2835,1
632011662,704.3816995696577,746.357861049695,683.2841,820.9591,1
632011678,708.1039974231508,745.8131238326739,733.3221,776.886,1
632011695,709.8240515704717,749.8971413780395,715.2916,843.8209,1
632011712,711.3668178210173,748.7789319605728,717.085,771.0232,1
632011728,712.0048067422578,748.3614628885939,707.6388,780.9425,1
632011745,711.7024095071744,747.3768268627654,696.2342,771.0439,1
632011762,713.0112392206371,745.9511256441149,718.6421,760.7807,1
632011778,712.9326418436515,744.0837566938314,700.3618,751.2845,1
632011795,712.5275452516589,743.7039992368191,695.1067,777.6432,1
632011812,713.3670912588625,745.823816334029,713.2336,825.9563,1
632011828,713.000933944087,745.0921822589291,696.0555,770.8073,1
632011845,710.1088207209486,749.9923120944941,652.8577,889.2577,1
632011861,707.3959305955951,751.9153515000564,655.0123,830.244,1
632011878,703.9399524553518,754.5424020747339,640.4503,847.9484,1
632011895,698.450892164685,756.9206830882541,603.5208,846.3055,1
632011912,694.6759806344196,760.5175510499223,629.5754,874.6724,1
632011928,690.8421381236623,762.8685577576699,626.5581,849.5637,1
632011945,686.842846767174,765.3293836355763,620.9817,854.6401,1
632011961,683.976915560747,767.2382582515884,638.799,843.6539,1
632011978,681.3231672873982,770.2734153279193,639.6636,872.1067,1
632011995,678.470558674075,772.7538057537969,633.7435,862.1492,1
632012011,676.4011110323021,773.6353047281468,647.9703,825.5065,1
632012028,674.3716448800579,777.133141857712,645.0198,887.4397,1
632012045,671.3973117941488,779.5222702199309,629.1315,861.9258,1
632012061,670.006753954822,781.1166779876784,652.6309,847.1077,1
632012078,972.9177665436971,755.7008220778745,974.3351,787.6274,0
632012094,1245.1711889784615,700.6576312047326,1260.0464,702.2335,0
632012111,1280.3076367362332,704.1070795613933,1333.1823,708.5414,0
632012128,1289.3420065620412,718.3575712996762,1323.6195,761.4371,0
632012144,1289.184288230194,725.8676567427301,1304.0455,763.8889,0
632012161,1293.9904493220834,726.4021845774163,1329.7549,736.2028,0
632012178,1314.2374468443832,736.2523753920316,1331.3114,747.1545,0
632012194,1306.7214127121347,718.6687008527858,1323.8923,723.8458,0
632012211,1310.68885898797,723.5699863135251,1331.9294,736.6663,0
632012228,1310.451060174992,726.0503615745657,1326.9717,740.2166,0
632012244,1305.6722583409367,728.9851136704609,1307.5172,749.9528,0
632012261,1299.9479939242262,726.6182154092254,1293.5227,723.0703,0
632012277,1301.81333319176,724.1510086680214,1328.824,714.8643,1
632012294,1301.8988663921007,722.1788405361523,1319.8318,713.6378,1
632012311,1300.2375030913295,723.1147093182418,1305.5471,739.387,1
632012327,1300.9029533679743,723.638518464969,1323.2715,736.1115,1
632012344,1302.0343408307813,723.8099622289822,1328.9895,732.6166,1
632012361,1302.5138237230356,723.8958904637866,1323.9667,732.0132,1
632012377,1301.6501149629707,724.808476939144,1309.2867,744.7858,1
632012394,1213.0628568333213,577.7875440875619,1229.5232,538.5007,0
632012411,1178.4808771699695,411.06582146900854,1197.4917,315.955,0
632012427,1136.117386042638,402.94903889499597,1109.5071,297.7281,0
632012444,1132.0799738193232,396.23402054607186,1141.5603,280.4315,0
632012460,1124.3249473407393,392.5182798301423,1117.9192,279.6561,0
632012477,1123.883676129618,387.79627844315144,1140.1952,262.4741,0
632012494,1119.8568486683714,388.99049152710796,1136.8018,288.7592,0
632012510,1117.2558685400868,374.344662036722,1134.4443,269.1911,0
632012527,1120.283544815873,373.7667370527556,1140.7891,267.3859,0
632012544,1124.6230459765416,381.21674455683285,1150.5988,297.6487,0
632012560,1123.0215691707579,386.37115243676425,1134.7565,305.6931,0
632012577,1119.142969368372,384.2875772311868,1120.447,271.7737,0
632012594,1120.7249454638875,386.55617813279747,1145.7056,299.7406,1
632012610,1118.5700960844815,387.49477306016644,1122.4165,294.1904,1
632012627,1118.4261096991786,386.7448561277865,1134.761,278.5984,1
632012643,1116.9393088965962,386.4665795453761,1122.4951,282.7733,1
632012660,1118.655988131804,386.5614315342572,1151.0349,285.7025,1
632012677,1121.7716515560487,386.44839254711025,1168.6277,282.4014,1
632012693,1120.4199398768556,388.4902958081044,1122.3784,315.3923,1
632012710,1121.04258256367,388.5854651350284,1144.6428,288.2799,1
632012727,1120.9842504135836,390.1054304209286,1136.4324,312.1271,1
632012743,1120.9358860361244,390.2189860571092,1136.9038,290.5875,1
632012760,1120.5063708892365,387.98769583788686,1132.3176,249.0614,1
632012777,1120.5433862195562,387.8393242859017,1137.9641,284.5064,1
632012793,1118.7086753000212,386.4566449471583,1110.4185,261.6991,1
632012811,1117.3981760577426,382.5263324296625,1117.7338,209.206,1
632012827,1116.562776072875,380.17531748623827,1123.5649,236.7161,1
632012844,1115.4225297344349,379.9201609458016,1117.1033,278.0533,1
632012861,1114.5551418647672,377.735910074693,1121.4055,236.165,1
632012877,1114.4411291914953,377.43075495286587,1132.6461,274.1978,1
632012894,1114.0679012907538,377.03003748618016,1127.9163,271.4492,1
632012911,1113.354845426025,376.9579418546444,1121.4252,278.1466,1
632012927,1112.7604925329697,375.8330292291939,1123.3246,253.5405,1
632012944,1112.0708224756995,374.9219491091888,1120.9749,257.2441,1
632012960,1111.84469205107,373.90300462668307,1128.7354,253.2578,1
632012977,1111.6669802974575,371.6962622845546,1129.6423,224.3664,1
632012994,1110.8403842883126,370.1117020776271,1117.1274,237.7297,1
632013010,1109.8500897453166,368.8053013464753,1114.1887,243.5753,1
632013027,1106.8243428993512,367.4509426949967,1077.2224,242.4658,1
632013044,1106.1555667755233,367.9435904269357,1119.5308,285.6894,1
632013060,1104.689451755035,366.8662880885908,1103.037,248.5646,1
632013077,836.3930737553977,377.6699387313688,841.009,285.4612,0
632013094,774.9406032413501,396.008928276583,776.3738,312.6829,0
632013110,772.0524917084145,389.15583981351324,770.684,294.5339,0
632013127,770.4719730667899,393.57583544006707,768.2841,321.581,0
632013143,773.7511672657035,395.04515104753216,785.2432,316.8368,0
632013160,771.9326649207018,396.9789708465156,765.5061,324.5095,0
632013177,773.9147154496917,399.0708845180787,785.0806,329.8737,1
632013193,772.535708698179,398.9103778522118,765.3834,315.3508,1
632013210,770.845060157368,396.865835192294,760.6877,295.8022,1
632013227,771.6800567003392,396.43487846121513,779.8419,308.7616,1
632013243,769.3979193566638,394.6719364473231,751.2495,292.2992,1
632013260,768.8983286510405,392.302322554496,766.5068,279.7429,1
632013277,767.8669724895994,392.07297509953236,759.2037,306.3804,1
632013293,768.8188583277132,392.31844439716554,781.3866,312.3377,1
632013310,768.0975784026292,390.68902212961393,761.931,282.8482,1
632013327,767.2748900879652,392.59027605303277,758.5426,340.7565,1
632013343,767.1308519861061,394.578477463413,766.8577,344.8108,1
632013360,766.5133289006758,395.90433131593403,759.9303,335.5529,1
632013377,767.5739102843518,398.79753880352047,783.7476,366.5315,1
632013393,768.3902834315738,400.7989577636436,781.1285,352.5399,1
632013410,768.8750402764844,401.8557631541579,776.8142,335.909,1
632013426,1007.6793258657322,481.3599668373316,1017.3702,417.5761,0
632013443,1188.3142825318146,532.167281877392,1204.7927,478.2476,0
632013460,1178.7986845793107,526.9153993019022,1185.1975,464.9519,0
632013476,1166.4148944772824,532.3291241927083,1155.9962,494.9081,0
632013493,1158.576502797557,535.7711369126365,1149.3688,498.9411,0
632013510,1157.234285008005,536.5984954799126,1167.1282,489.86,0
632013526,1151.3824122285755,541.3440533411726,1136.2485,524.0474,1
632013543,1151.902933888757,544.6989524465029,1170.0973,521.7644,1
632013560,1154.6323941631458,543.2940898965497,1189.4398,480.1043,1
632013576,1152.5576626860543,542.845439223631,1151.4688,489.3607,1
632013593,1153.1752518203914,542.6723546964821,1174.0227,490.9544,1
632013609,1153.7580955879794,541.4557210049727,1174.882,476.4606,1
632013626,1153.8568390342236,541.4693784094355,1169.9807,492.1536,1
632013643,1153.0752917411933,541.3427420682368,1159.526,490.465,1
632013659,1152.742008495492,540.8042392579906,1164.2188,483.3532,1
632013676,1152.2606262372512,540.3274956695916,1161.7484,483.6407,1
632013693,1151.621236374136,537.9898309916225,1159.5227,449.6655,1
632013709,1146.6022945115424,536.5563847446371,1095.0759,465.7036,1
632013726,1143.8228116610844,536.3648774715498,1122.9253,486.485,1
632013743,1141.1402223928606,535.0153717702132,1121.9465,463.1411,1
632013759,1137.4678472711623,533.7064356059246,1103.576,463.0009,1
632013776,1135.0477198528038,532.8313665586263,1120.3625,469.7608,1
632013792,1132.391500470698,532.605011135457,1113.8174,482.6624,1
632013809,1128.728361466158,531.6405268005485,1094.6174,466.8102,1
632013826,1125.1313768126465,530.8349349539044,1092.6277,469.2166,1
632013842,1122.3021319509835,529.8084818820046,1103.0525,462.8004,1
632013859,1119.7983890327005,529.2093135564777,1105.9484,471.1508,1
632013876,1118.5501154118333,528.2229301822439,1125.8921,460.5334,1
632013892,1117.2013685024801,527.5692311431101,1121.8608,467.2167,1
632013909,1116.3090998523185,526.5476872159137,1128.168,457.3939,1
632013925,1115.1130925356806,526.7149615308875,1120.1667,484.3818,1
632013942,1114.4620590175848,525.2637626020232,1136.5911,445.7808,1
632013959,1113.6243887558062,524.0434871482432,1128.3188,449.139,1
632013975,1113.0737291109435,524.3554668171192,1127.6465,487.0717,1
632013992,1113.3468006067649,524.6252559022012,1140.2849,484.686,1
632014009,1113.1828076517004,522.6521309046691,1133.5979,430.4506,1
632014025,1113.5281677317998,521.4703455374919,1137.8633,451.0842,1
632014042,1111.5903627223313,521.1813867191241,1098.4091,471.8923,1
632014059,1109.3128868767487,520.493727580353,1092.9913,457.184,1
632014075,1108.1648917890254,519.9289244026451,1108.049,459.4449,1
632014092,1107.5512406097948,517.9575890279007,1119.623,425.4172,1
632014108,1106.3165188952294,516.7083716509856,1106.8064,440.3798,1
632014125,1106.405284795178,514.9228254667331,1129.4133,427.5923,1
632014142,1105.5487706736797,514.8736330403523,1109.3723,467.5957,1
632014158,1104.8709245531566,515.9137997144841,1111.8473,491.0895,1
632014175,1102.6671223634269,516.1620166379872,1083.3313,472.7743,1
632014192,1100.6104761711897,516.9770781272533,1084.7384,481.7682,1
632014208,1100.3085867965397,517.7920193752946,1109.3175,481.9702,1
632014226,1100.9597532839316,516.3250570481272,1130.4529,429.6769,1
632014243,1099.396099673607,516.7085874308405,1088.8057,471.7389,1
632014259,1098.5954047586742,517.0917166939648,1100.4075,470.9675,1
632014276,1097.5249411134246,517.2804830329027,1096.9819,467.1868,1
632014293,1096.7764770963186,517.5026914412044,1101.542,468.8906,1
632014309,1095.5630588167464,517.3891933591248,1090.6951,459.5119,1
632014326,1093.886268288522,518.3856864129414,1081.1826,486.1308,1
632014343,884.5189425781452,520.2480361086878,887.7788,474.9996,0
632014359,848.0938772269449,553.9834816787658,848.9065,521.8555,0
632014376,844.586939579916,541.7416049735001,842.1897,489.2967,0
632014392,848.2630853663452,549.890674464128,856.434,537.8833,0
632014409,842.3681644711003,552.6477616705207,824.4664,531.9355,0
632014426,845.4177416728653,551.9546346295541,858.8772,514.8857,0
632014442,851.2979632887988,549.5827824031068,882.4979,498.9688,1
632014459,851.768245160634,549.8273302773363,855.1834,518.0141,1
632014476,853.0175047516743,549.0818397012256,862.4784,508.1264,1
632014492,854.346382037966,550.4673800002521,865.0344,530.6421,1
632014509,853.0734286282644,551.5167702872837,842.0449,530.4211,1
632014525,854.561972487885,552.5951462781553,869.0676,531.9483,1
632014542,854.2696568091408,554.3275842070777,851.0715,544.3629,1
632014559,853.1954715400854,553.7013033133163,841.8959,511.5682,1
632014575,853.4049046361605,554.8368779100626,856.2755,538.7369,1
632014592,853.0501655203444,556.3083480581032,848.9183,546.7609,1
632014609,857.209013569029,555.9823930320523,911.978,514.423,1
632014625,860.3321625230589,554.0799259299718,902.2276,485.1619,1
632014642,865.6721993045877,553.4815849457603,938.4054,506.4351,1
632014659,869.4289345311465,551.8100915135217,919.7112,485.246,1
632014675,874.6086417383381,552.2002236136552,945.2633,524.4026,1
632014692,880.4385447885481,549.9076282385266,961.5756,468.1401,1
632014708,884.4455529078482,546.7682448140034,936.8204,448.9477,1
632014725,886.7906232800915,544.5117182552523,912.2729,466.2723,1
632014742,891.4527799100229,542.2688634481531,954.8099,462.753,1
632014758,1010.5800977592793,398.60306453685257,1022.4294,306.2662,0
632014775,997.0659493876113,429.7387276683722,1007.5507,348.6664,0
632014792,1027.2484798169676,429.72870296063786,1070.5208,346.1061,0
632014808,1028.3676359037988,435.9934729125498,1041.949,372.3946,0
632014825,1027.126031564818,428.14674014251,1035.5403,314.0448,0
632014842,1028.2942872290835,424.90941455772673,1045.2529,323.7993,0
632014858,1026.2603540834705,421.4762923427722,1028.1318,314.7326,1
632014875,1031.5748059954417,422.9608107145254,1075.5707,349.0656,1
632014891,1032.6540411271665,424.29559704764813,1051.5579,352.0179,1
632014908,1033.4351026886475,427.8310242220551,1050.3535,380.2551,1
632014925,1034.9209941846225,429.37956412679006,1058.9094,362.8524,1
632014941,1035.1646756365105,430.64854591926456,1048.3022,362.7719,1
632014958,1035.0608611121204,432.2702482287174,1044.6748,370.6267,1
632014975,1034.0604654712656,432.2830213638966,1034.2036,349.2984,1
632014991,1034.6850925202423,432.8419498130042,1053.3846,357.5755,1
632015008,1035.0871704850133,433.32149751990534,1051.2928,357.3464,1
632015025,1036.495371931737,434.07708963371704,1065.7712,362.5956,1
632015041,1040.53412273482,432.8728293160404,1106.1664,325.7518,1
632015058,1227.2133332324227,297.4509894179474,1251.1776,161.26,0
632015075,1351.4896044435952,230.40593369234549,1382.625,65.9593,0
632015091,1327.3736578697542,234.09362698802457,1332.1315,77.8801,0
632015108,1332.9226342246918,231.73902786512474,1374.9604,61.7502,0
632015124,1337.1885919453393,236.70911916481202,1380.4185,94.3151,0
632015141,1326.1933908246776,237.56153226666436,1310.7815,82.7716,0
632015158,1322.7808505401545,240.44017410745968,1335.1917,99.9042,1
632015174,1324.6484966150422,241.5170098842899,1366.1563,89.3853,1
632015191,1325.51288453575,241.3714427533475,1361.7644,79.5904,1
632015208,1324.4760888493677,241.8442438564315,1346.2769,86.9673,1
632015224,1323.384848105412,240.84222938153653,1344.2515,69.6718,1
632015241,1322.3237633101216,241.79746843724087,1342.2981,94.201,1
632015257,1322.8577104669303,241.64632965279378,1358.8948,79.3958,1
632015274,1323.405336672582,240.38549966722402,1360.1047,61.9411,1
632015291,1326.8097177117527,238.7048464396,1397.2874,51.3828,1
632015307,1333.2967481498943,236.0188259407708,1443.1653,29.5001,1
632015324,1335.9935703197034,233.92930573926776,1398.1086,37.79,1
632015341,1340.1655883838769,231.4892147321417,1422.8561,27.1327,1
632015357,1344.76141845304,229.53277497117912,1433.7063,32.5439,1
632015374,1346.9132166530558,226.77599022651003,1401.1449,15.2474,1
632015391,1349.479123488885,224.96223109044206,1409.9412,30.5726,1
632015407,1352.5588767761542,224.83258756793185,1420.4827,62.8163,1
632015424,1356.064596286049,222.6970634910111,1431.4474,18.8053,1
632015440,1357.4733432658775,221.82028039357792,1398.9653,44.863,1
632015457,1359.6504341188538,220.62195157480164,1414.3682,35.594,1
632015474,1361.897738647378,219.3557804686941,1418.1274,32.1543,1
632015490,1363.3442537934327,217.50634039095837,1406.8087,17.616,1
632015507,1361.5878606232714,220.54001533838976,1350.0007,129.3927,1
632015524,1099.8134998854148,450.47451654305223,1114.3593,372.2083,0
632015540,1032.20834007691,555.6995806825229,1041.1671,516.4243,0
632015557,1030.1048110295455,547.0553188726359,1037.202,493.4024,0
632015574,1027.8417875874306,548.5083379058635,1032.0247,511.0729,0
632015590,1032.1203433643475,542.2381515773243,1055.1553,472.8608,0
632015607,1031.935268492892,540.459968466115,1040.5747,486.8976,0
632015624,1028.7437080941584,539.2855303593111,1021.7968,487.8882,1
632015641,1026.6192770490793,539.8844863504398,1022.9779,501.0578,1
632015658,1025.3508631636428,543.1824655555763,1025.3324,530.1248,1
632015674,1025.5680281588934,542.4983268534199,1036.9338,491.7646,1
632015691,1026.4105253801165,542.484708782789,1043.2471,498.3835,1
632015708,1025.9578827806001,540.944370450796,1031.327,478.1364,1
632015724,1025.8853554487412,542.5488904780296,1034.1199,520.6538,1
632015741,1026.4286646886517,543.440804666962,1041.5443,512.3472,1
632015758,1038.0054609003705,546.8399947611292,1181.7559,549.2729,1
632015774,1198.6426675885684,871.5725535122151,1207.2573,933.8214,0
632015907,1278.3844890139667,771.7719315797879,1292.9929,796.3834,0
632015924,1278.9484670527343,732.9083122722668,1296.0734,692.0388,0
632015941,1277.4639021060843,734.6785599410692,1289.7654,751.7003,0
632015957,1273.0102872819632,732.3304144521313,1274.7439,735.0426,0
632015974,1271.7170648502379,732.5287369866209,1281.8242,745.5026,0
632015990,1271.8424567536415,727.5646993833534,1288.689,705.0847,1
632016007,1273.0040798853204,728.0534150677148,1295.5748,742.1337,1
632016024,1271.4845795979975,729.3755452644406,1276.105,752.6242,1
632016040,1272.1636769389527,731.2839504588078,1292.7322,761.6659,1
632016057,1273.0541271938882,729.1533395369006,1296.7872,715.156,1
632016074,1273.668729006297,731.3690573635637,1294.3391,769.6465,1
632016090,1275.1596777398106,727.8970253123691,1290.7006,737.5708,0
632016107,1277.3164894610188,736.9145067214657,1292.7322,749.5956,0
632016124,1281.5311428827465,757.3973442279205,1300.5217,804.2111,0
632016140,1281.9131400236226,748.3683901581958,1298.4657,740.5134,0
632016157,1279.880713713449,740.5097248570854,1289.5708,723.3168,0
632016173,1280.7983633520366,734.7338767243575,1300.77,716.2726,0
632016190,1278.5736005255937,734.0730235241543,1282.8691,742.5985,1
632016207,1276.5310017606555,737.0196700951103,1279.3148,773.9011,1
632016223,1276.7280232100218,739.1598807909436,1293.4451,772.0609,1
632016240,1275.330183968582,737.6793697362317,1280.2793,736.1532,1
632016257,1274.20261418047,740.0764656117352,1279.6609,781.4082,1
632016273,1080.6791401705257,665.3274207603611,1089.1052,661.6779,0
632016290,966.9439843641858,607.8353251470812,971.7217,589.2138,0
632016307,963.8526780528236,615.0087833976092,964.921,608.7246,0
632016323,962.612990878383,613.9640179736335,964.5427,594.8944,0
632016340,966.4185727423303,611.233056877366,983.1077,582.4208,0
632016356,962.0192643274409,608.4820844805703,948.7085,576.5969,0
632016373,961.2168313855669,609.5252020010143,961.6371,598.9623,1
632016390,958.0188867460741,607.6425144384891,943.5793,575.6446,1
632016406,958.3528133383928,607.4173141752021,965.6399,587.2861,1
632016423,957.3652631946795,604.4253897679233,955.0634,555.5765,1
632016440,957.175422780049,603.9244946196172,960.6587,579.8792,1
632016456,958.3038789937591,605.0068662834523,973.8409,599.6975,1
632016473,959.4297714456884,605.9025624922511,975.5459,599.0236,1
632016490,960.9957435196854,606.2865493044552,982.5905,592.4662,1
632016506,962.8483435054081,603.8027928724979,989.2379,545.9768,1
632016523,961.7549313998272,604.9470398659225,951.2775,605.5646,1
632016539,959.8955981655614,605.2151855556256,939.6001,592.0221,1
632016556,960.033353283241,604.8107261694754,966.6907,578.7349,1
632016573,967.3113256035617,430.41495889496423,976.4562,350.8253,0
632016589,966.3038984428108,267.14846483281934,979.4077,131.511,0
632016606,950.5692984146473,279.5911018640385,945.9713,166.2236,0
632016623,951.7927795889472,285.33247019136616,966.1497,171.6916,0
632016639,952.0354440555732,285.0085500748654,964.9077,154.5838,0
632016656,955.1974738525672,290.9400578312025,979.6709,194.5142,0
632016673,956.8599768344609,296.30001008896187,976.5323,205.1902,1
632016689,957.9640747800876,297.19718309512785,976.2767,177.8628,1
632016706,958.9652504489304,296.27564766778033,977.8167,161.2901,1
632016722,962.3165914255013,296.9398063692106,1000.2145,176.426,1
632016739,963.5217993715845,296.87895657945074,985.251,169.4812,1
632016756,963.5427857926209,295.9948670745944,974.9998,158.6758,1
632016773,964.4295171311428,297.19650655570115,984.3682,186.9234,1
632016789,965.5008447995514,296.79579144297736,988.3824,164.3172,1
632016806,964.4550885484578,297.8126167148445,962.6392,187.8887,1
632016822,963.1152892709987,298.04974894114093,957.6848,176.4909,1
632016839,965.021255672509,297.88383961076335,1001.5244,167.9823,1
632016856,965.8014594119097,298.8136792981694,987.0686,188.8325,1
632016872,965.6870726711725,298.3213217704686,975.0743,163.2802,1
632016889,965.2137449145042,301.9351889289872,968.0992,244.5751,1
632016906,954.5738347706043,480.4188026827639,961.926,418.5432,0
632016922,968.3080346933342,537.7579128558622,974.8649,495.004,0
632016939,970.4717215406529,539.6872964122833,979.2845,500.0004,0
632016955,972.0521161391719,545.5953115284826,981.5645,521.0062,0
632016972,969.653209998284,550.2973285189521,968.1587,530.6912,0
632016989,968.9372423226006,552.67841929716,972.0377,527.3772,0
632017005,968.6684143086311,553.523198896806,973.4731,521.2741,1
632017023,969.7758677706237,552.0961860484285,983.0322,502.3281,1
632017040,969.5461064962387,552.4191700017877,974.1289,517.2851,1
632017056,969.2588462768286,555.1335682785663,972.6927,545.4211,1
632017073,969.1151312827503,554.9375656935538,974.1494,514.9757,1
632017090,968.20148959208,555.9172890398972,965.5074,530.8947,1
632017106,965.4770711786107,555.9220632572748,943.8169,519.6132,1
632017123,965.7150942839835,553.1290902535104,976.2211,475.1133,1
632017139,965.1160073868145,552.4753928802778,965.3023,505.6076,1
632017156,964.8619350013508,551.306194044098,969.2521,495.5339,1
632017173,964.3630996338109,551.4684790256758,965.0474,517.7307,1
632017189,963.0121210492061,550.9480882167462,952.293,505.7256,1
632017206,962.2723599186118,552.3402316265799,959.2786,541.5199,1
632017223,962.5440659834078,551.1898592479778,974.9267,492.0672,1
632017239,962.2006139401198,550.2223232929834,965.184,494.8671,1
632017256,966.5693938335644,554.1931368622817,1039.333,593.8177,1
632017273,967.5142814838078,561.6682654611043,984.1353,674.1885,1
632017289,968.8661021237701,566.5633629044411,992.537,624.2311,1
632017306,969.949109976732,572.0673726908781,988.4775,642.0868,1
632017322,971.2654447692545,578.7459612668146,992.7106,672.8418,1
632017339,973.5479443696792,582.0086731517912,1011.892,600.2661,1
632017356,974.9492999563987,585.4617557793725,997.3805,608.9399,1
632017372,975.6458435040688,591.1186143945512,984.7691,664.2103,1
632017389,976.6962840494756,595.9695269383536,992.2698,650.1464,1
632017406,979.0500085421295,600.6551062806031,1016.9546,650.1798,1
632017422,980.9061360342307,605.3273552346284,1007.9479,646.123,1
632017439,981.9088913794711,611.540030797584,993.2507,688.6193,1
632017456,983.429794767883,614.5553355011889,1005.351,621.0148,1
632017472,982.4626620052801,614.8226565679716,960.9771,564.8984,1
632017489,983.2085417356011,617.4386696734797,992.8093,623.4772,1
632017505,983.4424197365927,619.5623932871739,984.9403,616.739,1
632017522,984.0189927366013,623.0658953097758,992.5841,651.9126,1
632017539,984.677967200909,626.372279696176,994.1063,653.9441,1
632017555,986.2674917916618,628.8359736568821,1012.2006,641.2675,1
632017572,986.9543458447332,629.4680775992153,997.6639,600.3617,1
632017589,987.9954861955921,631.9777362036277,1003.3868,650.2832,1
632017605,988.1350062993948,631.8074878703284,986.9778,591.1335,1
632017622,989.1401728231849,632.7890215132519,1006.8052,616.9412,1
632017639,990.0193366461149,632.3348843942764,1004.7503,590.6591,1
632017655,990.4547143993207,632.014386707566,997.8884,596.3341,1
632017672,991.7592099762386,632.0515401975883,1013.936,609.1938,1
632017688,992.3723182685736,632.894653135364,1000.5531,629.4804,1
632017705,992.1427081990844,630.9241649108927,988.137,569.7981,1
632017722,1033.5490126546576,372.783028362965,1047.053,270.6105,0
632017738,1000.2088381713454,359.90801293656773,1012.5458,254.7133,0
632017755,1000.1517165468179,342.5705062127797,1013.2758,208.1898,0
632017772,1005.1511375980125,339.7185726949794,1028.7174,219.4657,0
632017788,1006.8127775214435,334.6228363937281,1025.4973,200.1367,0
632017805,1008.5188675783944,331.9545265640944,1029.0256,202.8352,0
632017822,1002.2224738718287,332.5655294828242,983.0443,223.7196,1
632017838,1003.0042827324655,328.5969028172832,1021.7762,181.9941,1
632017855,1007.7769639178441,330.5395610958493,1054.209,231.9444,1
632017871,1008.7700647495461,326.74582854427643,1030.3022,171.8273,1
632017888,1008.4631826572094,323.8085378142917,1019.3321,174.5518,1
632017905,1007.6117291304588,324.105378503195,1012.4272,212.3821,1
632017921,1006.5659937713374,322.8517263000668,1009.3356,190.4392,1
632017938,1005.4377363217338,323.36818533014684,1006.3677,215.4347,1
632017955,1013.2417755802359,322.4144740624804,1118.7922,187.647,1
632017971,1022.6272050913615,325.8208200627768,1148.6973,259.4895,1
632017988,1032.0734356956316,328.7706551827505,1161.108,255.9249,1
632018004,1040.6551490469465,331.534320196674,1159.5701,256.6891,1
632018021,1051.2258615716212,332.5957643206076,1199.4783,226.0182,1
632018038,1059.7598717948952,333.4255189180574,1179.1805,223.7004,1
632018054,1065.701087875761,334.83005357028503,1146.7344,237.8832,1
632018071,1073.1760074514768,335.91703339790087,1178.2754,231.7323,1
632018088,1080.3310546224643,336.8572812494671,1180.5679,229.9309,1
632018104,1087.1859930607147,336.441411568745,1183.2373,201.7025,1
632018121,1094.4782340744289,337.242822093736,1197.2069,228.2234,1
632018138,1101.0688518516156,337.8718656039196,1192.21,225.6721,1
632018154,1105.1824488033562,337.469916701283,1155.8488,204.8107,1
632018171,1109.662460707416,336.623918323363,1168.3164,194.5988,1
632018188,1113.6660764001672,336.8633140785987,1165.1785,219.9564,1
632018204,1117.1842639107124,336.942984671425,1162.1233,216.9663,1
632018221,1119.9625351314992,336.9320052529367,1154.1458,215.6754,1
632018237,1123.0427290675384,338.1097332678584,1151.3641,247.1594,1
632018254,1127.0439358655292,337.19851931195217,1175.4209,192.6577,1
632018271,1128.041262592431,337.2303824429937,1127.9314,218.568,1
632018287,1129.353209794773,336.027174685981,1139.3108,187.6643,1
632018304,1129.9343134019507,328.6359471617455,1134.071,43.9154,1
632018321,1130.2505937173273,320.00909096919065,1129.6759,17.0057,1
632018337,1128.4598123735695,313.3612141666259,1099.0848,59.1163,1
632018354,1127.5163131242268,307.69462194673855,1120.8289,84.6245,1
632018370,1126.075899516759,300.18427097269904,1112.5626,32.3848,1
632018387,1125.435544829539,293.94378014550426,1127.7413,58.6217,1
632018404,1122.9433698924413,286.8315557808441,1095.6018,39.335,1
632018420,1121.260118075205,280.74690240131366,1111.0481,55.3099,1
632018438,1119.4364346245534,273.9617901648588,1109.465,35.9831,1
632018455,1118.1821619718328,268.0752140094447,1131.3052,47.3767,1
632018471,1115.553520516277,262.67015801823874,1107.6023,60.44,1
632018488,1113.4668567767753,257.553870676446,1116.5464,58.6341,1
632018505,1111.0279378936234,252.44487560168784,1107.6555,51.305,1
632018521,1109.018783465972,247.10660695063706,1117.2378,34.6551,1
632018538,1105.5932237171612,241.62162229387505,1086.5317,24.585,1
632018554,1103.773854962304,238.18062276058612,1108.9883,65.2326,1
632018571,1099.8897652483458,233.85691389804413,1072.7939,37.8579,1
632018588,1097.6528878638142,231.30583717146882,1099.5345,70.6813,1
632018604,1096.3378675067245,229.06285350259637,1113.6675,67.3641,1
632018621,1095.6687735934788,228.6815377076623,1123.321,106.9331,1
632018638,1095.024576836611,227.1259788768422,1121.0071,73.0076,1
632018654,1093.284847810537,225.27051560531376,1095.079,59.1238,1
632018671,1091.7472696004565,226.0836510713077,1097.1069,115.6266,1
632018688,1090.2176023151485,226.30397808277112,1095.2627,100.1413,1
632018704,1089.9938952486907,222.97823514152302,1118.4441,11.9291,1
632018721,1088.210163613838,222.98392452527105,1086.1792,87.4757,1
632018738,1086.7943376985836,215.46057308212767,1094.375,-89.0903,1
632018754,1085.0215079641307,209.71594120306642,1088.171,-56.2088,1
632018771,1084.6548401898542,210.02280882591907,1104.6985,84.0464,1
632018804,1084.1203690923492,202.3669995433766,1105.2804,-108.7986,1
632018821,1084.087054042776,204.55694475700648,1108.6448,103.973,1
632018837,1082.9847298299917,205.2604380177584,1088.5081,66.2868,1
632018854,1082.9915727064404,206.28182758399007,1104.7241,76.7477,1
632018870,1083.55791696956,206.59711102053183,1117.105,61.3937,1
632018887,1082.9775207455334,208.0444044873515,1094.3391,82.2653,1
632018904,1082.4178343752499,209.2278969544514,1095.9738,78.4451,1
632018920,1084.596122708696,209.6342355832495,1142.2959,55.8047,1
632018937,1084.021802603293,210.61854304246802,1093.4781,72.8927,1
632018954,1084.9029754627093,212.3052159137833,1119.3561,86.1223,1
632018970,1085.4115525978086,213.37750340998755,1114.9475,73.4302,1
632018987,1084.8893533010757,214.48572904933917,1093.4666,76.6216,1
632019004,1085.8212312782184,215.16762378700986,1121.1207,65.6399,1
632019020,1087.0828109720728,215.13853230019387,1126.5276,48.4365,1
632019037,1089.0011758277624,216.03489934538987,1139.3069,68.5534,1
632019053,1089.169265570255,216.4249582383313,1104.8298,57.8519,1
632019070,1089.7333298253898,217.6095837388008,1114.7704,81.3235,1
632019087,876.4149038026034,234.334925174675,886.3257,91.2017,0
632019103,809.3225215665981,248.61079674765213,815.8994,113.2014,0
632019120,801.0694946991924,242.79299223614396,798.9662,98.2809,0
632019137,804.1726363717909,241.37183170389534,817.2513,99.676,0
632019154,801.179912186016,243.75651450535506,798.0662,116.961,0
632019170,798.3962335986753,245.28658392165528,793.0988,117.6876,0
632019187,797.086198550034,245.9636334757474,796.6797,114.7103,1
632019203,793.0051378472962,242.866096589567,775.1432,82.9179,1
632019220,791.5205751974071,239.4861065142759,788.4894,72.0723,1
632019237,788.0114529058176,238.2674239700751,767.4994,89.7972,1
632019253,787.6281337898795,239.545152861279,791.3228,117.3503,1
632019270,786.9722579476236,238.580944894023,788.2507,89.7385,1
632019287,786.7644351490535,239.08800980565027,791.853,109.0096,1
632019303,785.2185533737902,240.64034467388765,775.027,126.7572,1
632019320,782.6841156814696,242.118442514069,760.1661,128.8562,1
632019336,781.6214159653306,242.30350691012393,776.7316,108.4525,1
632019353,781.8178489124241,240.34894901961772,793.4712,69.7607,1
632019370,782.19376996169,239.84490880489332,795.6069,93.8823,1
632019386,1002.7482099724566,229.54729580560985,1018.3949,79.4605,0
632019403,1074.8441743039452,218.87662099290597,1093.9589,62.0943,0
632019420,1078.7823489980688,216.77323018893412,1102.2778,56.119,0
632019436,1072.5550070317995,223.6079718093745,1078.1719,87.3313,0
632019453,1074.4172836024404,228.68077046657345,1098.7506,95.1307,0
632019470,1077.0268739460942,226.06066646351152,1107.0352,57.0824,0
632019486,1074.8798258090578,229.02384448581088,1082.3754,95.3854,1
632019503,1075.7799575743618,228.17417386278262,1100.3142,67.3069,1
632019519,1076.5522700165675,229.43259716848786,1100.6085,86.952,1
632019536,1073.6138221344659,228.67692759782324,1069.3918,68.1243,1
632019553,1076.027983989156,227.77279126972374,1116.5076,62.7246,1
632019569,1079.8105981894678,226.9588675766501,1134.9045,61.3221,1
632019586,1079.8853285238515,228.77163303440628,1098.2065,99.3691,1
632019603,1081.5170522465332,230.77354523219935,1116.9902,104.9783,1
632019619,1083.0893435873425,230.51324288214204,1119.1666,71.527,1
632019636,1082.392644261383,229.46588540919032,1091.2744,58.7889,1
632019653,1083.3981837443787,229.87201467348348,1113.8435,82.3651,1
632019669,1083.1669497393839,230.01401395337658,1097.2771,78.7517,1
632019686,1082.6683053597444,230.18851137995762,1093.1791,79.7945,1
632019703,1084.8240089092699,230.39139711288217,1133.8225,79.0064,1
632019719,1086.8514816237118,230.11987645504507,1133.9834,69.6366,1
632019736,1087.2689633506402,230.3950753973732,1109.498,81.8339,1
632019752,1088.4108912669278,228.7318589050262,1122.863,40.3428,1
632019769,1088.712567374274,228.19736211229926,1109.3491,64.054,1
632019786,1088.667514300145,229.7120116389748,1103.1633,109.0191,1
632019802,1087.7008432530088,230.211046816134,1087.9246,87.8814,1
632019819,1089.9018479874796,230.36972401986154,1143.7422,78.2637,1
632019837,1090.776551542492,231.46686015322413,1121.0059,100.7755,1
632019853,1091.305374389585,232.59404012644347,1115.5387,102.2825,1
632019870,1092.0046350214209,232.6657787159042,1119.7214,78.2226,1
632019887,1092.701252693503,234.29279217174948,1119.6935,114.9217,1
632019903,1094.5295482343545,235.37368169583476,1139.3167,99.8604,1
632019920,1095.077066692143,235.6741602464966,1118.041,82.6783,1
632019936,1100.5868645168987,241.91891135787156,1204.2148,222.2698,1
632019953,1160.522791500529,394.95235967614195,1179.1301,295.0604,0
632019970,1182.02031421901,398.2755489313642,1201.5022,298.6219,0
632019986,1165.0697156160045,392.1688904398226,1166.4376,283.6564,0
632020003,1163.5967735201593,394.862355538192,1179.2429,302.1629,0
632020020,1165.5999998211064,394.6020597106885,1190.7747,293.0719,0
632020036,1164.62405685208,395.20776037612336,1179.3948,298.5807,0
632020053,1167.111171027931,397.16207123992575,1198.4507,309.9651,1
632020070,1167.928973876681,400.02364457906623,1191.1741,323.338,1
632020086,1164.7186326483409,400.44707139526946,1160.8112,306.3481,1
632020103,1163.2592645773177,400.50533078919375,1170.6714,302.7802,1
632020119,1163.0258204961663,399.6723806784216,1180.2839,291.4012,1
632020136,1162.057032094436,401.52887300733113,1171.4907,326.4824,1
632020153,1162.325239474759,403.8343112289804,1183.7532,336.2709,1
632020169,1158.4863398371965,404.1267318646071,1135.1691,311.5193,1
632020186,1156.4862215427345,405.967044233155,1152.699,336.7399,1
632020203,1153.6399708275055,408.51841616296923,1138.4127,352.7113,1
632020219,1151.456622784836,409.3727584724297,1144.5142,326.2218,1
632020236,1149.144155909367,410.9504638479801,1139.6726,341.3852,1
632020253,1147.6709533373248,410.3053019852112,1150.2605,300.5844,1
632020269,1147.3426431289747,410.97360908148653,1165.6453,325.6301,1
632020286,1145.2931930985426,410.30499063039,1138.0662,300.6298,1
632020302,1143.966882278616,411.88734063004875,1146.8171,346.9653,1
632020319,1142.5501167619598,412.418519104942,1144.1355,326.5258,1
632020336,1140.7450242180098,411.6734378266736,1136.4883,300.0618,1
632020352,1139.025014759017,411.60393663765507,1135.8865,314.8934,1
632020369,1136.8384046820945,411.2550207515246,1126.1631,309.4114,1
632020386,1135.843571280431,411.5169352169131,1144.9543,322.645,1
632020402,1134.420036703145,411.78427196425423,1135.9009,323.5988,1
632020419,1133.4012304124803,411.73059898356513,1141.7112,316.4045,1
632020435,1131.399178258837,411.70244200101826,1122.4946,318.0565,1
632020452,1130.085563200767,411.35842733027647,1133.4727,310.4798,1
632020469,1128.6394098685994,410.04662589541334,1135.5627,286.1402,1
632020485,1127.0593098383354,409.35450480747426,1127.2502,299.6619,1
632020502,1125.824194994425,409.1120857442178,1133.127,312.242,1
632020519,1125.0329604825595,408.91131215045806,1140.6492,311.9999,1
632020535,943.8582104549687,462.1913459706224,951.1808,394.504,0
632020552,939.4588879128748,489.318242734571,945.9206,431.1352,0
632020569,914.3476665085918,495.97305872013544,893.2054,451.1023,0
632020585,916.4971934762942,506.99649053351106,925.5623,485.0543,0
632020602,912.797367533409,502.0920387964017,906.7618,430.0723,0
