timstamp,smoothx,smoothy,rawx,rawy,fixation
621973012,1020.6233988606818,491.7378874437981,1031.5417,461.9442,1
621973028,1025.3403722329613,492.5671285461559,1070.1023,513.3101,1
621973045,1026.0063107878434,492.9632180269811,1008.7734,498.3089,1
621973062,1030.6448332471668,492.8012711839955,1079.8359,494.1929,1
621973079,1034.5387830015404,492.15333959444223,1076.1775,488.6805,1
621973095,1037.767847675019,495.14373506531234,1065.1941,539.765,1
621973112,1041.7013859095746,496.112144508577,1076.6443,512.7556,1
621973129,1045.4236066679773,494.14076487065785,1080.8234,456.4844,1
621973145,1046.5899876764245,491.38096982405875,1036.4241,444.3506,1
621973162,1044.0679256952303,489.9967436967245,986.3873,466.8191,1
621973179,1040.5591720903783,491.11005365398813,961.1522,504.1712,1
621973195,1036.1076327285525,489.48313815385467,946.937,460.8477,1
621973212,1032.7034915593995,490.03046748268275,967.6406,495.8409,1
621973228,1028.5146777167058,489.8443352363725,957.6935,482.5004,1
621973245,1022.640618006956,490.86139449261424,934.3502,494.9676,1
621973262,1019.140819283421,490.3388020741737,980.2248,464.8724,1
621973278,1014.7462617717624,490.1798064178741,961.853,473.5381,1
621973295,1009.923330996627,488.6906156464522,953.8198,447.8943,1
621973312,1004.4030976548092,487.6656165653074,939.5271,463.7435,1
621973328,999.7374225309209,486.7162022020871,946.5486,463.4449,1
621973345,994.0876165267427,483.46894019991186,930.2864,427.9151,1
621973362,991.1682208279562,484.7371265209971,970.6147,499.9102,1
621973378,987.9382748234956,483.68067003318646,965.0626,463.7397,1
621973395,984.8222229115908,484.6901681131376,961.1834,495.0612,1
621973412,982.4387144815956,484.4658603885635,967.9005,475.0146,1
621973428,978.8987634967459,484.828797234921,944.1759,482.6184,1
621973445,975.4735023800939,486.28530406132415,950.5189,498.3572,1
621973461,972.269592518614,487.7466382816629,941.6969,500.3613,1
621973478,969.8228805347998,489.04407347480407,953.6753,499.1216,1
621973495,968.358792469842,492.4902021985786,958.7996,534.0033,1
621973511,967.3935005800969,496.90645599659115,964.6229,549.2358,1
621973528,965.9289680853907,499.6230697899717,958.496,527.0417,1
621973544,965.5511943979105,500.3390958796518,970.6331,493.0855,1
621973561,963.9626301136763,502.1265930139753,952.4661,510.7084,1
621973578,963.1762066271194,500.99242518039995,966.8267,463.178,1
621973595,961.1315410652871,500.77856749966963,939.2451,484.1849,1
621973611,959.973205778161,497.97382023434386,956.9941,439.2583,1
621973628,960.2063967790172,497.3665434637865,977.1013,470.4989,1
621973644,960.3206990136478,497.68656776182735,967.1915,485.6771,1
621973661,960.0305718319948,499.25946162564185,952.1783,509.6696,1
621973678,959.6741200665157,498.7048367654928,950.8056,479.2905,1
621973694,961.1681212544622,498.0213241503683,982.6494,473.3989,1
621973711,959.2071278446276,489.380292754406,933.3264,346.2994,1
621973727,956.5286535201302,478.87762837843604,921.877,314.0056,1
621973744,952.5924077737587,468.5999115807516,896.8353,317.8441,1
621973761,949.3956653047185,457.7376183761699,915.5153,303.3939,1
621973777,947.211870270717,447.8124639420058,929.7466,317.4486,1
621973794,943.7953438666656,438.40850300398233,905.5908,319.7637,1
621973812,942.3149221136534,429.7375320502134,937.0321,329.9481,1
621973828,942.2791417321046,419.6299179506439,964.5927,301.8184,1
621973845,942.4923170672682,411.46200887339336,964.149,324.7374,1
621973862,942.7721934603087,404.2806513756059,967.6482,342.7279,1
621973878,941.87152431795,399.23540731471905,942.3181,366.981,1
621973895,940.6243173071632,392.323113257476,937.2051,332.8269,1
621973912,939.2472328902791,384.0642811076074,936.4557,301.5261,1
621973928,939.6641691811378,378.0494375413677,962.4142,332.5148,1
621973945,938.7163584735251,371.0272127405851,939.4963,310.0772,1
621973961,937.9068070355344,363.5770682398854,941.1207,295.8461,1
621973978,935.7074062532732,357.3197500692863,915.7007,307.6057,1
621973994,934.8834577289094,351.3110968045207,939.8865,308.1078,1
621974011,932.6190399453875,345.6876204897364,913.6075,307.9821,1
621974028,932.1858292981615,340.048687488043,944.904,298.1794,1
621974044,930.6286481612588,335.1518370424601,924.4417,299.6958,1
621974061,930.8513062620286,331.70267461865495,951.7209,319.3211,1
621974078,929.2263855231301,327.63884129936775,920.4152,297.8419,1
621974095,929.0377393341676,330.2629155250224,934.2222,404.9073,1
621974111,927.9948260320555,329.7618673422171,924.3126,343.8604,1
621974127,929.689862432292,329.1602346267478,974.7003,342.1718,1
621974144,929.5884457862354,329.3390312713639,939.8357,352.4373,1
621974161,926.9525492123669,327.096335162666,895.5979,311.1114,1
621974177,925.8332670375122,325.0383675695254,921.9575,307.9918,1
621974194,926.524806122613,323.2049609767364,956.7594,308.8253,1
621974210,927.0862807133079,322.9078750182665,946.6918,318.9649,1
621974227,928.3692294346089,324.1373221171106,956.5153,340.7443,1
621974244,928.2376656838063,325.0817474846369,929.334,336.5374,1
621974261,934.3261304788559,315.56266654962917,1055.8433,164.7435,1
621974277,1181.064333113371,81.24633987131102,1213.6736,97.5953,0
621974310,1237.290035691988,1.537746428368953,1265.6577,24.7449,0
621974327,1235.9401005587254,3.8078331949153887,1272.3755,29.4281,0
621974360,1234.8824962851795,6.392140256924334,1274.8457,67.0343,0
621974377,1233.2871830967501,6.731816487909245,1264.509,29.1022,1
621974394,1237.5779046828152,15.426653360706556,1298.2493,83.4622,1
621974410,1241.517224147695,13.74523259115228,1307.8781,23.2424,1
621974427,1243.440649471987,16.70533888464111,1294.6392,57.6631,1
621974443,1241.8190778531846,15.503633931018962,1266.499,25.4148,1
621974460,1239.7382780966575,11.11073763036121,1261.6177,-6.7409,1
621974477,1238.8919957208589,10.528868899232863,1269.6796,26.1525,1
621974493,1236.7992165381206,4.613096732823774,1258.2107,-32.6918,1
621974510,1235.2049569400726,3.4081003447571168,1258.0557,13.9949,1
621974676,852.7735069180046,103.54174152091001,875.9414,114.9759,0
621974693,714.5551936719473,150.80846543957853,731.0451,157.9967,0
621974710,627.6773048507522,126.1235002060326,556.8792,109.6022,0
621974726,615.2542349447508,120.00703533975314,607.5973,116.2587,0
621974743,610.5335780894134,112.45693683804689,615.1591,99.6554,0
621974759,597.4493313964382,117.7034359734541,560.1848,144.7553,0
621974776,549.1539060184078,81.55606517690059,566.6301,90.893,0
621974793,607.8389454062101,101.40848916299511,625.3019,110.2542,0
621974809,591.7305088456367,122.69283830155332,589.3229,149.9697,0
621974826,592.6968980353064,121.57447800581454,610.5751,126.9194,0
621974843,593.8909869160221,116.79480899956197,614.6315,111.2025,0
621974859,586.5622076612802,109.87828506321837,575.4234,92.1524,0
621974876,805.2832470974771,212.99336030542193,819.5055,217.6125,0
621974893,762.9190313103458,170.79662837425772,779.1392,177.3716,0
621974909,783.8587153609783,168.82506889574745,822.2463,174.1229,0
621974926,794.7218671241691,181.6695065760874,831.1004,212.2779,0
621974943,786.8751206048307,186.15426332066968,777.5436,204.2093,0
621974976,788.5787477504286,197.72679507806518,807.0908,245.6237,0
621975009,794.7070261246167,196.6704654530263,840.6735,196.7725,1
621975026,799.5061426593161,200.41618595166528,840.8157,225.6572,1
621975042,801.5221476418471,202.72313542661402,828.0796,221.4548,1
621975059,803.8416342413431,205.9779952773726,833.4509,232.9079,1
621975076,807.8457042043412,207.159679371565,854.4923,220.0361,1
621975092,807.281619984297,210.9144838272305,811.8173,245.9294,1
621975109,806.4995633320913,212.2898734412065,810.0984,227.015,1
621975125,804.7031512684841,213.23485813034168,797.343,224.2006,1
621975142,812.5839367187544,224.05445298586483,906.9656,340.1497,1
621975159,882.3299893250302,435.95620997382673,882.485,428.6161,0
621975176,890.5364699556624,388.75359064675087,894.2559,384.2167,0
621975192,892.4463985908305,418.51576368094675,893.9202,440.2913,0
621975209,879.378929287019,425.8136555476654,852.563,432.2637,0
621975226,884.0038985762964,425.82300166084246,899.1696,419.0204,0
621975243,875.4371176625535,420.68900936657724,843.5935,394.5496,0
621975260,875.7025167938579,421.0624295333106,878.4298,416.2448,1
621975276,876.9160844393114,421.91573020402336,885.2108,420.0375,1
621975293,876.8722267216395,422.27580657485674,877.7086,417.8314,1
621975310,881.0398099264295,426.3265442157514,912.0125,448.4095,1
621975326,878.6189219814619,425.38928197769104,858.9907,410.2893,1
621975343,884.4480177814701,423.2729534939013,941.3256,398.5954,1
621975360,884.4079201472828,425.9671106784344,881.662,444.1414,1
621975376,899.0482537378407,424.96551129597157,1057.6211,409.4792,1
621975393,914.7524379821905,428.5870972103318,1086.9436,461.669,1
621975410,927.5822137086112,429.5061006775429,1071.8062,433.2151,1
621975426,939.6397319168593,430.3827160568303,1077.1267,433.8481,1
621975443,953.2681234071013,430.75114253342304,1114.1833,428.6235,1
621975459,964.3367421465567,432.63752744984953,1090.3262,449.4072,1
621975476,974.747947120434,436.28922859524016,1090.7083,475.8227,1
621975493,984.7830272371426,435.44907927553413,1100.8586,414.7433,1
621975509,992.3154259715593,436.4710318774031,1069.7649,441.4786,1
621975526,998.9806202161118,437.23453165188795,1064.6729,438.5765,1
621975543,1005.2871305082216,436.8423955996683,1068.0936,421.8598,1
621975559,1014.3880461259204,437.5031307469131,1121.5829,438.9646,1
621975576,1020.2274330189658,438.71291559043937,1074.4392,447.7977,1
621975593,1024.9351534496716,440.23062002442833,1062.0344,453.4971,1
621975609,1031.501396883141,440.277750561165,1103.1396,431.3771,1
621975626,1036.3644378714735,443.57435619629297,1076.7277,484.3134,1
621975643,1039.95291056466,444.8942841364664,1063.405,453.3934,1
621975659,1043.7213343071508,445.4231646397904,1073.958,441.554,1
621975676,1048.8365947097989,447.31484808360995,1086.7659,459.5612,1
621975692,1053.194545434051,446.30530139682634,1084.4083,419.0851,1
621975709,1057.2855000203763,447.10666988189905,1080.5059,448.7455,1
621975726,1061.163990995022,448.68100679807577,1087.9485,460.9001,1
621975742,1062.960717177156,449.3731948927874,1052.6484,444.6002,1
621975759,1065.984710810995,449.3088253230238,1085.6952,435.9946,1
621975776,1044.4743598736409,416.43785778095264,1049.8995,412.014,0
621975792,1074.0250336255226,410.2228487682918,1080.6003,406.4832,0
621975809,1093.8431299601798,424.89594947174714,1119.0415,434.546,0
621975825,1091.5999241724412,432.0944212883147,1091.3514,440.6555,0
621975842,1081.4827515024704,431.0390580981996,1056.2102,422.733,0
621975859,1073.4413400307128,434.33792512226455,1045.2997,440.9248,0
621975875,1077.5634973660442,442.1008792943772,1100.448,472.093,1
621975892,1078.1149459361798,441.02367675406407,1086.676,428.9265,1
621975908,1079.100182054018,442.5890205600992,1089.7598,446.2672,1
621975925,1094.1247776871405,463.4798655372641,1201.8405,605.1291,1
621975942,1214.7475268253515,761.9720115170476,1199.5886,739.5775,0
621975958,1234.1815727438116,777.3355366442701,1218.3911,754.2733,0
621975975,1243.709282757937,788.8237216567767,1236.24,776.1126,0
621975992,1247.5494358391052,791.9963234195765,1238.3513,774.2108,0
621976008,1257.7248186894817,806.7394789180315,1268.067,823.6781,0
621976025,1259.801876369248,823.2795237911752,1244.6827,858.6177,0
621976042,1266.249974017469,825.7024834080147,1278.6267,810.3977,1
621976058,1261.4181968904932,827.7370764514045,1212.4047,811.4418,1
621976075,1257.9185018537453,830.5751983843994,1213.3684,820.7346,1
621976091,1266.4291647390537,830.1839149151036,1313.4612,800.5747,1
621976108,1265.0956941837915,834.9591731996568,1230.4958,844.5908,1
621976125,1263.9168821942926,832.7505048425447,1234.5013,785.3243,1
621976141,1264.7342601926307,831.9015761071558,1254.0745,796.47,1
621976158,1266.0474387567674,831.6812827023762,1260.7229,802.3917,1
621976175,1267.29853092732,832.185933709144,1261.1887,810.5868,1
621976191,1265.999167099225,833.6709484250466,1228.5618,822.7833,1
621976208,1266.9695163433807,833.601624702671,1259.4965,805.3292,1
621976225,1266.7292503176918,835.084175323306,1241.9373,825.542,1
621976241,1262.0701464255128,840.7905472387216,1172.4983,883.4917,1
621976258,1256.478390259745,843.7367346351976,1156.6726,849.9609,1
621976274,1253.1494897788716,848.6458721594825,1184.6859,881.0768,1
621976291,1248.6459543482001,851.9668512269258,1164.5813,861.6097,1
621976308,1244.6658168553233,855.477219953342,1169.0222,867.3525,1
621976324,1237.6580071290705,858.2409991178243,1116.3518,858.3317,1
621976341,1233.5105291317986,862.7303764463944,1157.2609,887.9785,1
621976358,1228.5142562068274,864.3427270284976,1142.4937,845.9426,1
621976374,1224.3745475646128,868.0004280516312,1150.7542,880.6143,1
621976391,1221.3337331682528,870.2296838662116,1167.821,860.7073,1
621976408,1217.241668337558,872.3848159819842,1145.959,861.6613,1
621976424,1214.3271444996699,874.088683785019,1163.5402,856.8602,1
621976441,1210.8725221211175,873.8653898146206,1152.7156,827.306,1
621976457,1208.1047994043086,875.4166643555965,1162.5016,849.2351,1
621976474,1204.2650948118917,873.5734475925663,1145.8406,798.5042,1
621976491,1200.816885993847,876.9415539577944,1142.6567,886.4161,1
621976507,1192.3590624987348,873.8377135562831,1060.3235,786.3279,1
621976524,828.4937851110731,874.6877603355259,796.0554,841.5411,0
621976541,879.829871106278,809.0054757004957,853.3059,780.2013,0
621976557,874.4345008508856,831.5826368859772,839.0532,822.5875,0
621976574,866.0595587072631,827.5239087577431,821.4552,789.6088,0
621976591,867.2998629595222,833.1459371537961,841.4893,818.5198,0
621976607,869.8436846321421,839.2386865884399,849.5711,831.0312,0
621976624,873.3411111461111,843.637227471828,860.0984,832.6377,1
621976641,870.9191753547528,840.6654693385352,828.6053,792.8427,1
621976658,865.2486380252914,843.6597948586174,795.8364,830.6166,1
621976675,860.7475263172855,845.5398476818335,796.3553,826.5601,1
621976691,865.1400206780647,841.5672541777174,877.2725,778.9453,1
621976708,863.0840112573312,844.8819839869979,812.821,841.8067,1
621976725,862.9556429666892,841.3960965418529,835.9136,777.2944,1
621976741,862.3884358949416,843.7831404378712,826.0062,836.4396,1
621976758,864.4680234737554,840.7562920831543,862.6233,777.6971,1
621976775,863.125609917812,834.1749703501379,823.9214,730.9412,1
621976791,861.737939551652,831.2017824087454,818.7759,769.1026,1
621976808,851.2790375352607,833.9751081623263,682.9736,839.6207,1
621976824,620.5418648763507,847.3681981739546,585.0801,813.4897,0
621976841,564.2621337153337,909.8010818361339,522.9996,871.7121,0
621976858,579.3740830876679,891.2352769125804,556.553,837.0929,0
621976874,578.7991905316212,882.5304370145957,539.8098,829.9393,0
621976891,582.7230699232852,862.0529135713246,561.4676,770.0317,0
621976908,578.7384054537429,855.1501673924488,527.397,795.4353,0
621976924,577.9188428635109,853.0555780027623,537.6168,809.8167,1
621976941,577.2098548527757,850.4132926801046,537.3843,802.6421,1
621976958,584.1222898797918,855.04408045375,592.2118,851.2772,1
621976974,585.1429889485677,856.5198866768364,554.4037,832.9894,1
621976991,586.1785615953631,856.3900646445032,557.1962,821.1387,1
621977008,586.7789413041796,855.4095780696607,555.0383,812.7698,1
621977024,584.8649240571572,854.3180405263289,528.3316,809.9104,1
621977041,587.1699869255314,855.8061371559816,573.4041,836.9204,1
621977057,589.3087021874165,857.446632199205,574.2513,840.4625,1
621977074,589.9855393808583,858.2121281166043,558.6001,831.6177,1
621977091,588.5974889616475,856.6110918302651,533.53,802.3794,1
621977107,588.9700467794987,856.3835956895384,555.9217,818.9588,1
621977124,588.432455104231,858.5537486674931,540.6353,850.9904,1
621977141,589.8963387479507,859.6018738755549,571.6133,837.52,1
621977157,589.525905041589,859.9971898770523,545.1263,828.7593,1
621977174,593.3151672971469,859.2849199591859,612.3931,813.6266,1
621977191,593.5648143927649,863.1685185753644,552.5635,881.4012,1
621977207,592.0718621727056,863.2770814537635,528.4044,825.9972,1
621977224,593.3707767009394,865.18408607702,572.6778,854.6517,1
621977240,593.4645996647843,868.7712770507244,550.9814,881.9965,1
621977257,594.0352580869514,871.7031329463572,560.212,873.6021,1
621977274,594.1404176696323,872.5996873789544,554.9908,842.5738,1
621977290,594.9416315421167,871.3576484045011,570.1475,809.1667,1
621977307,590.7632429591447,865.5332087732179,488.0748,733.907,1
621977324,590.1050765658038,857.5169587713388,552.8635,697.7772,1
621977340,588.4002015725479,851.8938079239346,528.1554,741.0466,1
621977357,587.4848753752572,843.5803244472805,549.3212,692.2982,1
621977374,587.0751690141665,837.6984725303668,553.3329,730.3849,1
621977390,585.0245601172269,831.1195258527326,527.0197,710.8409,1
621977407,584.335588409817,823.5315251486186,548.6556,695.6678,1
621977423,583.6644508000431,817.3191755881651,548.2218,717.2499,1
621977440,581.4981710405912,808.4778043239394,524.5038,669.7885,1
621977457,579.5827498422849,798.5553336403058,535.469,653.2544,1
621977473,577.0991986814615,791.8979730650753,516.1739,699.858,1
621977490,577.2098520154067,784.6749970856141,562.6827,684.6039,1
621977507,575.2034534402376,775.3221663887063,526.4902,642.9391,1
621977523,392.5847929436678,528.796018114413,374.4038,510.7004,0
621977540,412.7748129160532,470.27550433683564,399.2524,455.7661,0
621977556,439.8600261464578,501.88062846154077,450.1428,515.8669,0
621977573,451.04448077588495,510.2473059422417,457.028,509.63,0
621977590,446.12281195987407,510.7551637109726,415.1718,495.2758,0
621977606,446.53578696262065,505.8046215521357,434.1996,471.0567,0
621977623,445.7759141341354,498.52778597684335,429.6046,449.3289,1
621977640,446.5843626393234,493.6393344568201,438.8609,452.0729,1
621977656,446.1908323992912,486.7451311169834,432.6389,429.2882,1
621977673,449.50664847336986,486.42991737745837,461.1216,471.1863,1
621977690,450.4550932306844,482.7403047666477,446.4222,440.7996,1
621977706,450.7632438930748,480.7645626927213,440.5513,451.4943,1
621977723,452.48056998363916,479.52980206906074,456.3436,456.3185,1
621977740,455.3636844357125,477.9287924175126,473.073,450.7097,1
621977756,459.76726215076565,464.63877236616014,506.3511,314.6516,1
621977773,535.2399625764043,129.19948654410985,548.9838,135.6447,0
621977789,545.2548556575322,47.70749326351936,565.0531,58.9463,0
621977806,520.3830413621149,58.23534199039212,512.6844,78.2169,0
621977823,542.2737472203374,58.43268721398966,605.8836,69.8245,0
621977839,549.3997417492138,56.39640375413374,590.5313,61.6713,0
621977856,555.4287286910344,58.71659702452054,597.8357,78.282,0
621977873,555.7118283446076,50.07075045052036,579.2897,21.5693,1
621977889,565.5915610972486,56.08552240832707,640.4662,100.9274,1
621977906,567.6124581044692,59.400225939030214,597.6184,91.0592,1
621977923,573.8066267323034,63.98417212017502,636.4173,107.0369,1
621977939,573.9197943616402,66.21628247808343,589.9597,93.0021,1
621977956,567.704074773898,66.5139873600824,526.012,77.2521,1
621977972,569.4610640534969,69.65185019057846,602.8427,107.5947,1
621977989,569.7038659609079,69.16286435131234,590.2986,72.3129,1
621978006,579.5169582581575,63.28743141833743,714.7576,11.3424,1
621978590,806.1115112963632,407.70896426176125,806.4595,401.1484,0
621978606,828.5172283000497,512.1604252512441,821.9478,499.8458,0
621978622,821.1996708954327,459.57958522010955,814.4762,400.6913,0
621978639,816.183479033034,464.6156944638854,801.8092,464.4709,0
621978656,819.6624433677124,483.33399054718404,821.6406,525.1715,0
621978672,825.1184121997273,477.7358159256033,844.449,446.533,0
621978689,823.7878602924853,484.34958773542184,809.9064,503.7273,1
621978705,822.5692396140728,484.60378260459373,810.3899,474.567,1
621978722,823.1750759150402,483.5768677424029,823.1421,465.8959,1
621978739,825.1889124145287,484.4078269290912,835.473,479.2956,1
621978755,822.2789663487356,487.1051294386222,790.5486,496.5327,1
621978772,823.5655555561411,487.4562662186948,830.6442,478.6591,1
621978789,827.9574465821416,489.3736319658193,865.7921,495.5896,1
621978805,830.6140835755574,494.21789118040954,849.0797,529.8434,1
621978822,831.0707801012115,495.54669272450957,827.9368,495.4199,1
621978839,831.1271540475298,500.60195759128965,819.8795,541.9922,1
621978855,830.6556218821886,504.3786981515661,813.6666,531.5809,1
621978872,832.2866500827572,505.9907797596403,844.9802,507.79,1
621978888,830.5706711174338,507.6582925523449,797.444,509.999,1
621978905,829.0981380733028,506.01517314522357,803.0821,465.8717,1
621978922,826.0605947389295,509.0439344456217,772.6536,531.735,1
621978938,825.1114750958875,511.0029074137886,804.5921,519.1237,1
621978955,824.9701066955855,511.86129748839016,818.0958,504.7422,1
621978972,825.7400786509659,511.33694443496927,834.4655,485.1012,1
621978988,826.8807413191818,510.516260479983,841.3132,481.0834,1
621979005,827.9459408967533,509.8642014095519,840.2769,484.0549,1
621979022,828.1884382930142,506.66328422196824,829.5613,443.8098,1
621979038,829.1244545580631,506.8006154478898,837.7513,496.8677,1
621979055,830.1736355299744,506.3965861198819,840.7351,488.4981,1
