timstamp,smoothx,smoothy,rawx,rawy,fixation
622036925,915.0873095008741,531.2190956993553,909.2281,518.7675,0
622036942,930.2983112997348,546.900318869708,938.1028,548.6263,0
622036958,899.5417574269671,570.1648876413346,824.5756,598.1281,0
622036975,915.688941013371,591.4682093847157,950.481,635.2179,0
622036992,932.5574491584949,595.3612039715159,989.2052,593.5535,0
622037008,982.7225803407622,625.8218032755734,971.7303,608.6827,0
622037025,930.3525677648352,647.6035937766106,916.5537,628.6332,0
622037158,965.8356589419333,588.4549143516582,997.5547,518.06,0
622037175,995.8003885798892,580.528161074865,1050.2445,552.2282,0
622037242,998.697456949838,564.4235837751194,1003.996,506.467,0
622037258,982.5854493504589,553.8750724247794,914.1516,501.9752,0
622037275,871.6536419268857,275.95286630183034,882.9705,277.6888,0
622037291,868.9227830157353,247.43009916741968,882.2096,250.7748,0
622037308,860.7856527801478,251.22916859104137,865.0258,257.7473,0
622037325,845.5961331055285,251.4947532304595,827.1332,254.4935,0
622037341,843.885551314338,259.1032933654965,849.2161,282.6855,0
622037391,835.7428627634999,266.2448950170605,812.5129,293.9728,0
622037408,842.3416542783646,271.2940975308564,885.1598,295.918,1
622037424,843.0316648347962,279.7042285076274,854.2853,325.8424,1
622037441,845.0965146882794,278.25552779630686,870.623,268.9764,1
622037458,841.4718197272246,277.16699749604,824.6388,269.0892,1
622037474,841.6593307912788,273.7866801103937,856.5437,247.6674,1
622037491,847.394425515986,272.27228048436945,913.1902,261.1085,1
622037507,852.0294362537712,268.5619744442813,911.5974,236.58,1
622037524,855.9195458246588,266.30195027321423,908.7285,247.407,1
622037542,856.8437569318805,265.69950251403,875.9468,263.2388,1
622037558,856.2659806668881,263.2989558281304,859.3626,240.6207,1
622037575,861.0551560855304,260.2073983566505,933.0942,230.0105,1
622037594,861.2125454232563,258.52222161651315,871.7256,244.4501,1
622037608,859.2467596191569,255.1546713830725,842.9585,219.5552,1
622037626,855.6978912895241,250.38094047010088,819.3119,196.483,1
622037642,852.9438885935404,244.10170120285687,830.9352,170.8541,1
622037658,846.5607027677814,236.43829314577255,773.2042,144.8082,1
622037675,843.5696613315181,228.40997058095013,824.7349,134.0184,1
622037691,842.9135542187644,224.57570566494954,856.8173,192.2934,1
622037708,840.1621412493653,221.1462964766819,820.6081,194.4823,1
622037725,836.7325290791528,215.492579259666,810.031,155.9558,1
622037741,829.8471468209852,204.88749313546592,754.439,72.2339,1
622037758,828.0641747606236,196.7366593782834,837.1171,106.1951,1
622037808,829.6794169435943,199.42835306596993,881.9761,276.7219,1
622037825,896.6781539213687,493.195838817059,893.0919,482.7254,0
622037841,839.8786129909365,416.52787482223914,840.4048,409.8343,0
622037858,847.5169872992667,424.3693204798821,854.9091,424.766,0
622037874,862.0873607966515,419.0228263453112,893.3364,402.6997,0
622037891,862.02642917195,425.9782794146735,860.4842,438.4567,0
622037908,869.318371838612,422.17502433324614,900.2693,401.5709,0
622037924,875.0020903837778,427.22064967280227,901.5367,443.7498,1
622037941,873.9821755329875,429.2218316716455,866.5677,432.6702,1
622037958,868.3545027305769,434.5269680282185,826.5585,459.4794,1
622037974,870.6779866269571,435.9276369398784,887.6765,437.4258,1
622037991,874.986868654335,439.12178896525666,909.2045,455.6533,1
622038008,869.049092950677,436.7874747044983,813.8896,406.7846,1
622038024,870.8321250376431,438.6887942487846,887.46,447.6594,1
622038041,871.6167111684136,441.37040241663567,877.4376,458.6551,1
622038058,870.4473770144834,438.6881136806627,858.5856,400.3488,1
622038074,877.5452225755672,436.81268491907946,964.8031,408.2418,1
622038091,876.9927453693273,447.35159339058885,857.072,561.397,1
622038108,878.9982245575675,455.1720818418521,894.8333,537.0321,1
622038124,880.2357831595939,463.53514787033606,884.6506,551.931,1
622038141,881.485405690131,472.23248868006095,885.3048,564.3837,1
622038158,883.0914229411273,479.1348399487258,893.5848,546.5114,1
622038174,883.676516991102,484.39280014561155,880.318,528.4538,1
622038191,884.9469009654475,486.7747098530988,895.179,490.5552,1
622038207,887.9051009166801,490.2508134258395,922.8774,510.7415,1
622038224,887.5281609157516,496.14307013398593,865.9468,551.3087,1
622038241,888.8908470114173,502.4112749605075,895.2676,562.4286,1
622038257,889.8053771226789,509.5851843179069,887.3522,581.775,1
622038274,890.0668977407285,516.2261999589225,877.3062,578.507,1
622038290,890.0229834797764,520.5192775665722,875.2622,545.7063,1
622038307,886.0308732071995,522.3667228510441,808.6682,509.6737,1
622038324,882.837575113603,526.0362268693799,819.9134,543.7551,1
622038340,882.0622659186761,528.9210795221863,859.9872,524.8644,1
622038357,880.7626161321753,529.0790414546656,855.7443,486.5951,1
622038374,878.0474778927811,530.5748465499578,832.5167,510.6823,1
622038390,876.9714630765474,534.2095138531434,854.8292,554.2889,1
622038407,874.3287022252557,540.2712906063383,827.1931,593.9246,1
622038424,871.3238098018419,541.9607295217485,824.8265,530.5785,1
622038440,868.292469139593,545.3293514558225,817.0613,560.604,1
622038457,873.0945947723453,547.2319266652663,953.2751,544.285,1
622038474,871.4117356673013,549.112622960202,842.9764,543.4518,1
622038490,868.9534701834393,551.0346783539634,829.7343,548.9674,1
622038507,871.3668954385216,553.2270447849368,904.8304,552.1157,1
622038523,871.9602033076304,553.1793363742786,882.1331,522.3138,1
622038540,623.4317411349953,675.1266593926572,600.3295,651.1776,0
622038557,475.25949976622576,797.785273835671,439.8616,765.1479,0
622038573,503.67326499458375,820.8952388142206,494.6802,809.2845,0
622038590,521.0379710384675,810.5646146945502,522.4828,758.6195,0
622038607,527.1006146889075,788.0159026320047,516.3968,693.7401,0
622038623,533.5486089264001,794.3936138368813,523.2717,787.1354,0
622038640,541.9747575634558,811.013789028266,542.4927,855.3375,1
622038656,545.0891667676805,818.4789875185314,523.7928,825.4504,1
622038673,547.5371258207481,820.3456562695349,526.4182,797.6062,1
622038690,551.9481679634908,821.0607227626232,548.3734,791.6783,1
622038706,553.4635624836154,823.3342952575406,527.1656,806.3343,1
622038723,557.0556053685399,825.0389936024364,551.3734,804.6422,1
622038740,558.8259488975834,825.9972634700571,537.2377,799.3868,1
622038756,559.1782299661882,828.6950884153736,521.7694,819.5564,1
622038773,559.2483085793228,827.0533756164722,522.5145,773.2932,1
622038790,561.299463767241,830.9382051817037,543.9152,838.446,1
622038806,562.9688463654344,830.10579535148,545.6038,783.5562,1
622038823,559.0552619486754,830.0879892220805,467.8027,792.8248,1
622038840,558.8522943984669,831.2494779465821,517.5035,809.5889,1
622038856,558.9854417533819,831.4250956778766,523.6381,797.1992,1
622038873,562.7417040783658,833.705031011441,578.0143,828.3762,1
622038890,565.3133459480667,829.8656459087216,568.9877,740.5473,1
622038906,570.0500601040654,826.1025826047285,606.4302,740.0048,1
622038923,572.5800363888934,825.8752146950441,569.5287,791.4962,1
622038939,575.8406691712102,826.5087281065565,582.989,804.8774,1
622038957,577.9383291537118,822.7335804718001,570.9128,735.8257,1
622038974,580.4600858839451,819.2406560609592,580.009,738.7935,1
622038990,581.7542771542188,814.3095787637307,562.6516,713.9474,1
622039007,583.2413066815437,811.2641196459915,565.6442,742.3958,1
622039024,586.5228387925009,809.3750473141472,597.9645,759.9025,1
622039040,588.7788641753812,809.4867982612019,579.6089,791.0637,1
622039057,591.773852205117,810.5295689311076,582.0093,804.1251,1
622039074,593.0837967910185,806.8279661122015,566.8727,729.3685,1
622039090,593.2823034752025,803.5493723289453,551.9192,729.3366,1
622039107,595.5752202378259,800.2973220701524,590.7317,722.5209,1
622039123,596.9817745039786,795.2057803899396,580.0378,701.0718,1
622039140,598.2985437301706,788.9884411943946,583.8274,687.1854,1
622039157,595.6461001505992,787.0366440553744,507.5669,749.9442,1
622039173,595.8752404200369,784.5493832873142,561.7961,735.7415,1
622039190,595.1864364984292,784.7038853283188,545.8873,775.6578,1
622039207,594.4901633964315,782.5117246180607,547.5847,736.0546,1
622039223,597.0568514097979,777.0358577963013,613.506,679.9229,1
622039240,600.077879990499,772.0295439067093,620.3788,684.5093,1
622039257,603.0788146174523,764.5080219435156,622.7388,642.3812,1
622039273,606.0503375496675,758.0205444386197,622.5438,651.308,1
622039290,607.3435421281537,754.7822498137846,592.3824,707.886,1
622039306,610.2610386602282,746.7683585378619,628.9203,620.0308,1
622039323,615.3879944578025,742.054755364568,657.9448,672.1085,1
622039340,619.8679248366042,740.4145173765788,650.5068,720.2336,1
622039356,623.3072135417732,734.9900455675228,639.6438,652.4562,1
622039373,624.8687228761191,728.9730073140651,614.8549,641.5688,1
622039390,626.0483011684927,720.7674376400627,611.6832,592.1541,1
622039406,627.3499404297471,714.7352024738996,617.0031,624.3342,1
622039423,628.0070916433216,710.4953985711886,601.1577,654.9749,1
622039440,627.6760862037296,703.9195995326719,590.0009,612.9562,1
622039456,627.2966853242704,700.1347091143381,586.3872,646.7831,1
622039473,629.4374388020553,692.350407983836,639.2477,577.7687,1
622039490,629.3491114205157,686.8982927208601,596.6356,608.8077,1
622039506,631.3796479815232,681.347133744052,636.9245,606.2217,1
622039523,632.2281541993793,676.8176670643844,619.7469,619.7214,1
622039539,634.0713539184017,668.5769314453346,641.7161,556.9523,1
622039556,634.9328351299487,663.6282308694676,622.0903,606.4922,1
622039573,637.9282488398529,660.3747212452639,658.2538,621.3221,1
622039589,639.616960414563,655.807378384376,637.0154,594.8341,1
622039606,641.7543645353998,654.8238018764238,646.6854,648.5316,1
622039623,641.4619641910031,653.0763235693571,604.8063,629.0172,1
622039639,642.379336805687,650.7641034794071,629.1972,614.8213,1
622039656,643.4587307593816,648.3621327678237,626.0673,616.3085,1
622039673,643.7241618459394,646.8160530620407,618.5055,624.6249,1
622039689,644.5556008772165,645.3756829121388,628.4307,626.8239,1
622039706,645.4715285467589,642.6979770396053,633.309,598.5822,1
622039722,646.1439219458772,640.4258736872592,636.6161,596.4861,1
622039739,648.1473977280968,638.6500552410612,660.9252,603.271,1
622039756,647.9874910861741,634.5574534712816,625.9144,558.463,1
622039772,648.8277194159444,631.8235565844653,642.5804,580.3926,1
622039789,648.2996039010073,631.0941906842811,613.1841,616.9984,1
622039806,650.3431817633858,629.4902021735429,664.8314,591.742,1
622039822,649.7949672263306,628.7513114135315,620.859,609.5906,1
622039839,649.5279935142836,627.8465780171579,625.4188,609.9115,1
622039855,652.5981286999252,628.8353118292481,681.7295,632.4253,1
622039872,653.3876875312687,627.1485467222452,642.3553,585.7844,1
622039889,653.5513215386568,622.3324923902384,635.7574,528.3904,1
622039905,655.0652512685642,621.2005937566316,656.8433,592.0651,1
622039922,656.4558124701838,618.560495489674,655.8851,569.2716,1
622039938,659.1367818718635,616.460871567936,678.3634,572.5803,1
622039955,658.3684771640486,616.8101456698934,614.8894,614.5105,1
622039972,656.7762626154977,616.286159274455,608.0843,591.5153,1
622039989,656.0592589842942,615.1783369580302,620.619,584.7758,1
622040005,655.0046169742601,612.762807453394,621.2472,562.0019,1
622040022,654.5267928399466,608.5480023937793,632.2487,532.8947,1
622040039,652.9768919421464,604.7450283893974,615.1852,531.7198,1
622040055,654.0160414956458,602.0234368644687,657.9926,554.2117,1
622040072,652.8702912833976,597.887135708707,624.5947,530.2789,1
622040088,653.7617057201751,596.5548102611436,654.9661,571.9167,1
622040105,653.534477893,593.9809229620655,637.5002,554.854,1
622040122,655.2229092721867,594.009051069229,664.1085,593.3253,1
622040138,655.7585172550832,590.4258209105585,651.026,530.0626,1
622040155,656.4450540969672,588.3804920741812,651.7186,553.4802,1
622040172,654.782985989345,587.4665722424312,607.9484,570.3278,1
622040188,654.585694747626,586.7559199872751,635.201,571.9799,1
622040205,651.960837194465,585.3204892914911,593.3654,554.6691,1
622040222,650.4415571659981,583.4802608963163,613.8193,546.4363,1
622040238,649.2461504363764,578.4870702295573,625.6267,493.833,1
622040255,649.2246094411545,568.5473459121009,648.4321,406.4865,1
622040271,646.7524155333898,355.762533275298,646.9963,350.4231,0
622040288,655.0302941479362,326.3791647781953,657.5688,322.8198,0
622040305,654.1043259630824,365.3443562927566,650.1213,396.1581,0
622040321,663.1763201464497,373.50115511784793,679.8693,382.6165,0
622040338,660.6451249360351,372.46375989814646,652.4524,363.0363,0
622040355,667.2910783578885,374.2012401194935,692.8958,374.4829,0
622040372,668.2102300988711,372.90816297569637,672.4058,360.6067,1
622040389,664.7979937538461,364.64065832548283,647.6429,313.5365,1
622040406,657.0592865561026,360.1874184181269,606.4762,326.7572,1
622040439,653.091926859695,353.3830327578559,627.6957,300.8907,1
622040472,649.092954027792,348.60694854801267,620.122,308.0242,1
622040505,645.1960964513689,343.7924252775685,615.2415,300.4266,1
622040539,643.1109730859681,339.4061577383711,629.4456,298.0221,1
622040572,642.7116057944687,337.30376931231564,644.7247,316.9462,1
622040605,641.5186875857098,322.46340666101435,645.3487,167.7618,1
622040638,641.6409459864277,306.2079734471545,663.4154,133.1222,1
622040672,687.5009657314203,102.521092391999,706.7895,112.1846,0
622040705,674.9609108898362,87.77907541517378,695.0015,98.1509,0
622040738,653.5772007457125,76.94235186414808,652.8118,77.2762,0
622040772,645.8396867118279,87.19461573310342,648.1342,116.364,0
622040805,648.2400953896682,108.03541426696871,669.3095,175.1682,0
622041221,744.4050798634248,98.2925739610462,1154.7205,76.2874,0
622041287,1147.509896856689,42.197907497056654,1182.1031,60.4193,0
622041337,1198.05121255059,76.64109293607095,1231.3953,93.4427,0
622041370,1167.6155746726447,79.55956964237504,1168.7317,98.2644,0
622041453,1183.4889418839382,74.4408415064154,1249.826,81.9566,0
622041470,1195.0182001293938,68.53464567120128,1265.02,69.7015,0
622041487,1192.1009263866533,74.2842209177291,1211.6791,112.5166,0
622041503,1181.4617436012088,65.35572456632215,1165.0566,41.0756,1
622041520,1182.5396512195912,60.25149117443822,1225.6362,50.6778,1
622041537,1180.3875149547048,57.96014506326957,1201.3793,62.1344,1
622041553,1175.2960113698496,57.73230764522507,1171.0071,74.6119,1
622041570,1176.4531844674427,57.484881871572654,1222.0653,74.5773,1
622041586,1170.6082764440587,58.49141352176187,1150.6157,85.3083,1
622041603,1167.9461862500002,58.35758862917648,1177.672,75.2899,1
622041653,1166.5505214773611,61.76811416465034,1185.7258,113.645,1
622041687,1166.0403380056991,65.30415106618433,1194.2396,119.3716,1
622041703,1168.1548474207075,68.94750348983128,1227.2808,125.1419,1
622041720,1170.4498294498403,71.24672083072893,1232.9644,112.3142,1
622041736,1173.9412946843424,75.20375771298147,1250.4141,136.6489,1
622041753,1175.6434345839825,77.64425518721416,1228.7755,119.8211,1
622041770,1176.7235926205137,81.04395530657712,1219.7074,135.5485,1
622041787,1176.1484675718775,81.16338368080856,1198.2477,91.4901,1
622041804,1177.0789359373186,82.89721543893457,1220.0076,116.0773,1
622041870,1182.9139235428809,86.30017454566391,1298.3853,143.6608,1
622041904,1182.4439516095783,87.14088586258329,1200.7418,106.2839,1
622041920,1185.4414609958103,89.54558884317937,1257.271,132.4329,1
622041937,1186.0839991839312,89.95765541393767,1221.3727,102.8256,1
622041953,1186.91277598417,88.97098554379849,1227.1335,81.8733,1
622041970,1193.4553341097626,95.16265991254414,1319.0077,198.7983,1
622041987,1199.2683052333562,99.33019739352244,1311.5688,168.928,1
622042003,1203.1708927102304,100.23987449671102,1284.6257,117.9363,1
622042020,1208.5231801370574,100.98091548802934,1313.2727,117.2021,1
622042037,1211.7433576210458,104.64820546718292,1273.2202,164.162,1
622042053,1215.8824837459547,108.4980120543657,1285.4647,169.791,1
622042070,1218.126927037822,110.89606832256112,1265.1189,146.0053,1
622042087,1222.4053007857683,112.59016064338492,1306.2021,136.0218,1
622042103,1228.9035426476216,118.92791994672785,1337.0391,219.6374,1
622042120,1229.6649546609287,121.18870288864866,1238.525,146.4418,1
622042136,1232.4655496719458,123.4781632487602,1285.2367,151.601,1
622042153,1235.952909326284,126.27476384760722,1297.5955,164.2974,1
622042170,1238.884718833261,129.33994694714133,1287.8478,172.701,1
622042186,1240.6607023843396,131.49608717503662,1277.4635,160.1927,1
622042203,1246.322995498459,136.1613956507151,1339.5781,205.8886,1
622042220,1249.695179888619,135.38113519573744,1312.337,117.514,1
622042236,1251.0132669706231,136.38184979792806,1277.998,152.8768,1
622042253,1254.485291526398,139.0438878109099,1318.6831,183.0234,1
622042270,1259.024159934393,143.57480850759362,1341.9211,216.2954,1
622042286,1260.9949909323468,147.9004577942091,1299.6641,212.9903,1
622042303,1266.630857247503,150.49082731386025,1371.6729,189.9046,1
622042319,1268.9932242135465,155.22427616705437,1310.9287,224.8193,1
622042336,1272.273361913158,159.38198313548736,1330.0829,219.5682,1
622042353,1274.5888198049122,162.90977072427836,1314.5469,207.0076,1
622042369,1276.7655043470638,167.47893453041698,1316.2944,229.7653,1
622042386,1276.5103907563603,170.61093099246025,1285.4165,211.3852,1
622042403,1278.9478212923425,174.80845325988815,1323.8503,228.2758,1
622042419,1279.882194990685,179.242821746162,1305.3176,237.8061,1
622042436,1280.5433492802777,185.05265198536978,1297.0076,260.3926,1
622042453,1284.3982624084501,193.99652269400053,1352.9467,314.0396,1
622042469,1289.753203860557,201.55996760992673,1392.7563,307.6915,1
622042486,1292.6961090489337,209.03630440918323,1349.9492,305.7316,1
622042502,1295.4968293450543,218.28145570576402,1343.7874,333.5272,1
622042519,1297.770109213066,226.09360059292186,1340.8516,314.9214,1
622042536,1301.2298271195898,234.09647324740797,1359.2117,328.4973,1
622042552,1303.8071417183755,243.75717596333922,1344.7726,361.2272,1
622042569,1305.5122985604546,249.32971542775007,1334.2681,296.9524,1
622042586,1306.894238290416,255.53785567892592,1334.1339,312.439,1
622042602,1308.1800753031403,262.79705633118357,1335.8201,344.4318,1
622042619,1308.5211048814676,270.6910938755935,1309.3735,352.5424,1
622042636,1310.3306908551017,277.4103721084639,1344.2539,340.645,1
622042652,1310.3049670211403,283.2972312633497,1315.3833,334.5194,1
622042669,1311.1210350324297,289.17738800391226,1330.7365,341.8658,1
622042686,1310.4025320694673,292.8689686170954,1306.3208,310.6557,1
622042702,1309.4040093802,297.63382165706656,1307.5083,339.1988,1
622042719,1307.6013458828056,301.88336413451736,1291.1653,327.1767,1
622042735,1308.9936879706684,305.833116321408,1345.4052,333.0899,1
622042752,1309.8802649619454,308.0442615770006,1343.3142,313.2849,1
622042769,1309.939252454422,308.87388078577777,1332.6232,298.8329,1
622042785,1309.8248630984995,311.6357512426559,1322.5616,334.4053,1
622042802,1309.7325464791736,313.03964443959524,1332.1646,313.7236,1
622042819,1303.0940992119736,313.99130632622644,1208.9429,312.5582,1
622042835,911.0137082205895,284.6822259473098,922.6489,286.3522,0
622042852,752.8650065764128,390.4630196527367,753.1703,384.3041,0
622042869,765.6124432546183,382.15630013610615,780.4255,368.947,0
622042885,756.2129204194041,369.8700366046829,740.6146,341.7502,0
622042902,751.2255026116625,350.0470587396382,743.4938,290.8531,0
622042919,752.9069986601535,355.5463511204502,761.0953,372.5795,0
622042935,749.792471906741,362.24091094203806,734.3119,388.6792,1
622042952,750.2126153502988,366.41002914669576,753.3034,384.3404,1
622042969,746.238589002096,364.7429186377676,722.2632,348.8456,1
622042985,743.6805608295649,362.8986556694065,727.9016,344.7867,1
622043002,740.8646456417264,363.3379673056662,719.7844,361.9098,1
622043018,741.3394240183766,365.0902001932393,748.2047,375.361,1
622043035,736.9508847846868,368.4398541746286,693.4901,393.5546,1
622043052,734.4937258581275,368.6358111592911,712.0787,363.9548,1
622043068,734.6567873494616,369.96381704847124,740.2126,377.5629,1
622043085,671.4115522187848,395.8464223142636,669.3849,388.4766,0
622043102,736.0923468120361,420.13202510711403,733.8795,412.0826,0
622043118,739.4438117723786,420.6072367144935,740.6662,413.0513,0
622043135,738.3494026141229,419.7792730849346,734.0889,410.1978,0
622043152,741.7399364516805,395.2782521513331,756.9096,320.3786,0
622043168,739.8523867975969,395.7759428982402,731.5863,391.6252,0
622043185,741.9891509104342,393.91569778696567,753.0168,379.686,1
622043203,741.7054510007644,399.912637859798,736.6985,426.4739,1
622043219,741.5373668550061,393.3819263965741,743.1779,346.101,1
622043236,742.233685135604,390.66552786300764,748.9056,366.1672,1
622043252,743.157720206169,388.28914719458913,752.3566,364.9194,1
622043269,742.3377120947557,388.9461780854576,733.9178,390.0065,1
622043286,741.6716888488635,389.0884236943043,734.7263,385.5815,1
622043302,740.2325196191763,387.4405625297807,726.1226,366.1154,1
622043319,737.4335132847052,385.26078738710123,707.8499,357.6339,1
622043336,734.4391479903688,380.878937539513,703.9192,328.3488,1
622043352,737.5892392835494,379.9921117728488,781.2697,368.1945,1
622043369,957.9756942976089,404.6080885847995,962.1765,399.9066,0
622043385,1072.1218784514947,365.907327010219,1081.8138,364.6931,0
622043402,1096.385196567192,407.15603042355184,1125.5583,442.8873,0
622043419,1095.0004284363158,415.0281078761192,1097.6892,425.7611,0
622043435,1105.0683273757277,415.9776348171841,1142.2566,414.9279,0
622043452,1103.9760376134332,417.72227640141085,1105.4714,419.9606,0
622043469,1101.109405817383,429.42306342836446,1088.3186,477.9572,1
622043485,1104.8080228489537,435.17961216615305,1129.8132,460.7359,1
622043502,1112.7523102484681,441.36776956156285,1168.8903,473.9971,1
622043519,1114.2531508588952,443.1844488580693,1128.6531,448.5861,1
622043535,1118.9395045146216,445.85864483830034,1160.8616,459.4123,1
622043552,1122.0507352649765,448.049500899832,1152.2556,458.8295,1
622043568,1119.517285492299,449.90453737884644,1094.583,458.0461,1
622043585,1121.040218242788,448.86398828131104,1141.1434,429.7728,1
622043602,1120.2538471076605,450.3652591161794,1112.4812,457.6062,1
622043618,1126.9015319471914,456.9933473948379,1204.139,522.4164,1
622043635,1346.4336869198435,504.53770508934343,1352.7932,498.3936,0
622043652,1321.774462821465,533.4645559112772,1325.4802,525.3853,0
622043668,1320.8984280802829,542.7772862146263,1322.3611,542.8989,0
622043685,1340.0511704310397,566.3891989998195,1377.4766,601.2245,0
622043702,1341.2001869531805,560.2718630029432,1347.9771,533.4292,0
622043718,1349.765068480015,559.1632603723727,1386.7288,545.9861,0
622043735,1350.9993815613848,561.3597124419931,1358.0657,561.987,1
622043752,1355.077510500629,567.408981050851,1377.9897,590.6448,1
622043768,1363.713571920304,564.8818799131658,1425.1205,539.3872,1
622043785,1366.0999235592033,562.9887846127496,1385.8549,539.9895,1
622043801,1367.060291252872,561.4827119938863,1376.3427,540.376,1
622043818,1366.461544945199,556.209634209013,1364.7947,502.1642,1
622043835,1364.2680563484164,554.0452408403503,1344.5208,526.2784,1
622043851,1364.848497683636,553.595683546077,1373.0669,542.2912,1
622043868,1366.1362964444793,556.2190767794999,1380.2036,576.9994,1
622043885,1363.7430389549625,555.3293396339307,1336.8267,537.1514,1
622043901,1361.7298034460987,552.2717242658352,1341.5156,508.8718,1
622043918,1359.5137071577783,552.2382280937006,1333.8069,545.1366,1
622043934,1360.0905608507169,553.0489282198496,1371.7896,556.7552,1
622043951,1360.7990352943816,553.9572830111949,1374.1663,558.6542,1
622043968,1361.8951948935141,560.926202781947,1374.1772,645.96,1
622043984,1365.9005126763434,573.9482516111293,1414.231,739.9664,1
622044001,1370.893883124712,584.7992075786517,1434.9297,716.311,1
622044018,1371.4602412511708,595.5958419599884,1364.6277,721.8229,1
622044034,1371.1349892395026,608.1410210076584,1347.8491,755.7006,1
622044051,1373.6272850877724,618.3391464704832,1398.3899,727.2242,1
622044068,1373.9351573842591,629.238547091226,1360.9741,744.879,1
622044084,1373.598317543274,639.5489375589979,1350.6614,742.6459,1
622044101,1368.5378916073973,827.2152488794786,1352.4011,802.7739,0
622044118,1382.030881922294,756.7604870745714,1371.2441,736.517,0
622044134,1403.4350166377599,756.29206087506,1415.0868,736.1082,0
622044151,1399.977492408049,751.5397497689806,1383.5197,722.8185,0
622044167,1398.7341402083543,752.9722254980592,1384.479,737.1621,0
622044184,1392.975125592535,754.2961443517141,1359.0952,738.9904,0
622044201,1384.7182572765425,758.7552675086279,1331.4729,758.389,1
622044217,1382.9891214042357,762.2450376333392,1361.0828,760.2513,1
622044234,1380.6894093595197,765.8676569808824,1352.9083,766.9998,1
622044251,1377.3323536897026,769.6356319301341,1339.0764,773.913,1
622044267,1375.99719063704,772.5633440804085,1352.7529,772.5789,1
622044284,1374.741407886936,774.6260734287101,1351.6199,768.7524,1
622044301,1373.686993034205,774.6831222748565,1353.1312,751.3049,1
622044317,1372.9227916322768,774.9945778050974,1354.6587,754.3124,1
622044334,1373.3829262346262,776.2830222712381,1367.8162,766.2286,1
622044350,1367.7065567514348,769.7284049344447,1294.9335,672.5959,1
622044367,1358.9915270706151,759.0798735739846,1250.9224,613.6412,1
622044384,1353.4347827155377,750.5378293990658,1284.543,630.8333,1
622044400,1345.4893127945052,739.981264914085,1245.9215,594.9647,1
622044417,1339.6928046366456,733.5862484021554,1266.5774,643.6309,1
622044434,1333.974090042687,725.9264957723676,1263.5422,619.5813,1
622044450,1327.8525785964785,718.6110884409613,1251.4524,617.8315,1
622044467,1323.186514262304,712.4974271543244,1268.2482,629.6909,1
622044484,1317.416242798371,704.1763433441707,1248.0293,590.3403,1
622044500,1314.2315091314135,696.6479944431638,1285.5518,596.3832,1
622044517,1309.7497159940308,689.9342088485163,1258.8296,602.6393,1
622044533,1043.0066792286607,550.7259501502592,1038.8145,538.5693,0
622044550,985.28032617389,510.8668804955054,982.5519,500.3617,0
622044567,996.9221310376854,566.7292217993463,998.3998,605.7896,0
622044583,1007.4664651094942,555.7067317408569,1025.0476,522.189,0
622044600,1016.114207421825,557.9397291135239,1036.3278,551.4869,0
622044618,1010.6656020774737,550.5093682667554,985.432,510.1157,0
622044634,1017.7227505839624,545.3592157000443,1050.0264,510.191,1
622044651,1019.3388451063717,543.0516280812486,1024.8862,519.1481,1
622044668,1017.6812964156176,542.7407081919052,1001.3979,529.4225,1
622044684,1020.7241623863083,539.5907220816274,1041.2284,506.5394,1
622044701,1030.2472175277967,538.5940455875523,1107.1836,521.2513,1
622044717,1033.3079138338976,535.8708888652039,1057.1498,502.7305,1
622044734,1032.9773240250813,536.6753759047602,1021.9531,534.4688,1
622044751,1034.5335100570367,532.8186328226323,1047.7047,485.043,1
622044767,1027.0715274838415,534.0712007696516,933.5922,537.5254,1
622044784,719.2968421104396,589.492842917798,704.5975,571.5256,0
622044801,614.5061893138851,689.8291973949808,590.1414,664.9365,0
622044817,638.6771812733638,705.9834282131345,637.274,695.884,0
622044834,633.6894705423999,723.2689030285541,594.6775,728.8563,0
622044850,610.8055965547933,734.5195843312496,511.2978,737.3821,0
622044867,601.1234799115861,734.645059877945,535.0025,706.4482,0
622044884,601.2513832259851,728.4880459567819,577.7606,672.4075,1
622044900,597.0709130267378,723.8123385448228,548.1694,670.8948,1
622044917,590.692649074637,722.3536134365202,522.1005,686.0062,1
622044934,584.6990861100535,720.1731577707723,514.7776,677.7728,1
622044950,573.6857295986126,713.8678375269327,459.6485,637.5125,1
622044967,564.576060910169,707.6621730148578,462.051,629.1016,1
622044984,555.4334768879072,699.7999845951838,449.4061,603.2083,1
622045000,549.4353583924601,694.755504992257,471.3394,623.4264,1
622045017,551.2112744227487,694.5646833566993,555.748,673.4512,1
622045034,554.1635069950412,697.7589583671316,569.6069,713.7743,1
622045050,555.5479083589823,693.5337432925071,557.7532,623.3162,1
622045067,558.196921101924,694.6879465605826,571.5324,689.1189,1
622045083,824.9746621076334,662.1192657157181,807.6201,641.1484,0
622045100,1059.589641522722,658.9851630853963,1048.0691,640.7912,0
622045117,1065.8540332773543,610.655369121301,1067.7697,549.9404,0
622045133,1066.997847635655,613.9594713620922,1060.6763,604.879,0
622045150,1070.7833368114843,610.8442640965569,1075.0521,587.139,0
622045167,1075.707881634045,607.9952452104287,1088.614,582.845,0
622045183,1046.0014284256217,561.3496700431592,1041.1228,548.6157,0
622045200,1064.0558931351723,627.7620675823265,1054.8701,611.4117,0
622045217,1071.5410553821278,635.8168690360403,1069.0306,626.7418,0
622045233,1086.01693153046,625.8897033830997,1108.3176,591.5748,0
622045250,1074.069090914456,628.411559154239,1028.0056,618.8898,0
622045266,1082.4600710946252,628.0743050487214,1107.6132,611.0587,0
622045283,1078.4388941084383,628.6091463737231,1049.0115,614.6453,1
622045300,1076.07676905873,627.9377087053144,1053.4702,607.9119,1
622045316,1078.6600579909157,628.7612380342377,1087.2075,617.9437,1
622045333,1078.9801224653324,619.2541957451182,1078.2041,536.2791,1
622045350,1082.522921976497,609.0912956689377,1111.0574,516.0862,1
622045366,1087.1759043168897,598.1580410616202,1129.9514,493.8108,1
622045383,1086.9271202908028,591.136413482578,1080.913,517.671,1
622045400,1089.4071686935326,585.5202434280268,1112.4248,523.6381,1
622045416,1095.589796387123,577.6284271769492,1164.5927,490.6067,1
622045433,1095.9985772400753,576.6860512289481,1091.4941,563.7678,1
622045449,1096.9742493340407,570.976676398089,1104.7021,502.1335,1
622045466,1098.0221409056155,565.3408271902442,1107.5629,496.517,1
622045483,1097.5849294974782,558.2332460817324,1089.1902,470.1326,1
622045499,1097.1148044183706,554.9795857116202,1085.1934,516.5074,1
622045516,1098.1866585048547,549.7576561930961,1111.6177,484.6066,1
622045533,1099.2769320233292,545.6969497371641,1112.2637,496.3037,1
622045549,1101.0796579199214,542.001867303683,1124.9644,497.4771,1
622045566,1102.516037045959,537.8876554570688,1121.3324,486.926,1
622045583,1106.1450833329748,536.7655061200855,1156.3721,529.3528,1
622045599,1108.4207191103499,535.0635177744264,1136.6924,517.2568,1
622045616,1110.7932384285955,535.1735824226203,1138.2524,543.1119,1
622045632,1114.4684954321583,533.4602507111831,1165.2346,511.9282,1
622045649,1115.0090868319082,532.4795113718287,1111.7795,520.5458,1
622045666,1114.8953032997522,530.5763076740317,1102.9304,503.0234,1
622045682,1114.835103976717,530.3263083644434,1103.2417,527.732,1
622045699,1114.1457831674245,532.3372945984489,1084.6018,571.998,1
622045716,1112.8764939505918,535.3007304072903,1076.5486,586.0984,1
622045732,1122.218198214716,784.9456897860777,1103.2073,760.2069,0
622045749,1174.760139747908,1126.5873659992076,1132.6276,1082.7985,0
622045766,1150.6434286532324,1040.4258302311193,1095.5844,920.0513,0
622045799,1139.11879395324,996.2958652930268,1088.332,877.0981,0
622045832,1133.3606240941056,971.8133702791695,1089.2052,868.8955,0
622045865,1127.057727362011,953.7626937436723,1076.184,854.0339,0
622045899,1153.452139652294,893.2011228469723,1127.4635,862.5874,0
622045932,1118.8900276688214,913.0803843252885,1090.6564,880.9418,0
622045965,1115.5538448781078,924.3540234814619,1082.2262,902.0926,0
622045999,1121.3178297910272,890.2995666892933,1111.3472,795.7825,0
622046033,1129.8468508588621,905.9434000772397,1124.8602,918.7597,0
622046066,1125.109037537164,920.4985152764293,1073.0493,941.6155,0
622046099,1134.6239109762619,918.6164527255678,1154.3685,877.5236,1
622046133,1138.2757253995944,914.8177495481189,1132.7941,861.7916,1
622046166,1144.8842768206705,909.2440225223501,1164.1206,842.9423,1
622046199,1141.7977293060774,901.2845111265677,1093.4756,814.0107,1
622046232,1136.7256486607548,907.3363027540652,1061.0261,924.4573,1
622046266,1135.556536252462,910.6987585043487,1094.5453,908.1234,1
622046299,1131.2039498553363,922.640753068878,1050.5162,1000.0015,1
622046332,1127.0413732014022,929.3659750376448,1049.5769,959.2062,1
622046366,1119.6917332307532,921.8530088530584,1015.8785,803.9471,1
622046399,1331.0751225899608,1074.5238021210912,1296.3956,1035.4568,0
622046432,1683.0915759599395,955.9863758587144,1665.2882,927.6271,0
622046465,1543.6809071621192,984.9999215242069,1376.0276,979.168,0
622046499,1580.4750944180787,948.4191413187181,1641.548,851.5179,0
622046532,1544.8517541134906,969.7011546996036,1410.24,997.7076,0
622046565,1556.424159602197,954.0112856606767,1587.8707,866.6185,0
622046598,1470.6118172300614,964.6076867952116,1447.1122,933.4012,0
622046632,1560.1417977301703,923.8264364674129,1541.6931,895.9543,0
622046665,1573.6745699653368,980.48319725302,1561.2953,1002.9196,0
622046698,1580.3953240776711,950.4305023505376,1578.4198,864.8386,0
622046732,1545.5386860238093,945.0003798880871,1420.3864,899.5925,0
