timstamp,smoothx,smoothy,rawx,rawy,fixation
622260499,944.2199016106632,509.9474183518851,910.5226,525.3727,1
622260516,941.3530648317105,510.54594237079,932.938,472.4986,1
622260532,934.5895422378552,509.5024413214967,860.3805,450.3427,1
622260549,928.3374979713367,509.91515708734875,863.3265,477.4808,1
622260565,925.4135201391902,510.46873059036284,915.0846,483.5485,1
622260582,922.6893278721197,509.6455827553968,908.1152,469.4974,1
622260599,918.6615079387387,511.79624705123143,873.8447,521.7142,1
622260615,916.2425497441823,510.3555338345829,902.7326,463.9154,1
622260632,915.0761671001086,512.5267050218354,916.2582,527.7571,1
622260648,913.7728308284485,514.6568336510212,908.5055,530.8912,1
622260665,911.1394954011685,515.8661721989299,882.3915,516.0222,1
622260682,911.2868906542914,517.1207310264298,926.6028,517.9986,1
622260698,910.7371438635133,516.4229176400847,915.9167,481.2104,1
622260715,907.1308795118401,514.7958368107494,861.3726,468.6931,1
622260732,905.8151242254887,515.2258073352931,892.7314,504.0263,1
622260748,906.7874148144792,516.0910656722763,925.4847,519.7034,1
622260765,907.4163696264786,517.6535909784213,911.2129,538.0159,1
622261415,700.9047954462669,214.0868987578006,712.553,217.4879,0
622261448,671.085146186354,246.84067220492653,679.6831,248.0295,0
622261465,669.5457187915431,236.63209971376804,677.9897,228.7761,0
622261481,696.5075019866194,247.96159921049994,758.8935,271.2304,0
622261498,686.9320627039505,244.54325690244173,667.3298,236.0563,0
622261515,694.2140522250215,240.51169274538435,734.1019,227.7072,0
622261531,700.9809270178577,228.30793426405603,749.0621,175.4904,1
622261548,700.3482679160937,224.9180448004744,707.8329,210.1936,1
622261565,698.3552593897118,219.60988323998498,697.5299,190.4955,1
622261581,698.363189431682,215.61047917482867,711.3546,192.4921,1
622261598,695.0929109540543,211.07431598962862,680.9556,181.1383,1
622261614,694.8253804289434,206.01336133488064,707.6632,169.5712,1
622261631,694.2055946607416,203.19358986601375,702.183,185.0905,1
622261648,692.0323816246749,201.52474776055993,682.3253,193.3734,1
622261664,689.1343479376026,199.21330258371555,671.0681,183.4645,1
622261681,685.7578853660074,197.48527770914885,660.7679,187.3074,1
622261698,687.0821592958739,192.52339742468817,724.1107,144.9747,1
622261714,685.947026189234,190.38933252401947,688.0672,176.0475,1
622261731,685.3585542216124,186.89494950531702,696.3325,155.1152,1
622261748,685.4913001754202,185.2163218556197,704.8158,176.8185,1
622261764,686.6028699254665,186.43908156799765,716.8805,216.3448,1
622261781,684.1531836449489,182.70895260213138,666.3056,143.2033,1
622261798,685.2880822981559,182.96033627532557,718.2987,200.0856,1
622261814,686.5140935503906,184.99561901876612,718.1984,226.4467,1
622261831,689.2292604940988,187.87969299419268,742.6402,240.0001,1
622261848,690.3861291638273,190.090210484471,718.0366,229.7378,1
622261864,691.3810694841458,190.7114989755286,717.6373,204.8417,1
622261881,694.4661486213963,192.50607308856806,753.1355,223.9131,1
622261897,695.4449788549188,194.71104236156168,716.8401,230.4934,1
622261914,695.8688013302807,195.6942489731424,709.1833,211.0183,1
622261931,697.8317843639683,197.2739984903278,736.489,221.4984,1
622261947,699.167332797657,199.37313822503384,722.3252,235.0573,1
622261964,700.2540922612063,201.93841724282075,718.2892,240.5777,1
622261981,701.7643306482332,203.81567342875277,736.043,234.0901,1
622261997,701.2304509596408,204.3797987409016,692.0398,208.6982,1
622262014,700.9855924137934,202.22000127814727,708.8105,164.0248,1
622262031,701.4203419230633,203.81546908621922,718.1563,221.5457,1
622262047,702.1312433606472,204.46014535203048,720.3119,211.1309,1
622262064,703.6176145732237,205.59691542655645,733.3695,218.5046,1
622262080,705.0240663461998,208.3350910619669,732.3738,246.408,1
622262097,704.7324367134773,208.29300028394175,703.3231,200.6798,1
622262114,704.4062455191652,211.49818929702073,702.621,254.4281,1
622262130,705.3893877397151,214.90719812783234,725.8928,261.304,1
622262147,704.1052394099609,217.3645155047902,685.3204,247.6505,1
622262164,706.2450612208211,221.85878361802122,743.6453,282.3482,1
622262180,706.0151800504881,223.9752455063054,704.1968,245.0813,1
622262197,708.5392307745483,227.88115201874734,758.4965,272.6877,1
622262214,707.637757728792,229.21348948976305,696.9542,235.506,1
622262230,710.524401786433,231.06439702544515,765.341,244.8181,1
622262247,710.8723880408714,233.19327639603537,721.0062,253.4931,1
622262264,711.8098912238179,236.39444747243724,731.8364,277.2541,1
622262280,716.3640147563169,237.16841488781228,794.5684,232.2444,1
622262297,716.3729479064698,239.10584590170964,718.4397,258.8581,1
622262313,716.2276063869821,241.68283519010396,715.4169,273.6851,1
622262330,717.0596101921042,243.79478441764914,736.4117,268.9727,1
622262347,717.6208375080207,247.30603844312552,727.5334,292.1729,1
622262363,719.3684180769822,255.00648340012182,744.0603,360.3406,1
622262380,719.1018945725986,261.18963347511254,714.2188,339.2851,1
622262397,720.9908297688374,267.48072892996544,749.0372,344.6178,1
622262413,722.9734236426946,273.2813009668665,751.2632,337.3883,1
622262430,725.5602831602899,281.77143401973126,762.369,386.1549,1
622262447,727.5576341245501,288.20278917924895,753.5962,357.2261,1
622262463,729.8445500087639,294.1603116483369,759.9065,353.9222,1
622262480,732.0282468208646,301.450770628849,759.3031,379.2465,1
622262496,735.5763089961833,307.2598015289898,782.0111,357.137,1
622262513,734.5396929201245,312.89488174713955,703.8352,354.0603,1
622262530,735.9333524331573,318.46397070883165,749.6698,365.1552,1
622262546,735.7348114824729,324.1469258057673,722.4984,370.7581,1
622262563,735.8736540417136,330.3393203444764,730.2585,385.2787,1
622262580,734.5494707599349,340.8059150141333,699.4742,463.3463,1
622262596,743.3837202635872,694.5057588488853,721.7671,670.7708,0
622262613,702.7700786387261,568.1452803142336,689.1988,551.2218,0
622262630,705.3524505659216,582.7765488591965,692.3949,578.8248,0
622262646,724.4524256336045,582.6618522170968,749.2371,565.2797,0
622262663,722.1747032361787,576.1159161984656,702.6661,540.5128,0
622262679,718.3236882892081,590.4917117954456,683.7881,625.5835,0
622262697,716.7616740132239,594.1569128790446,692.6318,592.0581,1
622262714,718.3765596836141,595.450469896872,712.396,583.4909,1
622262730,716.778626362845,594.3286963761566,691.3066,568.0168,1
622262747,716.894113892571,595.4070851768216,702.2256,584.012,1
622262764,715.8573951963768,600.3694081260294,688.7084,619.7321,1
622262780,718.4252047556199,602.7898729039907,725.5632,603.3391,1
622262797,716.0714116712448,606.1619967074935,673.9065,616.0142,1
622262814,710.6820250163797,608.2730555116569,635.3883,606.5226,1
622262830,703.1484051830574,613.9141952632402,598.032,649.4842,1
622262847,700.5109615361041,615.9502866801016,655.151,613.5059,1
622262863,699.5397834464628,618.9661346193919,673.3741,628.6239,1
622262880,698.9278796244388,621.322829289788,677.4205,623.5353,1
622262897,697.06098126389,621.0349505693764,660.4417,590.3049,1
622262913,697.4709854337576,621.9502054413271,691.3844,607.7749,1
622262930,692.9213581331397,627.9690193687277,608.4854,681.275,1
622262947,689.7722477589122,635.4159979383388,624.7252,707.3398,1
622262963,687.3640784178739,636.689108785703,640.3503,620.8539,1
622262980,684.7293753308445,640.6088068696884,630.9819,663.0185,1
622262996,684.9603285839723,644.1596939131429,676.7946,661.1317,1
622263013,681.3583800867756,647.7363879238244,610.1937,663.9269,1
622263030,676.2502983203856,653.7214431777629,578.3298,704.9623,1
622263046,675.9328336901998,659.1357789964293,658.84,700.6802,1
622263063,674.636468845355,661.6700537649051,643.1681,657.7159,1
622263080,674.1020968952945,665.9395021495167,652.342,689.2281,1
622263096,673.247893696512,668.0412274722875,647.3411,657.0616,1
622263113,673.4604615214995,670.7424967372025,667.5385,660.5309,1
622263130,671.930826207743,670.199951235595,638.5797,613.7112,1
622263146,673.2603505538602,671.1559709603595,691.3448,640.9082,1
622263163,675.5685396081622,672.8823238186725,700.4343,654.5475,1
622263180,675.701700126094,675.8960251645551,656.5353,687.2658,1
622263196,679.5488822659477,676.1087678265413,726.1976,640.6277,1
622263213,680.1036788935908,676.7010619017856,668.1646,647.823,1
622263229,676.6748984951988,679.9401388559565,590.949,691.3307,1
622263246,678.468903615127,681.3598632187991,687.1744,666.5112,1
622263263,678.1647809507316,681.7691479438263,649.1539,655.2156,1
622263279,678.9105761452352,682.8528665197317,670.6838,666.2707,1
622263296,681.1565920076406,679.8429489608831,696.8495,602.1399,1
622263313,870.2578947452706,605.0432131545116,858.0589,587.8533,0
622263329,840.1252423827956,605.966486669664,827.1398,588.39,0
622263346,845.5187560672439,602.2273272351555,838.7036,581.4697,0
622263362,834.5142837773185,606.3051514904638,798.371,596.0605,0
622263379,829.7610605391197,605.8526606797185,802.3488,586.7089,0
622263396,835.4109177009142,608.1154518271568,844.5165,598.9553,0
622263412,833.9797909826415,607.0146363300439,814.0315,584.0559,1
622263429,831.934830049221,606.6690101537541,806.855,586.8992,1
622263446,845.4900278192725,608.7059223510612,924.1747,604.799,1
622263462,1235.8496016683619,738.4180743635029,1222.876,717.6106,0
622263479,1260.4897811981145,701.9683502169721,1250.7063,683.5281,0
622263496,1276.1099786346524,705.7553721171463,1282.1133,691.0032,0
622263512,1285.541898823954,696.7787559884376,1297.113,662.2883,0
622263529,1280.5547631843635,702.6942769399446,1254.5764,700.9075,0
622263546,1275.4679732104803,708.5420053669247,1243.4316,711.2402,0
622263562,1276.429865966965,710.6356660241709,1270.6902,701.1951,1
622263579,1274.2498889217354,703.4756621668586,1254.9014,645.5249,1
622263595,1282.514433980403,708.7348964589166,1326.936,723.9926,1
622263612,1287.6945979477528,713.9095071736521,1314.0051,731.696,1
622263629,1280.9017948743228,714.4064480634635,1211.0154,697.5206,1
622263645,1275.8955199163581,716.47788994741,1217.4143,713.3768,1
622263662,1269.0350045763334,720.3784619095434,1187.5748,734.7297,1
622263679,1265.7582682866973,722.0000084210681,1221.3673,715.619,1
622263695,1263.808979309786,722.9193093544238,1233.7512,709.8826,1
622263712,1262.3757581786738,722.4891549946136,1238.9364,694.9496,1
622263728,1258.713255554006,723.665169896455,1204.9841,714.562,1
622263745,1256.2984456030217,725.4456065200947,1217.6091,724.0239,1
622263762,1254.2383878181813,726.6435447163052,1220.3527,718.1108,1
622263778,1250.9564404400573,727.562474710305,1199.5562,715.3547,1
622263795,1248.1816468738136,725.009804010434,1207.6644,666.8336,1
622263812,1249.6484691804474,722.085001818781,1272.7002,660.6535,1
622263828,1249.773739974646,721.7061451726111,1248.2577,696.8757,1
622263845,1248.7088554729671,722.1370952505287,1226.8577,708.9233,1
622263862,1246.0193677670038,726.2068206780984,1193.8251,765.2312,1
622263878,1246.619033491872,726.3134081437288,1252.1704,705.6804,1
622263895,1248.1422724315921,726.3605576861273,1267.4341,705.249,1
622263912,1253.672568338607,736.0254143668215,1325.2922,860.6184,1
622263928,1258.8642235926736,744.7213420394665,1321.5118,848.3806,1
622263945,1262.1443099171142,753.8870208288545,1288.1467,859.1198,1
622263961,1264.5573187122338,764.6053140827277,1271.5186,888.289,1
622263978,1267.5723970332301,770.7951248684168,1288.4791,811.5496,1
622263995,1269.9378962340945,774.8293604144035,1283.3435,780.6077,1
622264011,1273.0527096430674,781.4104512777049,1295.4996,823.7039,1
622264028,1276.423909964293,789.4955273009755,1294.4688,857.0299,1
622264045,1279.371541037951,797.336780871202,1287.6147,858.4337,1
622264061,1283.2010903063301,805.7975733704004,1307.2224,872.5251,1
622264078,1283.6862790041018,815.7784293928555,1245.7657,896.5909,1
622264095,1285.553326125832,824.5835283783349,1281.1785,892.0392,1
622264112,1287.5325665429075,829.2022237884319,1288.0591,829.8611,1
622264129,1290.749071407796,833.957577421145,1300.9397,834.8331,1
622264145,1293.1261319955493,840.1295234781542,1287.8391,865.9955,1
622264162,1296.7374886492375,842.0959474974924,1314.9412,805.5038,1
622264179,1298.3976944740177,841.5620951380258,1289.897,767.916,1
622264195,1298.8289878078508,843.2677317924858,1269.1031,809.572,1
622264212,1300.806077238945,844.0478778538334,1300.7266,798.4607,1
622264229,1305.4973726834846,843.5346620599532,1349.4993,784.7899,1
622264245,1305.984620629341,845.7349005092018,1275.0746,833.7748,1
622264262,1308.0803324179735,845.624564146993,1309.4131,799.2086,1
622264279,1308.610862748399,846.3157069173471,1280.6704,815.1823,1
622264295,1309.4361213034854,848.927874678478,1286.8171,844.9005,1
622264312,1309.1156835309998,843.5267590775084,1284.991,715.7639,1
622264328,1274.5454874458094,468.3237415999892,1281.77,463.4649,0
622264345,1217.0222198345268,279.8576746050404,1236.3193,285.1919,0
622264362,1156.8400684232004,242.68060124273026,1118.5327,213.8691,0
622264378,1166.4084539933428,257.4291872732434,1203.772,291.509,0
622264395,1170.2225572541815,259.61836736587924,1201.121,271.8058,0
622264412,1165.5543578852469,264.4710868353849,1164.6442,287.7704,0
622264428,1171.8278252553137,258.9422480450309,1224.9841,239.6567,1
622264445,1169.4513446926298,263.229084776557,1172.7631,292.2394,1
622264462,1170.494340991217,266.40525139240935,1195.2998,291.6667,1
622264478,1190.0892581142796,235.5667030955782,1211.9027,243.1479,0
622264495,1188.002633665307,284.3683710463791,1206.2839,289.1222,0
622264511,1183.3872566110076,277.5806133798049,1197.8118,276.2411,0
622264528,1173.2313322315736,271.01653375148425,1172.3989,263.8882,0
622264545,1164.570598823405,272.75095870680383,1156.6344,282.6019,0
622264561,1158.4805454860793,272.9669788459132,1152.7722,278.6621,0
622264578,1159.0415338054938,271.66930166222573,1181.5126,270.9832,1
622264595,1161.4147512161896,272.7717856107917,1194.1248,284.2045,1
622264611,1160.2300039714005,261.535428151765,1177.1328,196.738,1
622264628,1158.9500366119705,258.7357165176345,1170.4487,246.1517,1
622264645,1162.5256672459464,251.5987300186536,1217.8083,204.1216,1
622264661,1165.489462996962,246.20700273520825,1216.7496,210.0522,1
622264678,1166.550622478954,241.42581794153452,1200.282,208.3517,1
622264694,1165.8000459828706,240.77099792807226,1177.5698,246.3492,1
622264711,1167.168138976643,238.75586022827727,1204.2637,229.8724,1
622264728,1165.3752756925262,233.62051379572273,1167.7332,189.1386,1
622264744,1167.2042267542333,227.77496991260674,1216.2939,174.6846,1
622264761,1168.7638105174265,226.34801102307594,1210.6388,225.9174,1
622264778,1167.4796606534082,222.20177059089158,1173.4996,186.6668,1
622264794,1158.1694925022705,212.00912271797864,1057.713,96.7673,1
622264811,1148.7413556119086,202.86068355125292,1047.5793,102.6468,1
622264828,1140.822455138139,193.02452118899012,1065.3673,84.8873,1
622264844,972.5343334037792,74.14655794914319,1000.6636,88.5954,0
622264861,1026.4685991494946,43.3333867689729,1058.0863,60.1498,0
622264877,1025.3026447781774,55.07966403285773,1054.0272,82.2385,0
622264894,1013.9858176256573,63.70198426118586,1019.6117,95.0553,0
622264911,1018.7901041201053,57.552121241853854,1065.2881,56.2643,0
622264927,1007.8410717004137,58.70187735933896,993.6265,78.2066,0
622264944,1008.341931420583,55.944380625456354,1042.6616,59.178,1
622264977,1012.5404872535687,61.89844565466985,1065.3867,110.3174,1
622265011,1016.9632807639194,63.770145264683414,1076.2607,90.9538,1
622265044,1016.91590401883,67.77669664465944,1043.5685,110.7803,1
622265077,1013.2892390644892,69.19228118378882,1010.5877,93.9018,1
622265110,1010.1557771594158,73.25512526848269,1007.7938,121.2395,1
622265144,1007.3436756484451,71.97074692701322,1010.2396,72.4474,1
622265177,1004.7730598504985,70.51483919837175,1009.2346,68.9918,1
622265210,999.7328130854715,71.5382335218635,972.8351,95.3702,1
622265243,651.5929098175797,122.446184865145,668.601,130.5673,0
622265277,631.7497228373775,91.75067185911425,650.4736,101.416,0
622265310,643.4571435203407,79.00021477362317,676.2352,77.67,0
622265343,641.8416061780543,65.1124697517264,661.3242,50.4315,0
622265377,643.3277984542531,80.26937574720243,664.3984,133.3804,0
622265410,641.1685264501211,81.6903270023604,651.6953,97.024,0
622265443,637.8883356450528,92.98261821393352,636.4711,153.9866,1
622265460,632.1579506488366,96.13700361328816,615.7475,121.3527,1
622265476,628.4799429827357,103.3451099965264,618.7552,156.0024,1
622265493,626.3388153382862,102.71966935410268,629.5103,104.9914,1
622265509,624.3517245896328,95.59188179014248,631.7003,46.9695,1
622265527,625.1878760161308,98.7261290478649,650.9996,134.429,1
622265544,626.2647933704297,100.5615791075289,655.5048,125.6906,1
622265560,628.2769690787308,102.80236927848,667.454,132.7655,1
622265577,617.9510651141165,111.82576865196424,510.2067,211.8732,1
622265594,606.6188841652523,121.6109817070118,482.3008,231.5051,1
622265610,599.3640409492635,133.14994004305004,521.761,265.0424,1
622265627,593.3600748688901,142.24746181377364,532.4453,245.5114,1
622265644,585.4428993054348,150.43040566673756,497.6566,242.1852,1
622265660,579.8002769620086,156.79212132010713,524.931,225.3516,1
622265677,459.415971216424,297.64315238244853,459.3272,293.5699,0
622265694,512.5689905998325,267.9240992421069,515.8719,266.1469,0
622265710,527.2456327020207,297.3990614927223,541.6879,321.9631,0
622265727,539.872997861115,294.78434867188855,567.9117,287.0045,0
622265743,468.5262730512343,269.01135771703656,259.3157,192.2231,0
622265760,487.76791200293695,268.6661471470867,569.716,266.7799,0
622265793,518.425421134115,297.6018391239054,519.7507,294.1841,0
622265826,511.9812177579949,235.46098911938182,517.5865,235.5427,0
622265843,521.0277609497118,232.1350407450942,536.5626,229.4811,0
622265860,525.2637804788151,228.9904588953253,540.6658,223.8094,0
622265876,526.7973127352691,232.7841825231207,536.6842,243.8935,0
622265893,535.3598790618067,245.129715595039,571.6331,290.9041,0
622265910,534.2204416565205,250.50861293629433,531.2083,273.938,1
622265926,536.7246435282929,256.01882687402656,553.586,284.3685,1
622265943,535.228913971085,249.971698244318,532.4257,209.9546,1
622265960,535.8789917351236,253.02293503692744,543.733,273.3469,1
622265976,536.6670071670408,244.35312272653363,553.6099,175.1916,1
622265993,537.4514055793832,237.15756500256933,554.7883,176.4426,1
622266010,538.2082639944333,229.22347403642473,557.0681,158.7811,1
622266026,540.2743466655636,227.5317976579479,569.3448,216.1061,1
622266043,540.3133116475794,219.32498108044612,552.8002,138.7989,1
622266059,538.9572356850082,213.25393218983407,533.5123,154.4406,1
622266076,541.02681805261,208.07386494757853,578.5126,159.0564,1
622266093,541.9200075881688,206.0074363519527,561.5499,193.7135,1
622266109,540.1004377704742,202.29250638946942,524.6676,168.2864,1
622266126,541.4420145055235,196.84736514307656,573.1157,140.5958,1
622266143,544.3846059599031,193.86173312900905,596.9967,170.7335,1
622266159,547.2173326941195,188.52321405152807,600.5709,132.882,1
622266176,546.791441719184,184.67383236532584,548.616,149.7341,1
622266192,548.0676976556317,179.9394565696829,578.2299,132.6825,1
622266209,551.8786117091479,179.1370685795778,617.6774,189.6852,1
622266226,553.0458670122546,176.36739628315672,577.574,155.9853,1
622266242,554.4118170175939,175.79721320127788,579.812,187.7906,1
622266259,556.2041845845433,176.73517218127154,586.8948,209.785,1
622266276,555.9622632668826,175.1500654514512,555.8083,166.8546,1
622266292,551.8804966681297,178.23777175155354,482.9752,240.0648,1
622266309,552.1801223346303,177.06464439116564,566.2653,169.8973,1
622266326,551.6009030759956,176.46945421755476,546.0012,183.1006,1
622266343,552.0173563584992,175.21113862389709,567.7339,169.6059,1
622266359,550.0941702618743,175.4973729666802,525.2659,192.0639,1
622266376,549.4102552208642,176.4143337854336,546.7482,203.0902,1
622266392,548.2643523740969,175.43186164160613,544.7715,174.9236,1
622266409,549.4748013253693,173.55246907991307,583.5802,156.9198,1
622266426,549.2586455558389,172.99014919322093,559.0122,177.7858,1
622266442,546.8807997104668,173.1456007623193,517.3259,180.1421,1
622266459,546.955491279749,173.96792708382074,561.4752,197.7408,1
622266476,546.9890899510478,176.5227627901747,559.3077,215.3149,1
622266492,547.2535141095084,177.43856017171973,565.1281,189.3008,1
622266509,802.0779373077576,170.05413703172988,819.2875,177.1052,0
622266526,1037.5046259816297,142.8914015539439,1062.2822,154.1091,0
622266542,1113.9904135340478,158.67435766898828,1216.4628,185.5141,0
622266559,1127.309549898693,151.14221986590564,1181.4248,148.9848,0
622266575,1145.268445474589,153.9639902614637,1225.1525,174.2389,0
622266592,1163.398943736953,153.82322626257286,1262.177,166.0143,0
622266609,1226.9750287957345,172.03185761943837,1254.2041,183.6722,0
622266625,1195.020011529061,138.84653180765008,1223.8529,152.0401,0
622266642,1209.3882124040015,132.52314030120044,1254.1401,140.4529,0
622266659,1209.229797280532,132.64361658535572,1238.4286,146.6025,0
622266725,1209.6795155014927,142.8414322831285,1237.7133,184.5048,0
622266742,1214.63405988723,141.27636032268586,1264.0477,148.7122,0
622266758,1218.615151899086,142.01620976261057,1267.0363,158.7088,1
622266775,1219.7448519704988,139.8371938113803,1256.0775,141.226,1
622266791,1216.4755776445481,140.49932733346049,1222.3949,157.7313,1
622266808,1218.8007964734147,143.32071530151225,1264.0137,176.5859,1
622266825,1224.65933240434,147.79592829932054,1300.2456,195.912,1
622266841,1229.4472113396034,149.6846660604638,1300.011,177.9465,1
622266858,1237.389898961964,150.04654802987065,1343.3906,165.5468,1
622266875,1241.8529002348375,145.8131899062125,1317.7234,115.9013,1
622266891,1243.1758855915264,144.44990887640677,1282.85,143.2827,1
622266908,1246.8276648990598,143.9146311078037,1314.7678,152.0607,1
622266925,1248.2228521842949,146.23470626829115,1286.0555,187.1284,1
622266942,1251.4875995181435,149.86465733917927,1313.2257,206.912,1
622266959,1252.7030873135377,148.73445972049885,1291.6996,145.7436,1
622266975,1251.106444439442,148.0558365001852,1250.623,150.7849,1
622266992,1251.2712532767196,158.08236295342462,1265.8816,303.8041,1
622267475,840.0483082448129,463.3209499226564,837.2396,453.9404,0
622267508,851.5699619918355,458.1997459575574,849.4022,449.241,0
622267524,851.4021483027972,453.29156646155764,849.7584,439.9968,0
622267541,849.9503277681507,461.8789918527723,843.3085,468.7676,0
622267558,832.8844556619404,468.1227672719896,776.4685,475.1748,0
622267574,838.9110599417845,470.17753485546905,859.7933,467.9859,0
622267591,840.7734724653764,469.5910181631945,847.2668,456.9109,1
622267608,844.3098467677812,472.81206611181653,860.6121,480.3851,1
622267624,848.3289325918659,474.2190291247604,871.4236,472.8267,1
622267641,849.3173839247487,471.77897672709247,854.2604,444.0781,1
622267658,847.2311292527303,467.83334160923033,827.9,426.7996,1
622267674,842.7401006119273,463.2475376677901,800.6268,414.5812,1
622267691,843.4834760745152,461.63802273454564,850.0128,439.0509,1
622267707,843.3196645098169,460.5374967415022,840.1184,442.276,1
622267724,842.0977656333565,458.335594060181,827.7624,428.0246,1
622267741,840.3033282292033,459.139340999911,816.1613,461.425,1
622267757,836.9709607869376,454.4788190574915,798.1212,393.1642,1
622267774,835.9931337383811,450.79432106332,827.1858,401.3407,1
622267791,834.0572226935781,448.13153793907105,811.1611,411.2403,1
622267807,833.8820446295898,445.67809561894717,835.7405,411.7113,1
622267824,833.2526065563342,444.9831278001786,826.4885,434.3241,1
622267840,831.8963016954077,440.37048531684763,818.522,375.6924,1
622267857,824.6695002720205,436.0930835629471,721.7405,375.9907,1
622267874,625.2254232704242,413.7106539617008,620.8196,404.8031,0
622267890,574.9377256716338,378.51746415341216,571.8406,371.0756,0
622267907,599.2659936895041,398.7069293778373,618.7196,409.6238,0
622267924,616.4132587464376,403.30516349711843,646.66,403.7902,0
622267940,619.9799517690547,398.4994362186299,628.0005,376.9325,0
622267957,622.7446467995189,397.06447909440925,630.4913,383.8721,0
622267974,628.6745750201329,403.0294047057126,651.9536,422.474,1
622267990,626.8486564163638,406.60189964465434,609.7155,417.0786,1
622268007,630.2408232821169,411.86965280960527,645.9576,435.7342,1
622268024,629.662122018851,411.9181445615874,619.9023,402.1349,1
622268040,631.9653146696027,411.93873512755573,646.5043,402.3095,1
622268057,633.2544541374981,417.62246874098537,635.7162,456.2202,1
622268073,632.8283438632566,418.7366063767,621.6849,417.4768,1
622268090,632.8042722238944,419.15777422481324,626.3807,411.6242,1
622268107,628.7305202459921,417.2116337188953,577.9999,384.619,1
622268123,627.3918448016562,417.1347317011314,607.1748,405.3736,1
622268140,626.6325557113076,418.46264096923335,612.2003,423.1932,1
622268157,628.3496595471845,422.5963703843224,643.629,461.7321,1
622268174,625.9019337766919,429.98949093575754,580.5413,509.2082,1
622268190,626.325493434556,435.2643076789845,623.4375,486.8181,1
622268207,623.7771811011816,439.2716880097408,578.5468,472.8963,1
622268223,623.3458719400403,442.8842491864931,610.3191,471.0931,1
622268240,619.8923005505487,446.96581199316347,559.947,480.8596,1
622268257,619.5995687559149,450.7380126471889,609.8711,480.1959,1
622268273,619.946021724106,452.5870272203286,622.0215,453.8612,1
622268290,620.3050627292603,457.71523345480176,617.8851,507.6688,1
622268307,618.6827481812804,461.38825112676307,584.9026,487.9404,1
622268323,618.8421398693444,465.55194365870364,614.0397,499.3556,1
622268340,617.5654239659136,469.5103344002074,588.3213,499.1515,1
622268358,627.6241429796943,467.5224728692524,795.4764,407.6512,1
622268374,963.0575592449976,310.09411889126534,974.124,310.8799,0
622268391,929.7433211566237,273.2983732232251,942.6387,275.8298,0
622268407,950.6529477743405,269.9537463634225,985.8801,269.9951,0
622268424,947.3122910734194,281.784020766047,951.4373,306.1231,0
622268441,951.1404934162374,289.40284654814945,973.364,312.5069,0
622268457,950.5224009374502,281.77804675275166,962.8181,255.4546,0
622268474,949.2910417702192,282.5151306945048,955.476,288.0438,1
622268491,949.9022639135467,283.27524353896735,965.8369,289.5845,1
622268507,946.1854422578201,282.3614752159466,933.8385,278.4305,1
622268524,945.9321819745282,283.6099171608507,956.2744,294.5503,1
622268541,941.9822406885116,285.693887028327,919.8525,303.4475,1
622268557,939.3991903207638,286.10563748946424,928.5725,290.7219,1
622268574,941.4458830385164,286.13136211175447,976.1516,287.9022,1
622268590,938.4949505188526,284.33054444108393,921.5521,267.5323,1
622268607,938.8244017824078,282.779575167936,958.2943,268.5827,1
622268624,938.4437046111241,280.5751147694024,950.0159,258.8105,1
622268640,936.9527607671388,282.1685819297446,930.827,303.9778,1
622268657,937.0761160667982,279.62505906197106,955.9183,251.6989,1
622268674,938.2320968904598,278.76631874069705,969.4637,272.22,1
622268690,940.852704486496,281.2422885977274,989.0521,318.0626,1
622268707,939.9855999991956,281.52482110586317,939.1686,287.9202,1
622268724,939.1644343699015,280.96281577629924,940.0961,275.6832,1
622268740,940.2613189499915,279.9147504409728,971.1729,268.3223,1
622268757,941.1758911532472,280.1577934983071,967.3157,287.2548,1
622268774,941.6008216273439,279.8829998367422,960.1797,279.1623,1
622268790,940.3255276701367,287.5265328198206,922.0712,402.807,1
622268807,938.7168241481294,296.2269897417774,914.2942,422.6277,1
622268823,941.6381846800166,301.94089080580665,995.9528,379.1414,1
622268840,943.7499861082852,310.0551853114163,979.5234,420.6225,1
622268857,944.4630692971518,318.06484900654385,955.371,422.2924,1
622268873,941.8387205010762,324.2282622696069,898.2761,395.1936,1
622268890,938.7423706738272,330.2152626740977,888.8906,390.5214,1
622268907,939.3234387457608,336.37403019363,958.5495,397.1393,1
622268923,936.9131432895305,344.126272536019,898.8168,430.4899,1
622268940,935.6737012351614,353.485284645805,919.4717,461.7345,1
622268956,935.9886488451323,360.16980906534343,948.4999,416.7952,1
622268973,936.9898037956077,368.97913496825237,956.4993,460.8589,1
622268990,935.3293142099151,376.8005531996491,910.5596,449.8373,1
622269006,935.6219310812602,382.7400113117925,943.6329,424.0808,1
622269023,725.2393019303523,488.6426518593346,717.8783,476.5363,0
622269040,595.6265214494857,504.5218144812201,584.033,490.0684,0
622269056,607.4263558127756,537.1723979039049,603.5125,551.7997,0
622269073,608.1335522148954,549.4952753816227,593.2723,555.5371,0
622269090,588.4513155512673,546.5424487516698,514.5206,520.3691,0
622269106,576.9889344102967,541.033669848766,518.3777,503.1691,0
622269123,578.3641256764553,544.7877691365999,570.1256,545.15,1
622269140,575.2766871875504,554.6360502685577,538.2867,590.2709,1
622269156,578.8447526862013,561.4118105828156,585.221,585.1525,1
622269173,576.9951615837126,560.9518521451887,547.8096,537.7109,1
622269189,578.5723754842121,564.2946827892016,574.8584,570.8079,1
622269206,577.3857433103026,562.3998338810677,552.1547,525.7429,1
622269223,575.3262600572054,562.863258641331,538.9714,547.1575,1
622269239,575.1597508817995,562.650368394581,558.7524,540.7704,1
622269256,576.296275533173,563.7827590526082,573.5032,556.2546,1
622269273,579.9183923565823,563.9892325832909,608.0918,546.9437,1
622269289,581.1977118349844,558.0403331519046,586.1278,469.6375,1
622269306,590.7989405016094,561.3872878956544,696.8994,586.5358,1
622269322,591.8374596652529,563.2253108039205,582.2713,568.0448,1
622269339,597.6598169929601,563.8964310505966,657.0913,554.272,1
622269356,595.7889809871489,569.003610146805,538.095,617.1765,1
622269372,600.7922218596743,571.6072440124575,649.1744,585.5164,1
622269389,604.1232958082721,575.6395832381661,624.4235,608.6934,1
622269406,607.7004948753759,579.5067043907056,631.4932,609.0996,1
622269422,613.477978238589,580.7349343088872,674.4893,571.4373,1
622269439,616.3653928411316,581.522002292992,629.9226,565.4829,1
622269456,619.6970096233848,584.5531016289829,637.7291,602.5038,1
622269472,624.5303845376242,589.8821236168395,664.1111,641.8105,1
622269489,628.0420279779137,594.7971879391939,644.8724,637.8172,1
622269505,633.0692086345662,597.8886910839814,677.154,611.2821,1
622269522,636.8490186653577,602.5624194347303,656.5852,639.6102,1
622269539,640.0164446133464,611.3629635949054,640.046,700.4968,1
622269555,645.4569395876833,616.4360595610652,690.5337,649.7763,1
622269572,646.7941632104216,623.3955704853776,617.101,683.6285,1
622269589,651.0613429728,625.9899177245038,670.2927,612.4865,1
622269605,654.4654385379926,631.7932124889991,655.7985,667.5791,1
622269622,656.4248018634377,634.0315460441003,643.9937,617.5229,1
622269639,656.816832071714,637.8266856197408,614.2764,651.2996,1
622269655,659.4115411075416,634.8858799414253,670.3259,543.8361,1
622269672,662.206797939724,630.2093131152386,675.0177,513.7874,1
622269688,668.0212742662279,626.9302315930124,733.1383,543.9971,1
622269705,673.2109669110928,621.4940104947462,725.312,506.0893,1
622269722,677.0649197547616,616.7447483493445,702.7814,521.4792,1
622269738,681.0851633772526,613.0404945668229,710.2207,539.158,1
622269755,683.5231002597391,606.6000241485923,690.3843,496.0356,1
622269773,685.7525797727969,601.5379683517317,691.7424,517.3774,1
622269789,689.0899168550308,599.1841742096619,708.7234,553.4292,1
622269806,690.3412618322818,595.7950774129725,687.0917,547.5326,1
622269823,691.8964438368787,591.722121271913,683.3647,532.0427,1
622269839,693.3453081979397,587.0092719475762,693.0931,517.6381,1
622269856,698.8351657911815,584.551688896409,752.5193,559.1754,1
622269872,699.7589649518504,579.3886840750673,689.5532,506.8736,1
622269889,702.0239019960554,574.818606165961,712.5621,515.7745,1
622269906,702.343707639459,571.5442110666023,679.6095,532.7383,1
622269922,702.9821418023988,569.7349815372697,690.2792,549.0212,1
622269939,704.9883435770641,564.8534717113693,715.7382,494.7649,1
622269956,707.1752979054314,561.7640387010018,719.8812,524.5682,1
622269972,708.6984066434184,559.6945628118289,711.6479,541.132,1
622269989,710.4353429753153,556.3377462081618,716.9529,515.1783,1
622270005,709.7826074469285,548.9417791894804,684.6802,441.515,1
622270022,710.5538248826555,542.7048528416349,708.1071,459.8787,1
622270039,711.3195709698401,538.4453128833513,705.6101,494.0872,1
622270055,709.8527360636801,536.9624385087147,669.2855,528.8973,1
622270072,709.0798850986315,535.4049980916631,675.3101,526.9883,1
622270089,705.3324367243581,533.0567391472517,630.351,501.8667,1
622270105,702.0114316183751,531.6438064761162,635.9387,519.8102,1
622270122,699.3912320795044,531.8476194848251,645.615,537.7964,1
622270139,697.3516767843611,533.5261466602575,651.2925,562.9545,1
622270155,699.7700447307768,535.9702222552104,735.7449,562.8918,1
622270172,699.4688744269585,538.3488372044656,686.9908,557.6427,1
622270189,698.1937466885846,542.7392346083133,672.1737,593.6597,1
622270205,696.346459333758,543.895948948189,663.486,536.5851,1
622270222,695.776801142395,545.4349915882578,681.9324,545.5037,1
622270239,696.1500060673371,549.4238724118138,695.1825,588.4355,1
622270255,694.4580281912646,552.0944588023552,656.6338,562.7491,1
622270272,695.5925149647508,554.5443808399754,706.4778,563.4558,1
622270288,694.8016883750615,557.9269026244928,671.6484,583.5145,1
622270305,696.006485239217,561.1166592894682,704.1489,581.2994,1
622270322,695.7295915852886,563.9571458975555,677.02,575.2587,1
622270338,694.2193821432884,565.8627632703908,656.549,560.1993,1
622270355,691.9379762227888,565.8997395002356,650.3195,535.8479,1
622270372,690.9400719582361,568.3821293479903,662.1443,572.6718,1
622270388,690.3309697784231,570.1203540979976,671.5859,563.8717,1
622270405,690.5133554964164,575.3217195420298,676.9998,624.9365,1
622270422,690.624923974859,575.4217316164318,682.6096,544.9193,1
622270438,691.5833615447585,574.6139033188655,700.7709,526.7045,1
622270455,690.9856470455194,578.1622143513794,667.1014,603.577,1
622270471,688.9993008175915,578.5567723366212,644.5851,555.1893,1
622270488,688.628111165494,576.2813277678043,676.5512,510.7799,1
622270505,688.1155868912633,576.2087288590886,667.2448,541.4116,1
622270521,688.0719837335312,573.230048665558,681.3105,498.2174,1
622270538,684.3722598860702,573.410890266986,611.278,554.7079,1
622270555,683.9754124631179,572.9198672510121,666.7549,548.7451,1
622270571,687.6302446481244,570.5224523895837,741.7933,518.236,1
622270588,938.7218612246271,630.0539080477683,926.3754,612.1846,0
622270605,1114.9794973495154,600.8146563090852,1108.9343,586.5764,0
622270621,1115.099245369421,606.6433637763906,1108.3484,597.5526,0
622270638,1126.0769903834544,604.547631579555,1142.667,586.5057,0
622270654,1136.763559551631,601.6959854216279,1164.0486,580.0313,0
622270671,1143.3634725989643,604.6100869979407,1162.9318,601.6118,0
622270688,1139.2848102593578,613.4139227967426,1108.7495,638.7899,1
622270704,1137.3076047085212,615.2051350421671,1117.9072,609.3486,1
622270721,1140.0417536166947,618.4260549738402,1150.2538,623.0567,1
622270738,1139.4460597172585,616.9708271172015,1128.5229,590.5494,1
622270754,1141.7255683963415,620.5531461246642,1151.8063,632.883,1
622270771,1140.2386777947013,623.1325212932942,1116.9023,628.3229,1
622270788,1167.206935808892,639.2861566796994,1159.6655,623.4153,0
622270804,1164.3095739286562,603.846149638471,1159.2277,589.9797,0
622270821,1158.2779841047527,621.5402597709248,1144.3696,623.1587,0
622270838,1191.1855314866104,640.2853697758129,1248.4869,660.3735,0
622270854,1197.9673581642116,638.5027732156102,1211.7292,617.9041,0
622270871,1210.0804727966636,636.0499552205491,1252.5051,611.994,0
622270887,1211.9069776783404,635.5143621747306,1213.7302,617.817,1
622270904,1214.7768226197156,640.3825357010883,1221.9075,651.5221,1
622270921,1217.3821131241145,649.6346502145611,1222.1123,691.3837,1
622270937,1222.5557507960182,653.4375086664958,1251.3191,662.9948,1
622270954,1232.649474563246,657.120417067089,1306.7313,668.5231,1
622270971,1238.0592917367815,656.352195070194,1277.5168,631.3964,1
622270987,1239.4999713427708,658.6691896880845,1239.7275,661.5785,1
622271004,1241.6325824908204,664.0928425048601,1247.5232,698.6843,1
622271020,1248.6253998332843,668.2107702902717,1312.0034,691.3965,1
622271037,1253.1670986660092,667.0616707332232,1293.7212,632.8517,1
622271054,1259.4808441159214,665.1617110838481,1324.7303,622.8875,1
622271070,1261.3708017679446,668.0718145141774,1265.0155,683.6172,1
622271087,1265.0935089193051,668.5627188136083,1297.0649,654.3267,1
622271104,1267.2824036201098,667.8303048494648,1279.6083,637.9537,1
622271120,1269.0346810610722,667.3787631959107,1275.5981,641.8204,1
622271137,1275.2460680766985,668.2423363641734,1347.7324,661.9781,1
622271154,1273.3563449642363,668.3346575659054,1222.7092,650.0455,1
622271170,1271.5343049584287,668.7843660389825,1223.8025,655.9667,1
622271188,1272.99457643217,667.2791070458703,1281.6516,626.9529,1
622271205,1272.3104477633262,670.9215856609961,1241.1179,706.9939,1
622271221,1277.2644264954513,680.9326131270379,1331.6084,810.9786,1
622271238,1281.2487554626596,690.2003623223543,1318.5344,803.1127,1
622271254,1284.8525901506384,700.777143394469,1312.7965,828.3715,1
622271271,1290.2904263539012,708.1314533539231,1351.6987,780.8658,1
622271288,1294.308210801337,715.2137504147768,1329.6812,780.3116,1
622271304,1297.1698677807797,721.6027025111584,1299.6538,761.6898,1
622271321,1300.0401677588984,729.6250162032268,1300.1619,796.8185,1
622271338,1303.5556135166576,738.8816144132767,1324.522,825.7408,1
622271354,1307.9179851224442,745.3490668598163,1341.6455,780.5076,1
622271371,1309.1320793474638,753.986455925353,1289.7415,820.6993,1
622271387,1308.589682186011,759.2759050663328,1260.8983,772.0521,1
622271404,1313.2888392719642,767.5447421477753,1354.1859,831.615,1
622271421,1315.0509173757391,772.808720872909,1307.8973,791.5657,1
622271437,1313.2432841715456,777.3134840082654,1250.4526,781.0411,1
622271454,1312.5904129420082,779.8489020366084,1280.7922,755.4333,1
622271471,1315.2215193698883,789.1869699163449,1328.6072,869.8546,1
622271487,1314.6852932070524,795.9509830876664,1272.5078,836.3251,1
622271504,1316.9936658005242,803.4678734524558,1324.6318,858.9971,1
