timstamp,smoothx,smoothy,rawx,rawy,fixation
624783319,946.301,643.2966,985.9021,660.9704,1
624783319,946.301,643.2966,985.9021,660.9704,1
624783319,946.301,643.2966,985.9021,660.9704,1
624783335,948.7684,643.2966,975.2174,645.0461,1
624783352,950.6747,643.2966,968.6228,635.1155,1
624783369,952.4539,643.2966,964.3698,638.1824,1
624783385,953.7996,643.2966,961.2634,653.4895,1
624783402,954.9158,643.2966,962.3959,629.7767,1
624783419,956.6158,643.3757,971.0415,644.8168,1
624783435,958.0905,643.8121,969.3748,668.1962,1
624783452,958.2279,643.8121,946.1407,644.3204,1
624783469,958.8939,643.8121,958.5139,622.3767,1
624783485,958.8939,643.0191,958.3322,626.506,1
624783502,958.8939,643.0191,958.0775,643.0972,1
624783518,957.2259,638.0053,903.2982,559.002,1
624783535,828.1642,432.7855,828.1642,432.7855,0
624783552,802.5487,384.0839,782.7449,384.0839,0
624783568,802.5487,376.5685,815.4017,359.5518,0
624783585,802.5487,376.5685,809.3309,363.3449,0
624783602,831.7886,376.5685,948.3622,399.2574,0
624783618,831.7886,376.5685,823.6884,369.9293,0
624783635,831.7886,376.5685,808.1715,394.8234,1
624783652,831.2327,376.5685,827.3446,362.2332,1
624783668,829.9578,376.5685,820.8838,373.4258,1
624783685,828.4674,379.1794,816.9027,404.0469,1
624783702,826.726,379.1794,812.142,506.3729,1
624783718,818.3864,379.1794,742.8218,557.3523,1
624783785,682.155,169.417,665.5009,169.417,0
624783801,682.155,148.1185,678.1817,145.5286,0
624783818,682.155,148.1185,686.1182,148.8842,0
624783835,682.155,148.1185,684.0712,149.9185,0
624783851,678.6645,147.0028,666.3654,135.4238,0
624783868,674.9686,147.0028,660.5587,155.2428,0
624783884,674.7897,142.7039,674.1945,121.1297,1
624783901,671.3677,142.7039,651.8854,134.7423,1
624783918,669.1574,142.7039,655.0549,151.8358,1
624783934,668.6768,142.7039,665.9459,162.8463,1
624783951,668.0094,142.7039,663.3719,142.6988,1
624783968,667.7677,142.3138,666.5697,108.9561,1
624783984,667.7677,142.3138,642.3229,134.0337,1
624784001,667.7677,142.3138,673.0551,161.8508,1
624784018,670.5552,145.339,724.3654,179.3993,1
624784034,676.3295,149.6794,743.8561,199.9417,1
624784051,680.245,153.1667,725.7313,193.6249,1
624784068,684.4665,155.6624,734.3041,183.767,1
624784084,687.8021,158.3412,726.0409,189.1218,1
624784101,690.6124,159.5137,721.7249,169.6523,1
624784117,693.0675,160.4161,719.2378,166.9957,1
624784134,694.8646,161.0227,711.5726,163.6143,1
624784151,697.7399,162.1206,730.7409,172.4093,1
624784167,701.1251,164.1859,741.6935,189.3365,1
624784184,703.9978,166.2824,736.2542,191.674,1
624784201,705.4124,167.5196,714.6902,179.1979,1
624784217,707.4855,168.603,727.8248,178.0377,1
624784234,708.916,168.678,719.1757,162.2278,1
624784251,710.1,169.0117,717.0037,176.8179,1
624784267,710.8919,169.0117,712.175,153.7815,1
624784284,712.3067,170.374,724.8464,187.6019,1
624784300,714.1004,171.19,729.782,191.3054,1
624784317,715.4675,171.19,725.27,168.3491,1
624784334,716.8774,171.19,727.7665,146.306,1
624784350,718.2086,171.19,726.5476,156.9191,1
624784367,719.2188,171.19,722.4863,163.8304,1
624784383,719.7509,171.706,717.9952,186.213,1
624784400,719.7509,171.9049,707.4115,190.8678,1
624784417,720.7537,171.9049,727.4604,162.8976,1
624784434,721.4287,171.9049,724.4614,158.8472,1
624784451,721.4984,171.7075,714.9658,166.319,1
624784468,721.9507,170.8666,728.9131,152.0961,1
624784484,721.9507,168.6723,708.1144,131.772,1
624784501,721.9507,166.5279,719.9056,135.5505,1
624784518,721.9507,164.6948,722.4268,142.193,1
624784534,720.9984,163.0088,708.8578,145.8504,1
624784551,720.9492,161.0972,722.4188,139.9157,1
624784568,720.7646,159.341,713.0319,140.3016,1
624784584,720.7646,159.341,718.1278,144.5047,1
624784601,720.7646,159.341,733.9807,173.5669,1
624784618,721.3712,159.6562,732.0082,189.9484,1
624784634,878.1772,403.7921,878.1772,403.7921,0
624784651,899.7691,473.5158,910.5605,480.7439,0
624784667,899.7691,473.5158,892.7462,468.1929,0
624784684,899.7691,473.5158,896.0919,471.6703,0
624784701,901.4329,479.08,906.4382,495.6212,0
624784717,903.8853,479.101,913.5308,481.856,0
624784734,906.9714,479.101,921.8777,485.74,1
624784751,909.1038,479.101,921.2019,469.4755,1
624784767,909.1038,479.101,908.4691,542.7385,1
624784784,984.1516,479.101,1089.4476,794.9189,0
624784884,984.1516,260.0785,984.1516,235.2836,0
624784917,993.7277,260.0785,1003.2795,284.8102,0
624784933,1010.6968,243.733,1120.8389,184.522,0
624784950,1010.6968,243.733,972.8585,257.8565,0
624784967,1010.6968,243.733,972.1471,256.2221,0
624784983,989.3942,243.733,989.3942,250.2033,0
624785000,983.5321,243.733,983.5321,241.8188,0
624785017,970.9636,243.767,958.427,246.0848,0
624785033,968.2971,243.767,963.0615,243.3837,0
624785050,968.2971,249.325,960.5561,265.7943,0
624785067,968.2971,250.3568,960.416,254.2326,0
624785083,1041.5548,474.2902,1041.5679,474.2902,0
624785100,1041.5548,496.2828,1045.2249,496.2828,0
624785116,1041.5548,501.231,1037.8943,510.3602,0
624785133,1041.0443,501.231,1040.0481,502.9127,0
624785150,1038.1732,501.231,1028.8971,495.353,0
624785166,1038.1732,501.231,1039.0729,499.233,0
624785183,1038.1732,501.231,1030.7666,492.3988,1
624785200,1038.1732,505.8519,1030.4933,543.4045,1
624785216,1038.7823,509.9625,1058.1278,536.8259,1
624785233,1041.3149,511.6375,1060.2228,523.186,1
624785250,1041.8402,516.7477,1046.4041,558.0042,1
624785266,1041.8402,521.3481,1045.2554,568.5592,1
624785283,1041.8402,521.3481,1036.5281,523.9359,1
624785300,1041.8402,521.3481,1049.751,504.9919,1
624785316,1041.8402,520.0627,1033.4761,495.8145,1
624785333,1041.8402,520.0627,1037.9153,512.5624,1
624785349,1043.0898,520.0627,1061.1072,530.7354,1
624785366,1043.4347,520.0627,1050.9291,503.8407,1
624785383,1043.4347,520.0627,1044.0476,523.177,1
624785399,1043.4347,520.5015,1037.0088,534.9012,1
624785416,1043.4347,520.9765,1031.4158,526.2018,1
624785433,1044.0835,522.8229,1066.5291,548.0734,1
624785449,1044.0835,523.95,1051.485,538.15,1
624785466,1044.0835,524.9265,1032.2419,536.7053,1
624785483,1043.6099,525.7955,1035.5402,535.827,1
624785499,1043.3866,526.5352,1039.5787,534.4824,1
624785516,1043.2521,528.3313,1041.0486,553.0221,1
624785532,1043.0502,530.0449,1039.899,552.9149,1
624785549,1043.0308,530.0449,1042.9976,524.3534,1
624785566,1042.3502,530.9211,1031.5607,540.2941,1
624785582,1042.0426,532.6697,1037.875,556.3536,1
624785599,1039.9358,534.0336,1006.7384,574.8505,1
624785616,1030.7247,534.0336,881.9438,497.9434,1
624785632,1021.6177,534.0336,883.3588,529.2045,1
624785649,1011.802,534.0336,868.4132,511.5374,1
624785666,1002.5289,534.0336,876.769,526.5002,1
624785682,993.9088,534.0336,884.2219,542.2042,1
624785699,985.5223,534.0208,884.5602,533.7147,1
624785715,978.622,533.7221,908.9127,513.4371,1
624785732,970.1214,533.7221,875.9489,527.2054,1
624785749,962.4578,533.7221,883.4166,556.0597,1
624785765,955.5945,533.0793,891.3046,525.5802,1
624785782,948.8502,531.5341,886.2355,504.962,1
624785799,942.8281,529.5577,893.7871,495.7422,1
624785815,938.7548,529.4512,919.3754,527.6802,1
624785832,934.5224,528.492,910.5587,514.7252,1
624785850,930.2598,527.3951,905.9008,512.5721,1
624785866,926.3663,527.3951,904.6486,528.6499,1
624785883,923.1993,527.3951,910.3205,534.2456,1
624785899,920.4238,527.3951,910.4993,550.6907,1
624785916,917.8103,527.2764,907.228,510.2725,1
624785933,914.4918,525.6453,893.335,500.5952,1
624785949,911.6873,525.6453,895.4298,516.2381,1
624785966,909.7062,525.6453,903.0538,547.6599,1
624785983,907.485,524.4843,895.0233,508.7581,1
624785999,905.9169,523.9446,902.9163,518.8509,1
624786016,903.7485,523.0809,888.9606,505.7307,1
624786033,903.1573,523.0809,912.988,508.3381,1
624786049,900.921,523.0809,881.6136,553.9196,1
624786066,899.4778,521.4296,890.0566,497.3176,1
624786082,899.4778,520.771,916.4202,515.6687,1
624786099,899.4778,519.8749,906.1738,506.1836,1
624786116,900.2214,519.8749,912.0566,525.726,1
624786132,900.7076,519.8749,904.8732,521.4793,1
624786149,900.9251,520.9081,899.2692,539.5958,1
624786166,901.9842,521.2166,915.5399,527.3097,1
624786182,902.0849,521.8107,900.1895,533.6724,1
624786199,902.1066,521.9094,899.3207,531.3312,1
624786216,903.1307,521.9094,919.6641,516.694,1
624786232,904.9876,521.9094,930.9393,517.333,1
624786249,907.6658,519.1371,946.6899,476.1437,1
624786265,909.1371,519.1105,927.1413,520.3999,1
624786282,910.9838,518.9948,933.9055,516.634,1
624786299,912.5148,518.4314,930.0602,508.049,1
624786315,914.2661,516.5201,937.3768,487.9821,1
624786332,915.8933,515.4989,934.9551,501.7886,1
624786349,918.3284,512.8659,949.4889,473.1483,1
624786365,921.1405,510.4227,957.0677,477.6135,1
624786382,923.795,509.1411,956.2308,497.5114,1
624786399,926.4744,508.6203,958.1191,511.3163,1
624786415,929.996,507.5164,974.0743,495.7187,1
624786432,932.5963,505.0675,958.4713,470.5423,1
624786448,935.4487,504.8654,965.2877,497.9034,1
624786465,936.6597,504.8654,939.724,528.7195,1
624786482,936.8504,504.2576,923.3277,500.0656,1
624786498,936.8562,504.2403,923.1281,503.1431,1
624786515,937.1953,504.2403,929.4719,512.0479,1
624786532,939.8224,504.2403,973.7618,512.0391,1
624786548,940.6317,503.7777,940.5011,499.5902,1
624786565,941.7519,503.7777,948.8011,509.3928,1
624786582,942.3743,503.7777,944.5532,506.588,1
624786598,942.3878,503.6294,951.0046,502.4727,1
624786615,942.3878,501.893,934.0602,474.8062,1
624786631,942.3878,501.893,921.3809,507.1952,1
624786648,938.1345,500.7316,862.7322,486.5859,1
624786665,934.3432,499.1461,873.2107,477.1469,1
624786681,931.0435,498.8801,880.2863,500.1399,1
624786698,928.2964,497.575,889.6903,481.0534,1
624786715,925.642,497.575,892.8551,482.9761,1
624786731,922.592,497.575,885.9678,516.3632,1
624786748,920.0401,497.575,894.6851,519.6152,1
624786765,917.9146,497.575,898.1517,488.7139,1
624786781,916.0634,497.575,901.779,492.0634,1
624786798,915.0972,497.5822,914.778,500.8027,1
624786814,913.9474,498.0754,910.2932,509.8289,1
624786831,913.1783,498.0754,908.6322,498.343,1
624786848,913.1783,498.0754,933.3794,491.5663,1
624786864,912.4276,498.8203,912.9877,509.3689,1
624786881,910.836,498.8203,896.1971,515.5331,1
624786898,910.6431,498.8203,918.8361,495.2034,1
624786914,909.9791,498.8203,910.4083,480.1544,1
624786931,909.6484,498.8203,901.3083,491.5038,1
624786948,909.6484,498.8203,929.1801,515.8989,1
624786964,909.6484,498.8203,897.0908,516.1991,1
624786981,909.6484,498.407,926.3745,470.7026,1
624786998,911.1136,496.0309,937.7917,457.617,1
624787014,913.9612,493.9177,960.6997,462.9124,1
624787031,915.6279,490.1374,944.4631,433.3699,1
624787047,919.1018,487.5823,972.145,452.7519,1
624787064,921.9139,484.8239,961.8429,449.413,1
624787081,923.2358,482.0563,936.0583,447.826,1
624787097,925.9338,479.9715,961.6207,458.0102,1
624787114,928.0376,478.851,950.5876,470.6216,1
624787131,931.0657,476.0964,966.9343,444.299,1
624787147,934.3673,474.7924,967.6648,465.7766,1
624787164,937.4875,473.2301,968.4543,458.8071,1
624787180,941.2224,471.668,982.6675,452.9149,1
624787197,944.4202,471.668,977.0222,489.8682,1
624787214,946.7003,471.6504,964.0692,481.455,1
624787230,947.7541,469.3117,944.7161,442.8962,1
624787248,949.3727,468.3466,958.1979,465.2371,1
624787265,951.2818,466.9593,966.1243,452.8376,1
624787281,953.4384,466.4699,973.2188,467.4299,1
624787298,955.2101,465.4943,970.1385,458.44,1
624787315,955.385,465.4825,943.958,474.7042,1
624787331,955.5638,465.3191,949.7541,469.4445,1
624787348,955.5638,464.4832,943.3701,448.2691,1
624787365,956.0105,464.4832,954.3074,478.9721,1
624787381,956.1443,462.4196,948.6897,434.856,1
624787398,956.9625,461.7649,964.4987,456.2401,1
624787414,957.7336,461.7649,963.9291,465.1565,1
624787431,957.7336,461.7649,954.789,462.0172,1
624787448,957.7336,462.1587,951.7251,478.8145,1
624787464,957.7336,462.1587,943.346,468.3677,1
624787481,957.7698,462.1587,964.033,478.6379,1
624787498,958.015,462.1587,966.8365,424.7705,1
624787514,958.015,462.1587,954.5856,475.7526,1
624787531,958.9607,462.6725,974.4296,470.2126,1
624787547,958.9607,463.2982,984.1335,471.8093,1
624787564,958.9607,463.9344,961.437,474.3468,1
624787581,957.54,463.9344,906.8012,482.2898,1
624787597,953.8317,463.9344,895.0695,438.8258,1
624787614,949.9567,463.6667,890.6132,459.3292,1
624787631,945.7709,462.9192,886.2445,448.2876,1
624787647,941.0574,460.4845,875.9426,417.4477,1
624787664,936.3015,460.4845,873.7531,454.9429,1
624787681,933.2797,460.4845,903.5166,473.9391,1
624787697,928.7627,461.1132,874.5266,476.6172,1
624787714,924.5041,461.1132,875.2422,477.4803,1
624787731,921.374,461.1132,890.4142,454.9775,1
624787747,918.5139,460.9617,893.9932,451.4591,1
624787764,915.7549,460.9617,893.7147,451.2801,1
624787780,913.7444,460.9617,904.4335,462.5311,1
624787797,911.4127,460.9617,895.3599,488.1362,1
624787814,909.4142,460.9617,895.4497,460.0701,1
624787830,909.4142,460.9617,868.8564,433.3357,1
624787847,909.4142,460.9617,959.3958,455.9058,1
624787864,910.6912,461.5928,970.3007,492.3901,1
624787880,914.2152,461.5928,981.9004,476.2966,1
624787897,917.9581,461.5928,985.6261,450.7177,1
624787913,920.9982,460.9753,971.9657,443.0844,1
624787930,925.1967,459.4641,990.4387,435.1019,1
624787947,928.6929,458.4336,977.7734,445.0393,1
624787963,931.4628,458.4336,964.7129,450.3258,1
624787980,934.0983,458.4336,965.4434,466.5611,1
624787997,936.2853,458.4336,958.9301,471.6384,1
624788013,939.9933,458.282,985.5179,450.4365,1
624788030,942.7255,457.4855,972.316,446.878,1
624788047,944.7455,456.7823,962.6874,448.3052,1
624788063,947.3628,456.3642,972.7229,453.1138,1
624788080,950.3757,455.8638,976.5326,452.0115,1
624788097,953.3222,455.325,977.5527,446.3922,1
624788113,954.7491,454.7502,954.1519,447.8806,1
624788130,956.782,453.0418,967.7722,426.6839,1
624788146,957.95,452.1083,955.0667,436.8333,1
624788163,957.95,450.5338,939.3451,429.4953,1
624788180,957.95,448.7727,950.2271,427.504,1
624788196,957.95,448.4839,930.0332,452.4002,1
624788213,957.95,448.238,963.5889,452.1482,1
624788230,957.95,447.4148,949.1141,438.7811,1
624788246,955.187,442.7154,891.7347,370.1866,1
624788263,951.7384,433.8079,892.6206,295.9924,1
624788279,948.9452,427.2417,905.7852,336.5481,1
624788296,946.4316,419.1089,909.7784,309.6382,1
624788313,943.7031,411.391,905.8179,310.9454,1
624788329,940.5864,405.823,895.7696,342.5042,1
624788346,937.1049,398.3321,897.9423,307.9601,1
624788363,933.2968,390.5834,891.0486,303.0513,1
624788379,929.558,385.3951,890.7576,340.9708,1
624788396,926.8012,380.6353,905.2365,340.7418,1
624788413,923.0617,375.3828,883.5771,326.4946,1
624788429,919.1541,369.3185,879.485,306.5983,1
624788446,916.415,364.3513,895.1614,321.6871,1
624788463,913.9871,357.682,896.0066,287.2068,1
624788479,908.8677,348.218,846.1125,234.5652,1
624788496,730.5022,196.7316,730.5022,196.7316,0
624788512,714.3391,177.2222,714.3391,162.7318,0
624788529,711.9925,177.2222,709.6519,170.9676,0
624788546,700.4634,177.2222,677.5636,197.8042,0
624788562,698.9367,177.2222,690.526,174.8613,0
624788579,698.9367,177.2222,698.8333,189.0097,0
624788596,698.9367,173.8532,703.5159,146.4912,1
624788612,700.7332,173.8532,711.2773,175.0173,1
624788629,702.2323,172.199,712.192,156.6762,1
624788646,702.2323,172.199,712.8674,157.8727,1
624788662,702.2323,172.199,699.6536,191.7278,1
624788680,702.2323,172.199,681.4441,180.724,1
624788696,702.2323,172.1807,711.7441,151.7869,1
624788713,702.2323,172.1807,723.3076,169.2364,1
624788730,702.2323,172.1807,682.8102,187.4715,1
624788746,703.2573,172.1807,715.8557,173.2495,1
624788763,704.412,172.1807,718.1963,158.3624,1
624788780,705.147,172.1807,713.6506,169.3821,1
624788796,705.147,172.1807,715.2095,191.9197,1
624788813,705.147,172.063,697.7396,166.0477,1
624789495,647.8012,142.9627,1620.8098,130.3611,0
624789678,617.4281,142.9627,1273.8701,33.0937,0
624789711,617.4281,142.9627,892.8506,533.7807,0
624789728,617.4281,221.8658,889.0778,527.4237,0
624789744,882.5969,526.4979,894.9985,538.2393,0
624789761,882.5969,526.4979,882.5969,533.0791,0
624789778,889.306,526.4979,897.741,519.9333,0
624789794,889.306,526.4979,903.431,525.2466,0
624789811,889.306,526.4979,873.4244,516.031,0
624789827,890.3147,527.9076,895.0059,555.8952,0
624789844,890.3147,527.9076,889.6473,517.1514,1
624789861,892.7318,530.4753,906.7014,548.3524,1
624789877,892.9226,530.4753,898.0225,527.0812,1
624789894,892.9226,530.4753,888.624,531.0911,1
624789911,892.9226,530.4753,895.8257,532.9948,1
624789928,892.5418,530.4753,885.7623,522.7274,1
624789944,892.532,530.7103,873.443,536.6378,1
624789961,892.532,530.8696,899.306,532.269,1
624789977,892.532,532.4434,904.3663,571.1484,1
624789994,892.532,532.4434,884.6418,537.9009,1
624790011,892.532,532.4434,891.4402,504.1507,1
624790027,892.6232,526.9614,902.1265,455.9684,1
624790044,892.8744,520.5686,895.9375,437.5287,1
624790061,894.0128,513.4636,909.2987,421.0641,1
624790077,895.1529,506.2946,910.3024,413.8264,1
624790095,896.0686,499.7924,907.7551,418.0954,1
624790112,896.6029,493.553,902.4625,416.8009,1
624790128,897.9737,488.0994,916.4806,424.2837,1
624790145,898.0889,482.5604,898.0761,418.1571,1
624790162,898.0889,475.9456,897.1628,395.481,1
624790178,898.0889,471.8063,892.4386,431.8986,1
624790195,898.0889,466.645,892.1235,410.1451,1
624790211,898.0889,462.4547,924.5582,422.0707,1
624790228,898.0889,458.4821,924.9843,421.3207,1
624790245,897.9616,450.3218,841.4589,343.8344,1
624790261,771.6429,186.0153,754.0326,186.0153,0
624790278,771.6429,167.0453,771.6429,167.0453,0
624790295,761.0129,164.7064,750.41,158.8243,0
624790311,758.7558,164.7064,754.3238,168.2581,0
624790328,754.6771,163.6127,736.1469,154.3301,0
624790344,754.6771,163.6127,748.6677,161.0335,0
624790361,754.6771,163.6127,767.5375,172.21,1
624790378,754.6771,165.5987,749.0957,177.0188,1
624790394,754.6771,166.5369,753.8635,172.5359,1
624790411,754.6771,166.5998,768.1637,166.709,1
624790428,754.6771,166.6757,745.0035,172.2912,1
624790444,754.6771,166.6757,762.2249,173.8748,1
624790461,754.6771,166.6757,745.6721,153.5155,1
624790478,754.6917,168.5769,761.4244,188.3625,1
624790494,754.6917,168.9879,752.4774,175.3822,1
624790511,754.6917,168.9879,761.5584,174.5627,1
624790528,754.6917,168.9879,738.0739,159.1138,1
624790544,755.1417,171.3213,775.0317,200.6315,1
624790561,755.1417,171.6133,750.5981,194.9359,1
624790577,755.5914,171.6133,761.8831,148.7016,1
624790594,755.5914,171.6133,754.8447,177.4641,1
624790611,755.5914,171.0968,757.9944,154.8987,1
624790627,754.4274,169.6263,733.9415,146.9474,1
624790644,753.9949,169.6263,747.8883,164.7924,1
624790661,753.9949,169.6263,749.9755,173.1917,1
624790677,753.9949,170.4174,746.2201,185.0193,1
624790694,754.319,171.0857,779.5096,181.4449,1
624790710,754.319,171.8148,748.2762,182.8089,1
624790727,754.6888,173.1268,778.7841,193.1763,1
624790744,754.6888,174.7728,736.7521,199.5078,1
624790760,754.745,177.3129,769.4617,215.7685,1
624790777,754.745,179.8748,742.5985,215.8145,1
624790794,755.4329,180.2878,766.0598,178.3008,1
624790810,756.6268,181.0881,775.4019,186.9878,1
624790827,764.5158,189.3784,890.4211,316.994,1
624790844,930.8474,375.201,930.8474,381.6734,0
624790860,942.7924,375.201,950.3677,375.201,0
624790877,942.7924,375.8522,937.0065,388.8857,0
624790893,942.7924,375.8522,941.0653,370.1983,0
624790910,942.3671,375.8522,936.733,369.2267,0
624790927,942.3671,375.8522,946.8334,357.5667,0
624790943,940.183,375.8522,929.5959,378.9637,1
624790960,938.7306,378.8461,930.5333,411.4011,1
624790977,937.6205,381.4552,929.668,398.4401,1
624790993,937.6205,381.5501,938.9722,393.0693,1
624791010,934.217,381.5501,906.3328,377.0586,1
624791027,933.7563,381.5501,930.6611,373.2408,1
624791043,799.0463,204.8734,799.0463,204.8734,0
624791060,756.2252,175.1346,750.6459,155.4101,0
624791076,756.2252,175.1346,758.9885,169.58,0
624791093,756.2252,175.1346,758.9912,200.1992,0
624791110,751.8095,180.282,738.6772,195.3161,0
624791126,747.9638,180.282,732.9617,194.8823,0
624791143,744.548,180.282,728.2164,166.3019,1
624791160,744.0092,180.282,731.8439,165.0194,1
624791176,744.0092,180.282,754.1134,196.142,1
624791193,740.6168,180.282,715.6326,168.7951,1
624791210,736.6258,180.4062,704.4336,216.3726,1
624791226,736.6258,180.4062,729.9437,174.9126,1
624791243,736.6258,180.4062,738.4365,159.0379,1
624791259,737.6664,179.6409,758.3981,165.5366,1
624791276,738.5833,179.6409,749.851,181.4147,1
624791293,738.9487,179.6409,743.8427,184.3194,1
624791309,742.6547,177.4442,788.7482,150.5279,1
624791326,985.8711,147.1021,985.8711,62.6604,0
624791343,1157.0029,147.1021,1177.8704,147.1021,0
624791359,1157.0029,134.9731,1138.5078,114.6612,0
624791393,1157.0029,134.9731,1154.7953,143.2274,0
624791409,1158.3799,134.9731,1166.5928,126.76,0
624791426,1158.3799,134.9731,1166.9539,146.0514,0
624791442,1158.3799,131.3591,1145.9929,110.9172,1
624791459,1158.1541,131.3591,1152.6113,116.2304,1
624791476,1158.1541,131.3591,1158.5585,137.0437,1
624791492,1158.1541,131.3591,1162.4133,145.821,1
624791510,1158.024,129.8645,1157.0474,113.1025,1
624791527,1156.9298,129.3415,1147.0984,124.9907,1
624791543,1156.1764,127.7872,1146.2197,113.0161,1
624791560,1156.1764,126.2232,1159.6569,110.675,1
624791577,1156.1764,125.1701,1154.853,108.8771,1
624791593,1156.3201,125.1701,1160.3156,132.6823,1
624791610,1158.7714,125.1701,1189.3872,121.9004,1
624791626,1160.3694,125.1701,1180.1566,135.5907,1
624791643,1162.6025,125.1701,1190.8784,100.8262,1
624791676,1165.326,129.4417,1200.2438,210.6539,1
624791710,1249.6929,765.6974,1260.0529,765.6974,0
624791743,1249.6929,850.0327,1249.6929,853.1042,0
624791759,1249.6929,850.0327,1260.3815,857.2504,0
624791776,1246.4854,850.0327,1229.4495,839.7932,0
624791793,1243.6639,851.6288,1235.4022,871.9929,0
624791809,1238.4678,851.6288,1218.2594,840.2828,0
624791826,1235.666,851.6288,1217.9775,847.5747,1
624791843,1235.666,850.6572,1240.7815,845.161,1
624791859,1235.6189,849.1118,1229.7096,839.0313,1
624791876,1235.6189,846.2368,1242.3341,825.0577,1
624791893,1235.6189,846.2368,1234.4387,834.3801,1
624791909,1235.6189,846.2368,1241.0005,848.4149,1
624791926,1235.6189,846.2368,1229.0869,863.681,1
624791943,1235.6189,845.4445,1229.3765,832.291,1
624791959,1236.3706,843.7725,1255.3772,823.9931,1
624791976,1236.7336,843.7725,1240.9683,847.0675,1
624791992,1237.995,842.8405,1256.1687,832.5923,1
624792009,1237.995,836.8023,1234.3976,760.6974,1
624792026,1237.995,832.6605,1248.0994,781.7647,1
624792042,1236.9546,830.1666,1211.0894,802.0151,1
624792059,1235.9573,827.5283,1221.7965,797.264,1
624792076,1235.8932,824.1089,1220.3381,782.5256,1
624792092,1235.8932,820.9114,1242.5105,782.9645,1
624792109,1235.8932,817.7467,1245.4719,780.6094,1
624792126,1235.8932,814.5587,1230.0269,777.3971,1
624792142,1236.3357,811.9169,1249.8374,783.6593,1
624792159,1236.5988,808.8161,1252.5227,773.3474,1
624792176,1236.5988,806.1523,1224.5398,778.0154,1
624792192,1236.7454,803.9682,1238.9176,783.6205,1
624792209,1236.8306,800.538,1237.8989,759.5482,1
624792226,1237.7268,799.0098,1252.0924,789.858,1
624792242,1237.9218,795.8441,1241.2302,764.4814,1
624792259,1238.9093,794.9996,1264.9858,802.3989,1
624792275,1238.9093,793.3864,1247.4805,784.2765,1
624792292,1238.9093,790.1736,1215.8962,757.067,1
624792309,1237.847,788.5389,1213.8999,778.374,1
624792325,1237.847,788.0142,1238.574,795.9801,1
624792342,1237.0475,786.7237,1224.4177,779.9517,1
624792359,1237.0475,786.7237,1208.8976,776.3719,1
624792375,1237.0475,786.7237,1262.6753,784.7153,1
624792392,1238.7531,786.8955,1271.2202,833.0499,1
624792408,1242.1176,788.7196,1296.7891,827.0306,1
624792425,1245.08,791.3201,1288.774,840.7133,1
624792442,1247.8347,794.0963,1285.8142,839.4146,1
624792458,1249.8879,797.7908,1277.0651,854.3065,1
624792475,1252.2274,799.5907,1281.2682,823.8736,1
624792492,1255.5112,802.6198,1300.3412,844.1262,1
624792508,1255.5468,807.1049,1260.3501,863.0872,1
624792525,1255.5468,809.9238,1286.3462,838.4127,1
624792542,1255.5468,814.3632,1183.543,870.8474,1
624792558,865.7299,885.1125,865.7299,885.1125,0
624792575,570.6157,899.0583,570.6157,899.0583,0
624792591,546.8367,903.9935,523.1184,915.6038,0
624792608,534.1411,903.9935,509.0312,898.0703,0
624792625,526.4502,903.9935,503.9594,903.2321,0
624792641,524.4382,903.9935,517.0746,888.3936,0
624792658,506.9659,903.9935,496.8817,909.3295,0
624792674,506.9659,892.3904,502.5815,882.4397,0
624792691,506.9659,892.3904,511.3391,891.0358,0
624792708,506.9659,892.3904,511.7969,903.5912,0
624792725,503.981,882.3483,490.2689,852.4706,0
624792741,502.9198,879.2285,492.1372,854.7763,0
624792758,502.9198,879.2285,509.7564,866.8795,1
624792774,500.8161,879.2285,488.7725,904.5054,1
624792791,499.0164,881.3577,487.3456,895.6663,1
624792808,499.0164,881.9606,493.7178,898.2162,1
624792824,499.0164,881.9606,493.5903,903.6373,1
624792841,506.1894,881.9606,583.6047,848.0609,1
624792858,798.2133,702.1948,798.2133,702.1948,0
624792874,906.4703,613.2346,916.4708,598.6017,0
624792891,906.4703,613.2346,896.4952,618.5286,0
624792908,906.4703,613.2346,917.2184,622.4382,0
624792925,901.447,616.5896,875.9344,653.2045,0
624792942,894.3447,616.5896,866.7235,626.0005,0
624792958,889.3428,616.5896,865.6157,580.2589,1
624792975,888.5985,616.5896,877.4146,620.441,1
624792992,888.5985,614.0992,878.2875,593.91,1
624793008,888.5985,612.3044,908.5453,599.2956,1
624793025,887.8808,611.1526,873.7098,602.3185,1
624793042,887.8808,611.0942,897.6402,602.3159,1
624793058,885.6987,611.0942,864.9733,621.1917,1
624793075,884.8215,611.0054,876.8573,602.7313,1
624793092,884.8215,611.0054,871.3325,616.9515,1
624793108,884.8215,611.0054,887.9874,614.6705,1
624793125,885.0988,610.0411,902.6684,598.7434,1
624793141,887.7786,603.3344,923.0615,518.0372,1
624793158,902.7651,469.0509,902.7651,389.7938,0
624793175,931.5837,469.0509,931.5837,446.3791,0
624793191,934.7458,469.0509,942.8918,491.6649,0
624793208,934.7458,470.848,933.5077,475.0014,0
624793225,934.7458,470.848,931.0076,480.3377,0
624793241,932.1148,470.848,921.8179,460.4168,0
624793258,930.0629,466.4451,920.2427,444.9598,1
624793274,928.718,460.215,921.254,424.4854,1
624793291,926.9193,457.4319,915.3717,435.4405,1
624793308,925.3495,457.4319,914.2111,462.9616,1
624793324,924.93,457.4319,922.3137,446.3674,1
624793341,924.93,457.4319,914.6433,452.7535,1
624793358,924.93,457.4483,923.6547,476.9946,1
624793374,926.6588,457.4483,958.8634,470.3962,1
624793391,941.4101,457.4483,1106.2654,445.4678,1
624793407,1170.4651,457.4483,1172.0162,492.7208,0
624793424,1170.4651,446.5708,1170.4651,445.9489,0
624793441,1173.426,446.5708,1176.3795,445.8659,0
624793457,1178.4036,446.5708,1196.0251,447.8896,0
624793474,1178.4036,450.7981,1170.5884,463.3204,0
624793491,1178.4036,453.3462,1195.2596,463.2103,0
624793507,1178.4036,453.8441,1168.1777,456.0074,1
624793524,1178.2946,456.3549,1170.3196,470.5691,1
624793541,1178.2946,457.0034,1161.7607,460.7945,1
624793557,1178.2946,458.2357,1195.6761,466.8981,1
624793574,1178.0624,460.3318,1176.126,477.0083,1
624793591,1178.0015,460.807,1177.4886,477.0884,1
624793607,1176.7632,460.807,1164.6458,446.5485,1
624793624,1176.374,461.0294,1172.6769,462.3234,1
624793640,1175.514,461.3288,1164.7511,463.6396,1
624793657,1175.514,461.4423,1177.9473,489.6587,1
624793674,1175.4076,461.4423,1174.2056,446.9593,1
624793690,1175.4076,461.4423,1168.8274,446.3529,1
624793707,1175.4076,461.9563,1183.9431,468.2365,1
624793724,1174.4137,463.0505,1161.2693,477.3774,1
624793740,1174.4137,464.2028,1170.8054,480.3452,1
624793757,1174.4137,464.2028,1173.4597,461.3339,1
624793773,1175.4243,464.2028,1197.7981,470.1358,1
624793790,1175.7468,464.2028,1180.6539,459.5834,1
624793807,1175.7517,464.1604,1175.5725,457.9814,1
624793823,1183.2148,459.3897,1299.6708,383.7865,1
624793840,1319.8599,210.07,1319.8599,210.07,0
624793973,1368.3643,1.0726,1361.4547,10.8228,1
624793973,1368.3643,1.0726,1361.4547,10.8228,1
