timstamp,smoothx,smoothy,rawx,rawy,fixation
624653859,992.798,456.5169,991.9408,476.2131,1
624653876,992.5148,455.9217,989.2517,449.1789,1
624653892,993.1243,455.9353,999.1652,455.3898,1
624653909,993.9369,456.062,1002.4762,456.8163,1
624653926,988.3248,456.3514,921.4271,459.0933,1
624653942,977.8483,456.7204,850.0798,460.5374,1
624653959,968.2021,456.1321,850.264,447.7187,1
624653976,960.0905,454.6824,862.3359,434.8524,1
624653992,953.3197,453.987,874.0636,444.7338,1
624654009,945.8455,451.9534,856.7173,423.8476,1
624654026,940.0845,451.2923,876.3223,443.6017,1
624654042,934.2391,450.5896,869.3124,442.3673,1
624654059,927.8595,449.5825,855.0356,436.854,1
624654075,921.8403,448.7856,855.0472,439.5353,1
624654092,916.3762,447.1821,858.5914,425.4492,1
624654109,910.4129,446.4401,844.7452,438.9259,1
624654125,905.3575,445.7264,854.5464,438.6975,1
624654142,900.1418,446.2849,846.436,459.8373,1
624654160,896.9313,446.0664,875.7369,446.0579,1
624654176,892.0609,446.6785,841.92,460.0208,1
624654193,885.1624,448.4916,812.3081,481.6546,1
624654210,771.9449,590.5499,771.9449,590.5499,0
624654226,784.4774,537.1417,784.4774,537.1417,0
624654243,832.3314,522.289,880.0634,507.4741,0
624654259,867.5439,504.9886,937.2795,470.6827,0
624654276,883.319,498.3365,929.3163,478.9502,0
624654293,893.8772,493.7825,934.0912,476.4364,0
624654309,900.4216,493.2648,930.5402,491.4822,1
624654326,907.7158,492.9008,947.7183,491.5445,1
624654343,907.8144,493.7158,905.7108,499.8902,1
624654359,912.0079,493.8788,940.8481,495.7032,1
624654376,912.2819,490.9731,911.3818,467.3293,1
624654393,912.2884,489.7403,909.3135,479.6003,1
624654409,903.239,502.5757,811.4705,630.0386,1
624654426,555.7496,974.7997,555.7496,974.7997,0
624655158,886.35,431.3015,886.35,431.3015,0
624655241,852.4211,400.4844,852.4211,400.4844,0
624655258,863.8001,437.6076,875.1501,474.6362,0
624655274,858.915,433.0296,849.149,423.7437,0
624655291,855.3036,432.6216,844.6141,431.2963,0
624655308,856.0302,435.3211,859.0067,445.8164,0
624655324,855.5784,440.2791,853.4681,464.1601,1
624655341,856.589,436.1597,862.5426,411.7904,1
624655358,858.5799,436.2096,871.844,436.3962,1
624655374,857.2814,436.5943,847.2808,439.343,1
624655391,858.8819,435.3122,872.1672,424.4555,1
624655408,860.1099,435.2406,870.927,434.6757,1
624655424,861.073,433.4898,869.9088,416.3883,1
624655441,861.2089,434.5246,861.7701,446.0151,1
624655457,861.5662,436.571,864.693,459.6801,1
624655474,862.5015,439.8109,872.584,477.4677,1
624655491,862.6755,440.6649,863.5775,449.4187,1
624655507,863.3447,442.7849,870.7264,467.988,1
624655524,862.8184,443.8279,854.3502,454.7907,1
624655541,864.1743,441.9756,881.8154,413.1632,1
624655557,865.1279,442.1435,876.9518,442.5427,1
624655575,864.6155,443.59,855.0647,462.7333,1
624655591,864.3732,443.9608,859.1997,446.8781,1
624655608,865.5042,443.993,881.4126,441.9104,1
624655625,870.4773,450.6737,945.2676,551.3313,1
624655641,875.0547,458.6395,941.393,576.3532,1
624655658,879.801,466.7819,946.7852,583.5535,1
624655675,885.1212,475.0119,959.217,589.4268,1
624655691,889.65,481.6973,948.5779,567.4604,1
624655708,894.694,488.041,960.3369,565.8345,1
624655725,899.7383,494.1682,963.4567,566.4603,1
624655741,904.8456,500.9598,962.5712,572.5545,1
624655758,908.9818,506.948,951.2172,571.0829,1
624655775,912.6995,513.437,944.4923,578.9662,1
624655791,917.2639,519.3903,962.5566,575.7582,1
624655808,921.5197,525.6451,962.5819,587.9581,1
624655825,925.2172,532.3491,956.1742,603.1055,1
624655841,928.5863,537.4446,955.4103,575.2101,1
624655858,931.7049,543.6715,955.9261,603.7581,1
624655874,935.3977,548.0368,967.2695,577.5955,1
624655891,938.7061,553.3607,967.2496,598.7635,1
624655908,941.7247,558.2685,965.8351,598.6516,1
624655924,944.8358,560.4802,971.0981,555.699,1
624655941,942.6312,553.0677,881.3247,396.8555,1
624655958,836.4377,325.3103,836.4377,325.3103,0
624655974,860.1481,344.7737,860.1481,344.7737,0
624655991,862.1583,332.2836,864.1633,319.8253,0
624656007,852.9487,330.8902,834.6364,328.1841,0
624656024,853.74,334.1001,856.2148,343.6995,0
624656041,857.5939,335.0344,872.8215,338.6863,0
624656057,856.5753,335.427,851.5316,337.2745,1
624656074,857.2955,336.9859,861.4406,345.8992,1
624656091,856.6066,338.551,851.9314,348.7276,1
624656107,856.114,336.8509,852.4211,323.6485,1
624656124,854.8727,338.5286,844.6312,352.3467,1
624656141,853.7892,335.4241,844.2667,306.7207,1
624656157,854.6915,337.4774,864.1389,357.962,1
624656174,853.5285,336.6113,841.5876,327.2198,1
624656190,853.6497,335.9676,855.6508,328.7958,1
624656207,852.8098,336.3094,843.4762,340.596,1
624656224,852.0347,335.5179,843.3281,325.8636,1
624656240,850.6138,336.451,833.475,348.9167,1
624656257,850.6569,328.8024,852.9725,226.7528,1
624656274,853.9838,315.7249,901.4042,139.5514,1
624656290,855.6278,302.3987,878.4956,124.6069,1
624656307,858.7079,290.4576,902.0454,135.2266,1
624656324,860.9945,278.0747,891.6349,118.606,1
624656340,863.5063,266.2585,896.9131,118.0573,1
624656357,864.9002,254.1656,880.314,104.2278,1
624656373,866.1056,244.2698,878.3718,131.3661,1
624656390,866.9863,232.701,874.0327,94.6752,1
624656407,867.5388,221.2504,869.4702,87.4013,1
624656423,869.5806,211.6375,895.977,109.5606,1
624656440,870.4429,202.5502,876.9576,109.6319,1
624656457,872.0136,192.9849,890.4239,92.2619,1
624656473,873.4349,183.4987,887.7583,100.5925,1
624656490,875.6866,175.9245,903.8736,121.4718,1
624656507,877.3333,169.2433,891.6097,128.2352,1
624656523,879.0542,162.8534,896.8538,125.1718,1
624656540,879.6501,155.933,880.3873,105.677,1
624656557,879.0189,146.521,858.0842,52.6713,1
624656573,879.5594,141.901,880.9606,127.783,1
624656590,880.1179,138.1568,881.4902,134.1573,1
624656606,881.5488,134.1447,898.0007,118.2723,1
624656623,882.1006,129.6832,883.0896,105.5444,1
624656640,892.9901,96.3568,892.9901,96.3568,0
624656656,1061.777,112.6825,1061.777,112.6825,0
624656673,1114.4436,88.6092,1166.9761,64.5973,0
624656706,1128.759,50.7211,1156.9412,-24.4521,0
624656723,1135.8729,55.1999,1156.4847,69.1691,0
624656739,1137.9875,58.6635,1145.6088,72.7989,0
624656756,1147.423,71.2952,1147.423,71.2952,0
624656773,1118.4719,38.0097,1118.4719,38.0097,0
624656789,1126.3955,44.0715,1134.2988,50.1179,0
624656806,1137.2729,38.2231,1158.8494,26.5698,0
624656822,1140.6621,38.977,1150.5057,41.27,0
624656839,1136.8307,41.0556,1121.4943,49.2479,0
624656856,1138.0787,56.5332,1144.0454,131.7291,1
624656872,1150.729,383.3652,1150.729,383.3652,0
624656889,1132.3013,454.4463,1132.3013,454.4463,0
624656906,1136.1906,442.9914,1140.0697,431.5656,0
624656922,1142.1924,445.1135,1154.1002,449.3889,0
624656939,1136.1809,445.3111,1118.2495,445.9218,0
624656956,1131.3035,451.5934,1112.2329,476.2674,0
624656972,1130.016,450.832,1124.0674,446.8367,1
624656990,1129.5417,450.7816,1127.2002,450.2613,1
624657006,1127.0865,452.9064,1111.1714,466.8368,1
624657023,1126.2263,451.9221,1120.5016,444.0492,1
624657040,1124.7628,452.3681,1113.427,455.7789,1
624657056,1123.6476,452.0114,1114.5957,448.3976,1
624657073,1123.5747,451.7956,1124.1501,449.4151,1
624657090,1124.3204,452.3992,1133.3972,458.5751,1
624657106,1125.1169,453.4401,1134.9147,464.7184,1
624657123,1125.3135,453.1685,1128.155,449.276,1
624657140,1124.1549,453.2817,1110.2319,454.1462,1
624657156,1111.3162,455.586,947.0092,484.6887,1
624657173,770.6614,490.8893,770.6614,490.8893,0
624657190,775.7638,489.2291,775.7638,489.2291,0
624657206,769.7255,489.0397,763.7025,488.8507,0
624657223,766.689,486.7842,760.6852,482.3028,0
624657240,768.0893,487.3166,772.3164,488.93,0
624657256,771.7882,488.8702,786.3373,494.986,0
624657273,767.8706,489.7539,748.6683,493.9922,1
624657289,765.0555,488.2192,748.9358,479.2341,1
624657306,767.9246,487.8824,787.4404,485.6764,1
624657323,766.0438,485.8943,751.9503,471.0488,1
624657339,764.8176,485.6107,754.9446,483.6568,1
624657356,765.9258,485.2907,776.5654,482.8256,1
624657373,766.6427,487.7115,773.9531,512.0078,1
624657389,766.5423,487.2459,765.5286,482.1415,1
624657406,766.9133,487.1056,771.1211,485.4841,1
624657423,765.9923,484.5888,755.0576,454.936,1
624657439,766.4066,482.4957,771.8021,457.6661,1
624657456,766.564,484.3961,768.6614,510.7117,1
624657473,767.0953,484.9081,774.1633,492.5615,1
624657489,767.0605,485.3124,766.2747,491.361,1
624657506,767.1948,484.1451,768.8231,467.788,1
624657522,759.3584,487.4595,645.1019,536.4875,1
624657539,752.8988,490.3026,661.5607,531.2086,1
624657556,746.8542,492.4695,663.9116,522.119,1
624657572,740.4171,496.6219,653.412,556.1296,1
624657589,734.5526,498.1342,658.6947,514.627,1
624657606,728.1796,501.9822,646.0917,555.2421,1
624657622,721.9041,506.1011,643.4326,562.088,1
624657639,715.3578,508.8886,634.3635,541.6324,1
624657656,709.1534,512.2308,635.6343,553.339,1
624657672,704.6362,517.5271,660.3162,589.7424,1
624657689,699.2921,520.7322,649.0204,552.8384,1
624657705,693.6163,523.7403,637.1571,551.8915,1
624657722,687.7751,527.6869,629.0802,570.2777,1
624657739,682.4913,532.6666,634.9015,591.9006,1
624657755,678.3925,535.1535,651.5809,552.1274,1
624657772,673.4121,536.6368,626.8047,537.6589,1
624657789,669.0391,538.2278,632.3749,541.1786,1
624657805,664.5197,540.4877,628.619,556.7355,1
624657822,660.1934,541.8705,622.7998,543.042,1
624657838,657.6803,542.2052,649.7098,529.2161,1
624657855,655.4612,543.3162,652.1108,545.4369,1
624657872,651.9421,541.7823,624.2227,504.8425,1
624657888,649.2599,544.0124,633.2925,569.3065,1
624657905,646.2648,543.9578,624.0656,531.9272,1
624657922,643.1715,545.3938,616.5405,556.7244,1
624657938,640.6572,546.3336,624.5565,550.484,1
624657955,638.4639,546.3538,625.9984,541.6906,1
624657972,635.6874,547.1459,612.8369,554.219,1
624657988,634.2099,547.5421,631.2625,548.2518,1
624658005,633.9787,546.8865,650.1437,528.4994,1
624658021,633.1293,548.5364,624.0894,576.726,1
624658038,632.8337,550.068,634.6385,574.1228,1
624658055,631.7955,550.1469,620.9601,548.0699,1
624658071,631.281,549.8278,628.0652,544.9144,1
624658088,630.683,549.1293,626.3636,533.9391,1
624658105,629.9685,549.17,622.2381,551.3103,1
624658121,633.2184,551.7264,690.4615,595.5812,1
624658138,898.6315,579.4805,898.6315,579.4805,0
624658155,941.4187,605.333,941.4187,605.333,0
624658171,942.6077,601.2292,943.7937,597.1359,0
624658188,944.0224,607.0482,946.8279,618.633,0
624658205,937.212,607.7507,916.9944,609.7659,0
624658221,937.1017,601.8727,936.8457,578.7168,0
624658238,935.8409,601.7976,929.8881,601.6373,1
624658254,935.3655,600.7015,932.885,594.5768,1
624658271,935.0212,603.1738,933.0303,619.9421,1
624658288,936.6815,603.4061,949.4786,605.1216,1
624658304,937.6986,606.1181,946.2005,628.6129,1
624658321,937.4521,606.4225,935.0377,608.5756,1
624658338,939.3455,606.6559,957.84,608.2857,1
624658354,939.9109,608.7845,945.2156,630.483,1
624658371,940.0632,609.5056,940.9662,616.2205,1
624658388,939.4687,609.5966,931.6513,609.146,1
624658405,939.0047,610.2729,932.758,617.1639,1
624658422,937.6037,609.6923,919.3101,600.5795,1
624658438,937.7959,609.7654,940.7979,609.5164,1
624658455,937.4526,608.512,933.0502,590.1031,1
624658472,939.0334,608.61,961.9534,609.694,1
624658488,939.9987,609.0962,953.5667,615.8757,1
624658505,940.0298,609.3175,939.4579,612.0876,1
624658522,940.9885,610.7095,954.5326,631.2251,1
624658538,943.4346,619.7971,979.5755,758.3951,1
624658555,947.025,630.4161,999.9803,788.6036,1
624658572,950.7975,639.8452,1004.938,773.9945,1
624658588,953.5042,649.2671,988.7976,778.9554,1
624658605,955.9334,657.9275,985.7342,771.15,1
624658622,958.3918,665.6641,987.9306,760.4441,1
624658638,960.922,674.1573,990.9487,778.9426,1
624658655,964.2681,681.7784,1004.8237,761.7224,1
624658671,967.7732,690.6027,1009.6683,787.4234,1
624658688,970.9117,697.2535,1005.6019,757.8384,1
624658705,973.5184,703.1155,995.5016,749.3762,1
624658721,976.8128,708.6246,1012.2262,746.6277,1
624658738,1169.5825,735.5448,1169.5825,735.5448,0
624658754,1268.1606,599.411,1268.1606,599.411,0
624658771,1274.6594,614.0363,1281.1416,628.6241,0
624658788,1270.2943,640.8288,1261.5862,693.9996,0
624658821,1262.9215,651.037,1241.0979,680.8237,0
624658838,1291.2771,635.429,1402.8152,573.4017,0
624658854,1285.689,649.3281,1257.366,716.9366,1
624658871,1282.3962,659.1573,1262.6685,714.938,1
624658888,1298.12,644.6415,1402.4487,546.0699,1
624658904,1312.9513,633.701,1421.8962,551.6245,1
624658921,1309.0089,641.4068,1271.4688,707.4034,1
624658938,1301.4443,649.1019,1228.9209,719.37,1
624658954,1296.5024,653.7198,1246.2339,697.5452,1
624658971,1292.6106,657.0754,1251.5146,689.6057,1
624658987,1288.4637,660.3871,1243.3325,693.6855,1
624659004,1286.2356,664.2925,1262.7166,705.6191,1
624659021,1284.1184,667.7065,1261.5347,703.9027,1
624659037,1280.7659,670.6488,1241.979,701.4647,1
624659054,1279.1622,672.6732,1263.4851,691.7639,1
624659071,1278.8547,675.6989,1280.8047,709.069,1
624659087,1277.4408,678.4126,1263.2935,707.6097,1
624659104,1260.6304,710.3621,1260.6304,710.3621,0
624659121,1242.6965,699.0116,1242.6965,699.0116,0
624659137,1266.7994,710.6171,1290.8408,722.1931,0
624659154,1267.8259,711.8865,1269.7439,714.3505,0
624659170,1268.4344,701.3461,1270.103,670.0205,0
624659187,1267.9685,698.9729,1265.9896,689.8997,0
624659204,1268.6428,700.5803,1271.8008,708.7486,1
624659220,1268.9528,699.5879,1270.5784,694.082,1
624659237,1267.2449,697.8436,1255.688,686.5441,1
624659254,1267.2604,690.6744,1267.4238,637.3837,1
624659270,1266.3728,684.8499,1259.0358,638.0724,1
624659287,1268.3341,678.6718,1286.4012,625.2627,1
624659304,1267.9539,675.6168,1263.9709,649.7078,1
624659320,1267.2915,672.2547,1260.1964,641.6248,1
624659337,1265.7687,670.9465,1248.8521,661.8573,1
624659353,1264.5062,669.77,1250.2822,661.5283,1
624659370,1264.1659,668.9253,1261.0912,664.158,1
624659387,1263.217,665.9575,1252.2212,633.3365,1
624659403,1261.2733,662.5917,1236.9315,624.1603,1
624659420,1260.6089,662.5668,1253.9485,669.8439,1
624659437,1260.1858,660.5507,1256.8624,638.8601,1
624659453,1259.9174,660.9304,1258.7192,673.807,1
624659470,1259.0719,660.8009,1249.1365,665.1736,1
624659487,1259.2855,660.8316,1265.4512,666.8905,1
624659503,1258.9463,660.2463,1256.1855,656.0326,1
624659520,1379.4141,503.6827,1379.4141,503.6827,0
624659536,1259.9116,624.8224,1259.9116,624.8224,0
624659553,1263.5118,636.9399,1267.103,649.0265,0
624659570,1259.4906,638.5539,1251.4807,641.7,0
624659586,1255.2397,641.981,1242.6807,652.0566,0
624659603,1260.4038,642.1338,1280.8396,642.5482,0
624659620,1262.4523,643.4485,1272.3242,649.6547,1
624659636,1268.0551,645.7453,1300.1742,658.7347,1
624659653,1269.9548,644.7675,1281.8113,637.7643,1
624659670,1273.0879,645.8322,1295.5933,653.4814,1
624659686,1273.9132,648.6341,1279.2944,671.4481,1
624659703,1275.2341,646.4725,1285.6677,625.78,1
624659719,1265.7621,654.8724,1170.8516,736.9838,1
624659736,1258.2018,662.9085,1179.6124,744.6979,1
624659753,1188.626,766.5769,1188.626,766.5769,0
624659769,1179.9019,736.9365,1179.9019,736.9365,0
624659786,1182.6677,746.3328,1185.4265,755.7052,0
624659803,1179.2836,752.4097,1172.5441,764.4388,0
624659820,1177.5928,751.9435,1172.6174,750.4224,0
624659837,1178.9843,751.2664,1184.5327,748.4883,0
624659854,1180.142,746.9288,1185.7886,725.7518,1
624659870,949.7139,510.9869,949.7139,510.9869,0
624659887,757.2103,351.0306,757.2103,351.0306,0
624659903,742.2802,326.5984,727.3882,302.2285,0
624659920,729.7345,310.9112,704.8778,279.8595,0
624659937,721.0371,306.9977,695.5162,295.7539,0
624659953,721.4045,307.1591,723.364,308.2594,0
624659970,706.6024,307.7364,706.6024,307.7364,0
624659987,711.7135,303.7201,711.7135,303.7201,0
624660003,720.8284,304.4387,729.9202,305.1555,0
624660020,711.592,309.0146,693.1902,318.1046,0
624660037,706.4099,300.0739,691.1407,273.4958,0
624660053,704.4969,302.928,697.2368,314.3255,0
624660070,705.4333,301.9913,710.322,297.4875,1
624660086,713.6884,293.1816,761.6178,242.4225,1
624660219,904.6949,9.5733,904.6949,9.5733,0
624660752,877.5554,451.5751,877.5554,451.5751,0
624660769,978.0128,523.4923,978.0128,523.4923,0
624660785,980.0787,532.1829,982.1393,540.8513,0
624660802,978.465,535.0024,975.2476,540.5615,0
624660818,974.8647,533.0781,964.2053,527.2876,0
624660835,976.7755,534.0847,984.3956,538.009,0
624660852,981.6689,535.6592,1005.4893,543.2419,1
624660868,982.2923,539.1874,985.5596,559.3774,1
624660885,980.8363,538.5218,970.7563,533.5583,1
624660902,978.0955,536.9356,957.3392,524.6041,1
624660918,976.5915,537.2434,964.3607,539.6632,1
624660935,975.9856,539.7838,971.0525,562.7005,1
624660952,977.053,540.5561,988.2477,547.3682,1
624660968,976.8977,539.6465,975.6312,529.126,1
624660985,978.1548,538.6132,992.5944,526.4722,1
624661002,979.1097,539.7897,990.2652,553.4761,1
624661018,978.0506,541.7172,964.4988,564.8921,1
624661035,977.2979,542.9454,967.6232,557.3275,1
624661051,977.0859,542.3668,974.6255,532.7462,1
624661068,976.9104,542.8848,974.9434,548.5787,1
624661085,977.035,543.2949,979.3132,547.5114,1
624661101,976.8934,542.8325,975.2272,534.4226,1
624661118,977.3656,542.2316,984.8246,532.0864,1
624661135,977.4651,543.9193,979.0573,568.8301,1
624661151,977.0219,544.6622,970.178,554.3868,1
624661168,977.9678,545.6566,993.061,559.1454,1
624661184,978.8261,548.0338,991.973,583.1147,1
624661201,978.2412,547.9119,967.767,541.8125,1
624661218,979.3466,547.6751,996.6742,540.2207,1
624661235,979.899,548.2482,987.4999,554.5865,1
624661252,979.5163,547.3353,971.4713,529.219,1
624661269,978.5078,546.5488,960.522,529.2952,1
624661285,975.515,543.9603,926.4618,500.2544,1
624661302,972.683,540.9709,928.4466,493.3866,1
624661319,969.795,538.7502,926.071,505.3126,1
624661335,966.5851,535.52,922.1128,488.5963,1
624661352,964.3087,531.9175,939.5349,481.9819,1
624661369,960.7562,527.7731,913.8042,473.1229,1
624661385,957.5778,524.4689,917.4727,483.5706,1
624661402,954.6237,522.0668,918.624,496.8911,1
624661418,951.6141,519.9197,916.9208,501.2544,1
624661435,948.7984,516.5907,919.1807,480.9772,1
624661452,946.9824,514.4155,936.256,497.0614,1
624661468,945.3867,511.2151,936.387,475.0015,1
624661485,944.3713,510.6449,945.9611,518.3795,1
624661502,943.8745,506.8615,952.2857,462.8739,1
624661518,941.0615,505.1775,907.0066,497.9503,1
624661535,939.7811,504.4695,932.1361,511.3325,1
624661552,940.5142,502.5678,965.9584,485.4268,1
624661568,939.7399,501.0222,937.7736,491.0739,1
624661585,939.3668,498.0867,943.4436,464.3809,1
624661601,938.6725,496.7664,935.7402,488.9058,1
624661618,937.1151,496.0583,920.182,497.252,1
624661635,936.1566,495.3689,928.4985,499.3278,1
624661651,935.428,494.9235,930.2424,499.7854,1
624661668,935.0314,494.229,937.1888,494.0127,1
624661685,934.0397,492.9352,925.3325,484.1801,1
624661701,934.1383,493.9108,940.6759,517.58,1
624661718,932.885,493.6463,919.2697,494.6554,1
624661735,931.8038,494.3674,920.2456,512.3463,1
624661751,931.7443,494.3199,935.5281,495.4171,1
624661768,931.5634,494.4992,931.6998,498.9658,1
624661784,932.1439,495.196,941.1727,504.7431,1
624661801,931.3282,495.0167,917.2041,488.9954,1
624661818,930.7361,496.4789,920.9749,519.1556,1
624661834,930.3602,495.4828,924.3998,474.8375,1
624661851,930.6097,496.2878,937.0975,506.0536,1
624661868,929.9461,496.0154,918.3562,486.9177,1
624661884,929.147,496.6196,916.4852,503.8863,1
624661901,929.1381,495.9712,930.3405,483.8266,1
624661918,928.1182,495.7213,912.4288,491.4042,1
624661934,927.2052,496.7872,914.3711,512.3766,1
624661951,926.6654,496.9952,922.3077,499.4388,1
624661967,926.4072,498.4353,926.6311,518.8704,1
624661984,926.4937,499.1949,933.0178,511.9161,1
624662001,931.7381,498.5503,1022.8646,481.813,1
624662017,936.6747,496.8711,1012.4654,468.096,1
624662034,941.1708,495.5342,1008.0183,475.4951,1
624662051,945.5572,493.7292,1010.233,464.4841,1
624662067,950.7801,491.2208,1022.6305,452.7947,1
624662084,955.9053,490.0267,1023.0507,472.7087,1
624662101,960.7062,488.3365,1018.545,466.4297,1
624662117,964.8344,485.3839,1007.6954,444.6162,1
624662134,968.3865,484.4263,1001.4746,478.6304,1
624662150,971.5165,483.1422,997.371,471.8442,1
624662167,974.6782,482.8344,1001.8247,487.0869,1
624662184,978.2713,481.5881,1011.3744,468.6118,1
624662200,981.8264,480.127,1015.7611,467.2307,1
624662217,983.696,479.817,987.6006,483.439,1
624662234,979.1779,479.9256,880.0623,491.3445,1
624662250,974.6111,480.8076,884.0397,501.7676,1
624662267,970.176,481.1932,888.3052,492.5305,1
624662283,966.4024,482.2597,902.5585,504.1374,1
624662300,960.8047,484.9006,869.3374,529.228,1
624662317,956.5325,484.9612,893.5165,487.0157,1
624662333,951.9686,486.0046,888.7093,499.178,1
624662350,947.1149,487.8364,884.2194,516.3558,1
624662367,942.8152,489.0711,890.4959,504.0144,1
624662383,939.0216,490.3368,897.3927,506.7437,1
624662400,935.1402,492.4901,895.0999,520.5682,1
624662417,931.0424,492.8607,886.7764,491.1099,1
624662433,927.54,493.84,894.5306,504.6755,1
624662450,924.3846,495.2843,898.2297,512.0712,1
624662467,920.7917,496.2563,887.5831,506.7069,1
624662483,917.9404,497.9065,897.4828,518.5418,1
624662500,915.0153,499.2799,901.4094,511.6201,1
624662516,911.9858,500.4708,893.4154,508.5315,1
624662533,908.3237,499.9532,877.1945,481.1635,1
624662550,906.1261,498.7604,898.4202,469.7329,1
624662566,903.9869,500.3616,896.3185,518.6564,1
624662583,901.1923,501.4074,880.6604,512.4009,1
624662600,900.5955,501.5749,914.4993,497.5361,1
624662616,899.7611,502.34,905.6219,506.8509,1
624662633,898.9447,502.6415,902.2004,503.4997,1
624662650,897.6246,503.1415,890.3024,506.9713,1
624662667,896.2318,502.544,887.1083,490.1031,1
624662684,895.2023,503.2491,892.1699,511.3507,1
624662700,893.9611,503.3,886.7665,500.4232,1
624662717,892.6623,503.3082,880.9221,501.8804,1
624662734,892.067,503.5539,880.9412,507.0608,1
624662750,892.9078,503.1965,906.6176,497.7025,1
624662767,896.1027,503.5244,948.2299,508.6365,1
624662784,898.509,501.9501,936.1615,476.7023,1
624662800,899.8323,498.4292,914.1993,445.1152,1
624662817,901.3712,496.1621,921.3048,461.9672,1
624662834,903.3064,495.9955,928.3524,499.4681,1
624662850,904.2626,496.7458,911.6563,516.5388,1
624662867,905.6625,499.1756,921.002,543.7314,1
624662883,907.3715,499.1731,928.0152,501.1404,1
624662900,909.1534,499.6971,929.9902,511.3478,1
624662917,910.9925,499.8444,931.229,501.3174,1
624662933,912.3425,499.3916,924.7921,492.2475,1
624662950,914.3448,498.7942,937.7839,490.2852,1
624662967,916.5453,499.63,941.4485,514.4246,1
624662983,919.3746,501.1306,954.9456,527.035,1
624663000,921.8893,500.9711,951.3687,497.1986,1
624663017,924.5112,501.4674,954.0378,508.3286,1
624663033,926.6765,502.4826,946.2947,514.722,1
624663050,928.3126,503.1689,941.3715,508.4137,1
624663066,931.0447,502.7733,962.1215,495.251,1
624663083,934.1821,500.9531,969.5574,469.799,1
624663100,939.2213,496.8711,1008.4033,428.9175,1
624663116,942.8494,491.6022,984.8933,409.1734,1
624663133,945.188,487.1714,964.4454,422.8831,1
624663150,948.4523,482.887,981.9053,424.8551,1
624663166,951.7884,479.3718,985.6021,435.2026,1
624663183,954.4415,476.3808,977.0984,445.045,1
624663200,956.5178,472.6584,969.3505,429.18,1
624663216,959.8122,468.774,992.907,424.4252,1
624663233,962.0438,464.3422,977.3702,413.042,1
624663249,962.9319,460.3528,959.4984,417.1058,1
624663266,963.8502,457.0663,966.6876,427.6417,1
624663283,963.5706,454.0371,946.3401,425.7615,1
624663299,963.8744,449.5647,956.118,394.6298,1
624663316,964.5654,447.522,965.5557,436.1439,1
624663333,964.9094,444.3281,961.9164,416.8863,1
624663349,967.2565,441.0268,996.6177,413.1605,1
624663366,968.881,438.075,986.6001,418.1688,1
624663383,970.205,435.6681,983.543,419.2169,1
624663399,972.1595,435.2776,996.0695,451.9964,1
624663416,973.0429,431.1947,978.8103,383.259,1
624663433,973.4585,428.8955,971.2592,410.3527,1
624663449,973.493,426.5355,967.2,406.1625,1
624663466,974.5686,425.3527,986.6708,426.2877,1
624663482,975.812,424.1129,991.7893,423.5224,1
624663499,976.3663,422.9794,980.0752,419.3796,1
624663516,976.6566,420.9203,976.4661,402.0454,1
624663532,977.2286,419.9855,981.2491,419.9385,1
624663549,978.6607,419.8928,996.4855,431.6924,1
624663566,977.7783,419.1031,959.0459,416.258,1
624663582,976.4881,419.7019,953.1389,436.3467,1
624663599,975.3019,419.541,959.0937,417.9965,1
624663615,974.526,419.1355,963.41,411.4948,1
624663632,973.3182,419.1518,953.673,420.2721,1
624663649,972.7667,417.095,966.9328,384.1621,1
624663665,967.7507,414.7549,889.1801,379.9979,1
624663682,961.1845,410.9997,860.7097,355.7405,1
624663699,953.0712,408.3419,831.9921,372.3364,1
624663715,944.9653,403.9966,832.9918,341.5212,1
624663732,936.8765,398.4738,829.1853,318.7338,1
624663749,929.6758,395.912,839.9198,369.4001,1
624663765,922.8192,393.0531,843.3516,363.5425,1
624663782,916.4402,389.6321,845.6988,351.4816,1
624663799,908.8942,386.2482,822.2502,346.7684,1
624663815,903.5062,381.9315,856.1085,332.713,1
624663832,898.7846,379.4016,862.1542,359.075,1
624663848,892.7033,376.2859,836.6168,345.7904,1
624663865,887.3329,372.718,842.0078,335.6721,1
624663882,882.3147,371.3989,841.9064,372.0279,1
624663898,876.338,367.9472,820.55,335.1782,1
624663915,872.0236,366.0795,841.6589,352.422,1
624663932,867.2575,364.8354,827.2025,363.6201,1
624663948,865.0678,362.9343,866.0635,348.9812,1
624663965,862.2559,359.9159,851.7813,328.9175,1
624663981,858.6799,357.3139,833.5721,333.0105,1
624663998,855.7773,354.1865,838.9155,320.6213,1
624664015,852.9916,347.1303,835.7991,247.6614,1
624664031,852.2798,335.6934,867.9594,170.4337,1
624664048,851.0633,325.2166,856.4921,184.8423,1
624664066,850.3428,313.2332,857.365,152.6574,1
624664082,850.4353,302.83,867.8848,177.4046,1
624664099,851.2755,292.4285,878.922,169.7895,1
624664116,850.4106,282.3627,847.3569,168.912,1
624664132,850.7866,274.4758,866.0142,201.2503,1
624664149,851.3436,265.3998,868.9674,169.828,1
624664165,852.7498,255.9571,874.526,156.164,1
624664182,853.0687,247.734,852.7692,167.7724,1
624664199,852.8204,238.0544,840.6178,136.8488,1
624664215,852.9602,229.6119,848.5048,147.5071,1
624664232,853.4107,223.3213,854.4705,175.08,1
624664249,854.7057,217.2063,871.2027,175.7661,1
624664265,854.1167,210.7766,839.4757,161.4416,1
624664282,855.0737,204.6385,867.3456,157.242,1
624664299,854.8342,202.8801,844.7291,225.3229,1
624664315,854.2914,198.4257,843.7697,169.5127,1
624664332,854.4974,193.4902,857.7194,156.978,1
624664348,854.3523,190.4661,849.1819,182.0142,1
624664365,854.7203,187.582,859.1709,177.0487,1
624664382,855.0099,185.3311,858.1578,185.9154,1
624664398,854.8867,182.6179,849.1503,168.2204,1
624664415,855.1769,180.5347,859.0674,176.0271,1
624664432,855.0032,180.7535,849.7281,212.5113,1
624664448,854.8337,179.4511,854.0834,180.1219,1
624664465,855.5192,177.7522,867.2828,167.555,1
624664482,855.9664,177.7763,861.2823,195.0453,1
624664498,858.5318,181.0919,899.0306,248.5338,1
624664515,862.2768,189.9945,919.5776,336.6776,1
624664532,864.4703,198.8736,896.3668,328.528,1
624664548,868.1705,206.7114,921.8341,313.8994,1
624664565,872.9507,214.5073,941.5677,312.4714,1
624664581,877.1432,222.4842,933.5544,321.7567,1
624664598,879.6464,229.7912,906.6219,313.1359,1
624664615,883.1395,238.1044,922.2247,335.0541,1
624664631,887.0286,245.3963,933.2365,325.4821,1
624664648,1085.5896,361.3069,1085.5896,361.3069,0
624664665,920.6403,320.491,920.6403,320.491,0
624664681,911.7558,323.2083,902.8939,325.9187,0
624664698,911.6232,318.6508,911.4047,309.5797,0
624664714,921.1935,322.881,949.6116,335.4772,0
624664731,924.7396,327.3696,938.4153,344.9135,0
624664748,928.1165,328.3203,944.1268,332.6512,1
624664764,928.8151,325.9278,932.2062,311.7582,1
624664781,929.5895,325.2443,934.0549,320.5947,1
624664798,928.8661,327.4041,922.6758,343.6147,1
624664814,927.5101,328.056,915.6274,333.1265,1
624664831,927.6605,329.0513,928.7413,337.6375,1
624664848,926.8336,330.0943,918.4166,339.6691,1
624664864,921.9439,332.8744,870.4711,361.1982,1
