timstamp,smoothx,smoothy,rawx,rawy,fixation
632150861,926.5241327912257,507.3134512011236,979.2241,455.5923,1
632150878,931.4956833783772,507.0056952897376,1012.4541,444.4407,1
632150894,937.7947528150539,508.7800247918839,1036.9489,486.7401,1
632150911,942.6680299873876,508.7436919444626,1018.5553,450.7159,1
632150928,947.0747856612624,509.12862811043664,1014.0269,460.2661,1
632150944,951.9981741899312,510.4763199165731,1025.6981,481.5636,1
632150961,956.964357393133,512.0522863746966,1029.8293,487.6934,1
632150977,961.6360972439586,512.3136209817906,1028.7385,459.341,1
632150994,966.2073106523609,512.2243735763949,1030.616,451.9031,1
632151011,969.9238334642881,511.8699957770226,1018.9867,446.7337,1
632151027,974.9126140579152,510.92186458302405,1045.6716,432.2097,1
632151044,979.9053436946612,510.4722382024753,1049.4357,443.8175,1
632151061,984.0303380660603,510.9472044025746,1032.9614,466.6383,1
632151077,986.9264745105575,510.92428120209996,1015.6079,454.8029,1
632151094,990.569843236142,511.46672619894184,1030.8097,467.576,1
632151111,995.1574449738634,512.5811475386313,1049.6475,480.5229,1
632151127,999.2306982543503,514.0860911401151,1047.7501,489.302,1
632151144,1004.7567801644122,515.9964167313237,1077.3857,498.4485,1
632151160,1006.2902380579776,516.0639535149089,1009.6815,460.1786,1
632151177,1003.8917208194814,515.3834497461075,939.5463,444.6011,1
632151194,1002.2605713471636,514.625275867245,962.1796,445.3796,1
632151210,998.445354254492,513.0270295742376,924.5969,423.5439,1
632151227,994.2788767895596,509.64748643854955,922.5853,387.6642,1
632151244,990.3416825945886,507.380395675363,927.6696,412.0181,1
632151261,986.9619274693514,506.06468379351213,938.3849,432.7252,1
632151277,983.3048604222118,504.3026518002069,934.101,421.8135,1
632151294,979.4847276914679,502.80495515126324,928.8512,424.153,1
632151310,975.4599002380095,502.19222642920585,926.728,447.6621,1
632151327,971.7156980561256,500.89057074105557,931.155,428.8558,1
632151343,968.799487678615,499.10020507409814,942.2245,418.0847,1
632151360,964.4751215380967,497.21272831575527,923.3148,412.6473,1
632151377,961.1646649974389,494.39964862538227,942.3279,387.7072,1
632151393,957.0481189666874,491.8214887909069,926.1204,396.6207,1
632151410,955.3041468387016,490.83739021558154,962.4401,426.2994,1
632151427,951.1775058862953,489.8967402857269,914.5354,428.2159,1
632151443,942.5093986870784,490.93216800605563,828.2257,478.0159,1
632151460,934.4401709001486,492.11903496579606,835.0724,479.6539,1
632151477,926.2377462248796,493.87596111142597,827.3962,488.4255,1
632151493,919.952220747452,496.0223421750481,857.0538,494.3829,1
632151510,912.708452142978,499.60985549253303,832.2697,527.7989,1
632151527,906.1672727026483,503.18659453384083,842.155,525.6071,1
632151543,898.6311695275281,506.04679232300595,818.5261,511.507,1
632151560,892.3257287498093,508.8822905676348,832.8681,513.3936,1
632151576,886.4924172788454,512.318317314253,833.1667,527.0772,1
632151593,880.0532983344042,514.1986461922052,818.212,494.1627,1
632151610,873.7788717071711,515.8676101215406,816.778,492.3583,1
632151626,867.9847370039655,519.3044156168143,817.8264,536.3121,1
632151643,862.1758938402922,521.1972378704735,814.5019,503.3071,1
632151660,856.9597514631496,522.533851776452,811.639,488.4043,1
632151676,852.199417972065,525.0563199348815,806.4115,517.4036,1
632151693,848.4658716505118,528.4087147875613,822.1178,539.596,1
632151709,706.8544616770688,604.9024296013612,700.137,596.2028,0
632151726,620.9951158392474,678.7274041873567,608.6488,698.9983,0
632151743,628.6203568033093,678.5545993526337,624.5658,697.8945,0
632151760,636.8470092602834,689.1252553066299,641.4709,739.8419,0
632151776,640.8561564573772,693.1031303961668,641.0004,732.6165,0
632151793,644.4016271501541,701.2568210535798,646.0085,770.3364,0
632151809,649.4022710790455,705.4464223847314,662.1147,759.1749,1
632151827,649.5911445114274,706.0610903066668,638.0938,737.9989,1
632151844,649.4151764730948,709.9720031846913,634.9114,773.535,1
632151860,652.4376432461985,713.9065882330025,662.8846,781.765,1
632151877,650.5773222596778,714.9441573115344,621.1003,756.0011,1
632151894,650.6421925221558,716.5245425591701,638.2361,765.0061,1
632151910,650.9115407405418,714.017763933782,641.7346,708.7905,1
632151927,651.5910216692034,712.8514900426208,646.8394,724.7863,1
632151943,652.3524938712105,716.673975330036,647.4412,804.3917,1
632151960,653.798307455253,715.9649996679985,658.9471,732.7382,1
632151976,653.361085821997,715.8725781143759,634.3744,743.9327,1
632151993,654.44392569565,717.7319833184781,655.3612,779.5314,1
632152010,654.3035721871868,718.9718348653948,638.4606,771.005,1
632152026,655.2615700864022,719.2859706571196,655.7458,753.7789,1
632152043,655.7712078902088,719.6245633031382,649.6099,755.2416,1
632152060,651.1983359263927,717.1148968504799,568.8022,699.811,1
632152077,649.0506841894362,713.1036949861428,606.52,664.3904,1
632152093,646.5012088006737,712.8647502248343,596.9014,743.4552,1
632152110,643.7182665937836,710.4258042634809,592.1608,694.9254,1
632152127,642.0746034399082,708.1600374845088,610.1647,696.3051,1
632152143,640.5191812777804,705.6033309950275,610.606,688.0067,1
632152160,638.4247632783889,703.6759650923187,599.5351,700.9028,1
632152176,636.8429609260156,700.3055867126998,607.8674,665.5604,1
632152193,635.4251041433506,698.3272591473944,608.8829,695.4594,1
632152210,632.9885945413857,696.9705641082494,588.7068,708.7488,1
632152226,630.2118817997091,694.9926817138766,580.1434,690.3141,1
632152243,627.1863137741246,694.0741145737792,575.5963,713.8466,1
632152260,625.916777542929,693.0955511578186,607.6483,713.8645,1
632152276,624.0118402239228,693.2563570250874,593.5368,738.0962,1
632152293,621.9719488148853,691.722568936673,590.2904,700.2991,1
632152310,620.1610388546519,690.199589727995,593.9296,696.7844,1
632152326,618.9163364854613,691.118792910098,598.3988,749.1584,1
632152343,616.8189553882488,690.0969205426716,581.4087,706.1223,1
632152359,615.9959800929705,688.0589733923083,605.934,680.0859,1
632152376,614.5854547911257,687.0535225080753,588.2891,699.9301,1
632152393,614.6730447303273,687.1140939278936,615.2493,722.9819,1
632152409,612.7588458683829,685.3797787120045,578.1729,675.0331,1
632152426,611.7491906589155,684.0194807714514,593.2828,683.9423,1
632152443,609.998856805281,682.4218824581291,578.2311,685.8062,1
632152459,609.3838885333745,681.0265173701042,598.2986,680.1804,1
632152476,608.0003094005123,680.7365088684331,579.593,706.5724,1
632152493,608.3244050974959,680.5819326336177,611.454,710.752,1
632152509,607.629395694096,681.4986790521585,589.2429,734.014,1
632152526,611.5868228485848,689.1825033586409,671.7083,886.0136,1
632152659,1191.7714285610368,605.7969980404218,1206.598,577.0275,0
632152692,1198.4520247383966,528.0650950861435,1215.4819,472.3101,0
632152709,1204.1625078454022,546.0545060945166,1226.5144,520.1086,0
632152725,1199.9099731868748,541.745844829797,1208.0242,479.3591,0
632152742,1191.2583105072272,543.758974470535,1180.6855,502.7599,0
632152759,1196.2052125967962,540.9455903640193,1233.6777,473.9353,0
632152775,1196.291118764567,534.780957515886,1214.2749,441.2058,1
632152792,1195.7561718644465,533.0871015223059,1209.5784,466.8369,1
632152809,1192.2455786187124,529.9177192820271,1185.1309,448.5771,1
632152825,1193.2532703709626,529.7752945124818,1218.4761,474.4625,1
632152842,1199.5185495356598,529.914686292603,1271.3091,475.4859,1
632152859,1207.162105389717,524.9026627709478,1297.3876,404.8383,1
632152875,1213.4920284446557,520.7936937185315,1294.442,407.9481,1
632152892,1220.7217027033419,518.1350688613326,1314.4736,421.6186,1
632152908,1224.7873897270151,513.2458176398428,1285.2865,381.3398,1
632152925,1228.8437520779378,510.86284392206744,1290.2136,415.6307,1
632152942,1231.3611254701366,510.085191318613,1273.7593,440.8396,1
632152958,1235.5086528209035,506.24721433984485,1301.9236,381.0247,1
632152975,1240.240564376082,503.7375522976531,1315.3901,400.2794,1
632152992,1243.6562659938127,500.83452196078105,1300.7344,389.1539,1
632153008,1247.0886273865842,498.26590434292336,1305.0654,391.5635,1
632153025,1249.428110689177,496.85204500912397,1290.9709,412.463,1
632153042,1251.9849995101965,494.9477950161688,1297.948,399.1449,1
632153058,1254.2044398265757,492.7354207307739,1295.6467,389.5961,1
632153075,1256.8757535010586,491.1865043720251,1306.1577,400.6558,1
632153092,1258.2759830623745,490.66872705881474,1286.8403,421.8321,1
632153108,1260.1279546789,489.2102945793088,1297.7195,398.1485,1
632153125,1262.4055514640063,488.3861413477748,1307.7043,409.8248,1
632153141,1263.6601962059888,486.9728870363356,1292.3643,394.7847,1
632153158,1264.4929732652336,485.2321958105937,1287.2727,385.1297,1
632153175,1263.2794960640138,482.21683057596584,1252.75,354.3653,1
632153191,1260.351531146378,475.29744406202855,1217.9614,268.2968,1
632153208,1255.847092208641,468.67633708559055,1192.7252,277.9691,1
632153226,1252.254219274575,462.23900140849184,1209.0494,273.0385,1
632153242,1248.6298514375528,454.7946143567663,1207.4689,247.5889,1
632153259,1243.5587917969858,449.5958511732545,1186.594,293.2653,1
632153275,1239.050092572692,444.041114180697,1194.6696,276.2035,1
632153292,1235.4778260878088,438.93001604179915,1210.3667,283.6546,1
632153309,1232.06662508369,434.43584212657953,1209.438,290.6102,1
632153325,1227.1805761022508,429.4017729169823,1184.9325,276.1958,1
632153342,1222.2682588859243,424.5211748960068,1187.4908,273.8851,1
632153359,1218.1913961975717,420.41986145954917,1201.5603,278.2468,1
632153375,1213.8311131615267,416.7864802056952,1191.8549,284.5176,1
632153392,1205.531974516316,411.75723034286983,1118.6038,250.7222,1
632153409,1197.2230570982113,408.509447320848,1109.9803,282.7167,1
632153425,1189.0658853073849,406.3216747748816,1108.0302,305.7502,1
632153442,1179.950602219188,404.41438179777845,1083.5308,310.012,1
632153458,1172.8338823431384,401.8850676430328,1117.5239,282.306,1
632153475,1165.7415519267238,399.8277307720413,1112.8259,290.79,1
632153492,1158.6534818874713,397.60931241290956,1104.7985,281.2883,1
632153508,1151.3390264517136,394.6343063040627,1094.7966,259.7641,1
632153525,1146.2862535009003,394.5206314581347,1126.478,323.1199,1
632153542,1140.7849968780401,392.9703545067986,1112.9211,284.3454,1
632153558,1135.949676471398,390.6922919940363,1118.3704,262.319,1
632153575,1130.0698489025644,389.02753596424486,1093.5073,275.3874,1
632153592,1125.5851460548333,387.1454645332956,1110.3517,268.2514,1
632153608,1122.5361035301903,384.70102411423966,1131.5262,248.3972,1
632153625,1115.4198141771856,384.2330540843718,1051.4014,296.1121,1
632153642,1105.8073977496754,386.95239298444585,996.8137,368.3667,1
632153658,1097.017702722266,387.53944919388925,1006.0167,314.8844,1
632153675,1090.9723796175638,390.9330441913212,1044.9417,374.1965,1
632153691,1083.565000575519,394.5210969430708,1010.5663,370.7159,1
632153708,1077.421829448178,398.01665187280713,1025.4592,370.0471,1
632153725,1070.831172491731,401.82264992491963,1013.3738,378.84,1
632153741,1065.039687837691,403.8594411386284,1022.642,336.412,1
632153758,1059.4405408721714,407.73500511192464,1017.2914,386.7335,1
632153775,1054.6497510181532,411.02366765228845,1027.3331,373.0347,1
632153791,1049.466395155497,414.78027240642166,1015.6776,387.9966,1
632153808,1044.9226444391104,418.4614631301163,1021.1597,389.6123,1
632153824,1039.6126692089879,421.22508571588037,999.1201,370.5923,1
632153841,1034.9900613928125,423.05639034647487,1006.6947,351.817,1
632153858,1030.3514016762817,426.14914855950013,1001.6796,385.7076,1
632153874,1031.9963856532963,426.8604178465323,1110.3854,329.8447,1
632153891,1331.5899688069749,254.10470644108466,1361.2592,98.636,0
632154290,1021.0767529731253,409.7102768842225,1033.1205,320.7482,0
632154307,947.0390277691037,509.8892233086915,953.3334,458.4548,0
632154324,952.8128281193347,495.64451433023504,966.077,419.7419,0
632154340,946.2410430279967,495.14474880628336,939.2125,437.991,0
632154357,948.2367528221167,499.1600555362232,960.8063,459.8363,0
632154373,947.3898347693411,502.00707417820973,950.159,462.9425,0
632154390,948.0572852572509,505.74787213308804,957.4998,476.9027,1
632154406,947.6845087697877,509.3708385974589,951.2707,485.3259,1
632154423,945.2189842516028,512.0020727730628,933.8644,484.5181,1
632154440,945.5552940393476,512.8937647610935,954.5844,469.9294,1
632154456,945.2254637576257,515.744228813403,948.1792,496.738,1
632154473,945.6144964130027,518.1760317950323,955.1926,496.8895,1
632154490,942.8386875339262,520.3512063089197,919.9598,499.5879,1
632154507,942.1661106021612,520.8858623760734,941.5404,477.6501,1
632154523,940.5465257042695,522.2350806988411,928.2422,492.6937,1
632154540,940.184125891987,522.2914769959677,943.1986,472.4359,1
632154557,939.6311725890365,523.8800032138417,939.4789,500.4402,1
632154573,939.2856489053613,524.524698718075,941.9992,485.4017,1
632154590,939.2241956578982,525.1858708877617,945.7069,486.8322,1
632154606,938.8056346763449,524.7464462621251,940.3407,466.454,1
632154624,937.8512213184271,525.7920299913569,930.7528,497.0677,1
632154641,937.6990127259979,523.5052546495957,944.0583,428.5266,1
632154657,938.4734290472192,517.2929366227361,960.6216,342.6345,1
632154674,939.6454308154325,513.5056182601983,966.7178,390.11,1
632154691,941.2119509846251,509.20710066074406,974.2356,375.581,1
632154707,942.0797282354545,505.2829923116194,962.6984,381.074,1
632154724,942.9480846538737,499.94406782878156,963.7445,345.852,1
632154740,944.3640653526987,496.38223610920727,973.2397,382.0342,1
632154757,946.2697971159625,491.7777784562773,983.1959,354.1999,1
632154774,948.3519597977208,486.31604987941563,987.7015,330.1125,1
632154790,950.2540495622333,481.21800937690546,985.3607,334.2063,1
632154807,951.5464756158306,476.68770428689464,974.5463,347.8339,1
632154824,953.1411032396397,473.3090493592845,981.7547,366.3989,1
632154840,954.5984538176618,468.707761005606,977.929,335.6609,1
632154857,955.9321805026143,465.04756560811256,978.8438,355.3419,1
632154874,955.9445368389809,463.14344480311684,954.1115,392.5201,1
632154890,948.0619102775291,464.2650676985558,811.1558,465.2811,1
632154907,941.9445560245554,466.3931144163494,843.0186,483.2465,1
632154924,935.6842429788444,469.25041785439356,838.5059,495.711,1
632154940,929.1073846788993,472.63282146019986,834.3594,502.9195,1
632154957,923.5002346522008,477.54583405953304,849.4652,537.9516,1
632154973,916.2290583749794,481.59306116061106,818.4835,516.6472,1
632154990,910.6900469810302,486.08886796966885,843.785,524.8922,1
632155007,904.3644137192096,489.97684054205524,829.3311,508.652,1
632155023,898.6085421716995,492.7515996946246,835.3913,484.5021,1
632155040,893.5482649998675,495.62544732848954,845.7734,485.5548,1
632155057,888.558027925871,498.7462104653674,842.1965,496.2509,1
632155073,883.3150607454811,502.0353929636052,833.1649,501.1133,1
632155090,879.8610942371141,504.7155004052747,861.4635,488.6563,1
632155107,876.3180727473451,509.20146429889496,853.4154,532.304,1
632155123,870.0773562104334,505.52065670561484,801.7811,350.1297,1
632155140,864.7419668597765,497.6881927266702,816.3549,248.8442,1
632155156,858.2023569474537,490.50914429539324,790.4277,260.0643,1
632155173,853.4064220900775,482.09134203022023,817.5782,238.2708,1
632155190,847.7351964131972,473.8440719868314,796.4615,243.056,1
632155206,843.1254356597964,467.37768513523764,807.9442,285.0031,1
632155223,840.4201132937673,460.0115387074658,837.4203,258.1422,1
632155240,835.2303030511691,452.91527198100414,787.5297,268.4571,1
632155256,832.0341548544816,445.93837392727045,819.3133,263.8395,1
632155273,827.7198327978997,438.4271540032449,794.2239,245.9812,1
632155289,824.1340583425177,432.12088776446683,801.478,269.6971,1
632155306,819.8365988254234,424.7977581027201,782.8625,242.4271,1
632155323,817.621104850188,418.37819643615427,816.4478,257.6063,1
632155339,815.5772883438361,411.5309722849993,814.8295,237.1188,1
632155356,811.7975611802553,405.3275304688779,778.882,248.1332,1
632155373,810.1068763613591,399.4768004578811,810.3199,250.5445,1
632155389,808.8230843056447,393.91106063929266,799.8345,255.3779,1
632155406,806.8989350293726,388.984069760148,790.0225,262.6355,1
632155423,806.2095236180066,384.7727846429196,810.1233,269.7,1
632155439,786.9034637018965,349.5454438675847,790.0081,249.7542,0
632155456,772.1845684541424,369.1723202608048,774.1533,276.7424,0
632155473,783.863171225047,369.35955461114116,798.509,276.2645,0
632155489,726.4806079394656,335.6818014976461,609.7095,148.5392,0
632155506,659.7401101711641,288.02046391368503,456.3357,-8.4415,0
632155522,615.5383272084173,253.01643539104433,438.4311,-47.555,0
632155539,403.09163180517385,153.6165759796557,393.9315,2.6426,0
632155556,447.3636143432885,119.84432002162686,441.0006,-44.5925,0
632155572,450.7929829338169,115.04405740516314,448.3903,-57.7627,0
632155589,308.46872102018125,123.3374207579223,0.0,0.0,0
632155606,236.5854458080472,127.52626392318501,0.0,0.0,0
632155622,280.6096543298509,124.4564753534689,451.9026,-55.3153,0
632155656,449.0975367781709,107.40016689882302,443.1168,-61.3847,0
632155672,428.9531465602225,122.94160402115892,421.6954,-39.6575,0
632155689,227.02452780764796,131.40325569969968,0.0,0.0,0
632155705,159.25874607695926,134.24285612808254,0.0,0.0,0
632155722,228.9410294837616,129.21080617340223,430.8864,-51.7531,0
632155755,282.0796413058191,133.51186993463233,485.3276,-5.2731,0
632155772,793.8268700982761,303.4988639692548,798.3686,187.5974,0
632155788,857.7322710279672,348.06985303976404,864.0231,244.7953,0
632155805,864.6566981099099,351.44961548367326,878.3039,253.2842,0
632155822,863.812588763897,352.2631535934575,868.4427,252.3948,0
632155838,864.308690592685,352.4248500476741,872.2876,250.9141,0
632155855,865.709227241833,352.73980187046504,877.9147,252.1212,0
632155872,866.8174786320058,355.46948967255895,878.5275,271.9034,1
632155888,865.2237067828653,358.3911729819744,861.384,281.0833,1
632155905,866.0615095010005,358.5731582041577,878.2601,259.2408,1
632155922,867.4537749014274,361.157882878339,884.183,286.8906,1
632155938,870.0277271056837,359.4665889506502,898.9636,238.5456,1
632155955,870.8624043628117,359.0301888648968,884.6247,252.6198,1
632155972,871.0173972021897,360.37938587494364,877.8257,278.0319,1
632155988,870.0781563262614,360.0322689476768,865.3749,254.8999,1
632156005,870.6669470272675,360.98552156652636,883.1912,274.8903,1
632156022,870.75148199931,360.2635179556393,877.7749,248.0317,1
632156039,870.4573358142559,361.32670116104833,872.1105,279.2113,1
632156056,731.9693024062593,501.1162928911998,728.9139,455.7056,0
632156072,710.7068027436112,606.2631409547115,704.1273,597.8691,0
632156089,712.5807354958943,629.8279920555613,706.8826,660.9522,0
632156106,700.3637320774038,637.0361491733656,666.8527,659.7551,0
632156122,695.4114853250811,640.5027100595191,671.9142,658.6281,0
632156139,693.0783382170412,643.0754147758905,675.3419,661.5703,0
632156156,688.2155557037393,647.697764372576,654.8251,685.0679,1
632156172,686.7977211154888,647.2536569953401,670.4773,649.7909,1
632156189,688.6754435114024,648.796365728149,693.8112,668.2563,1
632156206,688.9222771330612,654.1918289147819,681.7787,716.3505,1
632156222,685.1069415677339,685.9943552809224,675.4337,706.0677,0
632156239,677.0203152492504,667.5474618200245,667.4398,681.6232,0
632156256,670.8096402385086,658.2301391718026,654.9388,657.1399,0
632156272,667.508184277597,658.3164524020457,650.9058,670.1888,0
632156289,677.1545519299057,663.3964732242646,697.265,695.1299,0
632156305,679.0315828951484,668.0578393694528,676.5575,706.3573,0
632156322,674.9623289501288,669.8387201492144,644.0514,696.8165,1
632156339,667.0576681878167,687.8624908615865,606.3214,850.4902,1
632156355,666.140807327814,701.0610147815144,647.6176,842.3702,1
632156372,663.7019815519811,710.7178339280547,632.6052,833.082,1
632156389,660.7053204354402,723.4353205775367,621.842,893.4045,1
632156405,660.5303519131369,732.9020699917374,646.9155,875.5523,1
632156422,660.5353562605286,741.2464662268968,648.5182,878.7162,1
632156439,659.3842048374644,746.8026632071696,634.9808,852.7203,1
632156455,657.5696750129803,752.7266348401165,624.5178,870.0596,1
632156472,655.3821227511688,758.1526158091643,616.9779,872.9109,1
632156488,653.4369945779092,762.5430467410129,617.6669,864.2178,1
632156505,662.5173835097104,767.4008326900448,774.553,874.6073,1
632156522,1096.1081738661435,826.2893666713996,1101.2732,877.2899,0
632156538,1319.6074242422615,876.0902765879357,1333.491,934.808,0
632156555,1335.9315885980714,878.2824357497328,1367.4407,939.3208,0
632156572,1341.1687470759966,890.0500518856871,1365.8795,983.6288,0
632156588,1343.2678076722843,888.6111074706704,1364.3384,944.3966,0
632156605,1341.2054612321679,888.6532614843737,1347.0586,951.161,0
632156621,1355.01676203575,882.7500771100509,1370.3118,942.2678,0
632156638,1332.548683910956,889.5310293057418,1346.6782,952.3225,0
632156655,1336.9926280049974,895.9121435685697,1355.6372,969.0743,0
632156671,1336.0016645499188,889.3535154051738,1348.5284,934.4673,0
632156688,1337.1982912016388,889.1963084711412,1355.2505,950.993,0
632156705,1337.7046005527086,892.7736800241078,1353.6686,975.3388,0
632156721,1338.4197862537615,889.0095120236297,1356.839,926.4942,1
632156738,1339.2780514072338,891.6207784968342,1358.3376,975.132,1
632156755,1342.00717974949,891.3598901195472,1375.3279,951.1624,1
632156771,1341.6089313209482,891.4634700620365,1352.3826,955.6499,1
632156788,1341.3836050033115,888.5703363465307,1354.0852,918.3124,1
632156805,1340.2210616019872,894.1755239152436,1341.8672,1027.8792,1
632156821,1339.766321568466,894.0587369354371,1349.3999,955.5997,1
632156838,1337.542178066072,895.6589286617449,1326.9695,982.892,1
632156854,1337.8280422110824,893.8025867805271,1356.7795,928.1165,1
632156871,1338.3796245289375,893.4646600031928,1360.2437,951.0283,1
632156888,1338.258357260277,892.9973189438218,1351.5535,948.5923,1
632156904,1338.0826526427804,892.833437041741,1350.5139,953.6591,1
632156921,1338.0755885731721,893.8904900487206,1352.4004,976.9048,1
632156938,1338.801021139458,892.5527531782062,1364.5044,930.2229,1
632156954,1338.7572144755914,893.3456968464974,1352.134,972.7094,1
632156971,1339.9227015441504,891.5074142493584,1372.6995,917.8053,1
632156987,1340.3063473690108,890.1824327143842,1360.3955,927.5697,1
632157004,1341.4914766672628,890.391879050763,1373.6294,959.1312,1
632157021,1342.0479169337063,889.6818068341761,1363.9866,939.2446,1
632157037,1339.324289088929,886.7393383488109,1308.3165,890.9562,1
632157054,1128.921597379478,662.0924424495515,1139.5725,655.3043,0
632157071,1011.2033264411625,526.4988179062226,1019.944,478.0743,0
632157087,1001.2092212611815,506.42440274655115,1000.0768,425.0398,0
632157104,998.9851929160878,515.0107934055135,1002.4795,486.3992,0
632157120,1000.066738940495,516.3175920176327,1011.9033,469.89,0
632157137,1003.3143818982912,516.1576221607812,1025.3384,463.0383,0
632157154,999.0877033807885,490.1549993978499,1008.1808,429.7537,0
632157170,1001.9116931440499,502.28999589710224,1010.8328,445.939,0
632157187,998.21517191679,491.2871752729786,1003.6598,416.7214,0
632157204,995.2021916149948,491.03931575410843,997.8771,430.769,0
632157220,997.8286445113079,497.5541246142307,1014.4086,465.4451,0
632157237,997.8300363321406,499.6890353533079,1006.42,453.6885,0
632157254,996.7414485397945,502.3599864705351,999.5721,463.6011,1
632157270,998.1402989036328,505.17624462263404,1014.9388,470.9099,1
632157287,999.4393030236733,507.9971205854564,1016.6168,477.6485,1
632157304,1000.9679784398369,506.92305384357087,1021.6844,439.5055,1
632157320,1000.21199125899,508.3458757993383,1001.5543,469.246,1
632157337,999.6773034882916,507.47455057228666,1003.1818,441.1591,1
632157353,1001.0112426605396,507.5464904814076,1023.2826,452.4037,1
632157370,1001.8638222680598,507.6809307192707,1019.4515,453.7463,1
632157387,1002.0747290514162,509.66222170814495,1011.9546,484.5582,1
632157403,1001.7997013339602,513.1259886933238,1005.2693,513.6633,1
632157420,1075.9283595292957,838.1199705182911,1079.9058,894.0329,0
632157488,974.4538012631422,541.5907133551262,981.19,499.8953,0
632157521,963.7308971806344,526.0014875409131,959.5825,458.9589,0
632157554,963.8209447279398,518.6308508646689,971.2483,449.9109,0
632157571,954.0469481689195,504.2938862349339,931.6169,395.0063,0
632157587,954.056024695615,495.8723002239755,962.1973,395.7287,0
632157604,945.0471178038534,461.26087069247995,952.4454,393.2039,0
632157621,942.6354697068623,455.0461077197729,950.0789,384.9554,0
632157637,944.7836212609774,461.40297734656167,954.2491,401.8348,0
632157654,932.297414882014,468.277754548136,912.6936,422.5229,0
632157671,935.2801082438513,469.2582459513409,951.4011,407.7038,0
632157687,938.3498465848386,471.36080817186314,957.676,417.4148,0
632157704,937.7874147597709,476.2768644383217,940.9859,445.5708,1
632157720,937.4204852606829,477.84895441794447,941.6228,427.2817,1
632157737,930.0960991041044,483.17351731825175,884.5181,471.9503,1
632157754,925.4718467413617,486.3701834372058,895.5826,459.5287,1
632157770,922.0895786181064,488.4299289041987,899.8019,452.2944,1
632157787,920.4145512597541,489.85221501282297,912.2413,447.6354,1
632157804,918.8090263374912,492.77896409124656,909.8363,472.6316,1
632157820,916.5176650729298,494.07710174782164,899.4092,453.6199,1
632157837,916.9320028093697,494.8953159079316,930.521,447.126,1
632157854,914.3523810691468,498.9427280876929,889.799,505.8634,1
632157870,910.3859805421041,500.70434803029957,867.7148,472.4816,1
632157887,909.7696070637222,501.797793872535,911.6011,461.3338,1
632157904,907.85363305576,501.7372727547134,891.4053,441.9812,1
632157920,905.0170037876919,500.94273496923984,875.1321,428.6517,1
632157937,904.1133738147468,501.0398862989062,902.4043,445.4944,1
632157953,902.3552082001435,499.4471786821663,887.7657,411.5441,1
632157970,899.5371943946132,499.5189150204342,867.5854,446.9277,1
632157987,898.201245113727,498.8720172056968,890.228,430.9683,1
632158003,897.3639927832003,499.4393330306969,896.5725,457.4204,1
632158020,896.204691104366,498.73142004537885,890.0613,429.9275,1
632158037,895.6342895853358,499.31988403907513,898.3336,458.8296,1
632158053,900.5414040646874,501.2263316416046,993.8859,485.673,1
632158070,904.6695653557952,502.08493315910533,981.121,463.1672,1
632158087,910.3054252048657,502.43589176089347,1009.3156,450.9682,1
632158103,916.7727684553096,502.169560631454,1026.085,436.3896,1
632158120,921.3262086191536,503.43564325699623,994.6456,467.5043,1
632158137,926.1851151982323,505.62542554523935,1000.8558,491.9096,1
632158153,930.6497575772948,506.34316112131626,991.2634,460.8691,1
632158170,935.5574654400366,507.35736398836303,1005.3544,466.7875,1
632158186,940.6671296581815,507.8919318800513,1011.9882,457.3954,1
632158203,945.70004348879,508.6033259872932,1011.3575,465.2661,1
632158220,950.4605006572817,508.31263637932284,1010.1097,440.5712,1
632158236,955.2978402038683,508.76418267224506,1009.021,463.0541,1
632158253,960.4518985685597,509.26076576056715,1020.5865,462.5889,1
632158270,962.7341575052527,509.9808769911313,973.3471,469.4125,1
632158286,966.0723622403049,509.72668328934276,998.9338,445.7328,1
632158303,968.3624894137124,508.82454749061634,984.3389,434.292,1
632158319,968.0730393492678,509.3251890118037,940.1475,467.1029,1
632158336,967.7303193413887,508.59272495864036,947.1605,437.8579,1
632158353,967.8352914246271,507.40364429516666,954.8561,433.0518,1
632158369,967.5449964866995,506.46143957428416,949.0342,435.0743,1
632158386,967.7596615488787,505.9685070219793,966.0377,443.8558,1
632158403,967.0590674216692,506.13765567763755,949.5544,457.9199,1
632158419,967.2645083419663,505.3170927836644,967.2554,432.8148,1
632158436,967.2883066864194,505.41727520640745,968.5604,456.3843,1
632158453,967.9674019421165,506.1674797075748,980.2349,467.532,1
632158469,968.0497316083863,506.5626714122509,968.9409,463.5445,1
632158486,967.0947762934305,506.79814528960134,953.8734,458.7589,1
632158503,965.8982892244566,506.28437280544824,951.2469,444.1166,1
632158519,964.7416832813115,506.20100935305504,951.5272,451.0411,1
632158536,964.5946895360719,506.5218929447366,970.7678,462.7137,1
632158552,962.857750635591,506.5836028322262,951.4316,460.128,1
632158569,962.3515945997501,506.4503962093774,970.9587,451.7032,1
632158586,961.093496616556,506.7419613007378,958.4478,460.7013,1
632158602,959.4469071087428,507.23052306008367,951.14,464.0921,1
632158619,958.5608564264197,508.0437913917804,959.6458,474.5063,1
632158636,957.9974503603842,506.7403966694114,965.5691,427.0152,1
632158652,957.4015718342698,507.7362363200915,961.5262,477.2908,1
632158669,957.2242133374607,506.9106226189683,970.0883,434.9808,1
632158685,955.8293054893502,506.11771042732374,947.2159,435.6921,1
632158702,955.387024821563,505.3694049483842,963.1193,436.8981,1
632158719,954.7449943908064,505.1906401131608,957.8457,447.7651,1
632158735,953.2823815071526,504.06268625240807,942.0678,428.5822,1
632158752,952.6819055778543,504.3448245359477,957.2593,460.6766,1
632158769,953.7110714654402,504.52981781195473,981.0294,457.6188,1
632158785,951.5768071698909,504.8078230837852,925.6222,459.3916,1
632158802,948.7905197600564,506.3654243245498,911.0221,488.7493,1
632158819,946.9760465148576,508.31589353553096,923.4475,500.8556,1
632158836,944.1973240981106,508.4422248836215,907.2045,455.9171,1
632158853,942.4815544514895,509.65840615465316,926.3345,480.7718,1
632158869,939.6956931686391,510.43897461087084,905.5957,472.268,1
632158886,936.6863831419308,512.3822915207232,901.7695,501.2947,1
632158903,934.7814065400871,514.8413365674676,918.5238,514.7302,1
632158919,932.618162819709,518.5949725096898,913.657,543.4945,1
632158936,930.2391667299578,521.2415660738866,908.5436,521.6091,1
632158953,927.7012253544282,522.1952714930022,905.6154,484.6866,1
632158969,924.1245639684868,523.2054324924366,883.3297,487.877,1
632158986,921.8134077424206,526.0215402804718,901.8984,530.424,1
632159003,921.0394700402009,527.5728619072058,928.0654,500.1161,1
632159019,919.1380249513619,528.3432074189977,905.8058,485.6383,1
632159036,915.9157441633753,529.5018495702775,881.4398,499.0754,1
632159052,913.9084924284281,530.3247080589841,899.2983,492.0797,1
632159069,910.9749317648997,531.7712685754622,881.9016,508.5706,1
632159086,908.8389245703866,531.962806448214,893.131,481.6658,1
632159102,906.8250270352983,532.5556181503053,892.037,493.2962,1
632159119,905.1891747809109,532.1517314347974,897.897,472.5326,1
632159136,904.2712913368431,532.2860983907796,908.936,481.3571,1
632159152,904.675489007666,532.5500895422234,930.1563,490.5234,1
632159169,908.1990776374142,531.7343164338291,986.1366,459.7897,1
632159186,911.196279028141,531.5833346604688,972.1282,477.3494,1
632159202,914.0587482319264,530.187619004404,970.8185,449.6469,1
632159219,916.564487310115,528.7064650998228,963.0582,449.9094,1
632159235,922.1665021416919,529.5691857975651,1016.5872,500.989,1
632159252,925.6332984470772,527.5782521150734,980.9586,439.4169,1
632159269,929.7999495386023,526.4877015028516,996.5091,459.4518,1
632159285,934.435487401754,525.5292662770523,1000.3317,461.9224,1
632159302,938.4494857601322,523.5765854009635,990.2062,441.3721,1
632159319,941.5850614215408,523.337043271501,977.5374,482.0416,1
632159335,944.6650319422847,522.3358347064983,978.0676,458.1457,1
632159352,947.3464169197988,523.1406261656147,975.2309,502.3116,1
632159369,949.871317377248,522.1289787059376,974.1517,457.7325,1
632159385,951.7948871715209,522.8107044188563,965.5548,499.6382,1
632159402,953.5928847851706,522.7520207026904,968.7613,482.2528,1
632159418,952.0311467549645,523.5515241861654,909.8916,506.2002,1
632159435,951.3721836005354,524.1603658866567,928.8959,497.1731,1
632159452,948.4781955626992,526.362658023292,889.9266,531.3433,1
632159468,947.4326623636105,528.05367453271,923.8491,518.1343,1
632159485,945.0533834259151,530.98182682152,903.0464,552.4357,1
632159502,943.4121182582588,533.267139311001,920.7763,533.6021,1
632159518,941.4529375666197,534.8733109252764,913.5976,517.184,1
632159535,939.8723637532685,537.2601830246831,918.2245,537.7603,1
632159552,938.5532128181309,539.1515658061377,925.4865,526.5248,1
632159568,936.2050259543347,541.3120550019808,904.7427,536.8802,1
632159585,935.6818522661149,541.7018546599003,939.6324,492.9879,1
632159601,934.1350646660285,541.9270051401193,920.2794,493.194,1
632159618,933.2057496142223,543.3850445602008,930.7103,521.439,1
632159635,930.9272440613935,546.062617863786,905.6119,554.0872,1
632159651,928.688255911711,548.1356437852962,907.2549,543.0049,1
632159668,927.7512214082899,550.0886225874893,934.7031,538.3315,1
632159685,927.7814369615198,549.4141180694273,949.2372,480.5742,1
632159701,925.7042811760715,551.2232910801295,907.2864,539.8081,1
632159718,923.3395024938678,552.7994347355266,899.1312,537.1705,1
632159735,918.7801305238754,553.9557790255599,862.6274,536.6096,1
632159751,915.1126507712801,555.6894589941294,872.0408,544.9895,1
632159768,910.7547594297698,558.5194047737752,858.027,575.812,1
632159784,906.8102423030373,562.0694362273701,862.7253,594.9591,1
632159801,904.3269866496819,564.9241492382905,885.55,577.9987,1
632159818,899.9231132812699,566.8395532319597,846.767,564.4214,1
632159834,897.234499133278,569.5396537296646,874.8914,581.4942,1
632159851,893.244173981629,572.5577175194144,847.8383,597.1447,1
632159868,889.7799965533154,574.7091291248767,854.7151,574.2632,1
632159884,888.0691889799378,576.3568601599417,882.9308,568.4901,1
632159901,886.342041678982,577.4146713113546,880.2639,555.4147,1
632159918,884.6003375856434,579.0269006170402,870.9169,573.5403,1
632159934,833.8912329544431,865.153217010569,826.4415,940.5243,0
632160351,278.8919249341769,439.92277069094314,768.2953,1172.5997,0
632160368,438.63848335815794,502.60566288066974,908.7108,693.8817,0
632160384,541.9431320114056,498.4206081951813,945.6266,412.8506,0
632160401,948.4976650913793,510.8029929968567,954.8345,459.6212,0
632160418,968.5374793683413,518.6999948520337,975.5719,469.3891,0
632160434,954.8219789343411,518.64383524347,946.9603,470.3897,0
632160451,951.4608782837332,518.7791928919024,950.8231,470.8524,0
632160468,952.7919897258558,510.3425382863506,964.1901,425.0449,0
632160484,954.3101964162903,509.33639615424136,967.3348,452.1843,0
632160501,956.7010011771029,512.89768369331,975.0614,485.2644,1
632160517,957.0964180427475,516.4414428456096,965.3744,494.2769,1
632160534,953.5177565917128,519.3156332324324,934.3011,497.1173,1
632160551,951.9661886466246,519.6348622039892,946.3085,474.0935,1
632160567,951.8998174226037,520.4861973085274,957.9511,481.0239,1
632160584,950.9424261678467,522.6201478935395,948.0746,500.6485,1
632160601,953.7641231784725,521.9386497577173,989.9641,462.3708,1
632160617,953.5067357851593,522.8099120104241,956.616,486.5432,1
632160634,952.6317793472068,522.3830074545288,948.759,467.3006,1
632160651,951.8995909571536,520.1013886543749,950.1104,434.843,1
632160667,950.4892042407279,518.2985022532264,939.6564,440.412,1
632160684,949.574751271273,516.4748054143766,945.2614,437.252,1
632160700,950.3366244794,513.9325215139773,969.6336,419.993,1
632160717,950.7068382551671,513.0589826010364,963.65,450.1259,1
632160734,949.6026937792167,513.5911561801435,940.0101,478.5035,1
632160750,948.4247545738211,512.9661703994096,938.2841,454.6693,1
632160767,949.7065312734821,512.3578287859419,978.0696,452.545,1
632160784,950.1929557929102,513.1512796127304,964.7616,482.6213,1
632160800,948.6842505981458,510.467940762983,932.1182,407.5255,1
632160817,946.9743366948439,507.3826404257002,927.9457,396.5575,1
632160834,944.866539471175,503.93120558676884,920.1744,386.1897,1
632160850,943.1974534456986,500.28494023195583,926.9506,378.8232,1
632160867,940.0929651423021,496.24150418878475,900.3896,367.9214,1
632160884,938.5242921647715,492.790110358526,926.4346,377.5421,1
632160900,938.5919690024818,488.9849244165643,955.244,365.0688,1
632160917,937.6953811311432,484.89636943361967,940.1111,360.2827,1
632160933,937.0481637727287,482.91855084526264,939.6218,406.5029,1
632160950,935.8389081889363,480.02590337255197,929.3668,382.1942,1
632160967,935.6069951452648,477.78605644823404,947.3237,388.7053,1
632160983,936.0841721766726,475.1272427886489,959.6177,378.218,1
632161000,936.3284343165802,473.0934246167223,954.8481,392.9238,1
632161016,935.3169136991152,471.48648272182453,929.8068,400.7817,1
632161033,937.1334170881527,470.0628904541466,977.2968,399.3059,1
632161050,940.7018192625019,468.4155017233295,1010.2747,386.6005,1
632161066,945.2079782067605,466.6931670784298,1028.428,381.4916,1
632161083,950.3626330586246,465.196615772646,1039.2843,384.9103,1
632161100,955.8411366077232,464.203736811136,1049.9758,389.0941,1
632161116,959.8075955886771,463.8188449364699,1019.5472,404.1013,1
632161133,964.4661260689593,463.83563696575777,1032.9136,408.1318,1
632161150,967.93603497649,464.3220444825988,1013.4444,414.3702,1
632161166,1025.611334868703,749.5570153657052,1029.5228,777.1586,0
632161233,1045.256303370576,662.9779432130914,1052.1646,660.0098,0
632161266,1038.041561683883,606.8173982997537,1039.8635,509.8986,0
632161299,1027.4169095868751,580.6959441518461,1014.8001,481.7318,0
632161316,1020.6402599018382,556.174506016333,1010.0604,421.6186,0
632161333,1018.3792408030587,541.9193475146329,1019.5422,425.549,0
632161349,1011.9826989488284,488.50271499441186,1021.6898,426.9919,0
632161366,992.1613593211327,484.5160121834842,1001.0847,422.4685,0
632161382,998.2509226542066,501.76077612273707,1012.9446,468.2368,0
632161399,1004.8605286591538,507.3539072132954,1027.2056,466.8842,0
632161416,1005.1988581931967,506.81058324485497,1015.1104,449.4451,0
632161432,1003.0881523806438,503.8469441457717,1003.5173,432.5075,0
632161449,999.6968234029326,504.6888851152752,991.105,455.4525,1
632161466,1001.2154144824792,501.92524639898056,1019.8986,423.5799,1
632161482,999.3893635959677,501.4700831746731,995.6552,441.6813,1
632161499,999.6401249471085,502.5879708155147,1010.5222,457.9935,1
632161516,1001.0240609026777,501.95119180004787,1022.3295,438.0229,1
632161532,1001.1017048004765,500.56051948393764,1011.0276,426.9096,1
632161549,1000.5218236861082,500.4434655376552,1003.4236,442.9273,1
632161566,999.4436338233365,500.89852299560346,996.4139,451.8002,1
632161582,999.5917964528837,499.8077751021121,1010.9453,426.7236,1
632161599,1000.382914999757,498.8047190321588,1019.7001,426.0147,1
632161616,1000.469438819558,496.6912398753826,1011.2044,404.8356,1
632161632,1000.8253942651519,496.3399748194397,1014.6536,434.3383,1
632161650,1001.9386855927376,496.47467975661755,1026.1985,442.5732,1
632161666,1002.4329604164576,495.2169446075989,1018.2175,415.2206,1
632161683,1002.5003603015178,495.02925691954005,1011.5612,435.6671,1
632161700,1001.1664749338929,494.74348215292247,988.9967,434.0526,1
632161716,999.3982337793411,494.2712218915127,981.0023,429.8434,1
632161733,998.9882097857023,495.3820628673835,1002.1754,462.6122,1
632161750,999.311572034971,496.1504664551353,1014.5663,455.0621,1
632161766,999.4540943596193,496.2956706788699,1011.7379,441.5156,1
632161783,999.3701627580758,496.50509578806674,1007.714,443.0382,1
632161799,998.7664918675714,497.20982043369173,998.1533,454.7067,1
632161816,999.0886503788558,497.1317717754435,1014.7778,436.2123,1
632161833,998.698563698712,497.2771387668967,1001.7799,441.8717,1
632161849,996.2565726371424,498.94926352936096,963.5549,479.1856,1
632161866,992.3142219853013,502.6078812523312,934.4843,525.248,1
632161883,988.8978177546035,505.83168163902286,944.9976,520.0075,1
