timstamp,smoothx,smoothy,rawx,rawy,fixation
632000607,1024.7286377411435,560.7214181016108,976.2041,580.2841,1
632000624,1018.7386453707653,562.8464519089281,961.027,557.3361,1
632000640,1012.8502678489696,565.7028097079656,955.4618,576.0483,1
632000657,1006.7231747631117,567.0327398255414,945.3768,547.8076,1
632000673,1001.9140273401354,568.3977134998568,960.8585,550.4605,1
632000690,998.0567820572019,569.572519922649,971.3712,548.3684,1
632000707,994.7527423427724,570.3480458323012,975.8573,541.6348,1
632000724,991.2747935923322,570.9546103504568,967.8921,540.2278,1
632000741,987.2088409099068,573.063680519772,951.8425,577.1664,1
632000758,982.318917001735,574.83363038885,932.0875,572.7555,1
632000774,980.1572987059317,577.1069103515558,975.9116,585.1454,1
632000791,976.24881896684,579.0967570357833,939.7614,582.5817,1
632000807,972.4866496206303,580.0678458480672,948.7355,553.344,1
632000824,969.5480988765304,580.7350457165265,961.7673,551.4718,1
632000840,968.132705096426,579.8892431365507,984.8708,517.3898,1
632000857,966.7916088095028,578.6153373702751,978.3845,510.3649,1
632000874,965.6859036582508,579.3420213832693,978.9932,557.9591,1
632000890,963.9206447235133,578.0792620777344,964.9147,511.7347,1
632000907,961.8506615541327,577.2211732545047,951.1685,522.6842,1
632000924,961.5341704926873,575.9013116080677,982.5079,512.5945,1
632000941,960.764548930798,575.0021702174462,970.7563,523.8431,1
632000957,960.7345916084932,573.6609775614131,982.5304,512.8315,1
632000974,961.4455892481,572.4342849084773,992.8843,519.0811,1
632000990,961.7182179858873,571.2579654214169,970.4693,523.6383,1
632001007,962.6610031218796,569.537684877148,980.9487,511.7092,1
632001023,962.7266044205014,567.7441944952345,962.5021,508.3744,1
632001040,963.5885504894645,565.6799765041065,982.2552,500.186,1
632001057,964.8455469524719,564.6319478762489,986.7808,521.9967,1
632001073,965.2537755938463,563.2978360642956,971.8289,516.5452,1
632001090,965.0920866407822,561.3168191503911,961.8399,497.5303,1
632001107,965.3014135102943,560.0093098120941,972.5193,512.6168,1
632001123,964.5622024150514,558.3950313811675,954.2634,501.4979,1
632001140,965.7884425536836,557.6477788126541,989.7026,520.2748,1
632001157,966.7024341320455,557.0499652222591,983.5692,518.9348,1
632001173,966.276927428695,557.4932085080719,961.1049,542.863,1
632001190,969.0456577810385,552.7329434007638,1023.0646,416.8428,1
632001207,973.7077121468999,548.2062099199663,1058.3114,418.5622,1
632001223,977.7594931580517,542.9204088757882,1047.4106,399.0862,1
632001240,982.1519489717045,537.2890425103519,1053.3367,392.0183,1
632001257,985.7650580666322,532.0162414431674,1038.7627,397.0669,1
632001273,989.3704302082812,528.1225296675935,1044.7771,426.7914,1
632001290,993.6621034716918,523.4101207449664,1055.8555,402.5514,1
632001306,997.2182635719569,519.3491892488282,1045.8029,410.9132,1
632001323,1000.9403229994349,515.4015184958496,1052.8633,408.9501,1
632001340,1005.5142227441826,511.98497518174725,1073.2607,412.8381,1
632001356,1010.5442781569586,507.75459410201677,1083.9309,388.5551,1
632001373,1013.7061434073476,503.8840768094171,1052.9502,398.8249,1
632001389,1018.2040180848797,499.9779388246837,1079.1873,387.116,1
632001406,1020.4144275256489,496.0515381411471,1039.8705,384.75,1
632001423,1022.4248819221145,492.4861196494331,1043.1992,387.3391,1
632001439,1025.147472637235,489.0147992211879,1058.3687,385.2089,1
632001456,1027.0448716615535,486.2126195239733,1047.8352,395.2063,1
632001472,1029.0754804923172,484.4068286007492,1054.2166,414.0916,1
632001489,1034.3726211902758,483.3067550593443,1114.2612,423.7392,1
632001506,1037.6726678823193,482.66291926667225,1082.2668,429.9178,1
632001522,1041.0845540511693,480.69840259489564,1086.4663,394.3155,1
632001539,1046.6644721846408,480.4568629519128,1130.8967,428.2979,1
632001556,1051.2657085436595,481.41391976692296,1116.5217,455.7101,1
632001572,1055.5851338162468,480.6605505129385,1114.2188,411.8542,1
632001590,1060.6605070571209,481.9570247883681,1130.0048,454.4378,1
632001607,1064.213240115676,481.41204533428447,1108.2915,411.675,1
632001623,1068.0197654892206,479.9242386685885,1115.4866,386.1727,1
632001639,1071.4205783621082,478.98873846862125,1115.6987,399.5428,1
632001656,1073.5219407966351,478.8263354759597,1094.7931,416.5882,1
632001672,1075.7327359049527,477.96659952979195,1098.5574,400.9565,1
632001689,1078.8505297867855,479.1228024937317,1124.3501,433.0626,1
632001706,1082.2252552093282,479.43318390617605,1135.8456,413.5848,1
632001722,1083.8746557476788,479.8228317179335,1105.7502,415.1351,1
632001739,1084.6804075472232,480.4951249653475,1093.5391,422.3499,1
632001756,1086.2580601448583,481.59273696375044,1108.4292,433.0427,1
632001772,1087.5731585306783,482.1385769565964,1107.0803,424.047,1
632001789,1089.8205300139612,483.3627514194376,1127.2888,437.1518,1
632001806,1091.6232504606612,485.49929625674844,1119.9592,460.4673,1
632001822,1092.6711040534155,486.3864484181288,1109.7554,432.3524,1
632001839,1093.6075509041798,487.3322649277853,1111.8364,435.1459,1
632001856,1093.1642478754625,488.10631264351076,1089.5287,430.6213,1
632001872,1093.401058753236,488.8176010609929,1100.1992,431.0133,1
632001889,1093.6683320083946,489.11772497397084,1105.2256,421.3335,1
632001906,1093.785923801894,489.5875561156125,1099.5594,426.4604,1
632001922,1094.640274631855,491.58353865530495,1114.1982,463.1638,1
632001939,1095.1050452953307,493.0083692657106,1110.1827,451.0826,1
632001956,1096.0794749504062,494.1977168758707,1119.449,447.5381,1
632001972,1096.1383224043332,494.15549505542924,1104.9734,422.4913,1
632001989,1091.0843071979955,494.48233077514107,1018.5771,436.7748,1
632002006,1080.3240716534567,494.8093250429369,911.0626,442.3296,1
632002022,869.7062998594835,487.85298563739383,873.1018,432.0977,0
632002039,883.066773932793,488.9402058497735,887.0298,432.997,0
632002055,878.1961785934884,481.4243893447659,877.2366,413.2358,0
632002072,866.7906415794471,483.11745384077835,846.4405,431.3809,0
632002089,867.2613290069903,483.4159759351111,872.2975,427.377,0
632002105,868.4631194558103,490.3050417513393,876.192,471.5674,0
632002122,869.1659016598143,490.5023045362506,876.1445,436.3673,1
632002139,870.0817238221191,490.2475202780284,879.0637,432.6378,1
632002155,869.1665826460031,493.05958161431306,865.5522,464.1171,1
632002172,869.7388302587943,493.04316763789416,877.595,437.8358,1
632002189,869.3931579314444,495.0476147601314,869.1764,463.4655,1
632002205,867.6626523087698,494.8776773316811,854.4647,438.8694,1
632002222,867.8687548445832,494.8804765194908,873.6205,440.3474,1
632002239,868.3595444047119,496.8996978111516,876.7563,471.5009,1
632002255,868.4332963647884,498.10396983609644,872.2853,462.0546,1
632002272,861.755251200152,499.24815904374697,782.2285,466.796,1
632002288,854.508766047388,499.92255763078776,766.3214,460.9823,1
632002305,847.4650527620514,500.1969121029912,761.0577,454.9443,1
632002322,840.7579509617115,500.59693748313555,758.343,458.097,1
632002338,836.2949957359635,500.6198302333229,786.0635,450.2637,1
632002355,830.2040486841062,501.666494985923,755.0498,472.6935,1
632002372,824.7631479683344,502.9968234504069,759.4731,479.7938,1
632002388,819.7935511008407,503.93014770263443,762.0256,472.8193,1
632002405,814.204969028288,505.1442870290486,746.4697,480.7368,1
632002421,810.5375056117911,505.28829788498933,774.5062,457.4248,1
632002438,806.7038537256443,506.1467716953666,767.0513,474.3375,1
632002455,803.2926138999388,504.86021910068933,771.0238,426.7388,1
632002471,800.9985635176848,504.9142545730752,786.1821,456.678,1
632002488,797.6487809888632,504.78134941431983,763.5802,453.7668,1
632002505,792.9058714988458,504.05371963723627,734.6168,441.4924,1
632002521,788.3631835316784,503.3108419792308,733.8588,441.2808,1
632002538,784.3064593121716,502.5629188692186,748.7928,438.7546,1
632002555,780.9693921109313,503.16324627431624,755.3602,468.4066,1
632002571,784.1923480832263,503.49731295961294,867.0477,459.9724,1
632002588,1005.6541579105034,418.27409255682295,1016.802,332.9022,0
632002605,1053.0301995362288,362.159556908981,1067.6611,255.5187,0
632002621,1062.2863901715887,367.1568148536453,1086.7273,268.1528,0
632002638,1058.85318462369,374.909137251814,1065.8778,293.3573,0
632002654,1058.8966524240866,375.8185391807519,1073.5314,277.0495,0
632002671,1063.1870436824668,377.9186409918702,1095.2772,286.4084,0
632002688,1060.9761185432055,381.3826682231104,1063.6372,303.7495,1
632002704,1061.3762140174326,377.6672957918459,1078.9098,246.3993,1
632002721,1058.9710026996897,378.18601733730173,1056.5856,281.9631,1
632002737,1058.1429953826898,377.0796238389406,1066.604,264.2112,1
632002754,1056.469458485832,377.5703943860335,1056.6206,282.1677,1
632002771,1057.2438465549235,376.3563278353669,1080.0693,259.166,1
632002787,1056.6049222136319,377.1784419523875,1064.7603,286.9628,1
632002804,1056.0643659875934,377.7168550661744,1065.0259,284.1216,1
632002820,1056.44434650929,377.83428099021995,1076.0417,277.7645,1
632002837,1053.4697131734729,376.56093750407086,1032.1375,255.8849,1
632002854,1052.4411239967023,375.9152423964108,1055.437,264.2315,1
632002870,1053.3561777133827,373.36859465005716,1082.9578,226.7947,1
632002887,1056.0733807662905,372.94232263263893,1110.0559,263.0914,1
632002904,1057.99641274529,371.3012293138511,1100.6934,238.6888,1
632002920,1058.569293963461,370.3942837431657,1080.6836,252.4268,1
632002937,1060.7123625314232,370.46272639597606,1106.3077,270.5332,1
632002954,1062.147703126875,370.8328027427489,1096.0894,277.0851,1
632002971,1064.8400032548245,371.4785815968454,1118.3124,282.1248,1
632002988,1066.3975352745117,372.30642647583846,1100.6378,287.0044,1
632003005,1068.5828123616445,372.51701027969955,1113.053,272.9919,1
632003021,1070.3930503689346,372.5637297175095,1108.1086,269.403,1
632003038,1072.023044399024,371.5273672880568,1106.8054,244.5585,1
632003055,1073.8322387974767,372.361520356107,1110.6758,286.9004,1
632003071,1076.1316112294132,372.15492158766546,1121.4974,262.4045,1
632003088,1077.650820578376,371.58295928052667,1109.1716,254.1507,1
632003105,1078.091117258325,371.12127343408616,1088.344,256.0621,1
632003121,1078.4137620354952,371.08432518146657,1089.5894,267.2968,1
632003138,1078.7072017356945,371.0879952602722,1088.2546,270.5221,1
632003155,1079.0058388599232,372.1408401500922,1090.2427,292.8278,1
632003171,1078.3733285090152,373.4033321476801,1076.7366,299.1163,1
632003188,1079.803630310352,373.86055693981376,1112.3547,280.2947,1
632003204,1074.689018281906,373.49449200593125,996.402,259.7465,1
632003221,809.9791995883817,379.1668207816337,813.3837,288.5823,0
632003238,780.8192956309083,374.5731992093609,783.0396,283.6359,0
632003254,774.5883636646237,388.47284493352305,769.3593,321.4611,0
632003271,770.9348548937497,387.107039118049,764.9258,297.4536,0
632003288,765.4471466538824,390.5460601348935,749.4408,320.055,0
632003304,768.4291639385315,389.92778034502595,782.2683,300.8224,0
632003321,775.2302194260583,388.68494881314405,811.6483,293.1625,1
632003338,775.7155869951395,385.88564475723,780.3325,277.202,1
632003354,777.2582457705072,386.92820072262856,789.1031,309.6532,1
632003371,777.8122492782253,388.4346433143898,782.9633,317.594,1
632003387,778.4441497377288,389.82532790903696,784.6665,319.4051,1
632003404,777.0642630456155,389.4316054579332,764.9194,298.959,1
632003421,778.0766799036712,387.35363515626057,790.332,272.6845,1
632003437,778.0877632708614,386.9938164704435,779.3999,295.7833,1
632003454,777.1806143442744,385.9746354634583,768.0053,284.8113,1
632003471,778.2551409668738,384.9068325350453,793.3772,281.2288,1
632003487,779.1077751471227,385.1822443396399,791.2162,303.6577,1
632003504,779.111090056142,385.85355509264673,779.8015,311.7843,1
632003520,779.8062175171483,385.79818733397224,790.4971,298.1628,1
632003537,779.9728173009225,385.37445966899327,783.225,291.0063,1
632003554,778.9775335972482,391.45668849371765,762.6585,423.8419,1
632003570,741.1683973717808,605.4079869358703,735.9646,595.4401,0
632003587,734.7199371117061,578.9611946511187,729.8779,560.1785,0
632003604,737.2136979072923,570.995796846438,735.4706,538.5925,0
632003620,737.1592901623085,581.3809836606841,731.7332,591.1154,0
632003637,740.9057140132763,595.7530114818662,746.4733,639.1008,0
632003654,743.0100400587638,600.5205526433123,746.0601,612.8615,0
632003670,746.808402142283,603.2644892098936,760.6584,608.4557,1
632003687,743.4157830209144,605.71116868127,717.0023,614.3179,1
632003704,745.3362527272022,604.5155314322943,753.7747,581.2985,1
632003720,743.7897744148164,606.6174365789655,725.7909,617.4014,1
632003737,739.4473815064765,615.2333624429557,694.356,704.9032,1
632003753,735.9227094664973,618.282513801373,696.8984,647.657,1
632003770,732.6950050184528,625.4941308758124,693.5091,714.6456,1
632003787,730.9132887664672,632.020520825191,706.0106,717.5065,1
632003803,729.6633948436665,638.3623610246456,709.9988,726.4191,1
632003820,727.0600858742262,645.9803184116631,689.5244,760.3609,1
632003837,726.5585178017692,650.8625520480799,716.095,722.9916,1
632003853,725.6287325624015,654.8043704230018,709.1958,713.9562,1
632003870,724.7063843916334,658.6918644329693,707.9031,719.5891,1
632003886,722.4965520388116,662.7774138737201,686.583,730.7217,1
632003903,722.216694191529,666.6512118877038,714.7882,731.6547,1
632003920,719.9979226040832,668.8227451812119,683.1281,703.4075,1
632003936,718.8454101173018,671.9680470410001,698.2109,727.8033,1
632003953,718.0661574409694,674.7120873021158,703.1993,723.9004,1
632003970,716.8648569065183,677.7938632805715,694.6128,736.2874,1
632003986,715.4395914583023,680.8012010242815,689.3235,739.5709,1
632004003,711.8659641670059,686.7116853600379,648.8268,811.4602,1
632004020,709.9805151470155,690.8180239455587,677.1802,775.1705,1
632004036,708.140738494711,696.0744646458643,675.7078,806.9857,1
632004053,707.0392621400342,700.1008241419222,687.7717,783.5906,1
632004069,704.7917553212861,703.654213732913,665.5016,778.6956,1
632004086,702.4936179622495,708.7089787769161,665.7531,801.6105,1
632004103,699.8235582644717,713.1984286823115,657.7911,793.2977,1
632004119,697.1628531767658,717.3400634438591,655.5739,797.5217,1
632004136,695.4664391546156,721.5174404446681,672.406,808.6546,1
632004153,693.4606215847267,725.8471737354591,664.2306,815.2328,1
632004169,691.3150281479169,729.1577606860145,661.1896,796.8783,1
632004186,690.2724144306728,732.0782239329537,674.4473,793.3762,1
632004203,699.4988434150856,736.1830320285534,862.7256,815.8648,1
632004219,707.9536475420203,739.1198704146245,844.4772,798.6554,1
632004236,717.3100090521975,741.4064055145486,857.5641,796.7859,1
632004253,727.00760424036,743.9787799543251,864.8842,801.2075,1
632004269,735.6772533922839,746.4670515205044,847.7318,811.2192,1
632004286,745.4166006878023,748.8929888727827,871.292,812.6227,1
632004302,755.4296323995045,749.5269572426888,880.8986,774.6327,1
632004319,764.980687704055,751.3915365269521,874.181,810.2073,1
632004336,773.9528902058279,751.4130691855322,872.5088,766.0558,1
632004352,782.3091979537369,753.4863451016939,865.4249,816.3965,1
632004369,788.6552369107269,753.921441400848,835.8105,782.7496,1
632004387,796.705972548366,754.7117421660387,871.4001,793.3477,1
632004403,803.2516864644743,755.6751336196712,854.2441,800.6078,1
632004420,809.8897147212763,754.9674138989323,860.7666,760.3771,1
632004437,815.6987734362418,754.1277042726091,855.1864,762.3312,1
632004453,986.0161655987148,772.0339155717131,987.6155,809.0213,0
632004470,1283.8174896996659,768.5188367660297,1298.7473,791.7844,0
632004486,1300.2880503782683,777.0482772748609,1332.6919,813.2922,0
632004503,1317.053313988487,775.4446226602375,1368.083,793.9562,0
632004520,1321.108632378515,777.8086683985836,1349.5049,811.5993,0
632004536,1322.2821056499206,776.4206375768673,1343.2058,793.1726,0
632004553,1308.2198645931767,733.438433115296,1325.0952,743.6267,0
632004570,1340.6774953063311,761.7320929957498,1358.3025,780.2767,0
632004586,1337.1930370874727,751.8586026989504,1351.5165,754.072,0
632004603,1324.1695658773142,763.9547152320381,1313.401,817.4078,0
632004620,1323.2247051605084,762.6260668830494,1337.4492,776.8486,0
632004636,1322.0894546878706,763.7336511935603,1334.3291,789.6418,0
632004653,1321.7576610700278,765.5829743165626,1336.8424,798.1918,1
632004670,1319.0306690010818,767.2927781329159,1319.1858,802.2074,1
632004686,1319.7250198105683,767.64473985442,1341.6367,791.4492,1
632004703,1320.3014385609426,770.2526988509268,1341.3252,818.0654,1
632004719,1320.1390933829416,769.0470700713306,1335.8611,776.3678,1
632004736,1320.4006034941774,769.8806002810097,1339.577,801.3691,1
632004753,1322.0311866809036,771.2915793842869,1355.2603,810.861,1
632004769,1323.0585829748031,774.7124231353117,1349.7574,844.918,1
632004786,1323.3487769787862,775.4056573385483,1342.5085,806.8407,1
632004802,1325.9920893309325,775.2249995957822,1374.5604,791.9026,1
632004819,1327.4580661911443,775.6806607229314,1361.1772,803.7777,1
632004836,1330.1586278081882,777.6814674475208,1380.2556,832.6489,1
632004852,1330.864765000907,780.435718796417,1353.0156,851.1642,1
632004869,1331.5934697567936,781.2599694596854,1354.9233,816.5009,1
632004886,1330.8927532647826,782.8674683229667,1332.8751,834.7389,1
632004902,1020.4810051569618,715.5479347877651,1024.9983,731.6813,0
632004919,755.5872497512651,780.2669635275042,746.7367,829.7659,0
632004936,749.2923719975037,777.8229722194723,733.7235,823.7354,0
632004952,748.8206153569413,776.3167203021852,738.8929,820.7759,0
632004969,750.0537388262414,785.4456116215096,744.0243,873.2089,0
632004986,747.1707606031677,785.1481543446776,726.0435,835.2638,0
632005002,731.5995149460805,788.4897984225875,721.4805,841.8217,0
632005019,736.8451816879755,790.6005009725089,726.9077,844.4371,0
632005036,725.7600412397558,780.4900293822216,704.2761,818.2344,0
632005052,729.0591292201075,775.7030341164476,726.2793,811.7582,0
632005069,733.3790305506758,778.9376977359885,736.7168,841.4233,0
632005085,733.7384563269736,781.4745626058174,724.9853,845.6601,0
632005102,733.2395067561955,781.6646062951634,720.6618,833.7928,1
632005119,732.1179452760454,781.2143584662122,715.3987,828.6522,1
632005135,731.6631126790365,779.4787969533728,718.9094,814.2233,1
632005152,734.4317281119253,779.3175396779276,746.4803,827.0945,1
632005169,729.7871186853758,780.5175877124121,678.7734,846.4882,1
632005185,725.1135239534149,778.8560234939054,671.5172,810.5217,1
632005202,720.9818343676956,778.4710566899846,670.0488,825.8079,1
632005218,715.6347815506625,776.3279322266569,649.7566,798.6767,1
632005235,711.1287814404646,774.3788033876853,652.8846,797.8633,1
632005252,707.3376222219358,775.4200658549142,655.4275,845.7218,1
632005268,702.8206850691955,774.4078882051645,640.9806,811.0007,1
632005285,698.1210693239618,773.5138479677386,632.7427,811.9426,1
632005302,697.0752001108893,771.4552343265121,682.3613,786.1655,1
632005318,692.9694432129412,770.8087139085198,632.8185,813.4432,1
632005335,689.0868675793004,769.277580475785,632.2092,794.4065,1
632005352,686.6739336265879,768.2358650206656,651.7202,801.915,1
632005368,684.5021414698008,767.6576480957274,652.5396,810.3395,1
632005451,985.5915460941874,402.9753111634143,996.2223,313.1906,0
632005468,986.4531441288875,408.26496035679725,997.7607,327.3139,0
632005484,987.1098513848282,407.15632706445285,999.1186,315.6934,0
632005501,985.3681215374584,402.44270056992775,990.9366,293.9145,0
632005518,985.0089915224638,396.34215071065154,994.9286,272.3698,0
632005534,1015.0844100793881,366.8461280052543,1027.9128,263.4099,0
632005551,1002.0091173970595,374.92856094622215,1014.0578,274.8185,0
632005568,1007.2409434589229,374.65142340909716,1024.9863,273.6356,0
632005584,997.6265305793643,377.004356862025,989.3303,284.8798,0
632005601,993.8339052363197,381.6124681906806,993.4017,302.9185,0
632005618,994.126023113245,381.67809687063243,1007.0945,284.2763,0
632005634,993.349179814991,381.9801738928172,1001.0804,286.5522,1
632005651,996.1823511787182,380.94735428628104,1025.3341,274.1876,1
632005667,999.0495033817299,380.1140270857743,1030.8762,273.5555,1
632005684,999.6561946075825,379.84786229459314,1015.8484,278.7243,1
632005701,998.5098512594161,380.209760596166,999.7076,286.6456,1
632005717,997.6847237208276,381.1833952538025,1001.0632,295.6479,1
632005734,996.665026238928,380.40668425226096,998.0188,272.2773,1
632005751,998.9015906597929,380.63636314416624,1035.4475,284.8824,1
632005768,1000.8417638613232,379.3175655607717,1035.2324,260.0014,1
632005784,1000.2320467875775,379.1612471412138,1003.4258,279.0298,1
632005802,1000.1969208897631,380.0140060801499,1010.4406,296.5513,1
632005818,997.7730207317791,378.7213428221541,976.5861,259.1793,1
632005835,994.1955947268984,380.09856720810427,955.9576,309.6826,1
632005852,988.4323596123975,385.74042597819346,917.2278,397.4751,1
632005868,983.2252038885348,390.53450629174813,921.0858,386.3595,1
632005885,977.5773759041836,395.99040217951097,909.0662,405.823,1
632005902,972.4711787161691,402.75198891541754,912.7274,439.1049,1
632005918,968.5979132652541,409.54067572910304,929.1393,445.6227,1
632005935,963.7349668443305,415.546593971747,908.866,435.7241,1
632005951,959.6180872946156,421.790948700221,917.5953,446.6962,1
632005968,956.7147215641605,427.5493476608529,935.3286,441.1937,1
632005985,952.866507088498,432.74624560873133,915.408,435.2061,1
632006001,950.132568431689,435.57927411361237,932.6514,385.9019,1
632006018,947.3919616241891,439.41689506707655,928.689,414.4568,1
632006035,944.0836952401677,443.1115706401703,914.9739,417.1262,1
632006051,940.2364490444492,447.1508192527702,908.0347,421.2399,1
632006068,937.6769081962602,450.683359368388,928.8541,414.4721,1
632006085,935.6698367190744,455.36339405882575,930.7341,448.2844,1
632006101,933.3985970862236,459.1170759927531,923.2544,434.6786,1
632006118,928.7491598073498,461.4449551951526,878.4707,407.012,1
632006134,918.4258504526522,462.62250274360963,771.3508,390.4999,1
632006151,908.5449792781019,462.9402325072734,778.2325,374.518,1
632006168,899.1729755974716,463.53520074775986,783.0112,386.0705,1
632006184,888.790239783879,464.0166837706438,757.6424,389.7024,1
632006201,878.161000607003,463.9816554802483,745.9874,383.0817,1
632006218,868.4014879381535,463.60026683174027,756.0056,379.1555,1
632006234,858.3835498878237,464.13156531618523,743.9612,401.6617,1
632006251,757.5593836600575,448.20454902328134,756.9396,383.5407,0
632006268,751.9750838415936,469.02799773968303,750.5963,411.7527,0
632006284,747.2330829921863,447.7825830979803,741.7438,355.135,0
632006301,749.2221819884223,444.20064314906847,752.6555,368.9251,0
632006317,753.5526093330658,448.0385910236445,765.8781,398.4481,0
632006334,754.6253605092793,449.8149148536782,757.9188,395.0778,0
632006351,756.4229983443504,452.63210922763903,764.2457,407.5172,1
632006367,755.7188543954509,451.32475924227856,750.5609,377.5074,1
632006384,757.7793798412733,450.96852935129345,771.2523,383.334,1
632006401,757.8525385167899,450.3532742698274,757.3744,380.1172,1
632006417,770.366459457802,451.39146474503525,878.2782,394.5865,1
632006434,1084.9081805763249,474.990133955945,1098.1899,405.7726,0
632006451,1093.4942886934898,497.2781875863125,1106.6113,435.3569,0
632006467,1101.9271828259616,494.8043432124244,1124.3258,428.01,0
632006484,1103.3172246508475,499.03560668744,1119.4619,448.5055,0
632006501,1104.4508879697107,499.98498647233356,1121.3657,442.1068,0
632006517,1104.7974209048357,494.57548172705805,1120.3271,402.5678,0
632006534,1107.1434290403624,496.6732710571918,1132.4291,447.4565,1
632006550,1109.1017330080554,497.8516361174811,1134.2566,444.1946,1
632006567,1109.7522016048538,500.8365158633403,1127.0605,465.8733,1
632006584,1111.1819722811306,503.00828671085975,1135.2158,463.1486,1
632006600,1113.9539930439628,504.036001609629,1150.946,453.0285,1
632006617,1115.7976988068938,503.57935770849423,1146.0798,435.3257,1
632006634,1114.6385779329303,503.69471733700004,1114.9326,444.0501,1
632006650,1115.016386956993,500.74281762884283,1132.6785,396.1761,1
