timstamp,smoothx,smoothy,rawx,rawy,fixation
624705936,749.2275,538.4231,749.2275,538.4231,0
624705953,759.9395,493.969,770.6241,449.6282,0
624705970,755.4857,479.7834,746.5803,451.8175,0
624705986,760.2249,474.4962,774.2885,459.2564,0
624706003,757.2234,468.6986,745.3162,446.5283,0
624706020,749.7582,458.2783,749.7582,458.2783,0
624706036,754.5364,438.2737,754.5364,438.2737,0
624706053,756.9206,446.8472,759.2987,455.3989,0
624706069,756.9696,447.4174,757.0547,448.507,0
624706086,758.3929,445.9519,762.5998,441.5563,0
624706103,757.7196,449.0112,755.0227,461.0119,0
624706119,754.2589,451.4819,737.4102,463.3403,1
624706136,752.1815,448.1054,740.4174,428.2752,1
624706153,751.2825,446.3405,745.7312,434.6098,1
624706169,750.961,446.3785,749.0846,446.918,1
624706186,762.147,459.1542,855.7833,565.6934,1
624706202,770.0457,467.2252,840.1683,538.2922,1
624706219,775.7306,474.624,828.0624,543.1775,1
624706236,780.1759,477.3667,821.9777,500.19,1
624706252,785.5569,482.2613,839.5429,530.3683,1
624706269,790.8135,486.6382,845.026,530.2678,1
624706285,796.4335,489.7993,856.4875,519.6794,1
624706302,802.1223,493.6124,864.1676,532.8125,1
624706319,805.4782,496.9325,837.2285,530.3448,1
624706335,809.7349,499.7302,854.6881,526.6167,1
624706352,814.7573,503.8798,871.0936,550.5664,1
624706369,818.1292,507.4507,850.6921,545.9443,1
624706385,821.1349,508.4985,848.849,509.7778,1
624706402,823.7403,511.6129,846.0477,545.3575,1
624706418,829.9375,509.7613,908.3817,467.1707,1
624706435,960.3488,353.7137,960.3488,353.7137,0
624706452,948.1996,347.3999,948.1996,347.3999,0
624706468,952.7316,349.8408,957.2521,352.2754,0
624706485,954.259,357.9349,957.2715,374.0079,0
624706502,952.7228,359.7748,948.123,365.095,0
624706518,954.5743,359.4821,961.8424,358.1469,0
624706535,951.9411,359.4723,939.0466,359.2585,1
624706553,951.5185,360.8025,949.1833,368.3254,1
624706569,952.6653,359.5209,960.4463,350.7043,1
624706586,954.1136,358.1875,964.9762,348.0759,1
624706603,952.8533,357.1717,942.1185,348.848,1
624706619,956.07,355.6936,985.3406,342.5826,1
624706636,957.357,355.4412,969.2503,353.639,1
624706652,955.9184,355.497,939.7014,356.8047,1
624706669,955.7632,355.2415,953.4683,353.0507,1
624706686,954.3212,355.1009,936.8737,354.1593,1
624706702,954.1538,356.1985,952.2511,370.4654,1
624706719,955.1179,356.7728,967.7661,364.3321,1
624706736,955.0541,354.4218,953.9829,322.9201,1
624706752,954.5107,354.6836,946.8658,359.378,1
624706769,944.8778,349.9713,808.4894,284.0171,1
624706786,932.8352,344.6831,763.7379,271.4066,1
624706802,922.2683,337.42,778.4432,236.1601,1
624706819,746.5038,265.9766,746.5038,265.9766,0
624706836,764.0952,302.1478,764.0952,302.1478,0
624706852,756.0551,287.3048,748.0353,272.4996,0
624706869,761.4979,287.8699,772.3554,289.0679,0
624706886,759.4146,282.6771,753.1962,267.3479,0
624706902,758.1274,281.6225,753.0962,277.7024,0
624706919,760.6871,277.4735,773.2184,257.5619,1
624706936,762.048,284.337,769.8024,324.5309,1
624706952,759.4446,285.5287,741.8728,293.3098,1
624706968,757.4398,283.2378,742.5007,265.7292,1
624706985,754.9422,286.6964,734.6013,315.5452,1
624707002,744.6441,302.0454,651.9058,441.015,1
624707018,737.0319,315.2132,665.5619,440.3571,1
624707035,731.1087,328.5443,674.1039,461.0409,1
624707052,724.1945,340.892,653.8768,467.2,1
624707068,719.3067,351.1,670.7427,455.9084,1
624707085,712.0704,363.3002,633.1376,495.3246,1
624707102,708.605,374.4865,676.8687,495.7109,1
624707118,704.1147,383.4264,657.7294,476.3314,1
624707135,699.2687,390.8355,647.224,464.024,1
624707151,696.0021,398.3394,665.8119,474.1904,1
624707168,691.5184,405.45,642.8692,476.6666,1
624707185,688.3661,410.3067,659.2028,449.0454,1
624707201,684.9744,416.1071,651.478,470.8653,1
624707218,681.4838,421.9284,645.9325,478.2079,1
624707235,678.8267,426.3653,655.8899,462.0671,1
624707251,676.5146,430.3051,658.2272,459.8636,1
624707268,675.5244,434.4142,677.4453,468.5977,1
624707285,673.7713,436.332,661.5974,436.7357,1
624707301,670.8265,439.6185,638.0824,465.3868,1
624707318,668.9467,442.4079,653.5376,461.8322,1
624707334,670.7056,439.4948,723.9358,352.841,1
624707351,675.8173,429.9687,777.1912,240.4492,1
624707368,758.0402,219.9337,758.0402,219.9337,0
624707384,755.7854,211.6847,755.7854,211.6847,0
624707401,760.9118,215.0094,766.0252,218.3257,0
624707418,760.2491,217.6931,758.9059,223.0094,0
624707434,761.8524,221.7498,766.59,233.7193,0
624707451,763.5204,218.6385,770.0043,206.2512,0
624707468,765.3635,217.6425,774.1826,212.7802,1
624707484,765.0343,217.465,762.8605,216.4952,1
624707501,764.0944,217.7093,757.6062,219.4097,1
624707517,764.6851,217.1417,769.0255,212.921,1
624707534,764.7884,216.3615,765.4634,210.003,1
624707551,764.4465,217.7803,761.1439,230.9701,1
624707567,765.2058,217.4277,772.5743,213.8938,1
624707584,764.8112,219.8971,760.3628,245.9113,1
624707601,765.9587,221.3137,778.6285,236.376,1
624707617,766.5778,221.8645,773.3239,227.1111,1
624707634,766.7179,221.7817,767.687,219.3679,1
624707651,766.3735,223.8647,761.1798,249.393,1
624707667,764.1808,225.412,734.394,243.8745,1
624707684,630.4069,428.9247,630.4069,428.9247,0
624707700,653.1962,499.3276,653.1962,499.3276,0
624707717,638.7047,492.2664,624.2502,485.2233,0
624707734,635.1333,492.9495,628.1093,494.3427,0
624707750,631.6797,498.0209,621.5669,513.0803,0
624707767,633.6069,501.9404,641.3969,517.1953,0
624707784,632.9199,508.1939,629.7026,538.2863,1
624707800,632.6769,509.7826,631.4427,518.193,1
624707817,634.9581,507.4126,650.3291,490.7376,1
624707833,633.7348,512.0972,624.4255,546.7168,1
624707850,633.6074,512.352,632.622,513.1843,1
624707867,635.2626,513.1724,650.4093,519.3639,1
624707883,634.245,516.2405,623.9312,545.0117,1
624707900,634.9749,520.7171,642.6356,565.672,1
624707917,636.4069,522.2234,652.1538,535.6097,1
624707933,637.5396,523.6733,650.118,536.9958,1
624707950,637.5723,524.3632,636.7991,528.8151,1
624707968,637.5857,523.2199,636.6401,504.4731,1
624707984,638.2061,522.2784,645.4376,506.5906,1
624708001,639.0654,521.9457,649.6227,515.0634,1
624708018,638.5106,522.0082,628.9884,521.0818,1
624708034,640.2717,520.9483,664.6971,503.967,1
624708051,857.016,527.1483,857.016,527.1483,0
624708067,1066.9204,498.329,1066.9204,498.329,0
624708084,1093.459,504.376,1119.9299,510.4076,0
624708101,1100.4646,500.4623,1114.2523,492.6539,0
624708117,1099.7998,501.3663,1097.5913,504.0754,0
624708134,1099.9631,498.4591,1100.3923,487.0508,0
624708151,1105.4941,468.6884,1105.4941,468.6884,0
624708167,1112.4336,518.0037,1112.4336,518.0037,0
624708184,1116.1117,519.8275,1119.7804,521.6466,0
624708201,1114.5328,509.9452,1111.3765,490.2968,0
624708217,1114.9675,509.2726,1116.2617,507.4186,0
624708234,1112.004,504.0957,1100.3657,483.9358,0
624708250,1112.932,503.2234,1117.5837,499.3889,1
624708267,1112.2377,500.5086,1108.2959,485.2885,1
624708284,1111.5929,499.5372,1107.4346,493.7805,1
624708300,1113.0466,503.4218,1124.1727,533.391,1
624708317,1114.1833,503.0349,1123.6028,499.9396,1
624708334,1115.3246,503.5116,1125.4375,508.0269,1
624708350,1125.1039,516.3221,1220.697,642.2847,1
624708367,1229.9973,775.4941,1229.9973,775.4941,0
624708383,1231.8622,768.5062,1231.8622,768.5062,0
624708400,1222.717,769.2375,1213.595,769.9669,0
624708417,1222.785,777.7131,1222.9666,794.5527,0
624708433,1227.1451,790.0697,1240.1155,826.5707,0
624708450,1228.6943,788.2891,1234.6877,780.803,0
624708467,1229.8969,788.8524,1235.5823,791.1945,1
624708483,1230.759,788.2908,1235.494,784.6247,1
624708500,1232.8217,787.7231,1246.2307,783.5963,1
624708517,1232.9899,789.9492,1233.6724,806.4097,1
624708533,1233.7054,791.0414,1239.0774,799.531,1
624708550,1228.5494,784.3066,1180.9629,722.271,1
624708567,1174.7361,552.7257,1174.7361,552.7257,0
624708583,1172.2825,475.0577,1172.2825,475.0577,0
624708600,1170.7856,483.8666,1169.2925,492.653,0
624708616,1173.0906,474.5939,1177.679,456.1218,0
624708633,1178.0979,472.244,1192.9153,465.3734,0
624708650,1179.7673,467.0165,1186.1428,446.6654,0
624708666,1179.7325,469.912,1179.3091,484.41,1
624708683,1177.8743,472.3875,1166.8989,486.8772,1
624708700,1181.8069,472.1527,1207.9421,470.525,1
624708716,1182.6796,478.7971,1188.6753,528.6398,1
624708733,1182.042,476.1311,1176.0626,452.8125,1
624708750,1180.7378,471.9532,1168.3647,433.3969,1
624708766,1181.8641,472.7789,1192.7715,481.3669,1
624708783,1184.1466,466.9926,1207.7084,406.3366,1
624708799,1185.1259,463.2115,1194.9137,423.0453,1
624708816,1186.7361,458.5012,1204.2739,406.3619,1
624708833,1190.3896,456.0179,1233.5057,430.4206,1
624708849,1190.8442,453.2334,1193.2323,423.2497,1
624708866,1190.9259,449.6607,1188.5884,408.766,1
624708883,1190.882,448.0228,1187.0847,433.5706,1
624708899,1190.8849,444.9671,1188.0549,410.0141,1
624708916,1192.4788,441.8984,1213.0719,406.7297,1
624708933,1193.219,438.6999,1200.9191,401.6575,1
624708949,1194.3361,437.1322,1207.8342,424.9587,1
624708966,1194.0945,434.3131,1186.5492,402.339,1
624708983,1193.6747,432.2859,1183.9065,412.8238,1
624708999,1193.408,430.0644,1186.7141,407.2353,1
624709016,1193.7118,428.1972,1196.6853,410.8875,1
624709033,1192.4366,427.976,1169.9976,436.9217,1
624709049,1191.2181,425.1913,1170.9036,390.8354,1
624709066,1191.0024,423.8811,1188.2427,414.1974,1
624709082,1191.3965,422.88,1197.0391,422.8811,1
624709099,1191.5629,420.8065,1193.0974,403.5319,1
624709116,1191.1367,420.7025,1183.9246,431.6047,1
624709132,1190.8965,420.4381,1188.813,427.854,1
624709149,1189.2966,420.2459,1164.2507,425.382,1
624709166,1187.6469,420.3363,1162.5323,432.7119,1
624709182,1188.4559,420.2221,1203.9209,427.6187,1
624709199,1190.8002,414.6251,1234.6929,328.8276,1
624709216,1193.9733,408.7696,1246.615,328.8082,1
624709232,1196.2826,402.8391,1230.2671,317.3446,1
624709249,1200.8033,395.5288,1268.4648,289.6779,1
624709265,1204.8518,389.8224,1263.505,320.6161,1
624709282,1208.5952,385.9221,1260.4929,341.5192,1
624709299,1209.8195,380.132,1216.2445,308.0857,1
624709332,1212.0483,374.821,1236.0764,311.9701,1
624709365,1214.2808,370.0172,1240.4701,320.307,1
624709400,1215.6802,366.8791,1223.0306,345.0106,1
624709433,1216.9662,363.7854,1222.4871,340.6587,1
624709466,1220.3955,360.5818,1261.6938,337.6996,1
624709499,1221.4354,357.2755,1222.2502,329.5695,1
624709533,1222.3307,351.9832,1224.4072,290.9671,1
624709566,960.1219,97.8972,960.1219,97.8972,0
624709582,997.2182,65.7312,997.2182,65.7312,0
624709599,988.3889,47.2958,979.5819,28.9073,0
624709632,977.355,32.4424,955.4722,3.0176,0
624709666,978.8719,41.7189,983.5793,69.5357,0
624709699,974.8199,37.9437,959.0775,23.1591,0
624709732,980.2151,36.264,1006.8051,28.3094,1
624709766,980.9058,41.7912,984.8438,74.0379,1
624709799,980.1201,40.0589,974.7651,28.2852,1
624709832,978.3386,41.6292,964.9446,53.4056,1
624709865,850.3324,240.6974,850.3324,240.6974,0
624709899,635.8341,606.088,635.8341,606.088,0
624709915,631.1071,620.4542,626.392,634.7838,0
624709932,628.2427,619.8204,622.5742,618.488,0
624709949,623.5386,619.5937,609.6599,618.8596,0
624709965,622.1649,619.0316,616.9794,616.7725,0
624709982,629.0223,636.0489,629.0223,636.0489,0
624709998,602.0488,626.864,602.0488,626.864,0
624710015,606.9085,639.0164,611.7559,651.1379,0
624710032,611.8978,636.2106,621.7885,630.573,0
624710048,614.3357,641.1119,621.4635,655.6241,0
624710065,615.9263,644.6731,621.9986,658.4856,0
624710082,616.6353,645.5575,619.8404,649.5237,1
624710098,621.5258,646.7863,649.4817,653.4943,1
624710115,620.1437,644.4164,610.1789,628.1428,1
624710132,620.5209,642.0815,622.8008,624.3933,1
624710148,621.8896,643.223,632.6935,652.9591,1
624710165,621.1815,641.2579,613.9198,623.3934,1
624710181,620.3989,641.3276,612.1071,642.5027,1
624710198,618.8523,642.3318,602.2473,653.3514,1
624710215,619.9509,638.7935,632.4301,599.3757,1
624710231,621.9893,625.1616,645.8198,465.9862,1
624710248,623.3114,609.9212,638.6572,428.6497,1
624710265,626.1392,598.1426,661.0287,459.8515,1
624710281,629.0667,586.7933,665.3802,453.466,1
624710298,630.4118,575.7061,644.868,445.7128,1
624710315,631.7606,564.6311,646.3617,434.9014,1
624710331,632.9803,555.6936,645.7645,457.4445,1
624710348,633.9568,546.0844,643.1878,437.843,1
624710365,635.3827,536.293,651.5648,425.6616,1
624710381,636.504,527.9381,647.9242,439.9971,1
624710398,637.3625,520.1437,644.7451,440.8568,1
624710414,638.214,511.7676,645.6931,422.8632,1
624710431,638.7025,505.7806,640.5725,455.1162,1
624710448,640.0131,498.3401,655.6155,422.5676,1
624710464,639.9353,492.6023,632.734,444.061,1
624710481,640.1653,485.8264,638.8764,418.4607,1
624710498,641.626,478.2028,657.2725,410.8907,1
624710514,643.2751,467.8838,662.8552,357.8475,1
624710531,643.4469,459.3387,639.2928,377.7722,1
624710547,644.1852,450.6197,650.1296,368.587,1
624710564,644.3989,444.4789,641.9893,404.7871,1
624710581,645.7716,436.6564,662.8599,365.6802,1
624710597,646.7352,428.9151,659.6044,358.9635,1
624710614,675.4892,404.6099,675.4892,404.6099,0
624710631,645.6738,403.7176,645.6738,403.7176,0
624710647,654.1384,398.072,662.5815,392.4408,0
624710664,655.1519,395.6831,657.123,390.9641,0
624710681,656.1859,397.6812,659.1938,403.6689,0
624710697,653.8386,396.2819,644.5398,390.793,0
624710714,658.4725,393.8575,681.0378,382.1393,1
624710731,660.4251,394.5834,671.3962,399.0206,1
624710747,661.7762,392.9521,670.281,382.2547,1
624710764,662.2657,395.5274,665.2922,415.2299,1
624710780,662.1768,395.363,660.7373,393.9213,1
624710798,663.9365,395.8035,679.3002,399.7674,1
624710815,665.641,395.0016,681.3727,386.9671,1
624710831,665.2642,395.293,659.866,398.4347,1
624710848,665.6287,395.6896,668.4834,400.0946,1
624710865,666.6415,391.9361,677.3177,347.5543,1
624710881,666.6511,391.6155,665.2122,389.0114,1
624710898,665.6934,392.1024,651.9512,399.7793,1
624710914,664.8303,391.5942,652.494,385.8979,1
624710931,664.0539,388.8997,653.1002,353.0395,1
624710948,663.4842,388.6677,655.6691,388.0531,1
624710964,661.2307,389.9303,629.1136,410.8856,1
624710981,661.0875,390.9569,661.0362,407.7807,1
624710998,660.6467,391.0642,656.0347,393.391,1
624711014,660.4703,391.4315,659.9966,397.5963,1
624711031,660.213,390.024,658.3885,368.1351,1
624711048,659.8729,391.3056,656.6923,412.721,1
624711064,658.9621,391.1555,646.6299,388.7074,1
624711081,658.9117,392.0788,660.8483,407.0318,1
624711098,657.7962,393.1772,642.0975,410.2933,1
624711114,657.0252,394.7855,647.4963,419.5012,1
624711131,660.3132,596.0291,660.3132,596.0291,0
624711147,543.015,791.7538,543.015,791.7538,0
624711164,549.082,795.0676,555.1337,798.373,0
624711181,553.7305,792.9053,562.9375,788.5915,0
624711197,557.709,797.9364,569.4034,812.8678,0
624711214,555.8427,796.752,548.3013,791.969,0
624711231,559.3126,792.1262,559.3126,792.1262,0
624711247,569.1665,804.9885,569.1665,804.9885,0
624711264,571.768,795.4284,574.3629,785.8927,0
624711280,565.493,802.8168,553.0096,817.5477,0
624711297,563.6398,802.2211,558.2273,800.3914,0
624711314,557.7559,801.5633,534.7992,798.9364,0
624711330,555.1146,797.5596,542.6917,778.0791,1
624711347,554.402,796.2631,550.8879,789.0563,1
624711364,555.7112,799.7109,565.077,823.0678,1
624711380,555.0956,800.4563,550.9222,805.9874,1
624711397,555.9568,801.6771,563.6431,811.6452,1
624711414,571.6318,810.095,714.5077,886.2251,1
624711430,946.4779,876.4818,946.4779,876.4818,0
624711447,1011.4069,879.6364,1011.4069,879.6364,0
624711463,1018.0786,889.4962,1024.7334,899.3308,0
624711480,1019.471,884.8131,1022.2041,875.4566,0
624711497,1021.9507,886.1957,1029.2479,890.3158,0
624711513,1022.6771,891.6299,1025.401,912.9374,0
624711530,1027.5413,895.596,1051.0354,914.5959,1
624711547,1030.0769,897.5847,1044.2141,908.5029,1
624711563,1030.4108,899.1503,1031.8896,908.8259,1
624711580,1030.7825,898.7183,1032.817,894.5555,1
624711597,1031.1885,900.2618,1033.7882,912.2982,1
624711613,1031.777,900.8916,1036.3158,905.5541,1
624711630,1033.8533,898.2301,1053.3618,870.9189,1
624711646,1033.4412,895.8046,1027.6882,869.9585,1
624711663,1032.6292,890.3578,1022.3745,830.0115,1
624711680,969.3112,629.2931,969.3112,629.2931,0
624711696,904.9738,422.0387,904.9738,422.0387,0
624711713,910.9594,441.0145,916.9297,459.942,0
624711730,914.8245,441.8811,922.4752,443.5071,0
624711746,916.3422,440.8276,920.7533,437.5969,0
624711763,917.645,439.1843,922.6266,432.6622,0
624711780,920.0035,436.4173,931.2819,422.9727,1
624711796,920.3528,437.0992,922.0135,441.2512,1
624711813,922.7616,438.2536,938.4204,446.0798,1
624711830,923.1533,437.4121,925.4195,431.0789,1
624711846,925.8739,437.9894,947.8025,442.9169,1
624711863,928.1131,434.6875,947.2629,404.657,1
624711879,927.3737,432.5854,918.4233,412.7138,1
624711896,925.7446,432.3741,907.2276,431.4932,1
