timstamp,smoothx,smoothy,rawx,rawy,fixation
622129642,1014.686364922256,540.3197421604589,1010.5595,528.4476,0
622129675,979.484546177443,517.7286242908517,941.784,485.1378,0
622129692,990.2118245991618,517.8323510603989,1009.0919,507.5213,0
622129708,978.3456009883269,525.665186335036,936.7246,535.8349,0
622129725,981.4662790453967,529.3341752366811,989.2253,531.3181,0
622129742,944.6432179087323,535.4287578098375,939.1904,523.0624,0
622129758,834.5185535679311,530.1384658430532,826.8098,516.8572,0
622129775,815.2630736800947,518.9292837733442,789.0258,495.3282,0
622129792,825.9793307961265,496.6986408155143,845.5063,443.8942,0
622129808,813.8418862980251,496.47736778897087,771.149,484.2531,0
622129825,812.1978976606791,486.19225437905675,803.6422,437.4425,0
622129842,812.9586762470879,478.6521601110479,815.1296,434.4085,1
622129858,815.7969102740236,482.448704909698,826.4725,493.8725,1
622129875,812.7164734990581,478.23040578999803,789.1317,441.9057,1
622129891,807.3323927332117,470.5725588078134,766.2478,407.1693,1
622129908,809.3318437505005,467.6781051854457,825.3411,437.7041,1
622129925,811.1019330287725,468.5416337843539,823.7582,469.0449,1
622129941,813.6192689140365,471.0296382316604,833.3644,486.786,1
622129958,811.7900693429073,469.6808813955636,788.6086,447.7331,1
622129975,810.4240602274986,467.25956573399975,792.9606,433.6126,1
622129991,806.9577737763096,463.0121650971002,765.6091,408.275,1
622130015,806.2121620937556,462.7971632410188,795.1339,454.4644,1
622130024,807.3417184938912,462.6173270129217,820.7976,454.648,1
622130041,806.717447297639,459.07031609620515,799.5107,408.3536,1
622130057,804.5518198529983,457.3575670203321,773.787,430.2363,1
622130074,802.9051598365221,457.09638466040724,778.4025,449.2456,1
622130091,803.2661661744819,449.2573365501703,817.264,337.8898,1
622130107,805.5229753995505,441.94995598176916,847.8146,340.5376,1
622130124,808.1613400952629,433.840672772626,856.5593,323.2554,1
622130142,810.4354496501358,427.2860565390534,850.3562,341.766,1
622130158,811.581225740304,419.9730500314674,833.5178,324.9575,1
622130174,814.4791282028677,413.24199052268614,864.0624,329.4769,1
622130191,815.6326909111459,408.3474704297276,833.1904,353.7301,1
622130208,813.9773122066179,402.1284303748708,786.5756,327.389,1
622130224,812.7001975322441,393.70927937820613,796.3497,286.7278,1
622130241,813.4655202507096,385.6906361289914,832.7709,288.1901,1
622130258,813.5817000293586,380.1894368025217,819.9937,338.299,1
622130274,814.4597709989888,374.0801630107847,831.0945,319.9421,1
622130291,814.1647010687179,369.6078373449764,814.9858,335.3881,1
622130307,815.8716010258851,365.89849620714153,842.6144,347.0673,1
622130324,823.0634904079461,357.53574807299884,951.0772,261.1086,1
622130341,822.6293040643171,356.255274425802,808.6516,370.478,1
622130357,822.1981222523118,354.3494321973319,812.0542,361.0208,1
622130374,823.4145669108391,353.80614967515874,837.1699,372.7567,1
622130391,823.4682855791567,352.22117847621587,817.0986,347.3755,1
622130407,824.0249980488989,347.8364590398714,837.4374,300.8563,1
622130424,823.8861577214806,345.0551759240145,823.8025,326.2077,1
622130440,1007.406693642355,299.4805627178433,1020.291,301.3671,0
622130457,1198.6995784869255,361.10283772801824,1211.7612,361.5657,0
622130474,1146.3485538611783,341.19268943967745,1107.5298,322.9239,0
622130491,1131.9718774743499,335.31273855794217,1117.1221,325.287,0
622130507,1120.858479382018,330.43219715818776,1102.0199,317.9758,0
622130524,1128.049721160329,326.18176043804743,1172.7949,312.7782,0
622130540,1128.0286473036997,319.0165625469512,1145.1768,288.776,1
622130557,1123.4669890720993,316.4976069087739,1112.311,305.6645,1
622130573,1122.6705400476276,318.9347680094998,1131.0981,337.3967,1
622130590,1119.1333509967596,323.78407280563135,1104.0229,360.3567,1
622130606,1118.4357174846245,324.4299057434865,1127.3246,331.1413,1
622130623,1114.7586769319494,325.6846028430446,1094.8103,337.52,1
622130640,1112.543342204772,325.83581189008345,1106.0132,328.1196,1
622130656,1109.991643506262,326.36390043142006,1098.3669,332.3343,1
622130673,1106.5531044068448,327.64529161769036,1082.943,341.4847,1
622130690,1107.393323122332,328.54095917062074,1134.5303,338.9175,1
622130706,1107.8202608633965,329.27596927623586,1129.6235,337.872,1
622130723,1108.404974386004,326.9747641329235,1134.9404,299.052,1
622130739,1107.568166604584,325.61371688323186,1113.5206,309.4927,1
622130756,1108.9073092655158,326.59423806717166,1142.9697,341.3322,1
622130773,923.4176748682064,519.0738968963122,918.6243,507.4124,0
622130789,722.934066098127,594.4497199338687,707.968,576.2379,0
622130806,724.5644733437633,655.8462821486855,702.5518,691.8635,0
622130823,719.7109752731791,661.5464491425028,689.2094,649.7206,0
622130839,734.0291498960388,661.5025473665524,758.11,639.5397,0
622130856,728.6793893425961,661.6021860769177,687.188,639.3693,0
622130873,737.6999336993425,654.0688583685559,718.8328,632.5946,0
622130889,708.3363055473574,737.8056000473139,682.7919,711.1946,0
622130906,709.4999719079269,724.0799055816193,687.1281,685.3794,0
622130922,740.8605598059246,705.3010097095641,784.8784,646.498,0
622130939,783.3195439251351,659.4478118081547,903.2279,511.7637,0
622130956,799.7477154260407,628.4344701850175,856.9931,496.7089,0
622130972,813.297303048414,605.5897821900021,872.2992,486.7469,1
622130989,818.6302282734814,593.0701439299183,838.9199,512.6364,1
622131007,826.4972903353846,580.2006534377601,870.4581,489.2304,1
622131023,879.6764891446546,499.790570432334,875.2131,488.753,0
622131040,870.9751342766087,513.6054179001685,865.3179,501.6777,0
622131057,868.6273762313137,525.0242605672767,858.8887,523.1238,0
622131073,876.4706670578603,525.0011181852269,886.1109,512.5541,0
622131090,879.2209587576436,520.279139569368,882.5267,494.9007,0
622131106,875.403812370121,525.7905917753166,851.9028,533.5124,0
622131123,869.228056904581,546.5200146542672,823.2578,627.1851,1
622131140,869.2112355594746,548.3233237289046,860.7822,542.6075,1
622131156,873.207288364897,548.4860442278493,892.8641,534.1865,1
622131173,874.162221109827,551.9289108498544,871.372,560.61,1
622131190,873.9207268725313,554.2739350696552,861.885,556.2928,1
622131206,875.5042611389753,556.2555783457676,880.3572,556.632,1
622131223,873.0929906499757,555.236296601109,840.5856,528.4927,1
622131240,871.7399895322874,556.7784906714887,847.5931,555.2379,1
622131256,872.9490703438073,556.7784030659442,878.8579,539.988,1
622131273,874.0149160274302,558.8684027638392,876.5746,565.3793,1
622131290,874.7976531068308,560.1038300339366,874.5887,557.1154,1
622131306,876.0227267202331,560.368265612869,882.593,546.0319,1
622131323,878.3308530840441,561.3593698421225,898.9943,556.5991,1
622131340,882.2517510585877,562.8905579363447,924.9784,565.5791,1
622131356,884.6624898242894,564.0227326963548,905.3484,561.2067,1
622131373,885.0947278592791,564.9515190286908,876.2132,559.1212,1
622131390,886.9505086471951,566.648066626965,899.1499,571.8917,1
622131406,886.7839401713854,572.3889993896427,862.6029,634.5758,1
622131423,731.5887391844918,738.7301608678154,706.5344,712.3234,0
622131439,649.6074987812322,915.9847779758269,609.9446,878.4851,0
622131456,682.7585298379668,935.7642289673936,674.9264,916.4561,0
622131473,651.9584370496866,923.9470924499664,550.6217,863.1074,0
622131489,648.2861817084944,926.5597697015498,596.4386,895.6963,0
622131506,642.5615550834394,920.6608654971649,581.4586,860.7504,0
622131523,638.5704034258151,925.6752827210681,577.0105,910.5477,1
622131539,637.607689810222,940.4416529341707,585.1069,981.6521,1
622131556,602.1678875831548,1011.4327497157595,554.5598,967.9233,0
622131573,629.9490226502961,946.6442389382362,587.6283,907.1652,0
622131589,646.1973500853327,943.0478375003155,621.3722,900.7535,0
622131606,604.2551416061982,933.0405233666263,478.2794,874.4075,0
622131622,601.4023411846074,935.9664295345619,550.4352,905.0326,0
622131639,595.2995988544519,935.7158797855641,529.1121,895.3696,0
622131656,597.7255558016775,939.1657680265881,566.9741,915.7943,1
622131672,608.0821363048246,935.2002694141031,629.6575,875.063,1
622131689,604.1297952180967,938.7507345229567,532.7268,921.6418,1
622131706,603.3124410021607,941.7778259615293,552.9587,923.4078,1
622131722,604.0126180025349,943.6476193887062,566.4546,918.0905,1
622131739,603.7794013250623,945.6994015268506,557.5658,922.5321,1
622131756,602.939322082701,929.2162335996893,564.5619,736.202,1
622131772,605.8822090990033,917.4170483283109,605.7604,765.6683,1
622131789,606.2274356254838,911.5237847814964,573.3589,818.2108,1
622131806,608.5123450910115,902.4964607043125,602.5996,773.4939,1
622131822,610.8704474780108,893.4375090986221,607.1586,762.7876,1
622131839,611.9314021654062,893.3453715794938,583.3164,869.8605,1
622131855,614.0066776832527,892.480716259529,600.3322,858.4832,1
622131872,623.2766815660863,885.3373347743149,718.113,770.3992,1
622131889,623.0831469944051,884.4157183839827,573.0538,851.1309,1
622131905,624.6596328263244,880.6372483939087,605.0646,807.5135,1
622131922,624.3544601424217,879.3693705626634,573.7763,840.7992,1
622131939,623.2460829914085,878.231662823805,561.127,840.2689,1
622131955,623.2853602962562,873.3198843587867,585.1532,779.8231,1
622131972,623.4529139675768,870.7154735022133,585.6482,812.0424,1
622131988,622.133631825875,868.227510942191,560.8643,810.645,1
622132005,622.5482298823756,863.5034659421295,594.165,772.2125,1
622132022,624.2050250822556,860.001495446348,615.4906,788.6635,1
622132038,622.663282189151,858.0505538039865,558.1879,810.16,1
622132055,621.6780633305051,850.669525241752,575.2448,718.2538,1
622132072,623.9500360388733,843.1873316195386,634.2056,723.0612,1
622132088,625.150646842801,841.1177173074016,612.3566,806.8995,1
622132105,627.3361231370883,837.7057680217677,617.4407,778.2113,1
622132122,631.2973955319585,830.8976083469148,663.0854,722.1716,1
622132138,631.599350549,825.6923588451348,595.0517,742.6086,1
622132155,632.3526030410208,823.4537873416049,605.0464,789.2875,1
622132172,632.4407354476134,821.4559084760044,600.3442,784.5748,1
622132188,631.7806862724699,815.4769472955751,582.4066,720.0875,1
622132205,631.7750563693006,812.8819969259177,593.5548,771.6859,1
622132221,633.9912535669703,810.8204025601708,635.0742,776.0868,1
622132238,633.6303508367776,810.7750935981022,586.6359,805.2114,1
622132255,632.8953715782922,811.08684254703,581.3076,788.5477,1
622132271,634.1648269426593,811.7568946877444,621.6012,797.1587,1
622132288,633.3313512809339,807.2918464859216,587.3536,716.6467,1
622132305,634.0953087587607,808.0700057943048,612.9427,796.7295,1
622132321,635.171968336712,806.7695619851883,621.7427,760.3647,1
622132338,635.0177740352083,803.4414251583224,600.0806,736.6311,1
622132354,633.5863307900643,801.1280354568291,578.314,749.3002,1
622132371,630.0463029411201,795.4777368026422,556.9166,682.8466,1
622132388,627.9440932783904,793.8355399085729,561.3146,755.9425,1
622132404,628.0574024073094,792.4007382784774,604.2198,752.8548,1
622132422,626.6412057869768,789.9053199787401,574.8583,736.7042,1
622132439,625.1800903040759,786.5453175784348,573.9998,720.1723,1
622132455,625.1732633293808,786.1194199419698,598.8632,760.3088,1
622132472,625.0687020677514,784.111708901333,598.7743,736.2026,1
622132489,623.5408603809403,782.8185089661215,569.6027,745.7153,1
622132505,624.0587655250387,781.6986251169145,609.142,743.3157,1
622132522,624.3361931765421,779.9435003485979,607.1038,733.3252,1
622132539,622.3086007817267,778.539568923359,558.8473,739.3685,1
622132555,622.4486231262827,775.8862525545449,600.7275,708.2421,1
622132572,622.3676657936041,776.8323116702429,597.8082,767.36,1
622132589,623.7544259138192,778.8282546149183,619.2441,792.7058,1
622132605,622.5720636406295,776.9680491493447,577.9543,724.2584,1
622132622,617.8980953376176,776.6409886718343,517.605,742.0278,1
622132638,613.6306816865168,776.1398237935789,516.7011,741.0331,1
622132655,610.1855959145728,773.4256942979699,534.3724,708.9214,1
622132672,609.7093004645295,770.3665814361818,586.11,701.9959,1
622132688,605.4926858243587,769.5474851168683,513.5313,730.2075,1
622132705,603.9830921047951,765.8940583556473,565.3854,688.8774,1
622132721,605.4220476302694,762.5427568290194,620.3359,693.4578,1
622132738,930.0264154568879,745.851486464097,909.2092,721.2319,0
622132755,1207.0415290731783,901.5898109887562,1181.7358,871.0872,0
622132771,1232.125430158254,862.7440955929135,1238.5745,798.5081,0
622132788,1243.6801316277572,855.9290958774736,1246.8425,816.1287,0
622132805,1266.5960467790426,843.7563772366706,1318.6506,784.2504,0
622132821,1274.5462905210793,847.7484774761854,1284.479,836.803,0
622132838,1249.7993895927798,891.9723032112176,1226.2024,862.4956,0
622132855,1262.4092425956242,932.5408055112825,1236.219,900.8725,0
622132871,1267.1324908269796,887.4511567974456,1252.3054,816.0879,0
622132888,1267.6353595403393,873.7661121393064,1248.6871,820.1253,0
622132905,1263.0339936508508,873.076621901664,1227.2175,843.1602,0
622132921,1269.695260715347,865.150963210147,1277.554,808.8239,0
622132938,1265.6667275091859,867.6571655534907,1222.9697,851.7902,1
622132954,1265.9666283343247,863.2408744139857,1248.4353,812.1448,1
622132971,1265.4743670704427,862.0590099030612,1241.5657,827.9795,1
622132988,1266.4164567713735,861.551945219498,1252.9326,831.5548,1
622133004,1265.1651723813738,861.1720660592513,1233.5649,831.6146,1
622133021,1265.64237849866,862.2710337358719,1248.4004,845.2224,1
622133038,1261.9301507963983,862.4770609674229,1203.2473,837.0844,1
622133054,1263.8778247364012,860.9754148199606,1266.0336,819.4042,1
622133071,1262.1507610275762,862.6744623732806,1220.192,853.7046,1
622133088,1270.7646532895283,871.824081729556,1346.3264,946.7755,1
622133104,1283.2058736969386,881.0921448355746,1407.8989,958.8728,1
622133121,1293.6150688449823,887.3707150421752,1395.1122,929.1797,1
622133137,1299.2972076014826,896.543304071899,1333.3337,973.9402,1
622133171,1311.152983734522,899.645860867184,1438.6711,898.978,1
622133204,1323.0448299372397,903.169303642108,1449.766,908.5337,1
622133237,1331.5464917260429,907.5062142888388,1405.5443,923.6423,1
622133271,1338.7716435602133,912.8951032857774,1391.5262,943.3693,1
622133304,1342.847551417367,917.9847543251584,1346.7129,943.0305,1
622133337,1348.326752200834,920.1250982214467,1378.8304,902.213,1
622133370,1353.8701027229604,925.7926125899968,1381.6407,960.6786,1
622133404,1359.1534669990306,929.7181033193559,1385.0641,937.5865,1
622133437,1362.4793151204217,938.9350198554647,1350.2561,1026.0776,1
622133470,1369.4082093645557,942.8504172357539,1425.0117,946.6466,1
622133503,960.1543432168909,949.1271755113381,925.5527,913.1603,0
622133537,531.5319307752455,966.1864012924133,485.4633,924.4951,0
622133570,528.531423661126,966.0706613365755,479.3431,924.2109,0
622133603,540.013191146613,961.6510120263962,518.4767,912.2891,0
622133637,555.4424778696718,945.8982389083206,561.3939,862.1877,0
622133670,562.1583301927213,965.0774958981908,537.8488,995.5253,0
622133703,482.5319517696563,957.8615860986614,435.8856,916.1063,0
622133736,576.3622835828594,939.1736795584238,533.2932,899.5308,0
622133770,529.2492039289838,947.823273710069,435.704,914.7737,0
622133803,546.6501916888172,932.145485899802,541.2505,863.5554,0
622133837,536.4980111332933,937.230555641168,460.679,911.3158,0
622133870,544.0469798613615,935.7014333572583,531.4945,890.6108,0
622133904,531.6068398775898,936.3177402279447,425.4006,898.6021,1
622133937,531.4564114385028,954.7980314396738,478.5088,1014.4105,1
622133970,531.8904562197807,954.4816469806765,490.7092,909.8305,1
622134004,528.2607776694135,956.1216611957977,454.8889,924.6865,1
622134037,532.2176970409447,958.7877658885754,520.2424,937.0335,1
622134070,534.888806560052,958.5759282736094,515.0253,913.6182,1
622134103,537.0597889381366,959.2065353492172,512.886,922.0306,1
622134137,539.2778946049923,960.174188395421,516.2185,926.7065,1
622134170,540.8683755324834,962.8637326373951,509.8387,947.7843,1
622134203,538.9823063303713,964.2249261410424,467.4059,934.6453,1
622134236,539.6946234426504,958.9044111342037,507.0105,852.7125,1
622134270,708.6140608417521,524.4000825804308,698.304,510.055,0
622134320,704.6594330892112,452.69880992678355,699.3711,442.4301,0
622134336,705.2425498499716,453.4802599424953,700.4521,443.9143,0
622134353,694.9707681073821,462.509495641018,666.5662,468.2526,0
622134369,688.5368098169229,460.3370762241664,663.4128,443.0395,0
622134386,693.7751796529759,467.1401165487828,706.6958,481.2493,0
622134403,693.7762352180133,471.1927816788701,685.6113,477.9358,1
622134419,692.1839227345893,474.29008522636167,674.4838,478.7536,1
622134436,694.6544227077628,474.8096991681825,704.4408,465.6878,1
622134453,692.0965150367559,470.0213605226749,668.1305,423.5843,1
622134469,691.7186448942263,471.1185927911225,681.2632,468.0734,1
622134486,690.9049581047012,470.58122014156123,677.1838,454.1184,1
622134503,692.1522034111299,467.2468112316317,700.9855,425.0786,1
622134519,692.0127058494272,466.22610263998143,684.8282,445.6359,1
622134536,694.9591120241689,460.7782422764113,727.0194,393.9661,1
622134553,698.7182544356266,446.08194679224835,750.3037,276.3054,1
622134569,702.524573039806,433.84802353831367,754.3329,291.1171,1
622134586,708.2785176947825,426.32430391800824,782.6179,340.1172,1
622134602,714.0990091498808,419.26779488303265,789.8136,338.62,1
622134619,716.3942362918474,409.48600289217615,745.7836,292.9514,1
622134636,718.7085852880336,402.732407400699,746.1423,327.1798,1
622134652,720.5075722988792,395.5711932946089,741.5229,314.4794,1
622134669,721.8031260894354,389.75154105998666,734.5592,327.6658,1
622134686,725.2974369113244,382.7243646149138,774.6353,303.7821,1
622134703,727.3902759772541,375.4773687981968,754.9589,293.6726,1
622134719,730.39187936446,370.4697976698687,770.6549,322.449,1
622134735,732.7461401031816,363.4746820363222,765.0745,285.2372,1
622134752,735.0459293595513,358.72361845613136,764.3912,314.9727,1
622134769,736.3247357494648,353.8969086771914,749.4307,308.0436,1
622134785,738.0483327237976,347.14080789576747,762.2769,271.1493,1
622134802,742.7612210353896,343.2306562201037,814.783,312.5287,1
622134819,750.3071194616441,337.0145409568915,866.3635,280.5922,1
622134835,757.4251619606241,329.5961769903244,863.7241,254.7704,1
622134852,765.4834113076361,323.02413854655265,879.8807,265.106,1
622134869,773.0620916138165,317.1018441625561,874.9769,266.5731,1
622134885,779.2896987338668,310.4496627447212,861.3435,252.0424,1
622134902,785.5543964906499,303.93030308132757,864.5892,247.2743,1
622134919,789.8525513992589,297.408573700404,833.8401,240.4681,1
622134935,794.5034935216731,292.9514788748987,846.3447,266.7609,1
622134952,801.2681104316317,287.23056681659904,887.3274,236.1531,1
622134969,806.7717622526103,280.9866588844031,872.8161,226.5583,1
622134985,811.8306899323386,277.39062727854105,867.1095,262.7095,1
622135002,1006.874427748502,212.95358604122032,1025.9202,219.8063,0
622135018,1229.8709147977504,289.63191383960157,1248.7778,294.5467,0
622135035,1200.441705748183,285.69173456550925,1189.1504,286.4779,0
622135052,1207.1514721335284,278.45640732863757,1241.1425,270.3774,0
622135068,1203.8492546311347,269.138527630512,1215.5802,248.9197,0
622135085,1198.441395899119,256.1812230384555,1200.9978,214.8883,0
622135102,1205.0956187587262,254.93039570700958,1259.7913,257.1667,1
622135118,1202.6081542233742,252.09743875240443,1209.8259,244.3151,1
622135135,1204.5985841977194,256.9061278499183,1236.5818,294.998,1
622135151,1207.0235868447398,257.6277534984305,1245.7571,270.0353,1
622135168,1204.1404995422,257.098979893505,1199.9421,259.6218,1
622135185,1204.1577523098415,257.01580975818246,1225.0356,263.3069,1
622135201,1204.8452179983535,254.59000764424118,1234.3129,239.3083,1
622135218,1240.5562557620349,254.80584683005293,1262.2037,261.8401,0
622135235,1199.7484904648616,227.23121170464955,1222.3877,235.3983,0
622135252,1236.2661572532427,243.730513461704,1294.7229,267.2684,0
622135269,1215.1777700480045,251.7245884489496,1192.2097,273.0842,0
622135286,1219.603571897098,262.7977977457851,1251.4258,300.038,0
622135302,1220.802554029223,259.4673506897969,1247.4363,253.2491,0
622135319,1221.7357954320971,267.35400939860625,1243.9158,309.3258,1
622135336,1223.346707522393,271.4662811721793,1251.1646,298.982,1
622135352,1217.0645916792168,273.6701544081227,1192.7401,291.511,1
622135369,1215.8743440979997,277.98221063537613,1224.4955,312.3998,1
622135385,1210.6561259306472,283.0707699003838,1183.0,325.5544,1
622135402,1207.2619559662155,281.93932189648194,1197.3175,274.1413,1
622135419,1205.1122341160358,282.4532473554177,1204.6763,289.6006,1
622135435,1200.9835155183573,282.9654798281354,1178.022,290.1524,1
622135452,1199.1622436860764,281.0928310328165,1202.984,263.8724,1
622135469,1197.4902938924013,279.41067574230135,1202.3175,264.1733,1
622135485,1197.0461923045436,283.08492316471666,1211.8044,330.0295,1
622135502,1194.617580891242,288.9598953468437,1180.282,362.3321,1
622135518,1189.511206641294,292.14557203511623,1140.3953,331.2457,1
