timstamp,smoothx,smoothy,rawx,rawy,fixation
624751270,1158.6519,478.5048,1077.6521,524.4677,1
624751286,849.5678,508.0972,849.5678,508.0972,0
624751303,851.2648,504.5741,851.2648,504.5741,0
624751320,846.1368,517.8311,841.0219,531.0543,0
624751337,840.3511,512.4669,828.8788,501.7395,0
624751353,839.3096,506.9065,836.3348,490.4369,0
624751370,840.3199,503.0597,844.4268,488.1437,0
624751387,838.632,503.6016,830.5114,506.6035,1
624751403,840.9285,503.5953,854.3966,503.8757,1
624751420,840.5908,504.3666,838.3096,509.8049,1
624751437,840.2917,503.8671,838.0556,500.3047,1
624751453,841.4595,507.9515,851.231,542.1897,1
624751470,840.8356,507.8631,834.9747,506.4737,1
624751487,840.2447,507.9181,834.4038,507.9084,1
624751503,840.5034,509.0238,843.3599,520.1156,1
624751520,840.1961,512.2201,836.8058,547.0569,1
624751536,881.0269,793.6896,881.0269,793.6896,0
624751653,830.1848,377.9989,830.1848,377.9989,0
624751670,831.1072,375.2798,832.0272,372.5677,0
624751686,829.3746,363.9352,825.9266,341.4038,0
624751703,823.2444,359.9835,805.0922,348.4529,0
624751719,824.499,360.2561,829.6272,361.6247,0
624751736,831.8186,359.994,831.8186,359.994,0
624751753,814.1263,348.9471,814.1263,348.9471,0
624751769,815.338,351.0935,816.5464,353.2344,0
624751786,818.0378,344.2783,823.3972,330.7234,0
624751803,819.106,344.1909,822.2254,344.0242,0
624751819,819.1371,345.3496,819.1823,349.9897,0
624751836,822.9077,350.0223,841.1664,372.778,1
624751854,823.9192,349.7119,829.4124,347.6097,1
624751870,825.3832,355.0942,834.6921,390.6575,1
624751887,825.3441,353.9462,824.44,344.3627,1
624751903,825.1304,354.8651,822.7764,361.7726,1
624751920,826.8492,356.0992,841.9829,366.4394,1
624751937,825.6415,357.7398,812.895,372.7397,1
624751953,824.1089,357.3002,807.5016,351.1586,1
624751970,822.8539,357.3839,808.8908,357.0456,1
624751987,822.2134,358.3052,815.1989,367.9535,1
624752003,823.2261,359.2562,836.508,369.5249,1
624752020,826.48,357.8399,868.634,337.8652,1
624752037,1058.6854,325.2161,1058.6854,325.2161,0
624752053,1100.7051,294.0438,1100.7051,294.0438,0
624752070,1104.7714,294.1629,1108.8271,294.2817,0
624752086,1106.274,291.0468,1109.2395,284.8536,0
624752103,1109.2751,291.9871,1118.1294,294.821,0
624752120,1111.9869,297.7802,1122.4987,320.5334,0
624752136,1113.3186,294.7955,1119.5327,280.0132,1
624752153,1114.3048,295.6777,1119.6509,300.7276,1
624752170,1112.4222,297.2676,1099.4525,307.7228,1
624752186,1112.7068,297.7489,1114.6761,301.0298,1
624752203,1108.3888,283.9472,1072.2614,168.7162,1
624752585,722.6686,3.4399,898.9405,24.0036,0
624752602,873.8054,33.208,873.8054,33.208,0
624752618,909.7891,59.3296,909.7891,59.3296,0
624752635,910.1264,33.1806,910.463,7.0983,0
624752652,905.0293,38.9881,894.8978,50.6618,0
624752668,898.0191,37.0784,877.3121,31.4594,0
624752685,894.1026,39.6087,879.0146,49.6365,0
624752701,894.5544,37.1382,897.2211,25.0942,1
624752718,894.6167,43.0134,895.3965,77.0921,1
624752735,916.2705,278.844,916.2705,278.844,0
624752751,963.9055,470.8147,963.9055,470.8147,0
624752768,966.3536,465.6496,968.7955,460.4976,0
624752785,968.7422,465.2768,973.4766,464.562,0
624752801,967.3732,469.949,963.2662,483.8317,0
624752818,971.6415,474.7888,988.3872,493.6738,0
624752835,971.588,473.1126,971.1123,464.6164,1
624752851,971.0841,476.0903,967.9686,493.0732,1
624752868,970.7062,474.0583,968.0428,460.0278,1
624752885,972.9322,476.2454,989.5544,492.4493,1
624752901,973.0313,477.6841,973.4067,489.094,1
624752918,974.9016,480.4826,991.4648,505.1154,1
624752935,975.1579,477.3044,976.81,444.6221,1
624752951,974.5493,477.3654,967.2568,477.5366,1
624752968,995.2125,478.1169,995.2125,478.1169,0
624752984,976.8782,494.6078,976.8782,494.6078,0
624753001,978.376,470.6542,979.8699,446.7617,0
624753018,977.3389,417.1231,975.27,310.8619,0
624753034,983.4632,366.6386,1001.6276,217.899,0
624753051,980.2043,330.1314,967.2399,189.2702,0
624753068,981.7771,299.5966,989.4148,155.2583,1
624753084,988.0828,290.435,1024.3756,243.7592,1
624753118,989.4302,280.692,997.6503,222.7356,1
624753134,998.7754,259.2797,998.7754,259.2797,0
624753151,1000.7233,238.6467,1000.7233,238.6467,0
624753168,1004.5338,235.8993,1008.3345,233.1588,0
624753184,1001.7065,240.6712,996.0685,250.1685,0
624753201,995.0695,241.7414,975.4171,244.8558,0
624753218,995.1287,244.875,995.5831,257.0841,0
624753234,994.9048,247.5857,994.0297,260.5263,1
624753251,991.7415,243.4364,973.6957,219.0428,1
624753268,980.2083,225.4172,903.9538,105.454,1
624753285,970.2178,206.3568,897.2404,65.6405,1
624753302,961.8058,196.7072,895.4003,121.8508,1
624753318,955.1402,186.0833,899.6303,96.6024,1
624753352,950.0717,178.9365,906.6969,118.0219,1
624753385,944.0751,170.9364,888.468,97.5662,1
624753402,938.511,162.9604,885.2754,86.5409,1
624753418,933.2606,155.0767,881.7326,76.9168,1
624753451,931.5657,147.5543,922.3037,71.4942,1
624753485,926.5353,135.4958,873.298,-0.82,1
624753518,921.9329,122.5126,873.4166,-27.6512,1
624753900,890.4684,1.5984,905.835,91.8432,1
624753917,894.2194,9.2338,930.6614,79.5937,1
624753934,897.0259,18.3016,925.0943,107.1549,1
624753950,897.0317,26.1501,894.807,104.7704,1
624753967,898.5112,32.7368,913.7725,99.007,1
624753984,896.6537,47.4646,871.1111,216.0563,1
624754000,895.9747,49.4452,885.6364,56.1893,1
624754017,895.9307,53.2287,894.2258,85.46,1
624754033,894.122,56.9758,868.2404,89.9493,1
624754050,894.6917,61.3923,902.955,104.9821,1
624754067,894.692,64.2003,894.6018,85.2584,1
624754083,895.0186,67.7115,899.8444,100.4437,1
624754100,893.8776,69.852,876.4084,82.693,1
624754117,894.0984,76.8561,898.186,166.0423,1
624754133,895.0118,87.0384,909.8162,224.8198,1
624754150,894.8956,97.1772,892.884,231.3224,1
624754167,895.7104,106.4291,908.7296,223.4451,1
624754183,895.9689,117.8145,899.484,267.0632,1
624754200,896.6212,126.7115,906.4597,231.712,1
624754217,896.1829,136.4323,887.7245,253.3124,1
624754233,896.731,145.8316,905.3129,236.9884,1
624754250,897.3059,155.8008,905.187,256.2583,1
624754266,897.8535,166.1038,903.7017,270.0692,1
624754283,898.7811,174.6973,909.829,247.8401,1
624754300,899.951,184.0505,916.7949,273.9299,1
624754316,900.9398,191.7742,913.319,259.1078,1
624754333,905.7542,199.503,981.7451,263.5574,1
624754350,1181.1708,272.917,1181.1708,272.917,0
624754366,1265.8926,328.9863,1265.8926,328.9863,0
624754383,1255.6395,328.8841,1245.4128,328.7822,0
624754399,1261.9973,329.3194,1274.6833,330.1849,0
624754416,1257.8785,330.351,1245.6238,333.403,0
624754433,1257.1489,330.5049,1254.3644,331.0723,0
624754449,1256.6071,333.3716,1254.0842,347.2687,1
624754466,1256.2119,332.8556,1254.0793,329.6249,1
624754483,1256.9004,331.8588,1261.6658,325.0317,1
624754499,1257.2358,334.8789,1259.8367,357.4996,1
624754516,1257.3578,334.8592,1258.395,334.1512,1
624754533,1259.2042,336.2546,1275.9907,348.4319,1
624754549,1258.7621,336.0854,1253.9636,333.6013,1
624754566,1259.1393,335.4983,1262.7949,328.5969,1
624754583,1258.8721,335.987,1255.47,340.9625,1
624754599,1259.2853,334.9556,1263.8538,322.1902,1
624754616,1260.4072,334.8651,1273.812,333.6027,1
624754632,1260.8362,333.2097,1265.4391,311.8469,1
624754649,1261.8701,335.0212,1274.6115,359.9483,1
624754666,1262.5894,335.5342,1270.9812,342.3863,1
624754682,1262.907,336.5068,1265.6071,349.8185,1
624754700,1263.4498,337.5905,1269.5054,352.3291,1
624754717,1264.6549,337.3225,1280.5546,331.7255,1
624754733,1264.5762,336.1923,1260.7622,317.7686,1
624754750,1264.5507,334.7182,1261.8462,311.6186,1
624754767,1264.8386,334.4613,1267.3104,331.2012,1
624754783,1265.9636,345.8426,1281.7852,527.106,1
624754800,1298.0729,717.2897,1298.0729,717.2897,0
624754817,1268.8665,707.7455,1268.8665,707.7455,0
624754833,1278.5369,713.6257,1288.1826,719.4911,0
624754850,1275.7922,708.8506,1270.2888,699.3311,0
624754867,1271.4878,708.3561,1258.72,706.9327,0
624754883,1276.6177,714.0857,1296.8729,736.6292,0
624754900,1279.5671,715.4313,1293.7772,721.7482,1
624754917,1277.1017,714.9163,1262.5194,711.6239,1
624754933,1278.6692,717.8218,1289.019,736.9083,1
624754950,1276.5695,719.076,1260.5212,727.8656,1
624754966,1276.0591,723.4929,1271.8865,759.4386,1
624754983,1274.6364,726.5436,1261.876,752.6366,1
624755000,1274.2999,727.7166,1271.511,736.9494,1
624755016,1273.9856,729.1494,1271.2666,741.7307,1
624755033,1272.584,730.0734,1257.5856,737.6006,1
624755050,1272.1774,731.2179,1268.5188,741.7673,1
624755066,1271.0883,732.283,1258.8684,742.2689,1
624755083,1269.7657,734.0162,1254.376,752.9412,1
624755099,1272.5842,727.2899,1312.3228,633.6551,1
624755116,1275.239,723.6391,1312.3107,673.3356,1
624755133,1274.5192,723.9816,1263.2209,731.0327,1
624755166,1273.7725,724.9257,1262.2881,740.6198,1
624755183,1273.8755,728.6168,1275.2588,784.8086,1
624755199,1275.8508,739.3477,1305.541,900.7937,1
624755216,1279.8468,749.4668,1339.7976,896.9078,1
624755233,1282.88,758.1771,1325.8948,879.2442,1
624755249,1285.281,769.5419,1316.9395,929.1567,1
624755266,1288.5924,780.1719,1333.9302,923.012,1
624755283,1292.9595,789.4789,1353.9385,906.6199,1
624755299,1297.179,799.0241,1353.6888,916.9402,1
624755316,1300.0807,807.1665,1333.1145,899.0328,1
624755332,1305.8397,815.5599,1381.7244,899.095,1
624755349,1309.3174,825.6019,1346.3103,935.8278,1
624755366,1304.2327,830.6741,1197.7009,854.2539,1
624755382,935.4727,813.7635,935.4727,813.7635,0
624755399,739.312,754.9878,739.312,754.9878,0
624755416,739.1267,758.0068,738.942,761.0182,0
624755432,737.5671,759.7078,734.4684,763.0728,0
624755449,729.512,760.9501,705.6565,764.5924,0
624755465,725.0568,760.8187,707.8368,760.2258,0
624755482,729.8011,759.8992,753.3492,755.3598,1
624755499,729.7405,760.5359,729.5071,764.2155,1
624755515,728.6268,759.3141,721.3268,751.119,1
624755532,704.7284,778.9908,704.7284,778.9908,0
624755549,719.841,755.6536,719.841,755.6536,0
624755565,721.7665,753.3327,723.687,751.0178,0
624755582,714.7031,760.4453,700.6562,774.5916,0
624755599,713.7303,754.1674,710.9431,735.4605,0
624755615,715.7156,755.7491,723.632,762.0504,0
624755632,718.0587,757.9213,729.4756,768.4982,1
624755649,721.7589,757.5668,742.9775,755.3759,1
624755665,722.369,757.0038,725.913,753.1506,1
624755682,723.6757,757.4497,732.9057,760.7711,1
624755698,725.8799,757.7362,743.4476,760.0228,1
624755715,727.2648,757.8268,738.6832,758.5017,1
624755732,726.8496,760.6356,721.3219,788.0807,1
624755748,726.4268,760.8517,720.7344,762.1879,1
624755765,726.7925,762.536,729.8615,780.3962,1
624755782,726.0393,762.7709,716.1034,764.0298,1
624755798,725.475,762.8241,717.8511,761.9774,1
624755815,725.2606,762.3076,722.1787,754.2495,1
624755831,724.9153,762.663,720.1548,766.359,1
624755848,719.7443,757.0743,648.5817,678.9498,1
624755865,613.0665,513.1639,613.0665,513.1639,0
624755881,569.9263,363.2311,569.9263,363.2311,0
624755898,577.438,367.6562,584.9304,372.07,0
624755915,571.724,365.0978,560.3307,359.991,0
624755931,571.2892,370.933,570.049,388.2486,0
624755948,573.9796,374.4099,584.5991,387.8973,0
624755965,574.5891,371.055,577.4802,354.4153,1
624755981,573.2758,371.2527,565.5759,372.3239,1
624755998,572.9621,372.067,570.8928,377.4026,1
624756014,573.7732,370.5528,579.9227,359.0001,1
624756031,573.205,371.1775,568.4031,376.4503,1
624756048,572.0624,370.0139,561.7131,359.3828,1
624756064,570.809,371.9991,558.8048,391.7486,1
624756081,571.6993,372.8125,581.7202,381.0467,1
624756099,568.4059,371.4046,531.9438,355.1076,1
624756115,568.5494,368.8612,571.7422,338.8809,1
624756132,568.4215,368.9027,568.1984,370.4273,1
624756149,568.6666,370.1562,573.1329,387.2219,1
624756165,572.2095,359.7271,620.5637,220.8732,1
624756182,676.9065,69.4822,676.9065,69.4822,0
624756198,669.0828,41.2423,669.0828,41.2423,0
624756498,1160.0802,48.4454,1160.0802,48.4454,0
624756980,997.0688,72.9584,1012.2957,427.735,0
624756997,1007.4814,418.8982,1007.4814,418.8982,0
624757014,997.5608,435.6905,997.5608,435.6905,0
624757030,992.1238,442.2115,986.7006,448.716,0
624757047,987.551,440.8249,978.4907,438.0361,0
624757063,990.5969,440.0847,999.7228,437.8786,0
624757080,988.9618,442.7813,982.5476,453.3758,0
624757097,985.7965,442.9337,970.4867,443.5533,1
624757113,982.7554,444.3395,965.5034,452.3287,1
624757130,983.4745,446.5516,988.8658,461.0132,1
624757147,984.0818,446.607,989.1246,446.4798,1
624757163,984.4678,447.0088,988.0398,449.8215,1
624757180,982.066,447.2046,960.4799,448.4031,1
624757197,982.8301,445.3859,991.152,426.9153,1
624757213,983.7528,445.1413,994.0071,442.525,1
624757230,983.9341,443.8464,986.1625,429.4346,1
624757246,982.8856,444.1549,970.6434,448.3264,1
624757263,982.8244,443.4852,982.5737,435.6178,1
