timstamp,smoothx,smoothy,rawx,rawy,fixation
632105643,1113.4927987594926,441.5426036688501,1182.2942,343.3025,1
632105660,1118.629554582935,440.39694960089844,1198.1633,335.4105,1
632105677,1123.9762301722847,441.3944402577634,1206.1011,376.1147,1
632105693,1128.5422018502095,441.7099264985878,1199.3938,363.4639,1
632105710,1133.5794648955518,441.9908063668323,1211.7069,362.4786,1
632105727,1137.41697165678,441.61051511536004,1196.9722,349.188,1
632105743,1139.229948179292,442.10010251600795,1166.5099,368.9222,1
632105760,1144.6059075676235,443.40694577305356,1230.0645,384.6905,1
632105777,1148.7810828195625,443.2055012981993,1214.4626,352.4909,1
632105793,1151.7957016969374,442.5607766234114,1198.3318,343.0956,1
632105810,1154.8437776986436,442.54588052451305,1202.2834,357.0832,1
632105827,1158.7378205460243,442.12686778604217,1221.27,347.0425,1
632105843,1162.5272874111643,442.53864350354195,1222.9241,366.1676,1
632105860,1165.9922586101127,443.459045049232,1220.6858,378.3309,1
632105876,1169.3203936884076,444.31331570439573,1216.6172,376.5701,1
632105893,1166.9546038200137,443.99504290023964,1114.6105,356.4625,1
632105910,1157.8483754323354,446.200572005021,994.3271,419.4464,1
632105926,1149.3946907432987,447.4504394960569,1009.7405,397.2227,1
632105943,1139.985723625568,450.1329724263591,995.7207,428.3853,1
632105960,937.8270505725109,505.5517533861176,943.8181,453.0143,0
632105976,966.5755660857965,501.7660138169249,973.938,446.7199,0
632105993,968.333554857153,504.811062721773,977.4565,454.7443,0
632106009,976.3405837329742,492.2402367099936,1001.5944,399.2577,0
632106026,970.3682370671543,493.50608490591304,959.3776,441.4887,0
632106043,964.8258338195097,493.0944863671593,949.694,434.063,0
632106059,960.8841089505703,492.0820642827559,948.6669,428.3259,1
632106076,961.5649888171592,491.43617220847904,973.7813,428.1407,1
632106093,965.4948063966422,492.52049311291034,1000.7155,443.2868,1
632106109,1251.8679385146356,567.2577270515425,1270.3123,522.7227,0
632106126,1250.0049241708966,576.8745750408416,1268.1306,535.7217,0
632106143,1262.9123162395174,590.9239966232348,1294.3706,572.3423,0
632106159,1277.1343813041879,591.6241866945485,1325.5248,554.9875,0
632106176,1277.166742975543,594.662228519107,1295.6539,570.4795,0
632106192,1279.0827766953253,593.4774681225648,1305.7817,550.0278,0
632106209,1278.8875921161696,594.751182123555,1296.344,566.761,1
632106226,1279.7083939959252,595.257074693502,1303.2443,562.6511,1
632106242,1282.326214131537,594.0844392622357,1319.4532,545.9648,1
632106259,1281.9717262006982,594.2127588234937,1297.5425,559.0156,1
632106276,1281.6950408373584,595.664862345672,1297.4216,575.8809,1
632106292,1279.4859966639242,597.5656268993827,1276.4658,585.8832,1
632106309,1282.1794845291665,596.2067532476697,1329.3088,540.2073,1
632106326,1282.4401398916132,593.7375130266736,1304.385,521.5163,1
632106342,1282.00069429639,592.6899399494142,1295.5579,540.7393,1
632106359,1281.6510920885692,593.7726011294267,1295.6112,575.524,1
632106375,1282.3312843260976,594.3248569274281,1309.735,567.0913,1
632106392,1281.4860266337537,594.1148762572573,1288.71,554.527,1
632106409,1282.1739947118772,594.1215822379219,1310.7866,557.5259,1
632106425,1282.3361002909423,592.7194099754779,1303.876,529.8448,1
632106442,1283.6910585981486,593.7885466077906,1322.0911,577.8768,1
632106459,1284.2032555127093,596.9560690645819,1308.7285,623.1851,1
632106475,1284.5952171055112,598.9131765707516,1307.6465,600.3456,1
632106492,1283.6115855853477,603.4527676403667,1283.7689,659.1009,1
632106509,1282.9934955859057,609.5418815450734,1288.9404,696.7502,1
632106525,1282.4477229775362,612.3619229501988,1291.2203,628.3533,1
632106542,1282.8933428108799,615.3770150813172,1308.3333,634.8934,1
632106558,1283.9487567050396,618.013427325692,1319.4923,628.7822,1
632106575,1286.0452550776954,620.5799117367465,1338.5793,629.2904,1
632106592,1287.3870928002414,623.9243262058978,1325.3359,650.8624,1
632106608,1287.9025598496353,627.6919287883233,1310.7046,664.6832,1
632106625,1286.8961420584717,631.3996506671169,1279.5151,660.7615,1
632106642,1289.168241028416,633.3467155191998,1343.428,624.6345,1
632106658,1287.3970401682914,635.8761126602269,1273.1252,642.8759,1
632106675,1288.5400146198658,637.4789787528373,1323.5242,624.3226,1
632106692,1288.1016079584476,639.3056900595637,1296.0532,632.1573,1
632106708,1286.8622472221837,641.096706577835,1280.7705,637.3461,1
632106725,1286.347103034899,642.6073710007828,1295.0498,633.2697,1
632106741,1287.0717843449527,643.6313395791739,1319.5247,622.6906,1
632106758,1287.525137277206,644.3782050510467,1312.3153,621.2102,1
632106775,1288.2731753243331,640.0477613634366,1320.0479,506.8553,1
632106791,1289.2471287337314,634.8227421650505,1322.6631,489.0485,1
632106808,1290.2313747271178,629.412193914995,1328.8513,481.4039,1
632106825,1290.113831129475,625.1071504796943,1305.6624,507.3051,1
632106841,1291.014123622724,620.0682089794971,1323.9397,491.7648,1
632106858,1290.4588555854948,614.3117907239961,1298.2322,478.8336,1
632106874,1293.544497920577,609.555855405444,1365.9641,496.6963,1
632106892,1294.4370970257055,604.4339074489694,1324.4255,485.8091,1
632106909,1295.4227896455518,600.3205653307011,1328.748,506.5385,1
632106925,1296.761759037981,596.6512301956834,1334.8467,510.144,1
632106942,1297.3183099240405,592.141227317676,1323.5522,492.0887,1
632106959,1295.7212180237816,586.6964614492919,1283.9441,471.4271,1
632106975,1295.4754645690857,583.4185571330843,1308.2345,512.9608,1
632106992,1296.085731506267,580.7397164560058,1321.7506,526.528,1
632107009,1296.3132256055844,576.9640909010168,1316.7004,498.3354,1
632107025,1296.4934392045416,574.7101904573797,1316.2156,520.1531,1
632107092,1355.8749336251835,366.55586022025557,1383.8666,248.6992,0
632107108,1245.7554054123025,264.0738635236894,1271.3628,115.637,0
632107126,1237.6762581606738,236.08933510261633,1255.8784,41.2138,0
632107142,1239.8915972029586,231.71636151664723,1270.8824,60.7371,0
632107158,1241.4604239224002,225.24471755391355,1273.1584,37.9514,0
632107175,1240.4727083783182,223.75455611626867,1262.8772,54.5234,0
632107192,1240.1026648777513,225.23887050803793,1264.3521,74.082,1
632107208,1228.7953129986981,206.21444612981622,1255.0673,38.6127,0
632107225,1245.189333047871,193.74517083418135,1272.4962,21.1707,0
632107241,1234.879143859376,202.39758293127628,1250.5623,45.2564,0
632107258,1238.3515586536466,211.57053631941872,1271.7333,69.5484,0
632107275,1239.8024942653553,211.73217624971488,1270.9132,45.7829,0
632107291,1239.5513592063621,212.68215739389646,1264.9794,51.6581,0
632107308,1237.0889158103053,214.3069006169698,1250.8026,59.9568,1
632107325,1234.2960721755153,216.12353545943904,1243.6311,66.0152,1
632107341,1234.2023997168124,213.56922984532034,1260.7559,24.7561,1
632107358,1231.4646084762653,215.75698117690015,1236.1953,74.0414,1
632107375,1231.2932709319698,215.16742352515593,1256.9907,43.3142,1
632107391,1230.7915814475057,215.18775622255615,1253.0544,50.5319,1
632107408,1231.806323979743,214.53414548141168,1269.5525,40.1472,1
632107425,1233.3069474337121,213.13386912448416,1277.0674,27.0942,1
632107441,1234.848950925034,213.01894826370824,1279.2842,45.5379,1
632107458,1234.7934643198764,214.50923066765873,1259.4369,73.6787,1
632107475,1234.6609634773265,214.7052279300782,1258.6853,52.8289,1
632107491,1234.896442710147,214.31178902725,1264.0703,41.9535,1
632107508,1234.0676342050488,212.91844396030893,1248.749,22.8266,1
632107525,1234.5249448337272,213.2588981718948,1267.2388,54.793,1
632107541,1231.8513466137747,212.60633571432146,1218.3773,36.8592,1
632107558,1232.5588257674765,211.7884498093414,1271.2161,30.5801,1
632107574,1238.2967553454803,217.2982720176565,1352.5269,161.2226,1
632107591,1243.963859132657,225.50455123357656,1353.853,224.1103,1
632107608,1251.7211404200589,232.92115622806293,1393.4287,211.5117,1
632107624,1256.7675908127808,240.0689846736796,1350.937,213.0399,1
632107641,1262.8140309005453,245.29870128806567,1372.6252,174.5126,1
632107658,1268.4704724146102,250.2615959474111,1369.6195,173.3716,1
632107674,1273.6497483308515,255.95088621226338,1364.5493,195.1948,1
632107691,1277.7865693805595,261.3703642787407,1349.6108,194.8749,1
632107708,1282.8097863066612,266.05652231248763,1369.7087,182.3809,1
632107724,1288.4401694396975,271.181826288539,1380.2888,187.2873,1
632107741,1292.6180162763048,275.6287492629094,1355.7698,180.7016,1
632107757,1296.7477893836094,280.47482373926977,1361.259,198.2036,1
632107774,1302.1464926738397,284.3774444232056,1388.9016,178.3144,1
632107791,1305.3950017050147,288.4341676898274,1353.4926,190.1377,1
632107807,1308.4439421227928,291.42477008515465,1353.4893,172.1537,1
632107824,1311.8734735628332,293.63720486772513,1364.7808,160.1149,1
632107841,1315.8459283507607,298.7518136520715,1379.9172,229.1491,1
632107857,1318.163866105545,302.32094457865594,1352.4323,205.2954,1
632107874,1321.777804975638,305.44309580765633,1383.0042,196.1815,1
632107891,1324.824258469925,308.98023216786817,1376.3145,212.7947,1
632107907,1327.3029258052313,311.41889064532444,1372.2686,191.9164,1
632107924,1328.905610820954,313.8559038106513,1360.8375,196.6383,1
632107940,1333.1602765055761,321.729665701822,1410.4814,329.2162,1
632107957,1336.6297386114688,329.40261933886404,1397.5956,333.0208,1
632107974,1359.7549555908672,420.19113053016656,1386.6039,320.5978,0
632107990,1334.2196415270334,427.07212258109104,1359.7642,330.9158,0
632108007,1343.9840843979355,416.9509642925834,1380.6313,302.9344,0
632108024,1347.7140931403435,417.7214922629276,1381.7401,319.6024,0
632108040,1345.4148807625295,413.5389763771889,1364.863,295.9462,0
632108057,1347.5100856379966,411.5932683703794,1382.762,299.1756,0
632108074,1346.343852920034,415.93214241993593,1366.1133,344.3723,1
632108090,1348.2894757611966,415.4082012366177,1386.511,310.0222,1
632108107,1350.571985440205,417.83945921054,1392.2986,338.9169,1
632108124,1348.9047865282064,416.8344653640867,1361.9259,306.4985,1
632108140,1348.2021587254249,417.6306206711125,1368.0991,326.5778,1
632108157,1347.5902253679571,418.70113217813577,1367.8179,331.9987,1
632108173,1348.8062510890786,417.4250348046137,1388.1345,299.2308,1
632108190,1337.974621844983,418.7360641117094,1244.2601,342.6588,1
632108207,943.4483370789308,447.03386790826545,951.1244,374.1564,0
632108223,863.0859760328365,451.1011610921853,867.0883,382.998,0
632108240,858.9214283834814,458.2227419999353,858.051,402.4597,0
632108257,857.7376619392543,457.7695810079223,858.9263,391.0214,0
632108273,860.306395632457,456.37390750624047,872.1523,384.2799,0
632108291,859.3261682831582,462.01270849048086,858.2913,427.7311,0
632108307,855.9878473538924,461.2914228540546,842.5721,392.6029,1
632108324,853.7361427093248,466.15851428975634,842.9503,441.6481,1
632108341,855.7370799136751,469.2261222330116,872.8889,433.6002,1
632108357,856.6780601734836,471.29477819258534,867.1218,429.5355,1
632108374,856.4245634534975,471.5773487430013,857.425,412.2188,1
632108391,858.022233680155,472.71198295567444,876.2961,423.6962,1
632108407,859.2692880357002,474.2581140008331,874.6619,432.1311,1
632108424,850.5776607369585,475.51512761256373,756.9315,435.4656,1
632108441,609.8956281579625,574.1498566362754,599.6202,558.9596,0
632108457,656.420337706322,538.836730272594,649.08,509.5596,0
632108474,640.0986983484113,555.41239773265,614.2164,555.4135,0
632108490,627.994721647731,561.6562805285324,593.4907,558.9791,0
632108507,622.0540291665376,569.7673022236054,593.722,585.3591,0
632108524,615.9866322864641,572.367530471955,581.3688,570.4448,0
632108540,610.311501440615,572.8028842968646,571.9783,560.3927,1
632108557,609.4345431102844,576.6825686758842,594.4083,591.9209,1
632108574,607.7163579048334,582.889111636668,585.3955,625.5211,1
632108590,607.0214639820391,583.003360595757,592.3542,570.035,1
632108607,603.7070527758534,584.6706021231024,565.2182,590.9196,1
632108624,601.8997250554099,584.8090059547602,575.884,573.4139,1
632108640,602.6634800327078,585.5031333108251,601.8612,580.8863,1
632108657,602.0134153861981,586.2870887041444,585.7585,584.4146,1
632108673,601.1938840447893,587.6540360912402,582.3348,595.6765,1
632108690,600.2848431300927,589.5963538412575,579.6692,608.1625,1
632108707,600.1074439565293,588.4754018013916,589.504,556.1893,1
632108723,599.3676267133175,589.7672866445607,580.1368,600.1868,1
632108740,596.4280348227708,592.9999714253272,545.4697,640.9748,1
632108757,593.4174419119938,600.764841958923,539.5972,735.4451,1
632108773,588.9645825249859,605.9521322163209,514.5458,693.1252,1
632108790,586.948251545787,611.183847985256,549.9486,698.8202,1
632108807,584.2540087946178,616.6536738818519,536.389,710.4857,1
632108823,580.7588111838472,621.2518105272072,520.5786,698.3455,1
632108840,576.9660507871172,625.5034737781076,512.5645,696.4258,1
632108856,573.7289119975607,629.2385564383911,519.2452,689.7522,1
632108873,572.0073069347644,629.439557318854,544.4469,613.6508,1
632108890,596.6314289199904,370.45653043155147,590.7612,285.8449,0
632108906,585.5446387553715,175.46723650476514,583.963,24.333,0
632108923,598.8505329096661,174.282792507321,611.7809,20.0374,0
632108940,609.4051150014091,174.44923593592605,630.7389,21.5364,0
632108956,604.7299757343231,172.58323944129057,589.4961,12.8163,0
632108973,609.1793537417306,173.2747449178445,626.7896,23.3891,0
632108990,602.6595225726329,182.8499205247002,601.658,33.5328,0
632109006,611.7958109554494,157.10686320092023,611.8319,-1.4382,0
632109023,609.8181526782299,175.55054002923595,606.8025,48.2246,0
632109039,615.3105107626789,177.3294100026929,626.3334,29.7492,0
632109056,613.6056061479997,178.9104877894363,607.7198,34.1338,0
632109073,604.8965927407894,177.7754567904632,568.511,21.8549,0
632109089,604.7279288080464,177.45065478928035,603.5631,23.9505,1
632109106,608.2939802115555,175.4870151500031,629.943,7.1874,1
632109123,607.8296569774681,172.5969009460371,604.5895,-6.0091,1
632109139,605.2767272245233,173.47496357423896,584.5275,31.1662,1
632109156,608.7155128397887,174.09563642438707,638.4747,27.6966,1
632109173,608.2281036275549,174.2593207962595,602.7911,24.2285,1
632109189,607.5726452581083,175.53940475878022,599.8284,40.8916,1
632109206,609.7739760268098,177.56739418231297,632.9839,53.5378,1
632109222,812.7720292258394,246.93966777746252,819.5433,110.8112,0
632109239,868.2562360638815,243.27308132193107,877.585,103.5534,0
632109256,857.6884598962336,250.14988028644103,855.2008,122.8956,0
632109272,859.1987189753175,247.8306240244519,871.3174,103.6896,0
632109289,856.3198651847794,250.39206625787898,855.8738,124.1807,0
632109306,856.6526400441354,249.77934893160972,866.851,109.3905,0
632109322,856.559197850754,249.92215971271634,864.8132,113.868,1
632109339,855.5212903391887,252.06438430791954,857.6083,132.7005,1
632109356,856.8272058634253,251.60334976914535,874.8121,110.3732,1
632109372,855.9413561894114,253.7708728567526,857.1426,140.0564,1
632109389,855.4204725665625,254.84542299024275,859.3268,131.1016,1
632109405,853.8155860892718,254.5493114130967,847.3287,115.3121,1
632109422,850.0712956595194,253.4274007006152,820.8383,103.8312,1
632109439,848.8411364695859,254.4114404421071,844.9761,133.3627,1
632109455,848.7506256427199,254.89523095270653,857.7781,126.4688,1
632109472,848.0354567805413,255.32442772110375,849.1965,126.7461,1
632109489,1033.057167576616,358.02855394041273,1046.9011,250.8078,0
632109505,1160.7206251153325,480.7722003895451,1177.2322,410.3553,0
632109522,1168.5077926395488,486.3013841053709,1193.2075,424.5402,0
632109539,1171.4219597250242,488.34318383523043,1194.1323,425.25,0
632109555,1174.7691519002503,503.580251150279,1200.5183,500.6072,0
632109572,1170.4097589787416,505.1024944910621,1168.5626,450.7021,0
632109589,1184.5412728099384,479.96217600674123,1202.1321,408.266,0
632109605,1183.815155553544,505.33011692004874,1200.7516,442.3796,0
632109622,1180.5229109818388,503.39059284441595,1193.978,437.4509,0
632109638,1184.9495920533766,513.9339461033614,1210.4172,481.6854,0
632109655,1179.8352381183088,518.2847228898602,1180.0751,477.7198,0
632109672,1180.7860620177034,518.5379740923155,1201.2522,461.0556,0
632109688,1182.9620622581654,515.299120820318,1211.1174,433.8235,1
632109706,1182.0899402892317,515.5475311947974,1193.2944,458.2764,1
632109722,1181.6291386301202,514.1490239783458,1195.2607,441.8679,1
632109739,1181.519127810942,513.2517568652187,1197.505,444.2843,1
632109756,1161.0966761271334,512.9495775125785,999.478,457.712,1
632109772,923.6285048456758,537.8685714385996,928.1956,497.0302,0
632109789,899.9078118460452,498.33226296738763,904.3895,444.908,0
632109806,901.4355073032093,515.5260433294494,906.7345,490.9223,0
632109822,898.4514527870496,511.22936831002,896.5615,450.9576,0
632109839,897.9712980722434,512.1506018207428,900.5138,467.2546,0
632109856,901.4311205589672,515.3881367432125,919.4874,484.1946,0
632109872,900.3768114182981,517.0071285336937,898.7528,480.5021,1
632109889,901.6978196478814,514.7340538894598,914.1115,448.4884,1
632109906,900.5827577541575,514.5728710294935,896.7906,465.4755,1
632109922,899.2798574741885,514.8197911868284,893.0494,469.9241,1
632109939,900.0519328436402,515.8071340947263,910.8279,479.0285,1
632109955,900.7891490479201,514.6287476278864,912.2226,451.7167,1
632109972,901.2064397629423,515.9111977837007,909.1388,485.2773,1
632109989,901.9371009910814,518.1033043144819,913.2345,501.6245,1
632110005,903.4729513665454,519.1209366725911,924.7776,485.9086,1
632110022,903.565048401748,521.3797815161802,907.1117,509.6924,1
632110039,903.8815555839121,520.4534296219804,911.3871,456.0976,1
632110055,904.9435225335144,519.8905371284574,922.5043,461.2743,1
632110072,905.7220105428966,519.5524875708361,919.3771,465.155,1
632110089,905.4558013255573,519.5178876927295,904.0118,471.5402,1
632110105,906.2817189356784,520.0744780359295,921.0219,483.0046,1
632110122,906.9735805238432,520.524311393174,919.6852,481.5407,1
632110139,907.1228597720938,520.9532296958894,911.3773,482.0124,1
632110155,907.5055528609979,519.860885617826,916.2263,449.3717,1
632110172,907.6368680893604,520.9233831424206,911.5094,496.4305,1
632110188,906.4004187194499,519.8330191484383,888.9125,450.0784,1
632110205,905.4088329273452,520.7348329267193,892.0764,494.5413,1
632110222,904.4026377239275,515.1259723961085,894.2687,346.2303,1
632110238,874.7317956620664,235.82081922793682,884.5313,93.2688,0
632110255,827.7457994455606,154.82518911251384,837.4419,-13.5784,0
632110272,833.9379495079022,158.34996163218113,850.1879,-4.6388,0
632110288,835.3654630442313,155.40982979488464,848.4602,-21.1052,0
632110305,833.5201502927937,153.9140578620136,837.8344,-20.7351,0
632110321,833.5120181249122,155.14174477408312,843.308,-6.8253,0
632110338,836.9424789779068,155.09385293713493,864.4753,-14.6061,1
632110355,838.6152030848443,155.6694857711409,858.5273,-8.8143,1
632110371,843.5229305658689,154.43762406635233,887.8367,-27.2003,1
632110388,839.478565012989,155.31302719819027,816.7324,-3.1128,1
632110405,840.8182437085982,155.3602871004453,862.3799,-13.3804,1
632110421,1067.529828838866,102.11772894506929,1089.1825,-94.4697,0
632110987,541.6178881175028,199.48466646084844,1073.6179,116.746,0
632111003,657.7871672687234,278.80869640153395,891.4276,361.9425,0
632111020,718.8322055488064,326.08848142737935,900.5959,399.9887,0
632111037,754.6931030211141,358.8075173070393,893.7551,426.5557,0
632111053,883.7258701557486,498.13204847900647,887.4928,445.319,0
632111070,867.9345962351522,509.51467139279805,870.7201,461.2757,0
632111087,877.9688624218719,493.2450527684647,892.4514,416.771,0
632111104,878.7418346947036,492.99830480237364,883.9742,438.0204,0
632111121,878.5956736331605,491.97226007981817,881.8411,433.3064,0
632111137,879.361233184335,486.56529215976906,886.8153,401.4792,0
632111154,875.7863116379082,487.47420874845017,861.0919,438.5102,1
632111171,878.3108659482932,484.9675554226214,897.9159,408.1895,1
632111187,881.9962187462572,484.500781455332,911.6223,422.5929,1
632111204,882.621768006105,486.2407892955012,890.6133,447.5336,1
632111221,882.6520761846756,484.2612372399873,886.6981,404.9563,1
632111237,880.9332034405696,484.8559078549645,867.7759,436.3954,1
632111254,881.6753037706736,484.72966358832076,893.1395,426.0302,1
632111271,881.6693338489913,485.92303160532725,884.8837,446.486,1
632111287,882.9957980626496,485.3422125038587,902.34,418.8632,1
632111304,882.1725631204627,487.228340100512,874.6479,461.3015,1
632111321,882.1080413398565,487.80367327676345,884.6664,440.3109,1
632111337,883.3498030283757,488.4800765489735,903.4983,442.2852,1
632111354,884.4001105830889,490.919388085536,901.3195,477.2636,1
632111370,883.7727296597913,491.902854694915,876.9836,452.4307,1
632111387,884.337983633031,492.220634640541,895.6815,439.4246,1
632111404,883.1280458338931,493.2218302382975,867.1464,455.4248,1
632111420,883.6553501122639,492.04558665771856,896.0042,409.1327,1
632111437,882.4471424853588,493.2428097811711,866.2003,461.197,1
632111454,882.5795891359896,492.775365692364,889.207,424.8021,1
632111470,886.4577166322551,495.2221430824673,953.205,487.414,1
632111487,892.643907440132,493.4202418596605,997.3594,391.3768,1
632111504,898.4450013619105,492.82850618319884,992.8422,418.7845,1
632111520,905.2041883279409,492.9668224617025,1012.5304,434.9188,1
632111537,911.1227581281757,493.08465237884144,1000.6082,435.275,1
632111554,917.2705841782066,494.22814878820924,1007.6131,459.3205,1
632111570,922.5833916895818,494.4437381300369,990.4935,440.8441,1
632111587,928.1481824830871,494.3041406241885,1000.8475,427.7925,1
632111604,934.2996660933762,493.38098740273927,1014.476,411.7186,1
632111620,939.7217881802802,492.5761407511264,1004.9136,414.6476,1
632111637,944.4869944005828,493.25028307556266,997.1801,446.577,1
632111653,949.7313890374289,493.18223953493373,1008.1666,432.9761,1
632111670,954.4068056907328,494.109909423746,1006.1898,453.4592,1
632111687,958.6628287231202,494.65648153270325,1004.7803,446.5463,1
632111703,963.4466801426126,494.6975125186461,1017.1142,436.8869,1
632111720,966.5059366207076,495.39533280958005,990.0731,448.9343,1
632111737,970.1888098609554,495.479484390105,1004.8693,437.6298,1
632111753,972.1023996614535,497.29796055197244,979.719,478.3835,1
632111770,974.4339193762095,498.41572739181896,991.496,463.8742,1
632111787,975.8569910447808,498.9809468379846,981.5304,448.8398,1
632111803,977.4998157610905,499.4901463727291,986.8292,452.176,1
632111820,978.6790092204228,500.78838805763263,983.2446,468.8476,1
632111836,980.3845635216142,502.20774082915557,998.3884,471.9197,1
632111853,981.7876574328347,502.4644197469743,996.2938,448.993,1
632111870,979.9478328783566,502.05467442319474,938.0215,433.4106,1
632111886,977.771575952275,502.28536873952294,936.3958,447.9121,1
632111903,975.4205300828818,503.0762619562326,932.1339,463.5098,1
632111920,973.7663457555933,503.4737819341601,949.7828,449.6674,1
632111936,971.7633842120931,502.30994808115116,942.0371,419.8642,1
632111953,967.9936543953701,503.06912234662786,912.2828,462.8875,1
632111970,965.1479191271451,503.09786443155224,935.8995,452.2667,1
632111986,962.0489827838874,504.1924845213682,933.8959,467.6727,1
632112003,958.6799440164259,505.0051274881822,926.3486,465.4474,1
632112019,955.2268978674402,504.6130288131047,924.8893,439.8986,1
632112036,952.7403554879874,506.2226533623567,937.5302,486.7761,1
632112053,950.5214752846739,506.7135605365239,940.7717,463.4839,1
632112069,947.2340379626559,506.9973276531623,916.72,457.9624,1
632112086,944.3523770541237,507.3962014611592,922.3424,459.7558,1
632112103,942.2062656015336,507.94848179965277,934.0303,462.0708,1
632112119,939.2550609859072,509.5039765634061,914.7764,487.5428,1
632112136,937.1040616807072,509.2323160584008,926.3065,448.4392,1
632112153,935.4761641335676,510.9125610011325,933.196,492.9777,1
632112169,932.809067413384,511.87852694986765,911.3891,479.8951,1
632112186,930.2927835023038,512.8371522399416,911.1079,479.5417,1
632112202,927.5088960417811,514.0035515883303,904.5533,484.457,1
632112219,927.3885627235607,514.3467047896908,947.6946,465.4825,1
632112236,924.9923793301031,515.6618088171668,904.9067,489.67,1
632112252,924.3365600238683,517.6115999696381,931.2625,508.4724,1
632112269,923.2084779377368,518.0254259223661,922.4691,472.0272,1
632112286,922.8373417080356,518.8311305232501,932.9946,480.1364,1
632112302,923.2968856026731,518.3247189796499,947.4308,450.3755,1
632112319,923.7617984267653,518.6260376506008,945.168,472.0943,1
632112336,923.2606071021523,519.7808434812054,927.3867,493.8876,1
632112352,921.2510814716329,521.2327107099636,898.2006,500.4246,1
632112369,922.0994573867922,523.174023829473,942.8882,509.4395,1
632112385,923.7865279072112,521.7182488778892,959.1393,432.261,1
632112402,925.4758737817799,520.6693034260509,958.4557,444.5612,1
632112419,927.3651836285816,522.4364079879372,962.808,509.6868,1
632112435,930.4045755182594,522.4594227154346,983.7798,465.8673,1
632112452,931.7874837186413,522.496572527065,951.0848,473.0271,1
632112469,934.5302434609931,521.9273016544075,979.5936,457.259,1
632112485,938.2588797199414,521.3344578048393,998.2637,458.0845,1
632112503,939.7893436309878,521.4661337807822,958.4027,476.5997,1
632112520,942.2061891139609,522.9191212626746,975.3763,504.4355,1
632112536,943.8064212971815,522.1810353867704,964.4138,458.9615,1
632112553,945.525467494225,521.520351049181,968.4746,458.1373,1
632112569,947.1919873638685,520.8938245399465,966.7305,458.4694,1
632112586,948.4123379850118,519.7652332502167,961.4595,447.2367,1
632112603,949.5772421591957,519.5699681434878,963.207,469.2141,1
632112619,951.1876752114626,518.4222425078326,971.5645,448.8423,1
632112636,952.7241705575517,518.9249903445417,972.7273,482.8545,1
632112653,954.1885063151327,520.0529236617031,973.6997,501.8412,1
632112669,954.8171635758495,520.6407824587893,958.2522,487.7238,1
632112686,953.42433519709,522.6319039645645,922.8112,521.6252,1
632112703,952.7295212423126,524.8415004591122,936.5193,526.5281,1
632112719,951.8526359411064,525.1602467813756,939.9066,480.4955,1
632112736,951.94960252672,525.693591236033,953.8865,487.744,1
632112752,950.2242908240238,525.9569227062553,924.6072,484.852,1
632112769,949.6055933084407,527.1063414271762,943.9714,501.1574,1
632112786,947.499201008598,528.416516430159,918.2637,507.5467,1
632112802,946.4231347090548,530.9112374923483,937.9534,532.2697,1
632112819,945.2399101876965,532.4222189156887,935.7439,512.8713,1
632112836,942.638598502002,533.6047488224219,907.7084,509.6365,1
632112852,941.9400494489091,534.4849139766934,939.0342,502.8477,1
632112869,940.4794895505169,535.2712818907506,929.4001,503.1691,1
632112886,938.6390286103806,536.7795701415795,922.687,513.5941,1
632112902,936.5728415849386,537.2902134517913,917.4471,493.8708,1
632112919,938.8750300210739,537.3625908610217,996.046,488.9513,1
632112935,1139.3435208849617,546.4453173818498,1153.2939,499.4887,0
632112952,1139.6100937583842,545.5901215195621,1153.5933,498.3285,0
632112969,1136.0522014041057,539.8311902344562,1146.4526,483.1719,0
632112985,1135.3253781704498,536.3916130413551,1148.0204,477.0652,0
632113002,1131.1127765458823,539.1665592659574,1131.658,501.7399,0
632113019,1130.4579493352053,540.3756570312888,1141.5219,498.1781,0
632113035,1135.0564460847836,546.9576530592753,1171.5668,542.3268,1
632113052,1135.5651231158452,548.6907305943275,1151.9628,515.2655,1
632113069,1138.1464153960521,549.2408934959362,1169.6348,506.5622,1
632113085,1139.7312587778856,548.4875892249661,1165.6694,493.1413,1
632113102,1142.3476770558063,551.0721214189829,1177.7256,532.8031,1
632113118,1142.586739108826,550.2685380456978,1157.7344,493.1963,1
632113135,1142.3764047152488,551.0111688461662,1152.708,514.35,1
632113152,1142.8520751717995,550.0294325917027,1161.1936,488.8249,1
632113168,1142.385914643428,550.7433704922622,1149.4895,515.353,1
632113185,1142.1952159400496,551.7106488455855,1152.5533,520.8524,1
632113202,1144.092567695561,551.6957112350541,1181.808,503.6886,1
632113218,1148.3237145993505,548.6463272915998,1218.8473,445.8378,1
632113235,1153.5529327877177,395.50560486963064,1171.8367,296.0966,0
632113252,1158.2593620535577,398.7899448758668,1176.6719,300.3115,0
632113268,1164.1962656707287,393.2578683592564,1189.3291,284.9669,0
632113285,1164.4843422673594,392.49891280650763,1183.9304,289.5858,0
632113302,1161.0996157454283,390.70639760882545,1169.45,282.6674,0
632113318,1163.4179552800542,390.99773135595103,1191.7955,290.8993,0
632113335,1164.9905279732525,389.2079818128923,1192.0874,275.2426,1
632113351,1166.4394900861384,388.910403172736,1194.0681,284.3113,1
632113368,1166.3010462607608,391.46310557229845,1183.5507,313.3151,1
632113385,1167.4276037794984,390.98842286748635,1195.0811,284.1497,1
632113401,1166.8683557943243,391.8765919794016,1180.3298,300.7472,1
632113418,1168.323375328114,391.69836475296296,1200.9039,287.3394,1
632113435,1168.196247249929,391.74395876694706,1185.2478,290.8763,1
632113451,1158.71207219152,384.56815798984337,1074.5332,183.7173,1
632113468,1153.5065397308795,375.1017810270236,1116.7227,131.7987,1
632113485,1149.4703363134936,368.788944177885,1124.7466,169.6185,1
632113501,1145.183810115834,360.0067388350901,1117.124,115.4505,1
632113518,1140.8502924862953,351.49443444886816,1111.4006,107.3688,1
632113534,1136.092858668068,345.98468847574514,1099.2026,153.2961,1
632113551,1131.5243027669496,341.3507843970718,1096.7236,162.5769,1
632113568,1129.2397987968454,335.90260484521184,1128.4729,137.7393,1
632113584,1126.5402836835274,331.97268734729124,1118.359,162.177,1
632113601,1123.006928683913,326.81844613432855,1101.9402,130.6945,1
632113618,1119.6658720316063,320.2594043685656,1102.1797,93.2149,1
632113634,1116.9495330072748,315.4905844825004,1108.7969,124.4253,1
632113651,1112.7184492544948,311.75302338852924,1079.0015,141.979,1
632113668,1111.0475988390845,308.39861614921733,1120.147,142.9651,1
632113684,1108.5854170716175,305.120682935653,1103.3828,139.6133,1
632113701,1104.991183516696,300.93346352175365,1080.5227,113.8832,1
632113717,1103.9509839829534,300.2336670319308,1121.9666,187.287,1
632113734,1104.4806815742504,303.0374034528571,1146.4927,263.6335,1
632113751,1103.3746900100205,304.23715370802057,1120.6765,236.4175,1
632113767,1104.6620556076862,305.94248539531185,1162.4619,239.6789,1
632113784,1105.2248311277915,308.32412352177937,1145.6917,252.2157,1
632113801,1105.854549029532,309.9480769756926,1143.4841,230.1464,1
632113817,1106.8844109047327,311.93250455019114,1151.1372,236.4131,1
632113834,1107.4141534827866,314.0979332344346,1140.2402,237.3079,1
632113850,1108.2958089580668,317.8440911173219,1144.7722,273.782,1
632113867,1109.6190216690813,319.7550023879088,1151.4255,232.7955,1
632113884,1109.8181557822293,321.6018772670736,1131.5273,228.8515,1
632113900,1111.5379758191543,324.08148078518326,1156.9243,244.8885,1
632113918,1113.0442457756235,327.09335061259117,1154.8347,257.0634,1
632113935,1113.1753273742993,329.3080870816179,1128.4868,241.3796,1
632113951,1114.0327532102979,331.28823784117935,1131.0287,226.5532,1
632113968,1116.4471528846498,333.3955347856685,1165.6348,226.9851,1
632113985,1116.758722276052,336.0961368007686,1129.3313,250.7946,1
632114001,1117.6593337244838,340.3519867443988,1139.9504,285.2667,1
632114018,1118.5786078164633,343.147663021411,1141.7429,255.0528,1
632114035,1120.1800769673378,344.6235273871837,1154.9463,233.1628,1
632114051,1120.6082103036379,346.196518083219,1134.8928,241.2524,1
632114068,1121.3878751519358,347.1197166721162,1146.3333,226.9753,1
632114084,1121.3722399599615,349.52032991157216,1131.1963,268.4644,1
632114101,899.8190810201,514.9545530659971,903.8892,467.2446,0
632114118,774.023555886577,626.8511405031768,769.7551,622.8694,0
632114134,765.7650706569547,658.5455129287463,750.9731,708.6201,0
632114151,757.6760451442224,672.5907573932574,734.1315,722.9689,0
632114168,762.0154945669375,677.4491209768232,769.2354,709.6626,0
632114184,763.5191392612373,679.9413893585032,763.4488,706.8528,0
632114201,749.1226243619274,688.1836076578124,742.2427,706.319,0
632114218,791.4563425699578,688.8380300353501,786.4431,705.4193,0
632114234,773.0504781182698,681.5167135807776,748.4019,687.3162,0
632114251,766.7756500383767,685.639761162767,747.614,713.7379,0
632114267,760.6321810210105,690.7129932166193,735.0056,730.1638,0
632114284,758.1267110232442,691.067885252343,741.6576,711.8468,0
632114301,759.2640348361709,692.5034799245709,758.8392,720.5677,1
632114317,758.6504919964452,692.3636396710572,748.8119,710.196,1
632114334,757.2483436764029,695.2586417255332,740.779,741.3995,1
632114351,758.7895449619717,694.9994510074134,764.9258,711.098,1
632114367,759.6759174876806,694.0082313190879,761.3473,701.5511,1
632114384,747.881342534938,693.0572191516776,629.0935,705.3632,1
632114401,737.5712829113891,693.3473835979185,627.1572,721.6178,1
632114417,726.3808973326682,695.9750924815521,600.5222,759.4227,1
632114434,715.8045619539389,695.93829509026,593.1801,720.8927,1
632114450,707.5558042216476,696.7901954729335,609.663,735.5011,1
632114467,700.5841785483873,696.5871796061456,616.9596,717.726,1
632114484,692.7337026406063,695.7995697137554,595.5067,707.5399,1
632114500,687.9574068741013,693.8008272447831,632.4974,681.8031,1
632114517,683.1180332479969,693.0098178807867,624.8995,703.7157,1
632114534,678.8188521780062,693.4550858969043,626.8982,727.9321,1
632114550,674.8028523448374,692.080621963019,626.6351,690.3823,1
632114567,670.1155996871663,692.5124125777919,609.6134,728.214,1
632114584,665.0362312028398,692.6891493394444,597.5303,723.3906,1
632114600,659.9476694890117,691.6098205953405,592.1963,695.9425,1
632114617,655.585527630735,691.7467667320007,598.7374,722.0045,1
632114633,653.3830366708174,691.1618585571961,631.8575,704.2311,1
632114650,654.4153589769941,687.6317918680091,686.4005,634.213,1
632114667,659.7463018102061,681.9484267773292,761.572,579.6012,1
632114683,666.4414689153671,676.8154153718818,784.7769,588.5011,1
632114700,672.4141906985373,670.9575638744773,771.502,569.0674,1
632114717,676.5095654029427,664.7392568054665,749.2085,561.2316,1
632114733,681.452497636792,659.138802687982,758.041,570.4965,1
632114750,686.5823843704426,653.2190125451713,760.4919,562.3793,1
632114767,691.1353885142765,647.3221156548601,748.5769,560.8094,1
632114783,696.6145521452895,640.0937600049155,767.5258,522.1338,1
632114800,703.3628812924945,634.1747962115572,793.2771,547.4741,1
632114816,708.1120182520026,629.5116772849241,757.3435,571.3528,1
632114833,714.5437231558942,625.900551465216,789.5904,591.7554,1
632114850,770.5494175064778,931.6121311842309,758.6529,1032.4769,0
632114916,377.7722831337232,436.0902763537935,720.1995,765.4717,0
632114933,489.0884204844291,495.2583412884483,701.7229,604.7858,0
632114949,552.3003291793095,514.5778310874771,731.7269,547.384,0
632114966,594.9706248451403,519.638226741237,754.3945,502.3389,0
632114983,733.9490343367678,543.5169545502712,729.9419,512.5898,0
632114999,737.8320095501114,565.9886000551573,733.4465,542.6184,0
632115016,745.9519581503433,562.9698181492469,750.5349,533.8354,0
632115033,742.6590737479744,558.0425168733318,732.045,518.8806,0
632115049,742.3839447553503,555.2506129073513,737.8224,517.0339,0
632115066,744.741641285674,549.9718909654008,751.2429,492.8141,0
632115083,746.4022743551847,545.2614457518555,751.7891,483.872,1
632115099,745.996596807035,544.7182969235006,739.8817,510.606,1
632115116,747.420254486736,543.7711231077135,753.8641,504.5513,1
632115133,744.6968687753013,542.156115970988,719.761,496.063,1
632115149,744.1700701693976,539.7205251088287,736.726,481.4767,1
632115166,742.0451054758846,541.0633893031742,718.17,528.2026,1
632115182,740.9522103295129,541.4140829586545,726.7379,516.0031,1
632115199,741.6783840818729,542.6443429264802,746.7257,529.3556,1
632115216,743.7003879164005,542.3274723886824,764.5775,505.4348,1
632115232,743.3699396619526,542.5662532199802,735.5942,515.5131,1
632115249,743.8570166628822,542.3313292306001,746.7258,506.8572,1
632115265,754.9423272825246,543.2004652030703,900.3348,520.8001,1
632115282,984.8759210354925,543.3983568186384,992.0313,501.886,0
632115299,985.4736026676117,533.2837439164433,992.9036,488.2714,0
632115317,988.7344557058811,535.8966192835879,999.5787,495.0099,0
632115333,988.0897136507463,538.4772509226417,994.0276,502.0663,0
632115350,985.9369894613851,543.070410798448,986.1422,519.8945,0
632115367,984.3977416623751,537.2185373176064,986.0027,462.7454,0
632115383,982.0350441464161,536.6527336065012,977.4323,489.8641,1
632115400,980.6838953938668,536.9080438530408,979.9369,495.8339,1
632115416,979.9098130048484,537.2461567749966,981.9995,497.2077,1
632115433,977.3567229028297,538.7005235880605,964.5374,511.433,1
632115450,975.9426774670667,538.8745245581399,971.4388,498.3489,1
632115466,973.2809482242458,540.2281394251695,955.6115,515.3483,1
632115483,971.5229012366249,539.6762605030735,962.0682,490.1109,1
632115500,971.2979498138029,540.7505394689456,977.3777,513.64,1
632115516,972.2702481785238,541.8735779822122,992.0942,515.7882,1
632115533,972.3062236739337,542.3619200273787,980.8613,507.2828,1
632115549,969.7013273018391,542.7026122908533,943.9925,506.9728,1
632115566,965.0765620347241,543.5245082236628,911.5,517.8412,1
632115583,963.4459612308548,545.228262833221,950.9959,534.4565,1
632115599,960.629611692883,545.9417841347018,931.084,517.8691,1
632115616,956.4398762822577,547.0645106708355,906.2413,528.2613,1
632115633,952.9177216603631,548.5571179313448,913.0184,537.1472,1
632115649,950.1438264683901,549.5496642987043,922.2781,527.8762,1
632115666,948.2226025045957,550.7457989647919,933.8195,533.1202,1
632115683,947.2315135653527,551.8441227023225,947.5632,531.8438,1
632115699,945.3428526064662,553.1263489894233,930.152,538.0074,1
632115716,943.5727419529713,553.2473094285793,930.5726,513.1926,1
632115733,940.7043098669654,554.5480895707982,908.4763,541.8916,1
632115749,938.1361396827538,555.5681339798836,911.5005,536.6858,1
632115766,936.3089918615526,555.3884007823506,923.0129,509.6209,1
632115782,933.6267145032332,554.1745157577418,905.6854,486.964,1
632115799,931.9845264074195,554.251097907018,927.4553,514.0806,1
632115816,929.8869808628319,556.1460460764106,916.3721,558.8669,1
632115832,927.687485700815,557.4218253478783,911.4965,546.2423,1
632115849,925.7206081133266,559.0794104420579,912.1833,557.8762,1
632115866,925.4664467378333,560.1981779314799,941.1338,539.1459,1
632115882,925.1456904929328,562.3341029116011,936.3015,567.5652,1
632115899,923.1684248704352,562.1994679704613,905.3666,517.6284,1
632115915,919.3901633251162,562.6401139747134,870.5905,533.9025,1
632115932,916.3563092184929,563.2118169293899,880.2953,539.0822,1
632115949,913.6954541818616,563.5424228538127,886.0005,532.8326,1
632115965,908.7570984053962,563.71850883246,840.9282,533.7499,1
632115982,904.9559849977434,563.834224310109,860.2818,529.8027,1
632115999,903.6061928823592,564.0657594826571,904.0516,534.2527,1
632116015,900.0144985675521,564.0849397947662,862.1638,531.8604,1
632116032,897.1808599083436,565.0937784209884,871.5543,554.2761,1
632116049,895.3749138367355,565.9271756149739,883.8828,550.1561,1
632116065,892.5330673775755,567.5977353165426,859.1871,572.4253,1
632116082,890.3946992255143,569.0344082981783,874.2606,568.8326,1
632116099,889.0314174963273,569.1970462298385,884.3975,537.3806,1
632116115,886.8961227327819,570.9848258227504,864.9452,577.9915,1
632116132,886.219755293529,572.0023376856129,890.6616,560.6213,1
632116148,885.608496457581,572.1147367066314,891.1982,539.2843,1
632116165,884.3150216216859,572.2574523576254,877.9011,542.0226,1
632116182,882.7900641940174,573.1636475440603,872.6448,560.8268,1
632116198,881.0711685946467,573.2557680810373,865.4893,543.4397,1
632116215,879.0878160031591,574.811092482848,858.189,576.2252,1
632116232,880.5472862770692,570.1288164786954,919.4336,431.7385,1
632116248,929.0067850008073,388.06725967881704,937.4866,295.5387,0
632116265,933.935629507265,398.2067587980033,942.386,308.9545,0
632116281,920.141644515964,401.24263382201144,913.459,318.2597,0
632116298,925.98834219704,397.3491342136147,946.5052,297.2283,0
632116315,928.3369080494044,399.68227583630295,943.5831,320.2325,0
632116331,927.5758735764034,401.4447115284869,932.2817,322.9579,0
632116348,927.242285136755,399.55567218894197,933.843,298.6246,1
632116365,930.7300772143101,394.9561130463794,960.7805,268.225,1
632116381,931.5125839454125,394.52009083160254,945.0563,300.6557,1
632116398,933.3074424442743,395.0005521410936,955.2993,309.6833,1
632116415,934.0082328898503,395.1333709358406,947.8181,306.6683,1
632116431,934.97751307369,392.55157652033154,952.5078,269.9359,1
632116448,936.740848951602,392.75782045640096,962.4058,304.8597,1
632116465,935.8970167922079,394.57408421149836,933.2386,331.2543,1
632116481,936.6940020983967,394.9708622240416,953.392,310.4077,1
632116498,935.7162161966972,393.8465356322012,931.2968,285.8192,1
632116514,934.5619455117662,392.4843196111,927.8774,279.9127,1
632116531,935.648270310795,394.14145944689744,958.1243,332.8575,1
632116548,936.2623182481952,395.473158352593,952.3145,328.92,1
632116564,936.6956542427686,394.7476247851771,950.9169,289.7392,1
632116581,936.3286852203881,393.3819731015189,938.9679,276.3823,1
632116598,936.1779947853801,393.932803288161,941.6039,314.8484,1
632116614,935.2893015896428,392.49672330757807,930.1392,273.4268,1
632116631,936.3842426963255,384.63204284984204,965.6864,131.343,1
632116648,936.3099404963513,375.8113619782548,946.815,104.9877,1
