timstamp,smoothx,smoothy,rawx,rawy,fixation
622164104,996.8345621926372,544.0167739656986,1007.0906,522.8328,1
622164120,997.578276581975,541.5278204219994,1003.0751,494.1409,1
622164137,999.8582330223899,541.1897590926532,1027.8794,526.9294,1
622164153,1002.1740836556929,544.8226837896058,1025.4878,589.664,1
622164170,1002.8433150433374,544.2822200065784,1003.4879,523.5546,1
622164187,1002.5936236759044,542.671104760823,989.7576,505.8635,1
622164203,1002.1678507653044,540.9760129379971,987.5492,503.9526,1
622164220,999.2150105572982,538.1233760813343,944.5692,483.8759,1
622164237,998.2211957163217,535.4707490709774,973.2872,486.8747,1
622164253,996.9357602290225,535.0478774480604,966.7489,526.9597,1
622164270,995.6338479824487,536.3954209105025,965.0465,550.54,1
622164287,995.406330039345,533.8594135007594,990.6232,485.2651,1
622164303,995.9062509772466,534.0594763201069,999.9876,534.057,1
622164320,996.3714454368072,535.8101242078984,999.8104,552.0911,1
622164337,996.5821747286493,534.8497034695731,1003.3984,513.5024,1
622164353,995.947253313068,535.5125180985228,985.1254,539.3062,1
622164370,994.2033433265963,536.549402472433,967.0952,541.2094,1
622164386,995.3213494254193,539.5126011523888,1008.5142,576.2906,1
622164403,988.7957510247998,536.5773624373101,884.1073,474.7878,1
622164420,981.7866444777626,529.7171351969146,880.9684,411.4935,1
622164436,975.4270587311785,524.9639977396779,883.8678,443.8287,1
622164453,969.9072178014276,520.001006937843,896.9954,442.993,1
622164470,966.73546430988,515.5893051181016,936.5309,452.381,1
622164486,959.5550216792554,511.7753193505064,861.7307,454.1777,1
622164503,953.9031270362916,506.4912395503407,889.6073,430.5703,1
622164519,944.9713595500608,501.59388488960207,824.7902,437.5872,1
622164536,939.3651934058819,495.84764183058587,878.7252,417.1774,1
622164553,932.8595742618065,488.965375366075,865.8662,396.0824,1
622164569,927.9052670279194,486.6238620195684,878.595,468.3783,1
622164586,921.7179115101425,481.3248509142049,855.9928,415.9931,1
622164603,917.039473492837,476.4813111102714,881.0893,419.6136,1
622164619,911.0630953647765,473.74863308474244,849.6755,447.4376,1
622164636,906.0488920321565,471.6842047244739,863.2623,458.4964,1
622164653,902.8773563326691,468.19776870420344,891.9817,437.9112,1
622164669,899.5743238971646,467.79530108837895,878.0229,477.1573,1
622164686,897.1263076621665,469.25200257841635,884.5421,502.5651,1
622164703,891.8979174265231,459.6898032515846,843.7202,317.8696,1
622164719,804.0341945566372,264.71982416529977,814.5356,266.3528,0
622164736,841.2331870092398,288.9720905154045,850.8936,289.6232,0
622164752,818.2937766831437,285.93009145360867,804.4113,283.389,0
622164769,813.9679484013532,288.47967730378394,813.9653,293.5535,0
622164786,807.1833280929026,291.0546360004895,794.9268,298.1618,0
622164802,807.4348815613736,290.9084515673472,817.5944,290.454,0
622164819,807.5541638869609,290.3805995365842,817.455,288.0842,1
622164836,813.201840893286,291.60027461799956,855.2395,298.7482,1
622164852,823.5928967884092,293.7113716082917,902.0787,307.7461,1
622164869,826.8850556340875,298.20133802516705,856.8226,329.7758,1
622164885,825.7109014892628,298.9128174995908,821.7935,303.1763,1
622164902,828.1589105087752,299.69549680889304,857.2997,305.344,1
622164919,829.3046016245643,303.30120961453844,844.4352,335.2095,1
622164935,825.817730826373,297.24489165912394,799.1517,234.5902,1
622164952,820.6867967049385,289.1441954706014,776.4272,203.4128,1
622164969,819.5991072844355,280.9388326755684,823.7262,193.2083,1
622164986,818.7777964250213,274.3710194095595,825.2218,204.7583,1
622165003,816.8461581926454,268.00530903872107,808.8684,200.2584,1
622165020,817.6221086606837,262.730410983631,845.9806,208.9482,1
622165036,815.8545521994663,258.7191790240709,807.1544,220.8703,1
622165053,815.7953684764777,254.6718647532639,832.4116,216.5161,1
622165070,816.3130742774579,248.93561453918153,843.5208,187.8385,1
622165086,817.6158282960869,242.00143917487173,858.1482,165.0047,1
622165103,819.2808460538823,238.617457624239,861.0974,213.4471,1
622165119,818.1443350497941,235.07900834923552,815.2902,206.8308,1
622165136,818.3240645488747,233.9091986895698,834.5536,240.4335,1
622165153,819.3375978557577,233.6859521806124,847.98,252.8523,1
622165169,818.6413930021716,231.51999652650775,821.0413,218.9934,1
622165186,820.2184034690645,230.79996676110966,859.2069,239.8945,1
622165203,827.8561988299458,229.81110616982014,967.6262,234.2187,1
622165219,1085.9767535307226,177.35464197538232,1109.4543,187.1285,0
622165236,1049.1574424047842,150.63530902071807,1073.6611,161.537,0
622165252,1075.0724981378312,173.97704908398512,1123.3359,206.0549,0
622165269,1073.4202170540643,176.60483676879232,1092.7903,191.0557,0
622165286,1075.4629291036003,175.05008724297747,1105.2878,180.4146,0
622165302,1081.843514584811,178.49852052865893,1129.6569,201.0933,0
622165319,1086.4335133678446,176.0720874186055,1133.2473,174.7905,1
622165336,1086.0674526733103,176.94637816864278,1106.2493,191.3922,1
622165352,1087.850262114557,180.4547453686759,1120.9089,212.0544,1
622165369,1089.7871780169232,180.5435073348085,1127.071,190.3753,1
622165386,1090.533222916286,182.84584840539898,1117.5391,209.899,1
622165402,1089.561167129507,182.26704810274526,1102.8684,185.7528,1
622165419,1086.5391581644994,183.8173831987454,1077.147,206.4627,1
622165436,1085.3722565144703,182.9049692035076,1096.6074,182.0278,1
622165452,1088.134768145432,184.17146908122305,1142.2196,206.4727,1
622165469,1087.5138667266801,187.35062407723044,1099.6273,230.6235,1
622165485,1089.0742552259137,187.84676251884372,1131.0378,200.7688,1
622165502,1089.8116422404069,185.99435671905673,1123.3958,170.6472,1
622165519,1089.5895688176681,184.66322434030639,1109.7299,176.0082,1
622165535,1089.5464982337521,186.2580435763052,1109.3376,215.7909,1
622165552,1091.4734243171042,186.92239075612278,1140.9202,204.1653,1
622165569,1091.6816634827228,188.52168557810643,1114.1008,218.2014,1
622165585,1093.5790868198264,184.03846659474377,1148.6555,128.7757,1
622165619,1250.0606884715905,38.68879292211167,1287.3566,58.2469,0
622165635,1250.4452952415672,33.65911755096303,1288.8601,48.7862,0
622165652,1245.6425493800768,40.27674234147886,1272.0044,72.0086,0
622165669,1243.7932455218252,30.21270505584184,1278.137,21.9366,0
622165685,1237.2076811985619,28.683101569482595,1248.9856,42.9451,0
622165702,1237.6569672135026,31.662959165765656,1276.7955,65.4552,1
622165718,1242.9072552090347,35.76548913731559,1309.9995,78.1505,1
622165735,1242.2261919300443,27.717785137393737,1279.1752,-3.0574,1
622165752,1239.78402593289,23.076728638626697,1261.5538,11.0534,1
622165768,1235.6518281610595,19.448264272845634,1241.174,12.4928,1
622165785,1234.9697729262941,17.50356603952917,1269.3605,23.3856,1
622165802,1234.3272602969732,23.25114886531461,1262.9685,99.0546,1
622165818,1229.7575566450944,19.872587041214608,1222.5649,6.9504,1
622165835,1229.6971482470442,18.669418426750813,1270.8904,28.1394,1
622165851,1229.58589869427,18.39179691632228,1269.2434,37.7359,1
622165868,1226.1804260246608,17.647522000607545,1224.3999,30.9165,1
622165885,1223.691266300397,16.201479570871427,1234.2084,20.9201,1
622165901,1223.9428726045653,13.446591574608613,1273.0701,2.0885,1
622165918,1222.5394467332076,11.190483308189478,1247.5348,6.1593,1
622165935,1220.7018470821988,11.719628653317214,1236.3278,43.8103,1
622165951,1221.4687216299058,11.970665849384474,1276.1819,40.1327,1
622165968,1220.8993645321832,12.181269556509253,1254.5438,39.0608,1
622165985,1218.9784683445835,12.319578362716639,1231.4315,37.4525,1
622166001,1217.5263070960218,11.293914070038346,1239.0692,19.2283,1
622166018,1218.384484495673,10.59739140546339,1276.7559,23.9799,1
622166035,1217.764835531839,13.99211996353588,1246.1259,87.9942,1
622166051,1218.6935970853021,12.778078025762207,1277.8081,15.2211,1
622166068,1216.463228153522,11.875500102044013,1221.6449,19.0923,1
622166084,1220.6780430276626,11.767651653857408,1333.7494,32.8138,1
622166101,1229.1473991261269,8.95477421580984,1413.6617,-11.0629,1
622166118,1235.0258128819912,5.38932984599166,1371.3562,-21.6676,1
622166134,1241.8946336191816,2.4782232423756034,1388.8457,-12.6019,1
622166317,1344.595720165879,186.27280915119582,1373.6213,198.3967,0
622166334,1383.1085033362333,387.1052987155818,1398.7245,388.1151,0
622166351,1325.0489130370156,473.0594781561276,1267.729,548.6552,0
622166367,1293.023791405652,586.1163926294163,1211.4196,785.3494,0
622166384,1286.396984817487,624.9825950417102,1255.3309,717.6351,0
622166402,1271.5518705475893,638.9309136023942,1204.177,672.1368,0
622166418,1248.7940765900275,687.1470307149943,1239.7885,669.429,0
622166435,1306.6013413684361,717.799361331063,1296.7909,698.9598,0
622166451,1278.9164574908527,749.9955670642626,1235.5802,758.9626,0
622166468,1271.284641661544,744.0939144316734,1244.2161,711.9782,0
622166485,1258.6104213565106,744.9585837540817,1207.3224,725.9633,0
622166501,1282.0646791205565,737.5355350773939,1367.2351,690.7682,0
622166518,1268.03997602887,754.1413815665387,1178.5428,808.3965,1
622166535,1274.4687184905308,764.1850621123222,1295.0156,796.5256,1
622166551,1269.9023380221222,771.3494915554227,1220.8141,791.8367,1
622166568,1271.5672713141837,782.6120390807708,1263.6877,836.8687,1
622166584,1263.2267502293432,786.522458156885,1174.549,788.8933,1
622166601,1256.9792145990198,784.8991274244842,1186.266,742.3327,1
622166618,1252.674014168813,787.4686293901188,1195.0679,783.2438,1
622166634,1248.1093612167085,785.5863945530775,1188.9888,738.5,1
622166651,1246.713731472318,786.6388168789492,1219.6201,770.509,1
622166668,1247.0289172244118,784.3800325865074,1242.7673,732.4109,1
622166684,1244.7669596180017,782.5603023082297,1207.2622,735.4421,1
622166701,960.8159329126363,758.7739553423795,939.8129,733.7526,0
622166718,734.5423672292967,739.0953539319086,709.5326,712.7003,0
622166734,650.4537016708733,720.1930006151011,540.2469,675.2542,0
622166751,641.7326599370958,716.403684366521,599.3437,683.0906,0
622166768,643.9017595851776,725.3948309006668,622.9365,724.1272,0
622166784,640.8842697798723,729.7343922653603,601.4518,718.6525,0
622166801,608.2658022732119,768.4954377865273,578.1385,739.0133,0
622166818,628.2646401210906,780.9874042549262,597.7242,751.0088,0
622166834,610.6643183995677,776.0333376703243,562.4338,741.2928,0
622166851,604.114320242556,764.7934627495389,562.5072,714.3051,0
622166868,604.6635740866982,769.3044994479156,575.2819,752.5438,0
622166884,617.0424172547366,762.9947084381436,639.1944,711.1775,0
622166901,617.6922535032212,759.1404393460328,592.5447,713.0062,1
622166917,614.0821661009074,769.8401295660999,557.6973,798.9451,1
622166934,608.8083228310378,773.2546073813425,540.7012,764.1035,1
622166951,603.8583489295934,771.8231396924824,536.7742,730.7153,1
622166967,607.2064917824625,772.979424319973,606.0383,752.0167,1
622166984,600.7548869188028,771.6174717840053,511.7603,728.759,1
622167001,602.6375572163807,764.1126890826304,599.1531,665.072,1
622167017,606.0941292359201,753.0390075011117,624.0182,616.5803,1
622167034,611.4978169228895,747.0241689398471,649.542,660.9973,1
622167051,614.2311297199159,739.5121555029777,623.3489,635.3572,1
622167067,611.8755238830158,735.2835409220737,554.6605,667.325,1
622167084,610.1394756504911,730.4575415347427,561.959,654.7079,1
622167101,610.2825616517721,730.6062001175937,583.1868,716.9557,1
622167117,613.3856434618341,731.3459627223862,627.6006,724.8708,1
622167134,618.1817107748434,729.3062720030664,659.6543,685.0327,1
622167150,623.3790418110812,728.4460132075927,668.8275,699.9898,1
622167167,627.0242333524916,728.8000083169155,646.4313,716.3141,1
622167184,631.6575686452805,727.9610139535549,667.1926,697.4984,1
622167200,633.4907084969165,728.0027206321656,622.7438,709.1803,1
622167217,635.4816541541642,728.3944965563885,627.1697,713.717,1
622167234,639.9760481596055,726.0915155180113,675.8159,670.6196,1
622167250,644.2631277527244,726.4124035432122,672.3617,710.9702,1
622167267,650.8251748401257,727.3985381754783,714.8265,721.3735,1
622167283,655.2694626618804,725.2706744326966,685.1868,669.6358,1
622167300,660.5859738849953,722.015795313615,705.837,650.0781,1
622167317,664.8070639288075,721.4990830156408,682.5813,699.2477,1
622167333,670.3882442655864,720.4163942144278,707.6934,687.5682,1
622167350,675.1678629629878,722.0464593952256,694.4502,727.8714,1
622167367,680.939645090655,722.1516177675725,719.9257,706.0511,1
622167383,684.5356480629723,721.7269110571608,692.7303,691.593,1
622167400,689.8211909683737,723.0826107081721,719.7101,720.9386,1
622167417,694.7322483788906,721.2312703416251,718.0977,676.5101,1
622167433,750.7519832273747,489.1593590451491,743.9642,477.3057,0
622167450,712.6932613463897,348.2354485118825,715.0511,344.0584,0
622167467,686.5069202329772,269.3484333189736,672.738,194.9609,0
622167483,713.4948541861663,239.06495187137298,782.979,185.4176,0
622167500,718.333872401207,221.50271963128768,747.9294,176.5531,0
622167516,719.1457376143147,221.01193162308786,733.6123,223.708,0
622167533,724.5417378681273,205.2547579091645,737.3854,209.4249,0
622167550,741.212268471157,233.21013146579622,752.4598,235.9584,0
622167566,737.1106372823873,217.57838878769283,746.2991,206.4384,0
622167583,736.0336192117147,212.41309844925644,747.1976,206.6751,0
622167600,736.693557219698,201.32525745134998,754.4832,175.0424,0
622167616,734.7240428057405,202.46865969947382,739.7578,211.511,0
622167633,728.4134905047421,200.42316797734068,711.0682,195.5901,1
622167650,731.1919380759949,193.2140607607293,764.9978,159.6083,1
622167666,730.9345677405666,191.05971505563002,744.4014,183.7547,1
622167683,730.725676556712,189.55336850281626,744.2311,185.4117,1
622167699,728.3989007875762,190.7513620148649,722.0338,206.5359,1
622167716,731.3124370941273,184.99440389645272,777.3114,142.5917,1
622167733,734.4662228182161,181.09566476265942,783.5753,153.4379,1
622167749,735.2287319935199,179.21134716517906,758.6597,169.71,1
622167766,735.219913959227,177.27837085621462,750.3536,166.4816,1
622167783,737.5554751332038,178.98127322232563,777.9427,208.0679,1
622167799,738.3897539871583,177.8002758852097,762.8922,173.1546,1
622167817,741.1170676974076,176.34464451519892,791.1909,168.3752,1
622167833,742.240469207778,176.15777209357515,769.3981,183.6083,1
622167850,745.6137025357614,173.93087232288113,806.9329,155.0418,1
622167867,748.3828045804811,175.31156083508358,796.988,204.4514,1
622167883,748.9780842152118,175.24589894600365,766.5754,183.4591,1
622167900,750.7319965820343,174.17876568093587,787.5612,168.2723,1
622167917,751.8173000229921,174.08846416183508,777.194,182.0402,1
622167933,751.9770469656331,172.7916793500868,764.4266,162.7717,1
622167950,753.522368755332,170.6135118946092,790.0123,148.2157,1
622167967,753.6213711343594,168.46750063862626,766.614,147.126,1
622167983,754.3517881470152,168.2682676498379,776.2311,177.1599,1
622168000,753.8147428803401,167.7106708951369,755.515,170.4398,1
622168016,759.9021643377395,164.2868512790874,877.2046,124.1704,1
622168033,762.4127599210833,161.2826327302422,815.4244,128.8969,1
622168050,766.5380995905284,160.0940741788106,840.8787,164.6428,1
622168066,770.2767290921789,160.30894036653416,833.5282,182.6872,1
622168083,776.5733347691951,157.6066673895849,885.1272,133.8845,1
622168100,778.4781299303386,157.957652938209,806.2052,178.6419,1
622168116,780.3911105835211,157.4941449421248,808.5162,168.0366,1
622168133,783.0467539926437,157.72745804482008,820.8784,176.6609,1
622168150,787.702651661662,157.7685882271281,865.5145,169.2591,1
622168166,790.3030682157352,156.97118492210387,830.3426,157.1375,1
622168183,793.1700336142178,154.6283253648036,840.0195,131.2353,1
622168199,795.5963032509294,156.16274210700013,828.1331,196.1714,1
622168216,799.8469863953466,155.02660869221853,872.9385,145.1552,1
622168233,802.0401208769239,156.42774735444596,836.2695,187.5378,1
622168249,804.6044395745567,154.7045447266505,846.875,137.7619,1
622168266,811.3777462547612,156.08043759116765,920.2994,188.775,1
622168283,1044.2449214049775,193.54434916608201,1065.5693,201.926,0
622168299,1029.166756357927,201.1887049139378,1049.5851,208.9642,0
622168316,1028.2432462288623,199.6696370377395,1047.913,206.0839,0
622168333,1033.1999521161652,196.2072143843436,1064.6511,197.9443,0
622168349,1031.870873954661,186.94011308135802,1051.22,169.6819,0
622168366,1040.5468410817903,179.9993495869197,1099.5034,164.1366,0
622168383,1050.5962853750962,177.4453594724947,1123.6326,176.2826,1
622168399,1053.6896010675457,180.90109726060876,1091.7477,209.8945,1
622168416,1050.0433788621533,180.11328530008578,1046.4725,184.5302,1
622168433,1049.428823022413,178.06647216634218,1067.3911,173.3506,1
622168449,1048.4120353244634,179.413213678426,1060.5547,199.8977,1
622168466,1031.9348851783684,173.91441357597893,903.9551,134.9663,1
622168482,684.9333804539215,32.972570126567085,709.1232,46.6041,0
622168499,738.7217243654171,35.469818516771795,764.0196,49.5532,0
622168516,751.6047756783994,51.11854074904421,788.1379,79.2994,0
622168532,737.9852485497676,50.086906492285664,734.594,61.0149,0
622168549,727.432275555959,64.03214075017556,715.588,114.9122,0
622168566,720.3906749728842,74.30339311007916,711.8059,123.1961,0
622168582,721.4793174506209,78.81424927357159,748.0048,110.0436,1
622168599,720.2279391656565,80.72436000374934,734.4596,101.1324,1
622168615,715.4549881099185,84.06134055433333,703.5067,114.3629,1
622168632,714.4019614977603,85.1179090678156,728.4423,101.8045,1
622168649,716.0439323515371,87.01314006832746,751.6248,111.1592,1
622168665,713.6752880904427,87.87381370858351,713.2513,103.8122,1
622168682,711.6297498380917,89.41183316186165,712.5002,112.0714,1
622168699,709.7396117018163,91.45739745001397,710.6776,119.7694,1
622168715,972.1230896125288,71.81068430086361,1000.4092,86.3892,0
622168732,1196.0810293237653,48.260792884438075,1231.4031,66.6714,0
622170730,844.6516714863301,307.0271443673742,853.1055,306.6786,0
622170747,741.854310581958,247.22155860778463,752.1174,249.1718,0
622171046,894.0192497230784,307.88640012100126,1054.6814,366.748,0
622171063,964.8314234653228,326.03233707966734,1115.5527,361.1708,0
622171079,984.2081472871114,341.8009755496901,1047.173,385.1335,0
622171096,999.7122662947412,347.9878861784492,1067.1777,369.562,0
622171113,1049.2066480543406,385.6155478791718,1056.9443,383.0152,0
622171129,1029.065214059726,367.6691327310947,1037.6018,365.8771,0
622171146,1057.028482356681,368.0469339761174,1094.7389,367.2065,0
622171163,1087.2565246306187,393.0553052656748,1153.1902,437.9534,0
622171179,1079.0497699151024,385.0951280318929,1063.7283,359.979,0
622171196,1086.6182166969425,382.35998927403455,1126.3274,370.4428,0
622171213,1106.7304623788918,377.69172865050103,1217.4578,355.8687,1
622171229,1097.831446012366,384.1730608047221,1049.3335,417.2108,1
622171246,1101.10777342296,378.08209416539927,1134.6805,338.2075,1
622171262,1118.3764260213368,366.8608561837379,1266.2512,288.5997,1
622171279,1119.9068978608336,370.1832286034016,1136.9417,397.6034,1
622171296,1103.3757741021539,370.8624301498604,954.4725,375.3027,1
622171312,700.8532430899346,447.6115085650717,695.8369,437.593,0
622171329,693.8020188140965,427.969895397092,690.0186,419.002,0
622171346,698.6341444900286,431.9874721121498,699.3287,426.6727,0
622171362,695.2218936244532,453.8406832953241,679.5605,484.2408,0
622171379,693.0503747693527,451.86541434432036,681.4231,435.5959,0
622171395,688.1564938681256,451.4084216994466,663.1418,438.8626,0
622171412,699.4184256087251,446.3610341214607,752.6398,413.6374,1
622171429,697.4648050101575,449.13813720399355,679.0418,454.1004,1
622171445,700.8009814907484,439.49286857758943,723.3996,369.5179,1
622171462,701.9767882033284,440.69142659756193,705.063,440.715,1
622171479,699.148616261789,437.1331626746554,671.8906,400.3634,1
622171495,699.8712530223199,440.7056487109443,699.347,463.2462,1
622171512,703.6623229459833,436.5479769178387,740.0999,389.6849,1
622171529,709.6209452110395,436.1319166772357,768.5381,425.0717,1
622171545,707.9989111880651,439.25259220999726,679.233,464.0912,1
622171562,701.3279038113584,439.7860854102273,613.3978,435.735,1
622171579,703.4729055529526,439.7201551812449,726.6334,429.9305,1
622171595,705.2821997327787,440.5310238679561,723.4105,441.2376,1
622171612,705.4498598356195,442.3510517369276,700.1439,455.3442,1
622171628,705.0911138148822,442.6590190912747,693.9567,435.7388,1
622171646,705.2002722396802,447.24545985102526,696.4095,497.298,1
622171712,708.081178771258,449.5479818484189,742.9983,467.6793,1
622171729,713.1001142773432,452.46791753566885,779.0483,479.0569,1
622171745,713.7956781409852,454.2140565123757,712.1958,462.5396,1
622171762,711.8314784490815,455.12260459620234,669.2789,450.5562,1
622171778,714.1604987217423,454.17263855280225,744.1001,423.2563,1
622171795,716.5213267889736,457.062146752025,741.5225,484.5261,1
622171812,721.6372506580257,457.43579240205344,794.0048,446.4243,1
622171828,720.6105837548854,456.24853288716656,690.3636,420.9324,1
622171845,718.9340775631725,456.17570417280547,678.1372,439.4594,1
622171862,717.3215875140331,456.8995456721397,678.7037,453.2423,1
622171878,721.4718938679396,457.7089170991428,779.7288,453.7503,1
622171895,715.1452342577851,455.13238890438464,598.9492,397.9657,1
622171912,717.3220467152047,456.1339472898159,745.0254,464.985,1
622171928,719.5294866051829,453.7883290960126,750.6844,404.9163,1
622171945,719.704666575574,457.1050793425226,706.348,498.3711,1
622171961,718.2269735566947,458.01279473470015,689.9292,456.337,1
622171978,716.7411305075112,458.9254862772565,681.9492,461.3626,1
622171995,715.6963983217129,459.70727331758917,695.0029,451.0259,1
622172011,715.1527678339678,461.5118883629755,700.5192,476.595,1
622172028,913.3631275783404,519.7692407846616,908.2797,507.9565,0
622172045,850.5202426734812,505.681278590813,844.9393,493.9825,0
622172062,864.5214455488025,496.429262687252,874.8936,476.8734,0
622172079,863.0483697859885,492.23335961337887,856.2479,473.5977,0
622172095,859.108912491122,484.8245323096012,844.774,453.6905,0
622172112,870.6752691945395,480.59985005393463,915.0786,455.7504,0
622172129,878.7032042632482,483.42524862488034,913.8273,487.1905,1
622172145,888.9547083085704,487.71572299357945,943.3104,501.7588,1
622172162,888.1111459336084,490.7591427842598,875.198,499.2122,1
622172179,883.2878774105042,493.33345535697794,839.0456,499.9867,1
622172195,884.0346430292979,491.4782870078278,886.7965,465.5733,1
622172212,877.4180648790197,489.8792361664872,811.988,464.4856,1
622172229,874.939700221299,489.45838440929833,847.0955,474.6714,1
622172245,875.9938108513294,490.9203240075858,883.6974,494.9846,1
622172262,865.8435494093603,484.63510581217827,752.0542,406.4494,1
622172279,858.086026330293,487.8103255516421,762.3368,513.2519,1
622172295,851.358359829503,491.509451471505,766.2011,523.274,1
622172312,847.3859867697714,491.9864275249496,800.3482,485.2321,1
622172328,845.1673317909434,492.90422342144467,820.8835,491.9278,1
622172345,836.5033178023838,491.98351365234254,722.2877,466.106,1
622172362,833.1458993112851,493.95665685767364,793.2689,507.6957,1
622172378,832.1727102349047,492.80102270632284,830.5714,463.7537,1
622172395,828.7079876821024,492.05160826014765,787.4614,468.7862,1
622172412,826.7780880869527,489.8324504796666,810.7401,446.3354,1
622172428,824.3187496531216,490.56050745502205,795.5826,490.7194,1
622172445,822.310263179995,494.4520568339067,796.3616,540.7068,1
622172461,820.9768598544321,493.8229662529447,810.4326,470.6815,1
622172478,816.1702244038604,494.82250401573003,745.359,496.1115,1
622172495,811.8293064451033,496.86406440296537,748.4739,513.5439,1
622172511,807.9397968938645,496.29480377565966,756.0216,471.8287,1
622172528,803.962520239599,495.7274225858385,750.9169,472.0181,1
622172545,802.1068335845166,495.19401079285007,790.3057,474.1909,1
622172561,799.5179610133058,499.05662119869703,771.3013,544.6248,1
622172578,797.689982393202,497.7772371942882,785.561,460.4278,1
622172595,795.816420333598,498.70127197217033,777.4316,495.1974,1
622172611,792.5922244110525,498.2682776166206,758.9821,473.6555,1
622172628,791.374181225249,496.85324806156746,791.8332,461.7793,1
622172645,788.1569961011575,497.8017611654469,752.3997,501.7869,1
622172661,797.9797391933713,499.7404409114232,973.0782,520.1779,1
622172678,1237.5899557530702,532.8209596827975,1239.3285,523.8469,0
622172694,1263.496933459949,544.556464295848,1265.0176,535.1948,0
622172711,1264.485851203196,569.9232615634731,1263.4246,582.9741,0
622172728,1294.2427602602693,569.3975944297674,1355.3546,558.4974,0
622172744,1308.1270138199848,565.6301297249344,1351.6973,545.3634,0
622172761,1297.285690823791,566.3508395425494,1253.4125,558.2941,0
622172778,1314.551400290939,573.4965472141464,1398.4097,596.6807,1
622172794,1309.5494750275736,566.6934887900036,1282.28,518.6804,1
622172811,1308.8708878484767,566.7871836047813,1304.2032,557.3157,1
622172828,1305.3265230740753,573.13815769793,1274.2948,607.3583,1
622172844,1305.3527274064827,576.5048252436018,1303.6833,591.3118,1
622172861,1309.6377146327172,576.2070886264582,1350.0439,561.9505,1
622172877,1305.662207992611,571.4299861728064,1268.5306,514.9655,1
622172894,1305.9775580349947,574.7442416044062,1307.3096,597.0394,1
622172911,1303.3179916659044,577.2911296010263,1271.0458,592.0177,1
622172927,1310.030138601457,577.9673970880509,1391.7893,573.8379,1
622172944,1305.7871517620279,579.5306910896705,1249.1582,584.3239,1
622172961,1304.0824431761134,578.8751928017518,1282.715,557.4087,1
622172977,1301.0938915307026,579.9148104069697,1260.4375,579.6777,1
622172994,1298.0050729564032,580.7096735701796,1256.2632,577.299,1
622173011,1299.6992772453848,581.3475770814867,1327.8962,576.6698,1
622173027,1293.648098017324,582.00089524327,1205.6274,576.2793,1
622173044,1292.516968294651,580.9375101113968,1282.9105,552.126,1
622173060,1287.9407221645351,578.0859007802514,1226.762,523.9435,1
622173077,1281.2228887880176,578.2179438889409,1184.1301,568.412,1
622173094,1277.375456706655,578.8789095766069,1228.0835,577.3345,1
622173110,1267.0929262236202,578.741313973405,1114.9778,563.7728,1
622173127,816.9179019298285,560.0192024603188,806.6561,544.8261,0
622173144,708.9505501087589,596.0290471707821,693.5374,577.5717,0
622173160,728.5052511642054,559.8499627263245,738.6876,509.8907,0
622173177,717.8204266805246,575.5062796864496,680.0074,587.5887,0
622173194,721.6959884078769,590.949172794571,715.5171,616.151,0
622173210,724.4062290043305,594.9818002023267,719.1826,591.3018,0
622173227,728.1932133830379,591.3288778627635,733.5597,556.1494,1
622173243,727.6744029985962,583.702063407281,713.2286,524.2148,1
622173260,712.8153328369755,576.2745232915121,600.7191,511.6348,1
622173277,710.2382481784147,574.0124635442351,679.3521,541.8961,1
622173293,712.50243628416,577.0918524365111,717.8673,585.7142,1
622173310,716.2597544301279,575.6927700338292,739.7486,547.8093,1
622173327,715.8168919194599,576.717877162278,697.1257,570.0862,1
622173343,714.8845451499349,575.1532915228413,692.694,543.1854,1
622173360,712.2108285837036,571.0421481170018,672.0343,511.6915,1
622173377,713.0488395019961,567.7074522832978,714.166,516.5868,1
622173393,713.551475873086,567.2051237923289,708.0466,548.342,1
622173410,714.7347844529947,568.0054132161342,716.914,564.6946,1
622173426,716.6625422837903,568.5906025728249,729.1317,562.3767,1
622173443,717.1060132479855,567.51816922028,710.1397,539.2856,1
622173460,715.4293367032769,567.919382068297,676.0715,558.906,1
622173477,715.9182023050342,568.8086720612437,708.7139,566.3992,1
622173494,717.1982545169645,566.798493813888,725.1494,523.4933,1
622173511,719.1930081070897,569.0457482746655,732.9932,587.0355,1
622173527,718.1874622481638,570.5089579236877,684.6532,575.254,1
622173544,719.1443649713484,571.0118649168015,718.8732,561.059,1
622173561,718.0305118958166,572.103735214486,683.0306,570.1663,1
622173577,715.0940471997241,577.6830386044783,645.541,642.2053,1
622173594,715.0739217609765,584.5233220662586,694.2255,665.092,1
622173610,714.6679232985114,588.6798615190975,690.4518,623.6842,1
622173627,714.025642531053,595.5547178855405,682.5168,670.2992,1
622173644,713.8785946917793,600.5008640551201,692.8698,640.8894,1
622173660,712.6859230760879,606.1669534234609,677.6158,647.6096,1
622173677,711.552110791611,609.7864910608048,674.3163,625.1193,1
622173694,710.9860912016853,615.0354765138134,685.7953,657.2709,1
622173710,709.5933198312943,619.7572158211963,671.2109,648.2755,1
622173727,706.0622635234162,623.0240179670172,635.3319,623.4922,1
622173744,706.1261196286958,626.5385663933175,695.7648,628.8466,1
622173760,705.9421674642174,627.9869291879387,681.4293,597.9027,1
622173777,705.0940346118683,631.4720827526457,675.4434,638.6634,1
622173793,703.6097104919005,633.7771680987621,668.5547,627.3582,1
622173810,702.9472580449104,636.0671911329467,683.9229,626.5507,1
622173827,698.2893342470127,637.0648764516407,608.0977,610.3901,1
622173843,697.4212415253324,637.0165053021342,675.2964,594.3223,1
622173860,697.6723732223189,637.4080233375232,691.235,601.8241,1
622173877,696.4471116713096,640.8855105807023,664.2285,656.0771,1
622173893,696.9610195705255,640.3725461638043,697.944,597.0685,1
622173910,698.5102616231961,639.1783785396042,716.6913,590.0417,1
622173927,700.1909154458323,641.2390903450829,714.8575,645.0115,1
622173943,699.9811172543787,643.111188142916,678.2013,640.7618,1
622173960,700.4013450484954,643.7583229719403,686.8092,624.5304,1
622173977,699.5759562258611,645.3864130365788,666.5195,642.5015,1
622173993,702.0869844296157,649.2175682826148,724.4111,676.1541,1
622174010,1009.1459196125492,703.4498517370765,993.2463,682.1425,0
622174026,1201.811585116095,760.7067884453202,1186.4336,738.2418,0
622174043,1200.785534697747,731.2951764688207,1188.5272,682.8466,0
622174060,1210.6570474771368,740.5021730435715,1215.708,736.8993,0
622174076,1208.394734866207,752.0820218018495,1184.325,762.4734,0
622174093,1214.482040220115,757.2108618221146,1222.6313,754.0023,0
622174110,1219.2490213914707,753.9563884269918,1229.2965,716.8571,1
622174126,1263.1925343269345,746.4719279064914,1250.2981,725.5043,0
622174143,1281.2660943532014,740.0499595756871,1269.2621,719.6514,0
622174159,1287.5379445069505,765.1079377571434,1278.5178,766.9661,0
622174176,1258.8877567917432,772.126239139487,1184.7432,762.033,0
622174193,1252.142688951044,760.4710587805648,1220.403,705.5744,0
622174209,1245.0940032218316,761.9237519198348,1202.5321,745.0587,0
622174226,1246.1013453388846,762.3025701639565,1237.496,742.0857,1
622174243,1250.2074508524554,769.4245711451222,1257.5486,786.0551,1
622174259,1242.9889019178154,777.657027445477,1174.6943,805.1546,1
622174276,1239.3699319143789,785.696874380125,1192.4253,817.1674,1
622174293,1237.474134798481,786.5078591106577,1206.5493,766.3318,1
622174309,1235.8456687018665,786.4895303828297,1206.6541,759.7697,1
622174326,1233.9183195396658,784.2719341010013,1202.4053,737.3886,1
622174343,1240.610890896902,787.8975983659104,1296.5544,799.1399,1
622174359,1243.6087584301215,786.7436053356648,1263.2062,748.606,1
622174376,1247.6676957611123,786.0316697626694,1280.4861,752.995,1
622174392,1252.5060379465865,786.6082488854343,1294.7393,768.8046,1
622174409,1253.7329419422208,792.5130759575263,1243.5488,838.7088,1
622174426,1256.1185683897163,792.5351387102528,1267.6328,765.137,1
622174442,1259.4984725213303,791.9062935307803,1285.8705,756.6567,1
622174459,1263.2732410563026,793.332040093718,1293.1002,786.0473,1
622174476,1264.7049081042105,791.7708858150522,1262.5513,743.322,1
622174492,1268.0766655629027,793.4440079092386,1292.2316,791.4335,1
622174509,1269.9625992336819,793.1627731816951,1272.8306,762.7661,1
622174526,1272.8607726012813,797.6091983887839,1286.4218,836.3462,1
622174542,1274.8900661544774,800.5847186173008,1275.8179,815.6067,1
622174559,1265.4988574905558,802.6240494485112,1082.0901,800.4668,1
622174575,784.8972342370538,747.7731562755233,760.4724,721.4368,0
622174592,678.6256916469871,861.4819154061671,643.5458,827.4353,0
622174609,692.1082401376909,854.3074199671183,672.1432,814.2262,0
622174625,689.9702552314578,842.7608899786272,653.7118,788.2739,0
622174642,684.5521270303177,844.5898571786497,633.9349,816.7098,0
622174659,686.7451954914449,840.3100547313121,663.5023,791.9774,0
622174675,689.123823943755,844.4443973752328,665.9128,830.9066,1
622174692,693.5129140594319,838.5842794239546,688.6287,774.4388,1
622174708,693.3608102964128,833.1405520528631,661.5547,767.2957,1
622174725,689.7600433938368,828.6745802207108,631.345,765.9681,1
622174742,687.7394957426189,825.1953167771411,640.2479,767.7399,1
622174758,687.4674089287564,826.2899275574005,652.1725,806.1695,1
622174775,686.9935248586141,830.3370298465647,647.1172,837.6855,1
622174792,694.6990955022029,821.6570681646011,752.9764,705.7546,1
622174808,699.0411467397952,813.6813000250752,721.7258,702.5236,1
622174825,702.6981970557758,806.573276638464,718.3255,703.3506,1
622174842,705.126354437437,800.5138078189685,705.6925,708.2394,1
622174858,706.3312100838039,793.056346650826,693.1984,683.0927,1
622174875,710.6486132806554,791.2603577165675,735.3136,752.3815,1
622174892,713.3981805014231,793.2674577009348,712.2629,802.5762,1
622174909,714.7853096998203,791.1316768265042,698.5198,743.5795,1
622174926,714.2442693656444,784.7484693536597,674.589,678.4633,1
622174942,716.3188899673595,782.6047212414628,713.1241,737.0038,1
622174959,719.0208830776219,777.9786906385301,728.6971,696.6797,1
622174976,718.7103001658556,772.4779407092183,681.85,678.6897,1
622174992,720.7766654434947,769.2865857194396,720.8129,711.0627,1
622175009,721.8541709932755,766.3922429118447,705.5972,712.33,1
622175026,724.3826454220103,761.8269213837791,734.673,682.6605,1
622175042,725.3906057600356,758.8371656513509,708.2924,704.2162,1
622175059,724.9567364165773,754.5846045198605,686.0752,680.1281,1
622175075,726.6791404139358,750.9393758485501,725.1685,686.9915,1
622175092,728.415630219549,747.3645359970956,721.1865,695.5329,1
622175109,729.9743885208416,742.9869345504866,724.1542,676.6831,1
622175125,731.7523907433817,741.3951890486238,724.5464,715.8435,1
