timstamp,smoothx,smoothy,rawx,rawy,fixation
632164262,1068.0212603176126,569.2196112240894,982.426,584.6696,1
632164279,1054.095736089273,569.8540657672903,983.217,540.8428,1
632164296,1043.311758308351,573.0478706681183,981.778,568.7998,1
632164313,1037.3795236437131,577.0824187058685,1005.0092,584.9229,1
632164329,1030.1551321490638,580.5206366544234,981.8795,587.443,1
632164346,1023.1172439156616,580.810654694536,972.2234,552.5996,1
632164363,1019.2931635458791,581.2734618453777,997.0261,554.9331,1
632164379,1015.8900980298735,580.706155860711,996.0842,540.1769,1
632164396,1011.8145915444488,583.7336130565939,981.0167,598.8027,1
632164413,1006.756875277356,586.0314548765897,961.9042,592.4025,1
632164429,1003.7567812041534,589.3663744943908,983.0884,614.0795,1
632164446,999.4850671028818,591.5075636762668,960.5176,598.0414,1
632164463,996.194873716837,592.1551314159581,970.0446,572.3405,1
632164480,993.3400477299214,591.3481157412963,972.7833,544.8517,1
632164497,991.1145462362308,591.9566380440325,978.2866,573.2944,1
632164513,988.4001568490365,592.7514995299101,966.9324,578.9395,1
632164530,985.6986937764163,591.915266193153,964.1738,545.7532,1
632164546,979.2174278804623,586.0794147105642,898.9236,439.9911,1
632164563,973.0606904284114,582.1748929899991,898.2034,478.8241,1
632164580,968.164780535814,577.4956194809342,915.1892,458.3858,1
632164597,964.1900777568643,573.8348502294546,926.3857,477.9709,1
632164613,958.4326280525172,569.7038232016197,890.7186,466.0739,1
632164630,900.4215657261717,517.4452818131955,904.4574,470.5657,0
632164646,882.7690671554543,500.62543850464834,886.4323,448.7092,0
632164663,890.7591609351477,497.80117359666843,903.2404,440.459,0
632164680,893.2326500525369,499.5951833064669,902.3906,451.4899,0
632164696,888.3474911080011,500.0429640828472,877.0338,450.0696,0
632164713,892.9282091381227,498.37669965965625,916.1105,435.6815,0
632164730,895.7843927493665,499.4209652640394,914.2745,452.8655,1
632164747,894.2646662526284,500.4765556146889,888.7521,456.572,1
632164763,891.2475811514914,499.83773733345566,874.2323,442.2632,1
632164779,890.6716482548321,499.92146935776947,890.3936,448.3978,1
632164796,891.5892577464547,500.16690861424615,903.8983,450.0649,1
632164813,894.9406895053011,499.3709826466069,931.3086,435.3713,1
632164829,893.6461122665036,498.5166034996247,884.0298,434.8346,1
632164846,894.9319545611711,498.1548257960678,913.0958,439.6595,1
632164863,893.6230334904408,498.1289960648829,881.8256,445.7433,1
632164879,892.3363739821089,498.4885897471264,880.347,452.3375,1
632164896,891.9404836735317,498.43162414244836,891.3514,444.958,1
632164913,900.340891965698,497.8975926812494,1018.4192,430.8563,1
632164929,908.9061221125347,498.27504684141684,1029.2607,447.2245,1
632164946,915.31228916071,499.4401695561521,1004.0368,464.2736,1
632164962,922.6524218048395,499.31270667845536,1025.4443,438.3443,1
632164979,930.1914568345402,498.0494898934245,1035.7844,414.1263,1
632164996,935.8173923652078,497.7086117112698,1010.4003,433.6407,1
632165012,942.7224442560853,497.58398983173527,1037.1731,436.914,1
632165029,948.0687170496773,497.76914209812105,1016.3207,444.4075,1
632165046,954.2990050873968,498.6528529532833,1036.563,459.2372,1
632165062,960.9414588814745,498.76161664583844,1049.7178,441.6413,1
632165079,965.5768990282054,498.45555472160794,1020.0208,433.4145,1
632165096,968.8590074939784,498.6339782578561,1000.6807,445.2326,1
632165112,961.8920521089935,501.700507652388,818.855,519.7523,1
632165129,727.5240854288887,598.9844342200585,721.871,587.3831,0
632165145,718.7529681482813,618.4725272938753,712.2319,613.9349,0
632165162,714.9603866984454,618.6784207072508,704.3094,614.8058,0
632165179,710.2863500117946,620.370421850595,693.5779,621.7465,0
632165195,712.7071779790584,617.3809737043208,713.7511,600.4742,0
632165212,712.414963210923,610.5501284549667,705.2804,567.6714,0
632165229,711.0303015948789,611.4455279963427,697.2182,611.4853,1
632165245,711.4830538084593,612.6765399058193,707.4623,616.323,1
632165262,713.4806942386205,614.9268065835116,720.4124,629.2073,1
632165278,714.0523171655366,614.8797080307155,711.7073,608.4963,1
632165295,714.6768618783883,611.7202003095143,713.9232,569.354,1
632165312,713.8058335083329,611.6563378492775,698.5471,605.2549,1
632165328,715.3494029924497,610.4051476729356,724.8382,586.7698,1
632165345,715.070816908123,612.567399984543,704.2776,637.9873,1
632165362,715.6180300499983,613.1321688657022,714.8322,615.2441,1
632165378,715.1807620388767,612.450560322608,702.8126,595.2639,1
632165395,712.9217707901828,612.9539080141931,676.574,616.474,1
632165412,719.7533961285336,613.3719638761161,805.718,610.387,1
632165428,1121.7835156015517,655.8191670449493,1132.2708,647.1758,0
632165445,1247.5326958205842,666.3314966155469,1263.3547,656.0154,0
632165461,1259.3405069495248,664.8408841724414,1288.0623,651.0239,0
632165478,1261.8441725978887,665.510162862619,1283.4238,655.9011,0
632165495,1260.0067780437844,668.8699114841681,1270.2872,672.5134,0
632165511,1261.565232788152,666.8825560892008,1284.5389,645.2927,0
632165528,1254.6832942848207,668.0079383897045,1235.5752,666.7275,1
632165545,1255.5607752432413,668.2650733195921,1277.3604,659.9285,1
632165561,1256.6342632769372,669.5793605921834,1280.3407,671.2976,1
632165578,1261.2916378779455,673.5880792274244,1313.4829,703.775,1
632165595,1265.5534338279238,676.8068582781157,1317.6597,702.6102,1
632165611,1256.902593498893,666.2381187125965,1191.821,527.6595,1
632165628,1002.3084493422683,371.47642085816665,1014.4551,270.1678,0
632165645,918.2169956534341,315.83821186814635,927.9882,198.9488,0
632165661,900.2065661049298,302.67826990021246,891.0579,165.1436,0
632165678,896.433185113046,305.86321731926336,897.5863,195.3671,0
632165695,893.9067826236414,306.63961993461476,895.0952,191.0358,0
632165711,894.1948172458225,306.62920260477256,904.5334,187.4654,0
632165728,893.1949115626006,309.72531599294274,896.7626,212.203,1
632165745,893.4858587093449,309.03968905102323,904.4541,185.1402,1
632165761,894.2859690421035,309.4920893640104,908.8727,195.0314,1
632165778,895.0586148795672,307.77564224773613,910.4835,171.248,1
632165794,894.778829687955,306.71832576757265,901.4756,176.073,1
632165811,893.4114964816015,307.75233438885914,889.0647,202.683,1
632165828,887.0890701430914,302.2877194859666,832.5659,112.5333,1
632165844,882.5590063467063,296.7690825502554,844.9873,100.831,1
632165862,878.8758223675358,292.27168636643495,849.2264,107.3998,1
632165878,874.3063747391066,287.69767030924635,832.569,99.001,1
632165895,869.5716791086951,283.25833922520405,824.5188,94.2284,1
632165912,866.0628512973636,280.00103629176243,836.236,108.7789,1
632165928,861.3824686896337,277.40606013770787,814.3048,117.3035,1
632165945,858.2382607501722,276.19730238012045,832.3831,139.953,1
632165962,856.7804915216732,274.50085707322495,855.6542,126.6215,1
632165978,852.795020537131,271.08283844003256,813.088,89.4944,1
632165995,851.5025687331803,268.53696188130925,853.4012,101.9804,1
632166012,847.81959329914,267.3433579327922,810.3824,129.399,1
632166028,847.1951620906289,265.6958267544654,859.4676,114.8612,1
632166045,843.867818375076,264.7121475949484,810.326,128.8419,1
632166062,842.3479838188736,263.03504797395397,839.2961,109.6119,1
632166078,840.6662780176064,261.40401873303387,834.0696,108.1724,1
632166095,840.8157561255857,243.92329566805776,848.9082,105.5801,0
632166112,842.1237353295147,254.63377770583668,850.0117,119.9152,0
632166128,842.6062669247272,247.92943051555562,851.3467,101.8825,0
632166145,839.8197201480244,252.50991165292365,841.6468,129.6669,0
632166161,839.3773806066001,246.8208117044575,846.4211,86.8786,0
632166178,836.1975425969598,248.45780130782234,830.8318,121.202,0
632166195,833.7027111693632,248.04245535658222,828.9716,109.2692,1
632166211,832.3365471504941,248.50234980774343,832.0313,116.078,1
632166228,833.2883374119424,249.13522272670696,847.9603,118.312,1
632166245,831.4167322283243,249.62284993456203,824.5644,119.0498,1
632166261,828.6735834752567,248.5892649589551,813.1622,101.554,1
632166278,827.2897572252265,247.70559740705878,822.9519,101.0138,1
632166294,827.7173686396894,248.42039728889972,840.8228,121.7579,1
632166311,828.3326964064561,248.59140498573439,843.7519,114.5638,1
632166328,829.604681448417,249.16045833030486,852.7341,121.0054,1
632166344,829.9658973185303,248.5724480553464,842.4896,102.5129,1
632166361,830.5760295090804,252.6978922974984,844.8046,185.9431,1
632166378,830.8237329436762,255.59805242416377,840.495,169.2614,1
632166394,831.3377112405722,258.71911203186613,844.5588,177.357,1
632166411,831.0524049062496,261.27205896182227,832.8231,170.6543,1
632166428,831.437059942105,263.43585251956216,843.2891,165.6034,1
632166444,831.4160345284354,265.58241744849755,836.9716,168.3022,1
632166461,829.6655082570751,266.7658790166001,808.6597,151.6567,1
632166478,830.1861641122317,269.21713127971714,845.3348,179.5589,1
632166494,829.668966130055,271.1133517641457,827.9714,170.8548,1
632166511,829.9866410625227,273.9068097232954,841.786,192.7842,1
632166527,829.0603398934978,275.6359419614211,820.3843,172.5547,1
632166544,829.1236980287874,277.33134823722827,837.5315,173.5201,1
632166561,831.3299523272475,278.6148224622728,876.0486,164.8898,1
632166577,832.3712591968984,280.2507559765725,855.4313,176.1673,1
632166594,832.5398722800204,280.95671090285015,840.2759,157.3875,1
632166611,831.6531096206247,282.5837713525004,821.8888,178.0981,1
632166627,832.7122415272847,284.03284838293536,857.4777,173.0992,1
632166644,834.1400552867078,284.4085692604326,863.6296,153.1418,1
632166660,833.8755515155879,285.6821992054168,833.1523,173.2159,1
632166677,832.2892077766261,285.7762326592791,808.2466,152.6531,1
632166694,833.1194669796716,285.77964837247595,852.4532,149.506,1
632166710,834.4228759934956,285.5910970148857,861.7736,147.2698,1
632166727,837.8601257546248,283.3326320081559,903.4506,99.0368,1
632166744,841.2580076491622,280.42502512199303,900.9645,85.1315,1
632166760,845.0282256903166,277.63140459042626,907.504,86.4383,1
632166777,849.4519117909036,274.6636632509544,921.8682,82.2298,1
632166794,853.5656009409031,270.8932521063266,919.9268,65.6129,1
632166810,857.6631238828618,268.39165950966395,921.0225,93.6075,1
632166827,861.1472460680781,264.9529401113733,913.0828,71.3904,1
632166843,864.9738204211409,262.38615765482865,920.0131,87.8121,1
632166860,869.1089328836695,259.67093661442215,928.4388,90.5045,1
632166877,872.9885657096555,256.57885135496434,926.2609,76.654,1
632166893,877.0766056289896,254.54601815522759,933.071,98.6773,1
632166910,880.7358435228758,252.55916827199752,927.2598,95.712,1
632166927,884.2924185384071,250.92592341693913,929.8431,99.9635,1
632166943,887.1764625387882,249.50713947743904,920.3807,102.2429,1
632166960,889.930835007089,248.49864998120765,918.6611,106.7883,1
632166976,892.6103961840867,247.55383976922272,925.0308,108.0222,1
632166993,894.5575209527582,247.24474968799635,913.1292,119.1804,1
632167010,897.4602771514213,246.39459851049637,935.8,104.9967,1
632167026,898.3969651963766,246.367924048101,900.8523,120.5833,1
632167043,900.300147863878,245.25972202500293,924.1696,92.1273,1
632167060,902.6527150323215,244.30118626607774,939.2379,92.1326,1
632167076,905.3793998979555,243.98923711705945,946.1039,106.1213,1
632167093,906.626109029808,243.7427179376136,920.3188,104.8471,1
632167110,908.3426385472504,243.2806821965225,929.9578,100.0466,1
632167126,907.8545197481186,241.37929223005875,896.9408,65.8246,1
632167143,909.5534900471174,240.36510875321545,939.1514,81.5449,1
632167160,910.2634775542966,239.42977679866885,919.905,85.0138,1
632167176,912.2672109281136,238.76698099018577,943.0298,87.0074,1
632167193,913.1143715791607,237.40647998938258,929.1082,70.2056,1
632167209,912.9863872077507,237.05675106186885,913.4336,93.4218,1
632167226,913.4881319859074,237.45471503182003,930.0519,104.7097,1
632167243,913.8294030288407,236.97958624398376,927.7744,82.8633,1
632167260,918.4974055094651,237.925854955819,1007.1441,113.1719,1
632167277,920.4893671217342,239.83230207326687,960.0653,137.2144,1
632167294,924.2584783779669,240.0336237946175,993.6132,94.5076,1
632167310,927.0915618977713,240.1470188861917,977.6453,96.4686,1
632167327,930.5769026052789,240.3731818074963,989.8516,96.4495,1
632167344,934.8699932761846,241.42606767917056,1006.4546,117.2463,1
632167360,939.2996800871296,242.18416729957374,1011.6434,110.6689,1
632167377,943.0346603916612,242.64447889808517,1000.8464,103.0095,1
632167393,946.5394901606735,244.43881537774269,999.0521,137.0863,1
632167410,950.2222120213013,245.62161908815813,1004.382,122.5574,1
632167427,953.3038879171177,246.8706226811272,996.4008,125.4187,1
632167443,955.8769296926653,246.57188004476532,989.7065,90.2853,1
632167460,958.6841952806623,246.61733203886308,996.7475,99.1615,1
632167477,960.7098396378443,247.39342671287827,986.0123,117.4051,1
632167493,964.3373301858873,248.36468562410852,1016.9783,122.3854,1
632167510,967.1634179263843,249.0772443179659,1008.0648,115.8756,1
632167527,970.4163742094106,250.6116095736762,1014.9565,137.0642,1
632167543,976.7200333137204,250.97474657411934,1076.8931,105.0939,1
632167560,984.6829930653878,250.90137359469944,1112.1335,94.7062,1
632167576,993.3348843900275,250.5862159485306,1128.9785,90.9084,1
632167593,1001.6514452246012,249.6902153886894,1124.4371,78.0473,1
632167610,1009.9540581904923,248.2817022177941,1130.1956,66.0558,1
632167626,1018.7158239902852,248.05058847159972,1139.8362,90.1753,1
632167643,1025.3990783250056,248.2007458881738,1112.1122,102.829,1
632167660,1033.9323039283088,248.2916122709801,1149.573,100.662,1
632167676,1040.9815295497233,249.44685267772556,1130.7354,126.9515,1
632167693,1049.29084763941,248.6542317357845,1159.3561,78.7451,1
632167710,1055.663931236937,248.2756896530792,1129.0947,92.4,1
632167726,1061.9513123229503,248.42262024502986,1136.1355,105.6032,1
632167743,1058.936269678274,247.369217963024,974.0255,81.5876,1
632167760,825.0001786338096,231.86702128170603,832.6849,90.0465,0
632167776,842.2517168341891,236.80836820119228,850.5825,95.9605,0
632167793,825.2925446049018,232.92190292057902,815.3911,86.9539,0
632167809,830.3232870230656,236.45240302105555,848.4916,105.013,0
632167826,825.3853640951586,237.36870594671208,817.6055,101.6408,0
632167843,825.9019519595178,239.72009517208065,835.4891,112.7852,0
632167859,829.841697044436,242.8013033946184,857.252,123.619,1
632167876,830.4410720932008,243.1165779150653,841.4984,106.711,1
632167893,829.7190610820235,243.417467161391,832.0374,107.716,1
632167909,829.0661885753586,244.1470754792133,831.2594,113.3635,1
632167926,828.4417856062056,243.9850876514374,830.5919,103.8782,1
632167942,829.7206194826312,243.87123938045744,849.629,103.4648,1
632167959,831.1492531583636,243.5478676902669,853.3753,100.0833,1
632167976,832.9717218827178,242.01542248289803,860.5858,80.5221,1
632167992,831.7898156131141,243.0401958791082,824.2347,121.0799,1
632168009,830.5476608155782,243.10145311059065,822.2354,106.3499,1
632168025,830.7940274336991,243.20435428033943,841.5079,106.4453,1
632168042,829.8951250354364,243.75976830348597,825.0702,115.7072,1
632168059,828.4769913342903,244.24490642861116,816.401,115.4734,1
632168075,830.0295894545616,249.80089281313002,859.0532,215.0107,1
632168092,830.4747364595509,253.077218417605,843.5323,175.4835,1
632168109,831.4534521292704,257.06302406993393,852.2031,193.6326,1
632168125,832.6303710349888,261.38802739702203,855.9966,204.95,1
632168142,831.5861164841211,266.33054552913006,819.0293,224.2698,1
632168159,831.904831115691,270.98701150443014,841.9307,221.9011,1
632168175,832.673662614472,274.4541762704061,850.3926,199.6398,1
632168192,832.288189614566,278.0134803789197,830.4277,206.497,1
632168209,832.4914129627407,281.4454637087811,840.8448,207.2442,1
632168225,831.9729328765037,285.15065805502394,827.8851,218.1479,1
632168242,831.0854625491689,288.774273187789,821.1201,220.799,1
632168259,831.2280979069432,291.05293398973606,840.1927,192.8912,1
632168275,830.8841719456299,293.54770419480246,832.491,194.6024,1
632168292,833.3805506166133,296.19837141729744,880.3365,199.7874,1
632168309,834.0010214130823,297.7220765578316,850.3635,181.2148,1
632168325,833.562875896067,300.3550930185803,827.4875,211.8781,1
632168342,833.3426664522945,302.72013137059685,833.8103,210.7628,1
632168358,833.105534238658,305.29006641500587,835.7089,220.641,1
632168375,832.3312697563687,307.8306230203912,824.1145,222.4082,1
632168392,832.8368947614321,309.83333834584266,846.6617,212.9495,1
632168408,831.9370408833829,312.23219752476973,820.9241,227.6748,1
632168425,832.4524827427047,314.83653747145905,846.5881,234.1434,1
632168442,831.3039755742811,316.4275002316342,818.6829,215.3008,1
632168458,832.3917784038939,318.9590864612488,859.0706,238.9325,1
632168475,832.1887033667953,319.9742081698854,836.625,205.8897,1
632168492,834.1232915091086,322.3485866880467,870.9451,243.8399,1
632168508,1107.2485289758026,522.4279706235277,1120.3605,468.5689,0
632168525,1202.763846399306,661.1698129292589,1216.7214,650.9617,0
632168541,1199.7884860434665,664.1227886011529,1210.3693,659.1364,0
632168558,1206.7379098144593,665.4843527056507,1235.1407,659.6259,0
632168575,1199.5102642557454,664.6327128722628,1190.8269,653.2157,0
632168591,1196.1627723958395,664.2099756603833,1196.2053,653.6289,0
632168608,1196.900296568928,668.337766872198,1213.9774,687.6614,1
632168625,1198.9054091071232,671.0938682351155,1224.3978,684.9597,1
632168641,1195.8889064048708,702.0343263817631,1208.5386,706.1541,0
632168658,1222.4645353308647,671.8068321538935,1237.0374,664.4252,0
632168675,1233.0122279872824,676.2674307491397,1258.8245,675.5108,0
632168692,1235.7797946268404,673.9695615802478,1256.6934,660.3766,0
632168709,1229.6836492137409,675.1495906337927,1225.4347,674.0934,0
632168725,1227.3588109994105,673.7903595206719,1232.7965,660.0661,0
632168742,1232.1205456855967,672.7752111282028,1271.6169,657.7666,1
632168759,1239.2917931419715,677.3252108930193,1296.9315,704.8606,1
632168775,1242.84028528832,678.8301905705725,1281.6831,685.0502,1
632168792,1248.957918124638,681.6645298083737,1310.5684,702.5577,1
632168809,1252.6423900041327,682.6853547877386,1297.7711,686.681,1
632168825,1254.642776312482,684.016798219135,1286.0598,693.576,1
632168842,1255.0545172045126,686.2454484834849,1271.0854,709.9788,1
632168859,1257.160478067233,685.153413449681,1293.149,662.0614,1
632168875,1261.3795219012143,684.573526266163,1323.047,667.4423,1
632168892,1262.8198321519335,683.9196797473198,1291.7646,666.6203,1
632168908,1264.1095326233255,685.2269599740824,1291.1719,700.9014,1
632168925,1264.8822871774262,685.9618585679061,1285.7332,692.483,1
632168942,1265.2357949306777,686.6481414628745,1280.7443,692.8989,1
632168958,1266.1358779149696,686.8566364195834,1290.2012,684.0845,1
632168975,1266.4593111673482,686.3313051086549,1282.6497,669.9034,1
632168992,1266.8945271129023,685.5512733670095,1285.3994,664.1924,1
632169008,1267.705697724687,686.1199810902009,1291.9941,692.1287,1
632169025,1268.7746308786968,686.4206166174888,1297.5485,686.7213,1
632169042,1063.4562128020084,650.8962138190755,1071.4702,643.0126,0
632169058,861.0807723666436,626.9840133610122,860.6808,619.3896,0
632169075,849.4017195439469,622.2878878801358,836.5449,607.767,0
632169091,841.5214253142593,618.0771419916687,824.3792,597.6895,0
632169108,839.2982245209267,617.486897006618,831.5042,605.5801,0
632169125,835.8653763768131,612.4091870224445,821.3657,574.7869,0
632169141,828.7658290869621,618.0329931988786,827.1482,608.7214,0
632169158,805.3756000287901,639.2878056994239,802.1965,638.2612,0
632169175,802.6829013067621,629.9106657718874,797.0381,613.3219,0
632169191,802.7104363964743,624.9707343553124,800.075,606.0087,0
632169208,809.088071218049,624.8920630397266,826.1912,617.8181,0
632169225,813.0639878994247,624.6245448971774,826.7209,616.3407,0
632169241,813.3779393972518,621.8113944958873,812.5245,596.1909,1
632169258,817.9791023563002,618.6099870085026,843.6687,584.4514,1
632169274,814.4327358971555,616.2821045758076,787.0602,588.0318,1
632169291,817.0718573362304,612.8930977819813,836.0121,568.5375,1
632169308,817.3820264835853,612.0189461656555,817.4713,593.1951,1
632169324,817.261240608788,610.8462498555145,813.5916,587.3599,1
632169341,808.5332238255502,610.2556732146097,715.9882,597.2777,1
632169358,806.354164986296,610.9787068192285,781.6309,613.6835,1
632169374,802.3927608481594,612.0886276833651,755.7425,622.1623,1
632169391,797.7963501841899,611.903929982708,742.3749,602.1749,1
632169408,793.0771506623053,612.4552975202917,734.6421,615.2366,1
632169424,790.5326597139863,611.8944513263752,760.8369,594.132,1
632169441,786.8530260529952,614.2278034344057,739.6677,649.8347,1
632169457,784.1321779918366,615.4163449080837,750.6915,629.3906,1
632169474,780.6628798298735,616.4035902080861,735.7051,627.1992,1
632169491,778.4063910348162,616.3202868099254,752.0845,605.2722,1
632169507,776.465797222525,617.6497146856387,754.0341,635.3309,1
632169524,774.4649306175388,620.0372108350862,750.0874,659.6908,1
632169541,772.7076315107519,623.2239593493122,751.4158,679.2922,1
632169557,769.6786922269539,623.2628249120883,728.2102,612.4803,1
632169574,768.0848018829615,623.394283762081,750.5083,614.4011,1
632169591,765.9123381430076,623.4603093521887,737.9478,614.1958,1
632169607,763.0205458277808,625.1322096619101,721.8795,652.6414,1
632169624,760.6294587191915,626.4564046497636,728.3763,645.7324,1
632169640,758.4874339717683,627.0073986432444,730.6785,628.9045,1
632169657,755.7400470117476,620.9732702885121,725.1072,477.7486,1
632169674,747.6855785078444,434.94220481029515,746.9519,366.137,0
632169690,772.9495831956439,425.2811137226308,773.5764,352.0952,0
632169707,748.4620481367624,424.97192080672625,722.5037,353.3209,0
632169724,740.2385719778437,428.8376007761404,722.1951,369.2532,0
632169740,736.7437337823617,429.0551139889954,725.0883,359.9023,0
632169757,734.1534817498818,428.11518021194274,722.8192,352.9063,0
632169774,732.656025720136,423.9209724856456,724.9008,324.8265,1
632169790,737.468777342479,423.2477867811064,766.2635,344.8329,1
632169807,736.4348805610482,423.04887604223444,728.3744,349.6111,1
632169823,734.2264677589549,424.1691160347003,715.8035,364.7065,1
632169840,732.6496124608803,423.62335080071506,718.467,346.2096,1
632169857,733.1418216993204,423.7946013684224,737.5034,353.9907,1
632169873,733.4164717142,426.87602190304455,734.9805,396.7246,1
632169890,733.7119986450457,426.53633860845025,736.4479,349.5648,1
632169907,732.8177399177694,425.6420816618477,721.8572,340.5162,1
632169923,732.5760163125926,426.4872624244829,728.8425,368.615,1
632169940,733.6860431926151,427.20063064026175,747.3442,366.8398,1
632169957,733.7804283742294,426.08259693797055,734.4154,334.3484,1
632169973,734.6464984542629,427.5460293366897,745.1522,382.203,1
632169990,738.3431520840519,429.1020127482431,789.5712,384.0765,1
632170006,971.65284659124,412.20747306123235,981.4373,326.1802,0
632170023,1095.2268907618075,449.47169637591537,1109.5933,371.0537,0
632170040,1097.070161053976,450.01596951749536,1113.4124,372.3595,0
632170056,1097.4029192582773,448.19957449302615,1112.6667,364.3723,0
632170074,1098.1677329087597,450.02350344203273,1114.8713,378.8748,0
632170091,1104.8985283134502,454.261933996197,1146.7229,398.2828,0
632170107,1104.6958274796248,452.9645364974052,1118.1453,366.6086,1
632170124,1104.0931904050312,455.5442521575585,1114.3514,398.8323,1
632170141,1101.9971032911337,456.80808204998687,1101.4324,392.0044,1
632170157,1106.2813458046426,458.2996775746669,1154.2758,395.4164,1
632170174,1107.1430601674253,458.58259306031175,1128.5566,384.6619,1
632170190,1104.8284505965705,458.1402092454473,1096.6814,376.7642,1
632170207,1105.118763093467,458.141176475456,1122.4807,381.3472,1
632170224,1107.3115250828348,458.5563783515672,1145.7117,386.8857,1
632170241,1108.0623124966194,459.0407293646833,1130.4185,389.4391,1
632170257,1108.6789385242737,457.4850085282453,1130.2964,355.3313,1
632170274,1107.463754570914,457.82235036980967,1105.0281,387.9298,1
