timstamp,smoothx,smoothy,rawx,rawy,fixation
629473060,947.9958336905087,565.2690457514924,935.1779,580.4077,1
629473076,945.3941375763869,562.972335854321,916.4795,553.9208,1
629473093,945.7218549655129,564.0015704381412,944.0651,587.5554,1
629473110,945.4962417007622,562.8087351286526,938.3264,563.1879,1
629473126,944.6472173715903,560.0063815805826,930.5616,541.7307,1
629473143,946.2042038795495,557.9725638893896,960.2832,549.1549,1
629473159,948.3004928176196,557.1651508040261,969.0729,563.4218,1
629473176,948.8139319833525,556.2997348640745,949.2059,560.8956,1
629473193,950.8117950940921,557.7117627184667,970.7581,593.3453,1
629473209,949.8276362814378,559.7874399147123,928.1229,602.6792,1
629473226,949.3675010183971,560.3449525535069,935.6479,581.4847,1
629473243,951.8814049929128,562.6876222898112,981.5366,611.2628,1
629473259,951.9465992494831,563.657487799024,944.4861,589.6832,1
629473276,952.1582133212593,558.1281647493768,948.3271,485.4821,1
629473293,951.3909064573805,553.7369440899193,932.2828,500.6053,1
629473309,951.3550196314111,551.208057730737,944.0135,529.6844,1
629473326,950.5394719707155,548.5818777911103,930.9868,526.0318,1
629473342,952.2293791205485,544.6753696644923,974.0276,504.2073,1
629473359,949.5369702735172,541.418741500007,898.8589,510.4889,1
629473376,950.1608080863277,539.028900304735,955.8525,525.5902,1
629473392,949.387740748251,537.3844292688742,931.4036,535.8135,1
629473409,949.2976599841943,534.1106887707448,946.6208,507.1569,1
629473426,949.2015143532057,531.232607189692,945.0151,518.0933,1
629473442,950.955611652133,529.6262161003139,972.6915,532.356,1
629473459,948.8050249854393,528.045537716244,904.651,529.3027,1
629473476,950.1815170947928,527.0690047416513,968.3658,541.0378,1
629473492,949.73405661367,525.3396508415024,935.5892,525.7768,1
629473509,948.3698310478612,524.2474511583255,922.4206,534.7861,1
629473525,946.1231182233819,520.6075608246774,909.5247,487.2326,1
629473542,943.499835833269,520.2465177877567,895.1563,540.3719,1
629473560,941.935275328912,519.5908853051811,915.7452,534.4781,1
629473576,942.2999173404684,518.7043858979317,947.219,527.0115,1
629473593,942.5624763130875,518.1264988931321,947.8047,534.1959,1
629473610,942.501791947571,519.6536806637795,940.3886,566.3069,1
629473626,942.6150230868486,519.1529383119645,942.4816,527.6033,1
629473643,942.8583805213696,520.9319659179265,946.8281,567.3721,1
629473660,944.3739726181371,520.9993639217456,969.5414,539.048,1
629473676,943.0278260305122,521.5664363124968,916.4318,544.9034,1
629473693,710.3205831389685,535.0705599764134,703.203,539.4428,0
629473709,697.0455773361998,556.7195415408021,689.586,560.5976,0
629473726,691.9824466445926,561.7524470086823,679.2885,570.2748,0
629473743,691.6444899051218,561.8348876752763,683.4377,565.6263,0
629473759,690.7719325509081,577.0969588969782,679.9205,625.8617,0
629473776,690.1141391822802,581.4689296758773,679.5766,601.6691,0
629473793,688.7297444484609,578.6750317912287,674.4374,567.7264,1
629473809,692.9870259683331,581.5774941036825,709.9414,602.523,1
629473826,696.2290984284765,585.0518559549321,709.6335,612.0892,1
629473843,695.3326352314976,581.883630307444,680.4127,560.4928,1
629473859,693.4842396823697,580.4231550835985,669.8947,570.8611,1
629473876,695.0803347752251,584.0221709457358,701.4061,620.8621,1
629473892,695.8139864912932,584.616213515174,694.7416,593.4797,1
629473909,697.1424011899837,580.1782661670605,703.3894,536.7123,1
629473926,696.9601044188796,578.9512214675863,686.3068,569.3657,1
629473942,698.3952276457558,574.0997811636122,707.5152,522.3088,1
629473959,699.2763819705656,569.5249093086072,701.8443,520.149,1
629473976,701.465046554368,569.2455157123458,720.4993,575.3483,1
629473992,703.5791169861509,572.6586057831961,721.1207,627.785,1
629474009,702.7372226264167,574.5131879139074,679.5523,606.0087,1
629474026,702.4354628421809,573.7387125449213,687.8422,567.7266,1
629474042,705.0211010513577,572.4160070070582,733.1337,560.1273,1
629474059,707.3395294074465,572.0013893275996,730.7643,573.3511,1
629474075,709.8483707030704,575.9367836600787,734.8508,643.2889,1
629474092,710.15702837801,578.3155410442706,700.6953,618.4169,1
629474109,713.875408993557,580.6322389007407,758.5753,620.6666,1
629474125,717.3364381852474,584.2126895595703,756.255,643.0273,1
629474142,717.5274247538815,587.0611512911225,702.5934,630.286,1
629474159,718.1509354020468,590.5073236337206,711.0491,642.4031,1
629474175,718.5308776907007,593.0580521064105,708.2067,628.6077,1
629474192,717.9105941153063,594.0558418890581,692.1149,602.6281,1
629474209,718.5326663987953,594.9789508048852,712.7784,599.6576,1
629474225,719.9219797157486,596.7323768844677,726.2617,617.4567,1
629474242,721.5665075818625,598.9364767065466,732.4249,626.7504,1
629474258,727.1400962372742,601.7158114065418,802.1676,647.2651,1
629474275,730.2155503986363,601.0715986734391,760.5604,584.6807,1
629474292,734.2475818759192,600.2339933588597,778.6532,580.0999,1
629474309,737.771738200931,602.1489597713493,774.7808,633.1871,1
629474325,739.7769225180834,604.1901701654674,749.7831,636.7075,1
629474342,743.4925179885518,606.4560669482131,778.6683,637.8186,1
629474359,745.8332363445188,608.3105175622366,756.0068,632.9399,1
629474375,748.6650521556927,609.039658479994,770.7006,620.6473,1
629474392,751.818444758876,609.8729822375744,777.8853,621.1006,1
629474408,748.420616002111,608.2812585676172,666.7827,570.4678,1
629474425,742.0215263209938,604.6182627715531,614.9821,537.9115,1
629474442,736.3408765580983,601.6327808665516,631.3651,546.6671,1
629474459,729.7307220316726,599.6533573413934,615.0217,564.7728,1
629474475,722.7247890778176,594.8251670420761,610.6799,521.3276,1
629474492,716.8373281904647,591.1710975657861,629.2465,547.3419,1
629474508,711.7805450722032,587.3484067915624,638.1268,541.0631,1
629474525,707.5733524383825,583.1324740173078,652.4676,529.2299,1
629474541,702.5756887185858,580.1689645371429,640.79,548.303,1
629474558,698.1588110403245,573.044058290748,648.3887,475.738,1
629474575,696.4126208395949,567.0139000360591,691.9301,501.1765,1
629474591,693.8147715733687,562.7517786138367,669.4951,524.9869,1
629474608,688.7826124628986,556.256845037608,629.8599,480.908,1
629474625,684.4863369139522,552.7019728193844,637.6837,530.7484,1
629474641,680.4994308712018,550.2719238536397,633.1547,544.6073,1
629474658,675.2279200763003,547.5357898984528,607.9183,535.2292,1
629474674,669.090384105759,544.3807376688643,588.6074,521.4454,1
629474691,665.9804059611295,542.0218727594939,635.8169,530.4123,1
629474708,661.2748966948438,540.4843508500741,605.7324,539.6001,1
629474724,657.3255872506394,539.0852961420006,615.9626,540.6584,1
629474741,653.2442366686183,536.1540067156105,609.9925,511.087,1
629474758,648.9107388326045,533.1837651652302,607.9652,508.6091,1
629474774,644.7691778842277,530.5308326370649,601.4952,504.0783,1
629474791,641.312001499699,526.3755897080458,610.8525,475.0508,1
629474808,638.8019294244328,525.6047129020767,621.4849,537.198,1
629474824,636.1637844870297,524.2699374040676,612.2404,524.1256,1
629474841,634.0266739567888,523.6128385890958,619.828,533.0995,1
629474858,633.8604337661252,520.5457403202956,648.4449,488.8756,1
629474874,631.8976887899286,517.8736017991475,614.8478,490.6237,1
629474891,629.1983941353818,517.8075031203767,598.7383,533.1367,1
629474908,628.9344601058759,517.4094572731813,627.0822,521.511,1
629474924,627.9238235428111,517.6613597420061,607.2302,527.7356,1
629474941,626.6796660700319,516.4037929632813,604.5229,501.421,1
629474959,626.8796333519454,516.1045511961197,627.129,520.0522,1
629474975,627.2428771974684,513.5998646142524,629.3983,476.2775,1
629474992,628.4987380526717,510.4325171880815,646.5692,467.4746,1
629475008,630.4519122856348,506.1261110874579,659.2891,446.4084,1
629475025,632.5706348537508,503.1515798312955,662.8184,467.3605,1
629475042,634.3686174360785,500.4302654074205,655.4938,472.2314,1
629475058,637.1610282436886,497.18642637223127,673.8105,454.7604,1
629475075,640.1741850076725,493.2399403057806,682.3796,444.3924,1
629475092,643.7229526570736,492.4731635704185,688.7537,501.0321,1
629475108,647.03750843481,488.4701948603711,681.9864,438.0119,1
629475125,648.0550817152025,486.5569924024211,643.6583,476.4822,1
629475142,649.0437775289453,482.97881785740105,644.6907,446.4222,1
629475158,651.4474159938206,478.7861154492228,668.8678,432.985,1
629475175,651.0877407390938,476.6226686196448,620.2377,462.4872,1
629475192,653.0893573471268,476.1371942454867,668.4957,491.584,1
629475208,656.1828472513135,478.5639764787541,685.6438,541.3327,1
629475225,659.7405346133662,487.44179756503917,695.6624,651.7059,1
629475241,662.7006568426882,492.0572139570457,687.6062,572.3142,1
629475258,663.1625908785846,500.9196439282163,645.0381,643.995,1
629475274,662.797735023784,509.1092787192917,632.3495,631.5897,1
629475291,665.5215558720162,516.655310453769,689.816,620.7056,1
629475308,669.2043207910061,524.1580747305474,709.6719,629.2892,1
629475325,668.3179520081854,530.0600539900051,630.8029,599.3558,1
629475341,669.5275147461113,535.75618510321,670.3365,601.1422,1
629475358,668.9370797256979,540.0093475990033,643.6045,573.8837,1
629475374,671.9494313210265,545.3883926017943,704.292,600.554,1
629475391,672.100809543171,552.2671695294442,653.7412,633.8951,1
629475408,672.8711402018905,555.8448081479942,669.8877,580.0746,1
629475424,672.3088691016835,561.4665437284002,645.2617,620.4062,1
629475441,672.0126363557506,567.2519269758092,650.9403,625.7853,1
629475458,671.1964491395258,572.0697103074363,645.4241,616.0486,1
629475474,677.0739877784075,579.7520938587229,763.078,671.2988,1
629475491,684.7896027599361,585.2229198507608,798.1723,639.2628,1
629475508,693.4560635215893,591.6993688372208,816.8588,661.7047,1
629475524,864.8947475151957,716.7512768290927,856.6108,726.8405,0
629475541,856.0067690208248,665.2404739750098,848.2773,675.0045,0
629475557,845.3825268427277,663.4717364311999,826.9617,670.6847,0
629475574,835.494431327383,665.634235645345,807.8553,678.2169,0
629475591,841.1278531708936,674.0512357138049,849.9138,708.8164,0
629475607,847.4111651913439,669.0180781461912,864.6663,659.3523,0
629475624,845.8451439216111,665.8374829044228,830.2784,659.4462,1
629475641,849.2154447602506,663.6629039004245,861.0326,661.5476,1
629475657,844.8850251721094,657.6847897659133,808.1282,626.5802,1
629475674,840.8396053918691,653.3432466342742,803.0554,630.031,1
629475691,840.7495389043127,652.8509445755963,833.1052,659.8206,1
629475707,837.5383882862393,653.8940240645527,801.0535,673.2847,1
629475724,834.716498364762,652.1614288193575,800.7697,644.659,1
629475740,835.8293258934808,655.3844350089056,841.6635,700.7327,1
629475757,833.7926512698564,651.5325369091798,805.4158,617.397,1
629475774,833.3037877389168,651.2886461216742,822.1606,659.2497,1
629475790,833.1267544109178,649.5895656650508,825.844,639.5128,1
629475807,831.9576171215273,649.8485469562805,811.317,664.1207,1
629475824,831.2682089393588,648.5575036722071,817.1354,642.13,1
629475840,832.0943594437957,646.437982661325,838.9586,629.2823,1
629475857,835.1043736750763,645.9994145247846,872.4542,654.0007,1
629475874,1155.8915149791271,724.9572723946492,1149.3741,745.8378,0
629475890,1214.3240364343949,698.5452539492619,1208.4944,721.5951,0
629475907,1228.372374623967,701.538009414638,1236.6643,728.6132,0
629475923,1240.3112316881088,711.9958392123932,1258.0479,757.6514,0
629475940,1243.7523854867281,704.497275117058,1248.3225,706.606,0
629475957,1244.4217744067628,704.7901750865279,1240.9912,730.2451,0
629475973,1250.6290731758445,711.1475151946366,1274.521,767.601,1
629475990,1254.581320281072,715.6601284587795,1270.6616,766.6547,1
629476006,1254.4493512041704,717.9926231084763,1246.4077,757.1187,1
629476023,1254.293893444955,716.1346288394735,1246.4072,725.5015,1
629476040,1253.3297831684163,717.9640413506143,1238.2522,756.5659,1
629476056,1253.7012824104042,716.2941203255546,1250.7476,724.616,1
629476073,1252.6086430048465,717.5209477421656,1235.0701,752.9922,1
629476090,1253.356849734482,716.0296713578009,1255.2847,724.1981,1
629476106,1252.7041743114835,713.3542468496516,1239.3738,707.2844,1
629476123,1246.8207746623705,716.1104775015332,1170.5737,770.907,1
629476140,911.972248456769,671.6145659639571,904.5256,683.4536,0
629476156,721.3914120772631,662.2821127380805,712.8348,667.054,0
629476173,687.1973817309109,694.519714402993,643.3321,728.9086,0
629476190,676.4015959569913,689.7312793468137,645.9283,682.3645,0
629476206,680.8794264854503,672.1495023849827,686.2609,623.7162,0
629476223,690.5353902687198,668.0982498173358,720.2263,657.6802,0
629476239,690.6542893839052,662.4923586490993,682.5021,639.5075,1
629476256,688.2722337642949,623.8207779181889,679.96,627.3677,0
629476273,712.773211483329,637.9843428286634,704.4498,642.4387,0
629476289,694.2609120330874,651.0786215428251,666.9249,667.2204,0
629476306,694.7377557558362,648.9132511081151,687.2691,648.3671,0
629476323,700.0969856527221,657.5115355316304,707.2333,687.5422,0
629476339,699.8361485470823,653.1383333029249,690.349,639.6207,0
629476357,695.9722886022131,652.2950573344305,668.4465,651.2603,1
629476373,694.1661619656526,644.5360733706107,675.9001,603.1168,1
629476390,913.7977283715513,578.4156583287622,907.469,590.3304,0
629476407,1127.8101189773852,432.9687226515815,1124.5786,452.8329,0
629476423,1114.854134828371,412.96189398226136,1099.0083,411.9138,0
629476440,1127.1826984328866,421.6507189997838,1148.5989,459.7709,0
629476457,1138.4220634033256,416.3225341450238,1169.0552,421.9865,0
629476473,1118.9810493191449,414.9627136674972,1038.7231,426.446,0
629476490,1165.6302432565444,413.4039311712924,1162.8732,434.6724,0
629476507,1188.3028916684548,438.6681558714263,1185.3912,460.7753,0
629476523,1202.0976540500487,458.08952701341804,1212.6614,500.5871,0
629476540,1185.0132551923098,441.05176128685827,1148.2159,427.8203,0
629476557,1174.3371643017106,432.81429085783304,1140.0304,428.9792,0
629476573,1168.4489547478468,429.6190885706988,1142.9126,438.0175,0
629476590,1169.4449483143678,427.8475986009925,1172.2979,441.402,1
629476607,1171.3953229459203,424.5422823366015,1180.785,428.0417,1
629476623,1174.1122403655506,421.2161360045285,1190.2314,422.3093,1
629476640,1171.811225900322,420.97575159135783,1151.6985,441.3895,1
629476656,1169.3423530815305,416.9918708080113,1146.707,405.837,1
629476673,1168.044930327113,416.05390690330535,1154.3762,430.5304,1
629476690,1165.213433101358,414.7873079943571,1135.707,424.7581,1
629476706,1161.98038779288,414.9765261175771,1126.7733,439.2737,1
629476723,1162.7116881798966,415.2448279030289,1170.8772,441.9379,1
629476740,1163.1249512230484,416.36619782620664,1167.3856,452.8669,1
629476756,1165.9726499967846,417.0940495920162,1200.42,449.9498,1
629476773,1162.7554220441757,413.9232924329125,1119.3345,393.5247,1
629476790,1163.3195550653184,412.73086834754014,1170.2908,420.5013,1
629476806,1161.457009899621,413.4996094058237,1134.1888,446.853,1
629476823,1165.1307039273886,414.03251126907844,1217.0386,446.708,1
629476839,1154.1525304953236,411.9100693567233,990.9825,397.2794,1
629476856,911.6813405509896,317.6518437629907,908.4342,329.5105,0
629476873,883.3383225728999,283.12101625664354,880.3195,293.9315,0
629476889,907.5293268851414,273.496033143906,929.1776,276.4998,0
629476906,916.1123301318289,278.0691137363918,930.298,299.8596,0
629476923,915.0318188736381,279.7345290457588,908.7224,296.5083,0
629476939,914.4571062297607,286.41601708692593,908.8057,324.438,0
629476956,909.5573418253297,287.22910134625124,882.4602,301.6769,1
629476973,909.9331566625685,288.51997464987437,909.3115,307.4123,1
629476989,915.573792549325,290.21052926925887,950.4966,314.3094,1
629477006,916.2935370193308,290.73748184368696,918.2018,306.1481,1
629477022,917.6903931069237,294.39419171114173,925.4133,336.5006,1
629477039,917.6154559437572,297.32462262707753,912.7244,334.5002,1
629477056,918.4790203738168,300.8121958068492,922.7671,345.3724,1
629477072,916.9368389359341,300.88299577813734,896.5595,310.0792,1
629477089,919.9429576955428,302.41414133955004,950.076,330.113,1
629477106,919.8001967153926,301.9022918481082,913.6782,304.7662,1
629477122,918.7163368553495,302.4918389110613,900.8195,318.6484,1
629477139,918.4621498108767,302.94550475902724,911.3479,318.0325,1
629477156,917.4710833182883,304.957832693255,900.2742,340.7019,1
629477172,914.342722610179,299.0520447901927,869.0252,224.6151,1
629477189,908.0035468160318,290.05586880313587,818.0096,171.2427,1
629477205,903.1133945793073,282.0121356435332,835.6436,179.9824,1
629477222,897.6036075285649,273.4457375756267,822.1603,165.3739,1
629477239,891.7086830938209,265.1738481523968,811.8414,163.7339,1
629477255,887.1284906846035,256.92330194409345,829.3724,158.9285,1
629477272,882.8097233635049,248.26832568528948,830.313,146.4212,1
629477289,879.7422779526672,240.7201375481009,847.8671,159.6473,1
629477305,877.3696319204181,234.6505088657225,856.4696,179.386,1
629477322,874.8918146705693,230.3800351759249,851.4768,204.7316,1
629477339,870.7807526686005,224.54199790286006,820.4648,171.4781,1
629477355,866.741733083078,219.74897862248886,818.1508,184.143,1
629477372,862.9460824440816,213.82093615875877,821.2517,165.9897,1
629477388,870.838504717288,209.54746782602803,1027.8436,194.9871,1
629477405,1211.7508284380506,164.57380838491002,1212.2427,187.5741,0
629477422,1170.8480643225225,235.53193922977454,1170.2357,257.0092,0
629477438,1187.742920577861,217.34870836801952,1204.6296,221.9438,0
629477455,1211.1601991456184,213.79964193895373,1257.8955,231.5362,0
629477472,1201.122006901257,216.32793912144086,1170.4509,245.4482,0
629477488,1197.4095325863623,214.1413333987493,1182.5311,227.5444,0
629477505,1202.452334465341,216.28149813096644,1226.8866,250.4199,1
629477522,1203.8080526854635,212.5747010119619,1211.5089,214.1572,1
629477538,1208.273812316757,210.33909019057384,1237.8645,219.7862,1
629477555,1211.2962276808937,207.2113310977981,1233.3882,208.1701,1
629477572,1212.8073661680064,205.03920185946987,1224.2253,211.5557,1
629477588,1211.8406050334456,203.52662555234335,1201.4817,213.9043,1
629477605,1212.3080494121234,201.7269351226574,1215.8184,208.978,1
629477621,1211.366358031462,199.5260699349921,1200.323,201.1298,1
629477638,1212.1777895547657,198.33217432312046,1220.5447,211.0649,1
629477655,1213.6489900592603,197.399032687345,1230.1196,213.0704,1
629477671,1214.2607540879874,198.15580960825807,1220.1655,233.9451,1
629477688,1215.9583011801187,195.27620637116297,1236.7166,184.6803,1
629477705,1215.6909298434828,196.2043019373776,1209.6125,235.1935,1
629477721,1214.476014392927,197.40086152633833,1195.4476,239.1453,1
629477738,1214.394834593261,198.54667063207873,1211.9607,239.6661,1
629477755,1214.2870958605722,201.4761179541643,1211.3193,267.9705,1
629477772,1161.4628336040596,402.9061832854349,1158.8037,424.021,0
629477789,1183.0230659593362,428.98413335418,1180.1925,450.8963,0
629477805,1178.5598623878839,437.31707323622726,1171.0227,467.2089,0
629477822,1174.3118684042604,439.8105300764646,1162.7653,465.9993,0
629477839,1178.030713702581,435.65415456164936,1186.4182,445.3926,0
629477855,1180.5270473337491,441.6209872900354,1187.0856,487.2642,0
629477872,1177.4299216673517,439.88849954465456,1159.228,452.3571,1
629477889,1174.5358634199897,440.78190637413013,1154.7107,466.8071,1
629477905,1174.0408077677191,441.7906528509003,1167.9756,469.7781,1
629477922,1169.7835747290783,442.7509206091737,1134.8843,469.8886,1
629477939,1170.865347110993,445.90197233891485,1177.6184,493.489,1
629477955,1166.1735356562606,453.5885349202201,1120.0222,542.1543,1
629477972,1160.923000827759,460.68516783082595,1106.7649,546.8213,1
629477988,1156.4186947600172,470.18363219136614,1107.3979,584.7058,1
629478005,1152.9349222887954,477.11842842148155,1113.9004,566.6232,1
629478022,1150.1832251288238,482.2894231085842,1118.8208,553.3441,1
629478038,1146.793242152199,489.0296243094501,1106.332,580.4589,1
629478055,1144.3259408335489,493.35959953470604,1115.3597,555.4219,1
629478072,1141.8347435729079,500.1960763209043,1111.4747,596.5689,1
629478088,1139.7000853723562,502.98208237433687,1114.422,544.2448,1
629478105,1136.1688280991386,507.4577283633467,1090.1499,572.8109,1
629478122,1133.7488102576508,511.82025281326304,1103.9072,576.5803,1
629478138,1133.84814048828,516.1815437199217,1141.3479,582.7611,1
629478155,1133.5288939322966,519.1815411576074,1133.6643,565.2101,1
629478171,1130.886591112624,523.711823760203,1093.647,592.7367,1
629478188,904.030519793157,525.374731452306,898.2688,536.9318,0
629478205,905.5289919957171,470.56804983186834,900.4274,482.1854,0
629478221,917.9803549043652,502.5843248623379,924.6986,547.0532,0
629478238,914.7174455758627,513.5106730200338,902.3198,546.7725,0
629478255,912.5170524949317,520.5549827952457,900.045,552.7426,0
629478271,915.027288761818,530.4134342762538,918.792,580.9058,0
629478288,917.4464625756873,534.0841313071804,923.2357,563.4241,1
629478305,909.6737762829514,531.2977525179126,858.6624,524.0706,1
629478321,900.6684688444377,530.5993665453149,835.097,534.2795,1
629478338,901.634479471251,529.8409755745529,904.8976,535.1937,1
629478354,903.9213384170667,527.5078638609144,919.0121,519.834,1
629478371,903.332204565578,527.2207880238558,893.1392,535.9248,1
629478388,902.3218818924511,524.2894053578378,887.942,506.6906,1
629478404,904.458997418772,521.7370282435164,922.9225,508.2349,1
629478421,904.4484580986182,523.4298645495105,898.8043,555.6251,1
629478438,904.5946779880679,520.0309497670075,901.4941,492.6769,1
629478454,904.235256203394,518.4113402612517,894.5753,512.1748,1
629478471,905.5538232717992,522.3131746430906,916.6509,587.6761,1
629478487,902.4706138679032,517.0763697187909,855.8916,458.0116,1
629478504,901.9489048734564,510.1889262650856,891.4856,430.0537,1
629478521,902.2906884012616,505.460244492331,903.8042,457.2596,1
629478537,901.451523091306,499.55095837523913,885.7275,434.1024,1
629478554,899.2296624036053,494.31970964393093,862.8826,439.1726,1
629478571,898.8961732156954,492.1944949533165,891.4854,486.0915,1
629478587,897.9902638686737,485.445111951869,882.5084,407.3014,1
629478604,898.6139666549614,481.94858068231184,906.7983,457.4833,1
629478620,898.4399390499843,478.01899711939456,893.3503,446.2603,1
629478637,897.7846950394902,473.37339860213785,884.9401,430.1324,1
629478654,897.3466465330439,469.3754007342768,888.0814,437.4597,1
629478670,895.1935819758364,467.08755348930697,857.4301,462.1743,1
629478687,893.2264467594791,463.5124002031215,860.0604,436.476,1
629478704,891.616785917144,460.3049210842958,866.7786,440.5572,1
629478720,890.7486540046508,457.4073679877213,881.3509,449.7959,1
629478737,891.4790973176741,456.31398456894067,905.5539,478.0566,1
629478753,890.9888148490664,456.455279498118,882.8626,495.3727,1
629478770,893.3242641494566,449.44646402950406,935.1072,371.6259,1
629478787,897.1684971326597,439.7288605463169,961.7622,319.5203,1
629478803,900.074362652959,428.9515666481701,938.517,292.3246,1
629478820,903.0063987578668,421.8002137032721,936.6786,352.4771,1
629478837,906.7874614571911,413.90450950521176,960.1322,335.4378,1
629478853,912.3396080075939,403.4837053170537,993.7275,286.0035,1
629478870,916.7634998594338,395.84468298173346,971.6034,330.1611,1
629478887,921.5935985096132,388.9730618485615,979.7798,334.9817,1
629478903,925.8903008966977,382.7490780807673,976.0043,340.4159,1
629478920,930.29800330024,375.3970808130027,977.8092,319.7244,1
629478937,934.4459490865069,366.9144198297555,976.5276,286.784,1
629478953,937.0313035782342,363.0149034257215,950.4956,361.6396,1
629478970,940.309731596844,357.41463732983715,968.5281,333.6694,1
629478987,943.1025623208089,353.85255537945426,956.5525,348.4492,1
629479003,947.1886304284044,349.8288723094748,986.9949,333.1734,1
629479020,950.2210813907919,346.29670628808,973.2056,339.0087,1
629479036,952.4200380911625,343.31779906443217,960.1075,340.6376,1
629479053,949.1814514091525,343.70273951259713,865.4351,391.6021,1
629479070,943.1820309111995,340.9183969332816,824.2118,334.8526,1
