timstamp,smoothx,smoothy,rawx,rawy,fixation
624754248,890.9772418507048,498.1404295608562,879.3245,520.7175,1
624754265,889.8181971930087,500.91687960245656,878.5128,541.142,1
624754282,888.4370200521552,503.84138145279996,873.2516,545.3135,1
624754299,888.7086098136188,508.4251243670306,901.045,575.2137,1
624754316,888.772563937731,513.161028875301,896.4542,579.9471,1
624754332,887.9212550720997,515.2651509016144,882.7262,536.4656,1
624754349,889.674175820795,517.9004908684459,926.4886,550.8422,1
624754365,889.6966639024885,520.5588004349461,893.9737,551.3674,1
624754382,893.0151880745196,520.784122538636,949.965,512.9772,1
624754399,894.9547070810231,522.8027737799783,924.0781,545.4252,1
624754415,897.3178036622982,521.4689281657048,932.4224,500.3591,1
624754432,897.2936802026821,523.4121210979326,888.8995,543.8008,1
624754448,897.7644345229888,524.6630033615124,898.8184,528.3922,1
624754465,896.8148724978363,526.9907444124915,878.4478,558.3945,1
624754482,896.2593923161764,531.6592122452025,883.4384,598.4182,1
624754498,896.9327077857245,533.9200267127464,906.001,562.5392,1
624754515,895.4264079946569,538.1978138289245,857.4029,585.5338,1
624754532,895.7408402614985,539.984576818907,899.2975,550.3143,1
624754548,897.5640111479605,539.8755168226629,925.5158,524.6893,1
624754565,898.4267168550155,541.354511705727,915.7822,550.6965,1
624754581,899.9192726701439,542.8221355954207,915.9913,563.4589,1
624754598,900.9032227840465,545.0251082495439,906.9691,580.3146,1
624754615,901.5363971550114,545.76873991282,904.339,557.2921,1
624754631,901.2112645794198,546.002590411784,886.1002,548.9047,1
624754648,900.4585311422813,545.713399405168,880.3163,540.7335,1
624754665,902.4243101463854,545.6580560105853,929.1713,546.0747,1
624754681,904.3599555942778,547.2105982381156,928.3997,577.0555,1
624754698,907.5163534389698,547.0733905276452,952.3789,549.772,1
624754715,907.4146552852901,549.619220518712,897.782,592.089,1
624754731,910.454782346644,551.7818863659618,951.6361,586.0734,1
624754748,910.0594187486246,552.2906939736033,893.6486,557.3434,1
624754764,911.9056706655023,552.282301576537,933.6364,551.9022,1
624754781,910.9441016448711,552.243088373567,884.978,552.4962,1
624754798,856.0500573394411,263.1862803203689,850.633,278.5191,0
624754814,774.0737617568553,220.45056097296222,767.8135,237.0448,0
624754831,768.4828026808703,243.7963142429504,757.2301,282.125,0
624754848,777.8998282556937,220.2381142722927,789.829,191.4855,0
624754864,776.7201896459449,212.9597101918991,766.4609,209.1614,0
624754881,765.7948828473561,216.42232192861712,716.5431,246.6402,0
624754897,768.8609689540439,231.70174280647507,779.1524,320.0652,1
624754914,765.7911382200724,235.93809239976036,742.466,274.8139,1
624754931,768.6704083010828,237.04256767394395,782.4567,259.0125,1
624754947,773.3651637788464,243.6274595930569,803.5415,306.0143,1
624754964,774.6978242490445,249.98824527153792,779.9728,314.5082,1
624754981,771.0339780999171,252.18397764441391,731.0594,283.5479,1
624754998,771.9982825767577,253.08252265606671,775.7496,273.396,1
624755015,772.1343755407532,253.11650206929167,767.4337,265.2029,1
624755032,776.7949140032559,254.7152139272256,823.144,284.0273,1
624755048,777.0700720631598,250.68118123559915,771.8268,216.534,1
624755065,775.3844541398428,246.06338289364666,745.853,204.7603,1
624755082,773.4489518123323,246.83304516873133,741.6256,272.4265,1
624755098,771.8481618697857,243.2571341571276,743.7928,213.022,1
624755115,770.9262412260736,236.49049709525121,751.7679,164.4035,1
624755131,771.9380936573862,229.34690463051604,780.2701,153.4457,1
624755148,766.2791514929023,225.3128085449616,677.5571,194.4498,1
624755165,764.3053361264487,221.84717088219367,732.3361,199.9512,1
624755181,762.6487935594135,222.58003809966107,736.8112,262.6022,1
624755198,759.8502832274007,220.17560719647338,715.9714,212.0973,1
624755215,754.6411680122714,216.4844975060819,673.4738,189.0793,1
624755231,750.9666989396156,214.8663283248077,696.802,220.0792,1
624755248,749.3154973987705,211.96403953117476,728.5596,196.9424,1
624755265,750.6450070642392,212.31319604097416,778.8,248.5471,1
624755281,747.3102360442892,206.95690498466473,695.5072,151.3152,1
624755298,743.6096523680884,201.64811199297347,686.9055,149.08,1
624755315,740.8704723634812,198.04881593860873,705.2048,177.1406,1
624755331,738.2525998560902,195.60383799371516,704.2778,198.5565,1
624755347,736.4123897765826,192.38942240188948,718.7789,173.1435,1
624755364,735.3353125574366,191.7045964097971,727.6209,215.5627,1
624755381,733.1639775902304,188.30486859116345,700.514,171.1676,1
624755397,727.5931886527662,184.53727589039414,645.6899,169.3193,1
624755414,722.8499004484014,181.11012807148043,653.8066,166.4868,1
624755431,720.9967735626107,177.27007739308803,705.8329,154.7322,1
624755447,716.6886612282922,172.96316336528403,661.7517,148.452,1
624755464,713.7267807065249,170.89744682667285,679.9777,183.3214,1
624755480,710.6076484720418,169.33256093204534,669.2767,184.8194,1
624755497,709.7265798091004,161.41906845305513,708.9918,73.7008,1
624755530,709.051665353504,152.66975268807977,708.4649,55.709,1
624755547,705.7299694813541,146.25433734468444,665.5366,93.4765,1
624755564,704.0747107242455,139.52407310728464,685.9338,77.3908,1
624755580,702.0441317366085,132.0490923118081,673.9556,60.333,1
624755614,699.6875812805764,122.39559613411942,665.1575,26.8464,1
624755647,699.5195235383217,117.56599422020689,702.6627,97.1797,1
624755680,695.1910312393992,113.42021023212381,628.7842,99.1992,1
624755713,693.4150402396718,108.80050674190672,673.9956,86.2576,1
624755730,692.3656394801039,103.26452974144513,673.4897,70.9926,1
624755747,693.0681594350638,99.85404136921066,709.091,102.6305,1
624755763,695.0967714786044,95.60964131146515,730.7365,89.9772,1
624755797,694.289643103534,89.89507395481714,677.1285,54.2169,1
624755813,693.1715544000626,84.84798073913228,666.5253,58.1479,1
624755830,691.857403662533,81.09236547187551,665.3408,78.3207,1
624755863,691.3585200692701,77.34520770806952,681.9822,71.0048,1
624755880,691.7168980857061,75.51680426037586,701.2148,103.8905,1
624755913,693.8720359409147,76.56488820534885,723.092,137.4116,1
624755930,695.2853231471771,74.89185201648975,708.3467,87.9441,1
624755946,695.4095950418202,75.94307746459589,688.3415,133.6288,1
624755963,693.1123241928099,77.46105886695175,645.9038,140.4415,1
624755980,688.9306389925944,78.85163708083483,614.2596,132.7142,1
624755996,685.9737654924506,80.00229798136833,635.9526,130.9093,1
624756013,683.7557107051965,81.94933975986326,645.4126,137.648,1
624756029,685.7269609238466,82.15733997661756,712.0852,107.1934,1
624756046,685.8130090989426,83.80503114168852,680.4,130.4221,1
624756079,684.517370582507,86.49518353045968,661.741,146.417,1
624756113,682.7675155786948,89.59281658608893,648.6259,152.8308,1
624756129,679.7315811996295,89.55258394990658,626.9791,104.0605,1
624756146,681.6626773471365,85.64884757420893,711.1111,39.6054,1
624756163,681.1122430832047,87.40201341789795,672.3906,124.0255,1
624756179,680.0238411500875,89.52744885179516,661.8818,130.3794,1
624756196,681.7964293805663,91.66520455278739,706.5101,136.6357,1
624756212,685.720662684669,92.00079462784086,745.4331,106.2828,1
624756229,684.1666251782913,93.82535493300158,648.3912,131.285,1
624756246,683.8702154416526,98.52871801457944,670.1328,178.4299,1
624756262,686.7069539576472,98.51347483349153,727.6512,108.5445,1
624756279,691.161960413139,100.06850960492483,748.5035,136.6689,1
624756296,690.0081257796738,103.63056457013701,656.5217,170.3498,1
624756312,691.5674221175072,104.8984076315601,703.8984,131.8227,1
624756329,689.0203950461478,105.515419431157,636.0748,125.7895,1
624756346,689.8442682606493,103.45084467886221,696.5949,80.7311,1
624756362,691.869038687717,104.20654850961553,712.5515,126.0415,1
624756379,693.8551097218027,103.84666288220363,711.2489,109.2717,1
624756395,691.8011973435875,106.37956947261739,642.1386,161.3371,1
624756413,689.991194598574,107.98052847253405,648.814,145.9017,1
624756430,690.1207215940813,109.11632362008751,685.0372,142.5796,1
624756446,688.8245209434174,108.54811117193289,661.996,117.84,1
624756463,686.9862017272258,110.1573929834752,651.2646,149.6916,1
624756480,685.8892105662769,110.89638662903025,661.8609,140.543,1
624756496,685.5227449797892,110.58044360917083,670.1322,123.7102,1
624756513,683.6696280508534,111.24056290209147,641.6772,139.5143,1
624756530,682.3092728347765,109.53726472174033,652.662,99.8093,1
624756546,683.8563890307593,105.09800055820354,703.9279,54.7276,1
624756563,685.0874483496518,105.97817725615303,706.2063,141.2267,1
624756579,683.5085881098921,107.86316642607784,653.064,160.5978,1
624756596,687.3059707242674,105.09116594589236,743.6183,83.7588,1
624756613,686.1048940338388,106.95034896418831,655.8333,161.9491,1
624756629,683.2500371205278,109.88960307478617,625.137,174.7151,1
624756646,680.6187155617793,111.85507030494999,637.5522,152.2794,1
624756663,676.9814091594335,110.710498187528,614.0773,109.8394,1
624756679,675.5579468455342,110.68886745654517,651.1444,129.6223,1
624756696,675.4137227949508,108.04122033942485,676.5097,86.0254,1
624756713,673.3384503506315,109.48125368886859,646.0389,151.6331,1
624756729,672.2026288858431,110.18723008064248,650.4502,142.0201,1
624756746,669.5761019728748,112.84203989743395,626.4006,179.4856,1
624756763,670.2511325709146,114.1485956212304,688.5273,149.2198,1
624756779,668.7752003889165,113.50770830463154,650.6266,119.8376,1
624756796,665.5445664095853,116.02918961847078,609.3475,176.7444,1
624756812,665.243059482252,117.80051858604413,664.442,160.1804,1
624756829,667.975415389496,117.17996760405728,708.5892,120.0208,1
624756846,667.2053364603864,117.09357036875626,653.2315,125.1749,1
624756862,664.0504530011267,116.79423104825818,611.9763,127.4385,1
624756879,664.5954493121596,117.70831726442759,675.4582,146.8708,1
624756896,663.831013586025,119.53765899725397,644.5023,168.2821,1
624756912,662.5032793392005,123.420766320362,635.6157,201.4094,1
624756929,663.7366041110276,122.12752319901753,682.4792,114.4625,1
624756945,662.9550027292507,123.31345312698178,644.6168,154.4243,1
624756962,662.0146008682229,122.23619415241947,639.807,120.5141,1
624756979,659.2240973063333,121.71213600983675,608.3389,129.3622,1
624756995,660.9214456329514,121.74878297764256,687.1914,137.7965,1
624757012,660.729586152136,124.89189603094653,651.2897,192.4123,1
624757029,660.6939519957149,125.51100113846188,654.366,146.4094,1
624757045,660.6106630376981,127.36889430767903,658.6473,163.9679,1
624757079,663.2916130369276,128.1269315833385,705.9292,156.0454,1
624757112,662.6656876291652,129.0806604465452,641.9844,161.6659,1
624757128,664.3129372322152,129.6548579406517,690.9491,147.8454,1
624757162,665.0977465399556,126.8246949707549,665.1776,99.7134,1
624757178,664.3198112092136,128.55986588736818,636.3156,177.952,1
624757195,662.9985824382561,130.74558790614566,629.0886,183.1013,1
624757212,666.0366146272777,136.28408295234476,704.3159,235.8365,1
624757228,667.118525374182,137.7003342491016,673.7988,169.5502,1
624757245,667.965898080936,139.36567907340986,672.7862,170.5281,1
624757262,667.1383958375685,141.7634071523731,640.7788,191.2799,1
624757278,668.4037182252023,141.67758255424366,677.8948,149.4222,1
624757295,667.6080247785198,142.70141056677053,640.2433,172.9648,1
624757311,668.1174307449162,144.06627065920912,670.2794,176.2764,1
624757328,669.0292883697117,147.13439678360032,673.7908,203.1643,1
624757345,670.2158509312898,150.17090539088522,674.9708,210.0339,1
624757361,669.9265077155892,146.57081500643713,654.3404,97.4125,1
624757378,665.907814859585,150.62172442160255,595.6283,223.4087,1
624757395,660.8373157472034,153.33852933186654,570.8095,203.0912,1
624757411,657.8995448855001,152.15123463754978,602.9816,139.3075,1
624757428,657.5070419025818,154.49265462497053,654.8205,202.4458,1
624757445,660.498353559454,154.14067747945484,709.2028,160.5354,1
624757461,659.9711870903968,154.11257243881957,646.3893,170.1319,1
624757478,655.3766118261856,157.45862444761855,580.4999,218.4969,1
624757495,649.032466498374,161.33784386367947,545.0401,233.1954,1
624757511,649.3980560808358,164.4502776174421,660.6861,218.3382,1
624757528,648.6932471688326,165.3324941078392,637.0497,183.5583,1
624757544,648.2052847298022,165.0917331551607,647.7516,167.2966,1
624757561,648.2895639668634,163.72942248522907,651.9012,155.467,1
624757578,647.5869223000645,165.4237191441432,637.8351,202.9071,1
624757594,651.2005732598242,163.44273043353945,711.5789,144.0617,1
624757611,649.9713881124376,161.9338934760118,630.6102,151.9031,1
624757628,648.1421731816711,162.42284682563627,612.545,186.8304,1
624757644,651.4814968752369,158.79471291917264,706.3049,116.661,1
624757661,652.021106777594,155.45575890717402,653.6427,117.0605,1
624757677,653.9868449673985,154.33076830677402,675.7374,163.0383,1
624757694,658.0023585537224,158.44826820206356,712.2412,251.2324,1
624757711,659.3967144291115,156.30222249170285,673.0881,150.1571,1
624757727,460.2283048216368,263.71879886606405,453.4977,278.3445,0
624757744,574.8219256794822,162.61624384962693,567.1259,180.7637,0
624757761,613.6153332711034,162.9882806833015,644.8823,181.6174,0
624757777,627.8377998963755,172.9263543240665,648.8807,209.9755,0
624757794,642.532010551506,178.89476797823008,678.8119,213.6663,0
624757811,654.5017559212995,182.00925174663408,693.7828,211.2438,0
624757828,651.2889928100072,179.29237602747713,626.8058,183.7625,1
624757845,657.0610745750826,169.25231571961913,681.274,131.0551,1
624757862,696.8332163365374,199.04538592042425,690.0299,216.2084,0
624757878,673.0661363285795,153.2093799757979,665.5725,171.8371,0
624757895,688.4221152481349,95.15399837440347,694.8018,59.7381,0
624757911,681.5613480824528,122.09634350380867,660.6411,193.8048,0
624757928,679.7685969091126,123.2240210057343,666.6353,145.9589,0
624757945,681.3514103442689,128.49051375018112,680.1429,167.7995,0
624757961,675.6971950881928,137.75343281013286,641.0153,200.0155,1
624757978,680.24083444488,145.14251262553495,699.9598,204.3285,1
624757995,687.5883097231454,152.45726515417795,729.7813,216.6011,1
624758011,689.66223284401,161.43339636921044,697.7944,242.4375,1
624758028,694.3104283198545,163.9536091045336,724.7291,198.717,1
624758044,701.0369340596775,165.73533514848205,753.1296,195.5871,1
624758061,703.1455915380427,173.79251008717395,714.0974,264.0627,1
624758078,702.0735483511739,174.70919911642758,679.5753,195.7338,1
624758094,699.4450565978639,180.75255579210958,660.2436,257.6476,1
624758111,698.304398003577,184.87572532833926,676.0804,241.6843,1
624758128,700.1801203936152,186.70754879090507,715.0215,217.4197,1
624758144,702.5584944824728,188.03461067041758,724.1783,213.302,1
624758161,704.6845907720048,188.20790056862634,722.9725,199.3745,1
624758178,705.9562829965731,192.2035779518276,713.3359,254.998,1
624758194,708.6587993135597,196.43945514816735,736.6874,262.6497,1
624758211,706.0715556842067,198.6806041434903,656.3671,236.6525,1
624758228,707.5802763237481,200.6419220411336,720.2938,235.121,1
624758244,709.2548546620176,202.5498982309357,724.3734,236.714,1
624758261,710.033551221265,206.27856076004957,711.4776,267.9188,1
624758277,707.8545394846075,201.15365925441378,661.1144,128.4998,1
624758294,708.4165579878701,202.21185094017545,708.4164,228.5874,1
624758311,703.9178023189071,194.44518594677726,620.6427,84.6969,1
624758327,703.1333335878115,183.76946166468232,682.7881,34.9198,1
624758344,700.0775438709311,178.02968364847442,644.2714,114.7805,1
624758361,700.5290386789671,173.64119681166235,705.0204,135.817,1
624758377,700.4257340007131,165.38571182447296,691.3829,67.1856,1
624758394,698.859720974313,156.8668200212518,668.7655,50.1059,1
624758411,697.8999653376861,151.70260238696673,676.2014,119.6284,1
624758427,695.3383334563572,143.456819211043,647.9128,59.4455,1
624758444,692.3320487444078,141.36502309311183,642.4464,162.1654,1
624758460,689.8218296328523,137.09622926736267,645.7061,124.7517,1
624758477,687.975429168437,135.68300951601486,663.2638,168.7477,1
624758494,685.0218595132468,130.09617907392646,644.1815,94.907,1
624758510,680.8110160677645,125.49719864048838,616.9034,109.2397,1
624758527,690.2659302119089,123.02468198930387,857.1211,135.7543,1
624758544,689.8603981456437,125.16150176825042,686.57,208.242,1
624758560,1046.715783278148,110.9069845858856,1039.9049,131.5757,0
624758577,1025.286503041595,110.47026985735441,1018.3983,131.116,0
624758594,1033.5256259736782,108.09134678771687,1034.847,126.5491,0
624758610,1041.36469570058,96.58965797407842,1049.6292,95.6518,0
624758627,1039.3228074547574,106.46924644541177,1026.588,155.7659,0
624758643,1041.2900711001635,101.4186630914325,1041.72,103.1229,0
624758660,1044.4931319117723,101.68513861129604,1053.0106,124.0642,1
624758677,1040.9445397264888,100.74234202448393,1012.9306,116.5419,1
624758693,1044.2206140840751,109.96135973923317,1060.0509,190.2494,1
624758727,1053.5388856983543,106.89610450074066,1116.0957,104.5933,1
624758743,1050.950584671333,107.6265143280726,1020.5929,133.7868,1
624758760,1055.9083557114254,106.31280995711754,1092.7672,115.0893,1
624758777,1050.9409327413866,104.5271912419898,992.3466,108.105,1
624758793,1053.8714672855901,105.01387741921852,1077.0685,131.1545,1
624758810,1057.875085341002,101.04736753164597,1093.4624,79.3857,1
624758826,1062.202222111947,98.04869595673819,1102.8481,86.5953,1
624758843,1061.757348394573,103.58167794529669,1045.7009,193.1424,1
624758860,1139.8807727483518,410.98092431088753,1137.3809,421.9519,0
624758877,1171.391883201388,302.7303446396511,1167.5541,317.3132,0
624758893,1156.3367346853581,309.15012032488755,1137.5527,329.6627,0
624758910,1167.2429045274166,283.85060855161015,1184.2916,250.4272,0
624758926,1164.3566936006662,281.58819702491854,1151.454,290.6902,0
624758943,1156.732187216957,282.92686788464664,1122.6322,303.5602,0
624758960,883.685795688101,171.37171966240652,877.137,189.7696,0
624758976,1194.9865796707359,349.8985244976312,1191.8563,362.9726,0
624758993,1057.6609345090171,242.3886390399686,913.7769,154.805,0
624759009,1081.465297657491,256.7251456541014,1125.2632,300.828,0
624759026,1069.6302017054447,269.7840652120744,1030.6555,322.9618,0
624759043,1051.2813894117867,295.2467040866035,976.6901,406.3096,0
624759059,744.6772609891448,383.65248944627666,740.4945,394.8329,0
624759076,749.7166570091832,358.40159662081913,745.2141,370.4205,0
624759093,754.5024436450309,376.2511734787122,755.2806,404.9192,0
624759109,731.022150169244,371.85037734391994,679.6764,374.7677,0
624759143,657.9030448917292,361.4281062763624,435.5612,342.9065,0
624759159,666.9397373323134,372.40711879168737,701.0278,425.8406,0
624759176,729.4056587516733,378.20303407672384,725.0993,389.5359,0
624759192,700.3843121313256,412.3481630048402,696.4363,422.5085,0
624759209,722.2611114872811,391.74216052508626,739.7313,382.7776,0
624759226,714.4737584551746,387.73898880048466,694.5012,391.112,0
624759243,720.7609086533416,396.8288154077014,735.7454,433.7871,0
624759260,717.906190012413,401.5655316475638,702.6988,429.9603,0
624759277,422.6945008253467,326.3741697205366,416.6739,338.8757,0
624759293,455.7714324655739,335.85672644057667,449.9876,348.1043,0
624759310,598.423535616072,352.1682677018435,736.3134,380.1115,0
624759327,648.850306873157,288.1638045743339,741.2007,179.3918,0
624759343,633.8069590732332,272.3910404408828,580.9383,242.586,0
624759360,638.9919073040224,266.5437730268839,652.0363,260.5215,0
624759376,749.5444888054989,218.7637713002866,743.1799,235.3707,0
624759393,803.5716451238777,196.58052869587672,797.0916,214.0105,0
624759410,747.9674687343024,201.83144363496203,685.7943,223.9607,0
624759426,734.9201638544838,202.3743133315846,702.5691,220.4673,0
624759443,723.6703834914111,208.72922785512228,684.3489,243.751,0
624759460,708.1300228818411,243.71716309582507,643.395,391.9133,0
624759476,489.0938783557783,583.4879235655218,486.7223,587.6567,0
624759493,580.4334373194608,670.4148994958101,579.5254,671.8865,0
624759510,584.0584628319239,660.6763884308984,586.531,653.086,0
624759526,583.2544976637091,641.4835358736103,579.841,607.0668,0
624759543,590.4399823216169,643.5570500566781,610.6608,652.2377,0
624759559,597.9620380422939,645.6010066220846,626.2909,655.9874,0
624759576,625.1057235209327,640.091169114077,755.4357,617.1071,1
624759593,615.3265135671936,634.3403419178641,554.402,605.3683,1
624759609,612.1608526714596,630.7638378152367,587.8979,611.5944,1
624759626,609.8336450336551,628.0312013583676,589.6821,612.5537,1
624759643,611.9353042601975,627.005641107089,627.4691,623.5786,1
624759659,611.1161601030198,632.6300803398138,602.1334,686.8007,1
624759676,612.1889822101027,633.1400688015656,620.9141,641.2778,1
624759693,611.0272414236485,630.0882126472211,596.1342,602.1694,1
624759709,610.1380830554963,628.1321892888736,598.1253,611.0854,1
624759726,602.878146198728,634.3704183669204,516.7637,709.749,1
624759743,601.858171609697,635.2539263931384,591.0405,647.6292,1
624759759,600.2868476005797,639.7973554619949,582.8267,697.5851,1
624759776,598.8942915749615,644.0583940729889,583.6636,698.0549,1
624759793,599.8818966092962,639.5049530070382,615.7444,576.061,1
624759809,598.1454985954742,636.8937782936384,575.1177,601.1616,1
624759826,596.8297074137488,640.6881490352231,581.3484,695.7043,1
624759842,597.2425281129617,642.5336713667987,607.1826,668.4836,1
624759859,597.0218498106168,646.3680487147464,597.1658,700.9214,1
624759876,597.982844970719,645.2277041150769,615.0072,624.436,1
624759892,601.8959537546845,644.2251436078777,664.3649,626.7574,1
624759909,602.6749554844756,642.2221712096949,612.5579,610.4469,1
624759926,602.7124722868728,640.4036515516495,600.1174,613.1344,1
624759942,604.3562858768782,639.4360949085934,627.9653,627.0128,1
624759959,605.581748068591,637.28683793523,620.9347,607.0857,1
624759976,609.021649706507,636.4932690791659,660.4573,629.5061,1
624759992,610.1468081596953,635.9672235700644,617.9456,637.0294,1
624760009,609.8234721260734,629.9971166124776,593.0347,542.6289,1
624760025,609.3045531971003,625.6199938901591,590.1917,564.1996,1
624760042,605.8150343314818,625.7221295571655,543.2709,643.7385,1
624760059,605.6089533150747,623.3942989842818,601.9245,601.9156,1
624760075,602.8388333013089,619.2281300989237,569.498,565.4756,1
624760092,603.2248799905929,616.7650228685145,602.7627,591.9878,1
624760109,603.4255190938948,622.0754679252099,605.6757,722.4182,1
624760125,605.6417556701495,617.737258520036,639.2324,558.6945,1
624760142,611.6485462828091,611.6511099117705,709.3098,529.285,1
624760158,617.3607743338085,605.0807643970998,701.6258,525.7512,1
624760175,624.89482580353,602.4710874532424,737.3323,584.9158,1
624760192,633.5508100933315,599.3605998044256,755.6357,569.9963,1
624760208,636.1457786229615,597.6557597967493,652.5054,592.3066,1
624760225,643.0655681486465,594.5893452204919,722.348,577.0715,1
624760242,648.7960933540021,592.6880882711814,713.4702,586.6077,1
624760258,654.7095580596058,591.6007571871348,719.3936,602.5837,1
624760275,661.3167878456358,589.8097970137111,735.2792,587.3992,1
