timstamp,smoothx,smoothy,rawx,rawy,fixation
624691033,908.4985174249409,550.5810362273843,856.9626,601.2386,1
624691049,905.606581561759,549.2371151281392,872.6013,563.5928,1
624691067,902.3195123406489,547.356962550693,862.8895,550.814,1
624691083,898.9002984170388,547.2986020235381,857.4946,576.4,1
624691100,896.0426271892059,547.539082698591,867.9227,574.4615,1
624691117,891.3728083427875,545.5586439381249,830.1583,536.7905,1
624691133,888.5839355328199,546.4796665094611,860.3983,583.6901,1
624691150,884.5678820264286,545.8235027558011,839.5781,554.6523,1
624691167,882.6492914329897,546.6855719426065,872.7079,573.238,1
624691183,882.7495513188264,545.5982698709075,906.1688,539.7009,1
624691200,879.8539891516978,544.287235713605,849.3641,533.1748,1
624691217,879.5560766335864,543.9126462064917,892.6944,548.4335,1
624691234,879.2030007135801,543.2490566248051,889.4163,541.9459,1
624691251,877.7864929222625,542.6664818537583,862.5777,541.9822,1
624691267,875.3622292983765,541.5451602964313,841.0284,522.2466,1
624691284,875.529090453226,542.7440640694759,889.7816,557.6104,1
624691300,874.9798199443525,543.606975223673,873.485,561.1923,1
624691317,875.9728592658909,545.1408461928755,897.1531,569.025,1
624691334,874.3820847699554,547.4799787058813,855.2922,581.019,1
624691350,871.9827408539422,546.0808865352753,837.0554,523.7739,1
624691367,871.175426443056,545.5263724355145,865.8702,538.5939,1
624691384,871.2561585455369,546.5164649899882,874.7233,563.754,1
624691400,871.358774325576,546.5721147908413,877.381,546.5388,1
624691417,871.9992173518234,546.9036942679052,883.2987,550.2018,1
624691433,868.9186019514891,545.8155049230912,822.7766,532.2717,1
624691450,868.5058436885607,545.7431464416723,860.2748,552.7216,1
624691467,868.5151225216734,544.6921973970166,871.1669,537.3961,1
624691483,866.6520285644114,545.158050734729,840.9045,560.7678,1
624691500,864.4353167962673,545.9762994366662,831.5334,566.9287,1
624691517,864.8428378517725,546.4128333959101,876.3387,567.0425,1
624691533,863.607995810812,546.3424728397072,843.6703,556.3821,1
624691550,863.0625607120465,547.3367953245555,857.3431,569.7025,1
624691567,863.2759903732147,546.9735889674233,868.7894,545.4032,1
624691583,862.1126993601541,540.9252756583761,842.473,452.195,1
624691600,853.7764008487676,543.0566333414973,719.6276,589.1504,1
624691616,858.5656662217615,534.2614918293916,941.9236,400.9556,1
624691633,860.9255211476378,531.8138540370813,903.4478,512.3159,1
624691650,861.5054160574632,525.4803320593213,868.6531,442.3566,1
624691666,863.6784493434731,520.0054482167025,899.8547,457.4144,1
624691683,865.3563489863741,516.2473380695051,894.3966,480.8928,1
624691700,866.4010517440686,509.23427748657326,876.0558,423.4446,1
624691716,868.4674189275121,502.92837318420965,898.7292,434.7025,1
624691733,872.9971880496072,495.99826650474466,941.1325,420.6359,1
624691749,878.4917018643685,490.5937065670527,955.8904,443.0569,1
624691766,883.6854457860379,485.8622892760825,949.7365,448.6843,1
624691783,888.5257469872281,481.4625875311794,950.4377,454.1189,1
624691799,893.3966096756351,477.13314104080104,950.9237,451.2184,1
624691816,899.2042810855288,471.9234382682445,971.7269,432.6068,1
624691833,904.6069150089514,468.96336107113564,963.2808,466.9218,1
624691849,906.5444750797196,466.15593688892335,904.2682,458.6608,1
624691866,954.2822951941287,430.3289349188836,951.4211,440.3408,0
624691883,975.7483013993259,414.4011691851297,972.7464,424.9738,0
624691899,964.4888483992614,419.0611056911118,950.3052,433.9366,0
624691916,947.474389864568,418.1779290541653,910.536,426.798,0
624691933,937.3341327545465,422.88062051519285,904.6545,446.53,0
624691949,935.7912763622602,424.1336826199244,927.3849,438.9185,0
624691966,934.270378370684,427.9273888747434,924.8028,455.6122,1
624691982,915.2956354419574,426.99356328259506,802.9917,431.1807,1
624691999,683.9481241315564,366.2832636573474,679.3312,377.9286,0
624692016,645.4515892885412,416.2342619473376,641.3721,426.1712,0
624692032,664.4537243910866,409.0001515984156,679.2619,412.2622,0
624692049,660.1822974745891,414.36962780455315,647.6564,434.734,0
624692066,665.6094303002778,411.9361100113818,677.5559,415.0565,0
624692082,668.4598393060248,409.9767621508795,675.304,412.7691,0
624692099,668.8756991035028,410.3557920707258,666.5239,422.4324,1
624692115,671.4904469874103,412.3758118630999,682.408,433.8836,1
624692132,667.7838507635702,417.92418223239866,638.939,463.4153,1
624692149,666.4434237785816,421.1797929100471,652.6385,453.7993,1
624692165,667.291740584464,420.3510846053877,670.4674,422.2336,1
624692182,668.8537824993435,420.96968973221607,679.2168,435.1762,1
624692199,670.6899394086943,424.81173553382627,685.0263,469.9013,1
624692215,667.6744363538382,426.1518228998071,631.2557,447.2511,1
624692232,669.2876330274946,427.8937498606888,683.9044,453.9279,1
624692249,670.2507744353381,426.03675322714304,677.0122,411.7004,1
624692265,669.6310957565555,424.5174091042763,657.012,414.1541,1
624692282,668.5180597734475,422.94580741477245,649.5139,412.0424,1
624692298,667.5217180673949,423.8434383270607,650.5848,444.9295,1
624692315,665.6068272365748,424.1419843992265,635.956,437.2285,1
624692332,663.5341854219787,423.6511678386971,631.7741,425.9909,1
624692348,661.4293441692274,430.90994953877873,631.1862,542.1912,1
624692365,661.6356739700975,442.1608816992485,667.2192,608.4147,1
624692381,662.1265022870348,453.8808294614194,671.8466,622.9192,1
624692398,663.5350998365095,466.45360096729195,687.2078,643.7673,1
624692415,664.8775024373334,477.86482065309343,686.3615,632.7375,1
624692431,668.8941947605725,487.5497575507309,731.6581,611.9261,1
624692448,671.6149040113628,498.04539085111026,711.2861,631.9521,1
624692465,673.1027311928988,507.01037697836574,690.8881,613.6576,1
624692481,673.8155202544472,515.6921059379173,678.2702,615.8419,1
624692498,674.9126079258248,524.9528924645354,685.8839,632.709,1
624692515,676.296218285505,536.5257516283234,689.0942,667.6563,1
624692531,677.2476806132121,542.1266319029397,685.1743,573.3152,1
624692548,675.6692657977915,551.7496834015714,639.394,651.5305,1
624692565,677.8703456801094,561.8449670342932,709.7647,665.6511,1
624692581,677.7587518788669,570.326659318941,669.4,646.7546,1
624692598,678.9636272768449,574.6703897025318,691.3877,586.8189,1
624692614,678.0877822818934,581.7418758854975,658.1837,642.4487,1
624692632,677.7636743389348,588.9425456149863,664.1726,655.7963,1
624692649,676.192114998723,594.4263754949812,644.5706,633.5393,1
624692666,675.4532031666913,598.5054977487898,661.4161,614.4223,1
624692682,675.2006214434506,603.2182944479302,671.3141,634.3089,1
624692699,673.9665240068663,608.5980154980781,655.0359,656.3197,1
624692715,673.1902267033008,614.425760454078,657.6946,668.1047,1
624692732,673.044450692738,618.5637847650469,674.2533,646.943,1
624692749,672.864298421431,621.9809835373203,672.4912,636.7947,1
624692765,670.8215092648481,621.3962282564582,636.7507,576.0242,1
624692782,668.4200251325042,616.902555753471,628.7623,515.7329,1
624692799,666.6859487929792,612.5488185591319,640.3757,526.3493,1
624692815,663.6612866670449,607.219265802727,615.6451,512.48,1
624692832,662.6938303952387,602.6571457630426,650.8724,526.8748,1
624692849,659.6961937261354,596.7112951400802,614.3018,516.9297,1
624692865,656.9539742080892,589.9950865104057,621.3207,509.768,1
624692882,654.9462140160251,582.9555749359048,632.8696,503.2999,1
624692898,652.6773630142707,579.8815181600806,628.869,568.9723,1
624692915,646.8975181719587,575.952898542852,564.9886,549.4539,1
624692932,642.7353277842371,570.7301366609637,595.1499,521.7283,1
624692948,640.5271071936659,566.1908278935799,624.117,531.5656,1
624692982,948.7294814698485,451.36626997856706,946.1302,460.6772,0
624693015,895.5458179939174,416.7773813799795,892.308,427.1322,0
624693048,925.4965093629265,429.91850060777915,952.6827,452.6227,0
624693081,924.4249127298846,427.16333632568126,919.0591,431.8632,0
624693115,924.4897869594874,440.9443502783699,922.2747,490.0456,0
624693148,941.256275711185,435.5635318532183,1004.0243,424.6507,0
624693181,938.7629857703275,436.69691742938693,922.887,451.627,1
624693215,946.4733810713667,424.7529190567993,986.5221,368.0741,1
624693248,949.4855080586218,421.58900902826343,964.8579,412.4831,1
624693281,947.7994902773321,417.7364564056087,929.8642,401.4742,1
624693314,945.3675464166752,413.54744784950026,920.0626,392.2312,1
624693331,944.9565891597823,409.98635061354287,936.7833,391.9315,1
624693348,940.4066437349743,405.1948344976185,891.0222,373.6816,1
624693364,941.2738385348063,397.1315749459751,946.683,330.5827,1
624693381,941.4670679591156,391.01226539013373,939.7904,342.8127,1
624693397,942.8390784167469,388.85271485948897,955.7314,383.9787,1
624693414,947.225481253029,384.17641525765146,997.2025,348.5718,1
624693431,953.2855534660815,382.5717291023639,1025.7417,384.2625,1
624693447,959.6254218319086,388.42884087210456,1037.3474,485.4049,1
624693464,1041.0525274271668,616.7016345675614,1040.9653,620.7407,0
624693481,1015.7142861708414,541.3173461653208,1014.5376,547.7893,0
624693497,1069.9616531726351,567.4330636610473,1123.951,598.429,0
624693514,1063.0192987602954,558.6350677783803,1047.8783,547.558,0
624693530,1059.0423559087646,555.6203362813263,1046.0867,553.0359,0
624693547,1064.7864242806288,554.8826905540687,1086.4952,558.3248,0
624693564,1070.3337252545032,553.8617799120923,1096.1862,555.3859,1
624693580,1069.308379967664,555.6896271060441,1061.9905,572.1736,1
624693597,1067.3830628026253,558.4982700035155,1053.4121,582.5657,1
624693614,1069.765222550234,551.5212639422081,1085.8436,506.7788,1
624693630,1071.1093473246162,547.0421438234565,1080.2583,518.1734,1
624693647,1069.7918387304896,546.112285257401,1055.8445,545.9359,1
624693664,1068.588321483703,542.7240488513817,1054.7911,518.7677,1
624693680,1064.848951667035,541.8648309382704,1024.139,542.1685,1
624693697,1063.9659456710174,544.1116986341012,1054.5599,577.5294,1
624693714,1061.91754223343,548.0153361397371,1038.7952,600.4946,1
624693730,1061.9589463709383,548.079678203556,1063.7062,555.222,1
624693747,1066.3909065792718,549.876497878563,1125.0112,578.551,1
624693763,1170.4573563392569,829.2287558363278,1173.635,826.5099,0
624693780,1109.9771067052604,787.3732062766012,1112.395,785.9243,0
624693797,1116.3673005692704,767.6130797758013,1124.6755,747.7735,0
624693813,1112.103195216087,832.7588168167495,1108.3257,955.1146,0
624693830,1065.6207822526449,838.8350585716485,930.5755,851.9435,0
624693846,1074.5735844410356,831.9731880147116,1113.7753,802.0025,0
624693863,1077.2698233441372,842.5777429789825,1095.0964,888.4987,1
624693880,1082.284617272332,845.6589506023103,1115.3802,858.1336,1
624693896,1088.351998033148,843.4216652922007,1131.9275,824.1434,1
624693913,1087.207898248544,845.6659014083821,1081.2672,857.2901,1
624693930,1101.726780639818,844.3363174012428,1225.4552,828.9824,1
624693946,1100.0200124865112,853.8979752030152,1085.473,933.1524,1
624693963,1092.8776106346804,861.124369381932,1023.8423,922.507,1
624693980,1097.7182365743101,868.1400627582811,1152.5024,930.4636,1
624693996,1091.737216902545,864.2299001110824,1025.2181,810.9637,1
624694013,862.0848451092426,809.9262620598882,863.9763,807.3044,0
624694029,517.8151502932453,846.1616147349489,519.041,841.7493,0
624694047,577.6788981832555,829.2695653549284,638.565,809.3253,0
624694064,574.1030654444326,776.7936004043243,565.7689,673.9698,0
624694080,593.4645387835499,753.1433500535047,650.126,685.0557,0
624694097,600.9580517754785,760.7637927464987,630.4316,789.7894,0
624694114,631.6470327739739,797.9358525089165,632.6098,795.3065,0
624694130,584.6194469368617,952.6543435452865,587.4878,944.8592,0
624694147,604.9228056195484,821.6175644086663,624.6889,691.7906,0
624694430,602.0471565044663,674.4482746749416,591.5382,393.5973,0
624694446,609.6671802789173,592.1378815305416,627.2065,363.05,0
624694463,616.8828099893132,542.9575040549264,640.0233,367.1521,0
624694480,612.0695616264406,424.6364057996521,607.9907,434.2391,0
624694496,642.1327834478232,398.2440067253204,637.8024,408.7663,0
624694513,667.2289903984729,387.453831093926,687.8108,388.0089,0
624694530,665.4965330062842,371.9584918932011,656.902,353.6497,0
624694546,661.9471882490028,388.28835472506375,647.5425,446.2525,0
624694563,684.5006163680328,419.1363890474609,771.0206,546.0885,0
624694579,700.4789510051328,450.2868150441534,775.8901,604.1691,1
624694596,705.9373579107528,465.1609507325944,733.1942,552.909,1
624694613,713.8722212139994,479.0884670793098,762.3187,571.7148,1
624694629,716.3026916801568,490.7548762887036,729.1974,576.4089,1
624694646,717.4257167574003,504.0196848090088,721.6263,609.7198,1
624694663,721.625419194346,513.6055473986346,754.5703,594.486,1
624694679,724.1946074483332,518.3569979863106,742.9087,558.3005,1
624694696,726.448742261084,527.5947104623554,744.0201,615.5674,1
624694713,726.9419781618388,532.7346429098504,725.415,580.0787,1
624694729,727.0205205814809,537.7753370085481,721.238,586.1473,1
624694746,730.3111425567646,543.491427547077,765.0074,601.8588,1
624694763,766.1601782384581,643.1009133722771,765.5077,645.7936,0
624694779,775.3979054048846,580.7895448611619,773.9456,585.5458,0
624694796,773.5192375522352,590.5592379356116,770.4407,604.4127,0
624694812,759.7122569381888,565.9127398798603,729.8348,523.6641,0
624694829,729.1908964043198,562.7241423875639,636.6548,559.0063,0
624694846,713.6209314645099,526.1776984704036,649.1475,394.1975,0
624694862,711.9079507167615,501.80492384890323,701.1511,396.5361,1
624694879,705.3255547876338,486.2135798580391,665.0244,410.5903,1
624694896,696.7085103525058,477.40639992855455,637.8596,433.7763,1
624694912,691.8903086329765,462.4166498988325,654.4033,368.0841,1
624694929,692.6526179787728,453.3358375649713,698.8394,397.2274,1
624694946,687.3510816816154,443.2856370801805,638.0601,373.3962,1
624694962,697.6577376399061,366.8267358982285,693.0938,378.4781,0
624694979,672.0146068439577,380.1860842276986,667.5432,391.3538,0
624694996,690.0532165352702,372.67743145892786,703.4948,376.9113,0
624695012,677.0224491457192,372.1631351840101,646.3734,382.6061,0
624695029,676.0998959106861,366.93691542097986,668.6227,363.6014,0
624695046,674.3804505047272,359.91415184841196,662.6444,345.2783,0
624695062,674.6004556128468,353.89498624846965,670.6927,338.1475,1
624695079,677.8744914456945,350.4173099393477,691.9333,344.1135,1
624695095,677.7751041780019,351.16887871205427,672.2104,369.372,1
624695112,675.4966029850796,352.54941100620925,653.5287,375.7081,1
624695129,678.12269980269,352.2974567853434,695.4534,363.2084,1
624695145,679.4551481359545,350.20497911252346,686.2317,344.7815,1
624695162,682.1213536171232,347.66187052934686,702.624,337.0017,1
624695179,685.7055782375332,348.84086624516294,717.5646,374.939,1
624695195,689.4854104521554,348.9426244796082,724.6475,363.6564,1
624695212,689.8030648370035,350.5468850534264,685.3691,382.1582,1
624695228,687.6929887594544,350.6156198753054,653.2196,363.971,1
624695245,685.7433762488139,350.5269014102608,653.4055,361.8464,1
624695262,686.7452032071369,350.2216249726504,694.1011,358.7536,1
624695278,683.2873195463585,350.6207647075084,629.1868,368.3662,1
624695295,685.2552626442315,346.94433308675474,708.2855,308.9329,1
624695312,686.9711681809973,340.6632551395271,705.3282,267.0376,1
624695328,691.8937555130682,333.2958965172819,757.381,246.086,1
624695345,694.7196369623131,327.0388751843885,726.8347,258.4733,1
624695362,697.4300862443631,320.9256809425908,726.9197,256.5319,1
624695378,695.406787215519,316.27095761666334,650.0899,275.7281,1
624695395,696.8030078458587,310.69138730924584,707.4401,257.2132,1
624695412,698.2865311724312,308.0303647479738,710.7092,301.3021,1
624695428,699.8318485652181,304.4166295743493,712.7177,282.4193,1
624695445,704.608421867152,301.0926869668061,770.1097,283.9876,1
624695461,707.9923716392309,295.91361336082093,747.4373,249.3033,1
624695479,709.1999725596149,292.3781380972071,707.8242,281.7893,1
624695496,712.2505328585863,287.94185242700826,745.3226,261.0006,1
624695512,714.6185167345809,284.3797815880734,729.2543,272.257,1
624695529,718.3386003600141,279.2415648588719,757.1733,239.6575,1
624695546,721.387865707115,274.81272614244324,747.1633,245.8162,1
624695562,725.903632510585,272.7472909124484,776.5584,281.2044,1
624695579,726.3916043758339,268.65145672558754,710.2051,243.7724,1
624695595,726.4982169483019,263.7628370158049,703.5381,229.1885,1
624695612,729.2943662865513,258.4458560407836,750.946,218.5047,1
624695629,732.9866892013307,253.1316033550896,773.381,212.9883,1
624695645,735.7120068614596,251.37545015901944,758.3614,266.8772,1
624695662,740.1930885099289,250.4953231120495,793.1853,277.0441,1
624695679,741.0534198092812,252.17553383415714,734.123,320.3808,1
624695695,738.4758604589978,256.553375004637,677.3854,360.9099,1
624695712,737.948328737855,260.73861590819786,710.967,356.7053,1
624695729,737.1832655729422,261.3924324379379,704.7934,292.9251,1
624695745,734.9136719664452,263.8728914364364,681.1476,321.9043,1
624695762,733.6388727093383,265.89474815334,704.3326,312.8128,1
624695778,733.5939543266734,268.91548403683475,720.3357,330.0978,1
624695795,729.4444871588148,274.0924211638479,658.5204,360.0972,1
624695812,725.4986946482277,278.93522420817243,661.6185,351.4323,1
624695828,725.8123981054156,282.4871908651412,740.5653,329.9439,1
624695845,719.747597549925,285.44546239026374,624.3434,323.8263,1
624695862,719.4587359905505,290.00829465309175,724.5358,353.6535,1
624695878,718.2979468345035,294.1312936583678,699.9642,351.1476,1
624695895,716.3676765594577,299.0380878268143,692.0533,365.4116,1
624695912,715.3762219910213,302.89856569059197,707.0679,355.6724,1
624695928,713.9376007543053,305.0905996385969,697.4476,328.5992,1
624695945,714.280025824822,305.9857154403885,732.3928,310.2968,1
624695961,712.9862327888477,310.1497960625827,699.7994,365.1115,1
624695978,710.0138444877753,313.6084208157029,664.3535,360.1565,1
624695995,711.3029683791542,316.982234149279,741.2587,360.0255,1
624696011,969.5605630905725,432.22357175923827,966.7756,442.1998,0
624696028,1074.1976085203933,310.94903743813114,1070.1451,325.0925,0
624696045,1044.1284026055137,299.34647991660853,1009.574,302.5739,0
624696061,1048.143486089233,311.22293001558717,1052.4817,348.2094,0
624696078,1065.1814669591208,297.2530114337665,1111.1306,271.747,0
624696095,1059.0805748442713,298.1942692783248,1030.413,316.5492,0
624696111,1059.2465976060819,294.50526389602095,1055.385,292.0519,1
624696128,1061.43977486427,296.5085689443279,1069.8992,322.804,1
624696144,1067.1098220799165,296.9462727028572,1100.4285,314.6975,1
624696161,1063.684304025707,292.40388355512806,1032.0273,274.3177,1
624696178,1068.624884266192,290.40365066138884,1104.8571,290.1022,1
624696194,1069.69241393882,294.0050275220988,1074.1715,341.649,1
624696211,1071.1214257123981,297.1046888417091,1079.7734,341.5405,1
624696228,1071.600711661279,293.8051345551269,1069.9944,274.412,1
624696244,1075.058774667916,292.4323001105699,1107.3909,292.9188,1
624696261,1079.5855215014346,294.88903876033925,1126.1826,338.5811,1
624696278,1081.4591144112064,293.8955289968872,1095.5776,296.6918,1
624696294,1081.2338019142896,293.27772115018763,1068.8044,300.629,1
624696311,1080.2768866101867,293.3308335435535,1058.5806,309.2824,1
624696327,1081.8100012801428,292.42840995698066,1094.8623,295.6766,1
624696344,1080.9768852988548,294.6860445176982,1061.1378,341.2173,1
624696361,1082.9958606555304,292.71227122099816,1104.562,279.2804,1
624696377,1086.2829297931553,288.0360908516855,1125.9578,236.5554,1
624696394,1086.187689772652,287.77787203445683,1074.6013,302.5904,1
624696411,1085.9918510416294,287.1246491427382,1073.4314,295.8794,1
624696427,1087.8819500649297,279.81776085476355,1107.2966,188.2172,1
624696444,1084.7548217623637,276.1916599287711,1024.7107,244.5092,1
624696461,1083.4251866001725,268.5829642073883,1053.9009,176.8116,1
624696477,1082.14081343179,262.7811618986874,1055.0,203.2154,1
624696494,1078.3038511749833,256.50719199981086,1010.4047,191.9731,1
624696510,1077.6178043035668,250.10357228530668,1064.5254,186.3187,1
624696527,1074.1590655596187,247.45393447126227,1016.3345,252.2567,1
624696544,1074.352333777221,242.9295314945312,1073.2642,214.8383,1
624696560,1071.8154363289386,236.00274584333172,1029.531,175.4024,1
624696577,1069.1977915910645,232.54292089104945,1034.2101,221.7335,1
624696594,1064.4670197311245,228.8788668207336,987.3318,219.2677,1
624696610,1061.1202026563474,224.21918651458574,1013.0129,195.8026,1
624696627,1059.7349027135579,219.86244287638672,1047.262,200.0896,1
624696644,1059.129202941702,217.26846321130617,1062.3853,224.4778,1
624696660,1058.2507452204998,215.03965793517588,1048.3853,222.1917,1
624696677,1057.0874383892967,210.5528539066895,1048.8578,182.0582,1
624696694,1055.4723151266126,204.80758548058188,1035.1116,162.135,1
624696710,1052.2199218865835,203.05558335330943,1006.0353,224.6689,1
624696727,1048.9604468055597,201.4015114290593,1002.8524,214.9746,1
624696744,1047.3496339018695,199.72771913548593,1033.3831,213.2352,1
624696760,1045.786413292657,200.46558811438538,1034.0009,255.0653,1
624696777,1093.230615298983,522.5440253261891,1092.0623,529.7679,0
624696793,1084.2088445387196,643.1140237119932,1084.6177,646.3604,0
624696810,1086.1839985572558,622.2114499193831,1088.0197,605.9872,0
624696827,1081.3471639378154,629.0807950344249,1072.0884,646.0717,0
624696843,1074.7091272498142,622.8383408769616,1054.8879,608.8025,0
624696860,1075.65866607708,619.8597125189607,1079.5757,612.7361,0
624696876,1075.7932159285272,619.2296758789632,1076.6831,620.6022,1
624696894,1076.6737604129369,621.6689947338228,1082.2573,639.5911,1
624696911,1076.4762319521017,617.2046459281786,1074.8905,592.6414,1
624696927,1075.3942515341928,615.538586363804,1067.21,608.2209,1
624696944,1072.2068789149362,618.6372580637878,1046.2776,648.4465,1
624696961,1073.7434992799144,624.2148537436931,1089.4749,677.3936,1
624696977,1071.5413956695024,625.4789262089788,1050.5979,640.1833,1
624696994,1071.6051777055284,625.4268023598348,1073.4574,627.3164,1
624697011,1069.5902931976777,624.5271513810687,1047.9514,617.2894,1
624697027,1065.9514068372475,627.8073753116064,1025.2393,667.8917,1
624697044,791.1986252978406,665.7715179991628,790.9319,667.7629,0
624697061,737.9911285893038,652.3379070376138,737.3678,654.678,0
624697077,721.4846559935252,632.9648922758524,703.771,617.1956,0
624697094,729.7122796607969,644.1890702228437,745.7406,668.4785,0
624697111,726.437118380913,641.9152618592133,715.7613,637.9707,0
624697127,730.7056379317951,639.6226941035472,746.6331,633.6914,0
624697144,735.6601751794566,644.8911778834242,759.2898,672.3967,1
624697160,730.3566435673416,653.0848519023285,699.1004,700.8281,1
624697177,711.8926285736761,660.1527636312568,588.5989,706.4301,1
624697194,715.894968556061,651.3989511612355,746.8956,588.3184,1
624697210,718.2530033203964,646.2002190005313,738.3007,606.4734,1
624697842,709.6079882397837,635.1773841372741,629.6011,541.5493,1
624697859,699.4692535865686,625.3625449430697,600.2877,538.2139,1
624697876,694.139288503992,626.1538317787752,642.7731,642.9369,1
624697892,683.6282493384252,620.1532737683988,570.9608,563.5914,1
624697909,678.751449540581,613.7447957577307,629.439,551.1187,1
624697926,676.9330851922288,609.2087137917943,664.2218,567.6952,1
624697942,673.8009230546544,607.4993016456356,643.5557,600.1984,1
624697959,671.1752701724878,606.6976344020604,646.889,610.3521,1
624697976,669.167369148414,603.9821037071462,652.137,581.4122,1
624697992,665.751985621252,602.2476625824904,627.9622,592.6356,1
624698009,661.7980441217104,602.0926580840184,615.9487,614.0247,1
624698026,659.2622334474653,600.0050809117649,633.9139,583.1832,1
624698042,657.9210728869982,599.2275694910919,650.3402,601.3071,1
624698059,655.6239518280598,596.7959723948713,631.7659,573.4143,1
624698075,653.7835414639859,596.5297304722927,636.9627,605.9141,1
624698092,653.4271660119264,593.3239121649115,658.7643,556.6885,1
624698109,648.5011081135381,590.94544098683,578.9205,567.7257,1
624698125,649.1726424808934,587.39159608187,671.6233,546.2153,1
624698142,648.0019428707499,585.1340557666708,638.1694,565.3835,1
624698159,644.5494286133687,585.6391682804045,596.7819,609.7369,1
624698175,643.6716186337883,583.2865950134919,648.4453,566.6152,1
624698192,641.8669230377209,581.0824125507951,625.6652,562.8313,1
624698209,643.9408274643577,579.9253806607857,695.4554,583.8735,1
624698225,643.4322140699187,579.7536230512861,644.6796,594.749,1
624698242,640.7732418548413,577.161377688164,607.6487,551.5177,1
624698258,637.5423621335299,574.6603252161751,596.6671,555.1644,1
624698275,634.2011892560577,575.0744541376425,586.9524,604.8143,1
624698292,635.6244986329128,575.5801923033284,657.6709,604.4995,1
624698309,636.3275070589127,577.7965957473009,661.5687,619.1371,1
624698326,636.8684987939398,577.0091796918579,655.0923,570.1472,1
624698343,635.9810321652651,578.1889930817686,618.0062,596.3954,1
624698359,637.1477437554828,577.858604210485,650.7912,571.3258,1
624698376,636.4597802150853,577.8255155635226,623.2721,587.4918,1
624698393,637.2081202244597,578.2953499411047,641.1848,587.1163,1
624698409,636.867344646196,580.5017429891249,629.3706,615.4894,1
624698426,637.7337016241613,580.5581883009919,653.483,581.59,1
624698443,636.5136549164721,578.1289936115368,613.8601,543.3465,1
624698459,635.660697768776,578.6018160333172,621.1632,593.1594,1
624698476,636.0956634039111,579.8908130532442,644.1749,603.7206,1
624698492,635.6947801154419,580.3949777161804,626.6398,591.8206,1
624698509,635.2489083285672,579.6042729616457,624.4307,572.2801,1
624698526,636.3658792826785,580.7746852093217,654.2332,602.113,1
624698542,637.8730580789831,582.5069803916385,662.7759,613.7577,1
624698559,638.1333289014929,583.6067644718037,638.7839,600.4324,1
624698576,639.114398152111,583.2735047018195,651.7844,580.2795,1
624698592,639.6766649525186,582.2650898337433,646.6817,564.1515,1
624698609,641.2645623789784,584.868467056522,657.3586,627.0634,1
624698625,640.9464558657082,585.8862648473884,634.2065,598.8,1
624698642,641.966248081834,587.7320379216237,654.2509,615.81,1
624698659,638.6651383530609,586.2110102024803,574.1345,564.194,1
624698675,640.4180096133018,586.6146183225213,669.0511,592.5692,1
624698692,639.6362425693873,586.2376951291727,622.2109,579.6566,1
624698709,640.0886380139398,585.959774827501,651.1904,584.1694,1
624698725,641.2335504619509,586.2649063454138,657.6246,595.3892,1
624698742,641.1579426357458,586.6744967029525,632.7809,592.8536,1
624698759,639.8866358474919,583.7750390657746,610.7624,538.1268,1
624698775,643.558259793547,586.7250767464975,698.3649,642.3579,1
624698792,642.8918985808939,584.023362752787,629.2028,546.5886,1
624698809,643.2901989188506,581.0130538055602,648.0468,542.614,1
624698825,642.3390067095902,580.3203496226945,624.2027,576.0104,1
624698842,638.3020059040418,580.4681392735188,566.6672,592.6252,1
624698858,638.5727211174554,582.5746861297072,646.0693,622.71,1
624698875,637.5249075406608,582.7704440450881,619.3964,592.0116,1
624698892,640.7582944877552,586.500578245935,696.8762,651.4565,1
624698925,640.2879000487176,587.2255184235554,629.9979,603.4879,1
624698958,637.4747775351794,584.7581447575401,590.7968,545.9395,1
624698975,637.8726109301963,586.4864413073524,643.5109,613.1439,1
624698992,637.5943991077339,589.730108905352,632.844,644.425,1
624699008,636.9956159141046,588.9410237797869,628.5354,577.6346,1
624699025,635.6765608579876,588.4726311032881,613.782,581.9427,1
624699041,633.3185822497494,586.8782499095225,594.8573,561.2368,1
624699058,632.0786277062272,586.682580776587,617.3342,588.3223,1
624699075,629.9874852847323,587.9968079407146,602.6658,614.8549,1
624699091,631.596892035994,587.9835689336817,663.4756,591.0792,1
624699108,631.9810040284359,596.9333793544412,644.6736,740.2388,1
624699125,635.1295844892035,604.9986070917386,691.4884,724.5923,1
624699141,636.5877686344578,612.8640140609369,662.4586,729.2209,1
624699158,636.0010833267736,622.7917492453292,624.4741,762.4938,1
624699175,636.7686479400359,631.4465995737568,649.965,745.3981,1
624699191,639.1095883127501,638.7492780003955,668.9564,720.5437,1
624699208,639.1118534061125,646.3578833639049,638.879,732.936,1
624699224,641.0878296388665,655.3020343979781,668.8298,758.6723,1
624699241,645.3638642974341,661.5657007613787,712.051,719.1653,1
624699258,647.9264891985314,671.124527175051,684.0396,781.2839,1
624699274,653.5972090491464,681.7962054364531,736.9564,805.5846,1
624699291,654.6762873990067,687.5589831194886,654.8467,723.4808,1
624699307,655.3302652080255,690.825166448553,657.7758,699.281,1
624699324,660.1729434341952,697.2212982256663,725.6476,748.3163,1
624699341,660.6927146805152,705.3150430429299,654.4758,783.6401,1
624699357,663.59148598138,708.2374182728327,694.483,707.204,1
624699374,665.734123623407,711.1940360443161,677.8768,716.124,1
624699391,668.687112292669,713.1188377899109,703.0923,707.9351,1
624699407,671.9480428424051,713.6881637758726,707.5508,687.3881,1
624699424,859.3803155057763,834.2652219820659,861.5872,830.8389,0
624699441,1031.949902200627,849.5188787227778,1034.9359,845.892,0
624699457,1020.9811735515304,863.82621011208,1013.3343,873.4932,0
624699474,999.8596655202898,840.0973068181355,959.9241,790.9738,0
624699490,1002.7289740597961,836.8805077469459,1014.2352,824.6875,0
624699507,1010.8080583908379,830.733757385664,1045.2496,804.7774,0
624699524,1001.2300696251485,836.6783774642433,957.4766,861.944,1
624699540,1004.8596591177262,840.309156700428,1029.5162,857.4615,1
624699557,1097.0858101606398,1052.5904757854498,1102.9962,1042.4044,0
624699574,1010.1502717342712,807.0725247360168,1012.4977,804.8024,0
624699590,1029.38108938798,835.4072641325513,1051.7931,859.6069,0
624699607,1027.782593687597,848.8446860865706,1027.8146,870.9149,0
624699624,1034.0024593195408,858.8428776635843,1055.939,883.2795,0
624699640,1032.6118483603782,862.5599384510161,1030.2284,871.9907,0
624699657,1045.8305803437186,850.8323542774973,1112.4244,791.3708,1
624699673,1033.4473014498028,863.7271355267837,964.7303,931.6129,1
624699690,1040.9572080327764,867.6607035412485,1094.8604,887.7095,1
624699707,1052.6707127475513,869.1620273137919,1143.5062,874.3716,1
624699724,1072.0070689177019,865.1883690693668,1233.5563,827.6476,1
624699741,1084.3339674255878,859.3351634674138,1192.8779,803.2792,1
624699774,1093.6903698791816,854.6227171449424,1179.4502,806.8217,1
624699807,1104.5840968223033,851.5715810046129,1211.1514,818.9696,1
624699824,1109.53154566246,850.944764912103,1154.0875,843.4297,1
624699841,1115.0185011265075,851.9452809747042,1168.382,862.6934,1
624699857,1121.1365396552237,845.1750608038953,1182.9586,763.4194,1
624699874,1130.5113145569242,840.7076334919882,1236.4866,787.1928,1
624699891,1163.6125678771728,817.9934013984082,1166.6176,815.6318,0
624699907,1172.2797299770705,926.8946609868322,1176.7654,920.9698,0
624699924,1178.077431492021,909.5402144065113,1187.9227,887.4644,0
624699941,1180.4727797616345,896.5145334322366,1188.9832,866.6599,0
624699957,1171.8773908857436,876.8130422543347,1149.2867,816.2744,0
624699974,1177.7299600049125,874.9754651132574,1204.6975,864.6686,0
624699991,1180.4270512532444,881.4875449493898,1197.8301,908.6193,1
624700007,1184.061343934059,869.9563110974725,1207.709,801.9647,1
624700024,1179.8116523827657,856.9989524333295,1153.2245,771.4043,1
624700040,1167.7009037352145,834.1684711698987,1077.408,668.4462,1
624700057,1069.8140901133884,502.5414634725387,1068.301,510.3818,0
624700074,1032.0664397534272,456.1740539220674,1029.8093,465.4722,0
624700090,1038.68411481017,470.66291006838105,1043.4576,493.4851,0
624700107,1053.207943681559,486.7546608381113,1080.78,525.9925,0
624700124,1055.1144054284287,490.87130718344497,1058.9731,510.5776,0
624700140,1052.1004644306001,497.23237500128073,1038.6123,528.9227,0
624700157,1050.437761853819,507.2206749604837,1041.3013,561.1274,1
624700174,1048.4330122390984,503.0677063528709,1034.884,486.2532,1
624700190,1046.8597717707166,504.0346188748528,1035.0443,517.0628,1
624700207,1040.3956646742831,499.6743065276464,990.0047,474.8145,1
624700224,1038.2186920896706,500.09709154925025,1019.8911,511.0907,1
624700240,1038.227535032509,501.11936683724844,1038.6246,517.659,1
624700257,1040.4385063619638,499.6904627604105,1062.1449,493.5482,1
624700273,1037.5774611033403,498.6995885228039,1006.5822,496.4318,1
624700290,1043.9189414405923,495.6360768932406,1114.7168,470.9821,1
624700307,1044.3063403496835,496.5369019379616,1046.7811,516.1848,1
624700323,1046.183668890394,499.6806301611042,1067.5728,546.1166,1
624700340,1046.352929106441,500.59394567950505,1045.4723,519.403,1
624700357,1045.9503620373948,498.74933545421504,1036.9601,482.0409,1
624700373,1047.2977649737752,497.62421797980085,1062.7415,490.8004,1
624700390,1048.7258125413396,496.2055130847112,1065.1035,485.584,1
624700407,1048.5383130970522,498.15778911824367,1041.8326,535.1044,1
624700423,1047.7429243957079,500.54646376277594,1032.3483,542.9713,1
624700440,1046.1190490830681,500.34342123542405,1018.0997,503.8672,1
624700456,1045.7485818516889,503.4793080220352,1038.7339,556.8688,1
624700473,1044.6799251100197,502.65581079504,1026.127,494.7249,1
624700490,1045.235174540481,501.35789552996965,1053.048,486.9374,1
624700506,1044.1316036029348,499.546497955423,1024.8086,478.1446,1
624700523,1042.7886431088434,494.63608775668115,1019.5872,426.1621,1
624700540,1040.8232100693156,487.944018975781,1007.8529,394.8367,1
624700556,1038.6730854218285,482.89537279679894,1004.2552,420.4169,1
624700573,1038.5892200626126,479.9506592875156,1039.5155,451.842,1
624700590,1032.4056811526782,476.07012296370397,933.5863,437.7801,1
624700606,1028.5851203932036,471.6523156845955,977.63,430.3908,1
624700623,1025.0384613803676,468.2085365536372,978.5842,442.8022,1
624700639,1023.0547247711397,462.8490879022965,1001.647,409.9482,1
624700656,1020.0725972101222,455.6159102948454,982.3723,378.5798,1
624700673,1017.8702753612698,448.5847108207723,993.5441,370.6579,1
624700689,1015.9547501278382,441.0018859506612,996.5017,361.3747,1
624700706,1012.9873472818024,435.89360412174244,972.0962,394.7596,1
624700723,1011.2668696606282,428.8210048070435,994.913,361.5735,1
624700739,1005.9669493575827,423.0825811303981,932.3531,379.9792,1
624700756,1002.4573370665257,416.49038436686584,963.2081,358.2054,1
624700773,999.92304828983,407.93446279025864,971.0339,320.5627,1
624700789,998.2165092335342,399.5127076071168,993.9956,315.0381,1
624700806,997.2980577559299,392.14739269134554,997.1603,332.1484,1
624700822,997.0460691044899,388.6613858698897,1009.0209,394.3123,1
624700839,993.0546884263147,383.10258455690524,938.0099,349.8708,1
624700856,992.5854390453231,379.1278988785697,996.6166,366.7689,1
624700872,988.3464118604735,375.73499781647814,931.0803,371.8232,1
624700889,983.5651200444744,373.21781657958945,919.3416,380.5238,1
624700906,980.8989024197833,370.50326500994447,951.0872,377.0269,1
624700922,980.6796387155127,366.89467318259096,990.144,357.1481,1
624700939,977.5780568443427,363.791304065464,936.0854,356.1784,1
624700956,973.6137921505359,361.165117585949,921.1075,364.9404,1
624700972,973.8485890400158,358.50355280218696,990.7549,353.1203,1
624700989,972.8344655592267,357.3938564161535,969.7212,374.6283,1
624701005,971.0263378941486,356.75325733847546,950.6166,378.1869,1
624701022,970.8755355493535,356.62614326351814,977.251,378.682,1
624701039,1158.1745800355993,194.34837578448443,1152.8479,212.4695,0
624701055,1270.7778001466495,63.40784993077389,1264.0813,86.0277,0
624701072,1245.8438267086617,83.11173636217869,1214.6353,124.0052,0
624701089,1251.8926602708457,89.68943270021873,1257.844,123.9798,0
624701105,1267.0070420531524,86.59801967346264,1305.4727,99.4729,0
624701122,1263.0367503312932,93.187250858318,1240.9991,139.7009,0
624701140,1264.5261902926568,93.02150983695218,1265.2378,113.4842,1
624701156,1263.1314059249578,98.78553872148395,1248.9208,152.028,1
624701173,1262.079675969682,103.62695398304156,1249.1167,155.1478,1
624701189,1260.7288900821993,113.64095501037056,1245.4617,205.7816,1
624701206,1262.5280173616886,120.4725998327043,1272.5153,193.1757,1
624701223,1269.230096388974,116.22370989279841,1323.6697,95.6253,1
624701239,1270.1384570516575,117.47711255362587,1271.4875,147.2453,1
624701256,1273.3149782326839,116.26039854895362,1298.7316,121.6878,1
624701273,1277.3475061551478,112.00835604652664,1313.0199,84.6582,1
624701289,1279.4179367288748,111.24031186104891,1293.6003,122.799,1
624701306,1282.055200475413,108.13746127554582,1303.4434,91.9868,1
624701323,1284.246602934647,108.65401667140092,1301.058,137.4102,1
624701339,1284.0400858667683,108.08435820718347,1268.9669,122.8246,1
624701356,1287.3113527971414,109.27849674809367,1321.2065,147.6511,1
624701372,1289.374909720727,111.20324639468876,1306.2451,159.3052,1
624701389,1291.927435961787,110.82496954780625,1315.6401,126.1465,1
624701406,1293.6409927293807,110.42183769120463,1304.7979,125.5741,1
624701422,1297.8848752073193,111.69394360302992,1348.1006,151.6278,1
624701439,1298.7115897854846,112.13106657641933,1294.9856,138.9952,1
624701456,1300.4463352868845,112.57865129232175,1311.7172,139.4839,1
624701472,1300.5642172709956,112.06289893119974,1286.1326,124.0366,1
624701489,1301.0305393204162,110.33170148632318,1293.1073,103.9548,1
624701506,1302.2642993284342,108.30805754406975,1307.6179,98.612,1
624701522,1306.3126833333263,104.83550033367113,1357.7355,73.7833,1
624701539,1309.4960912119818,103.60305750091669,1345.4296,110.4137,1
624701556,1311.3779036220926,105.34408697561582,1321.2374,155.9852,1
624701572,1313.9611812525063,109.22263037132389,1331.2034,195.9771,1
624701589,1314.0367422673946,107.46628748202562,1293.2893,100.6245,1
624701605,1314.3787847925455,103.70923963854611,1304.3947,64.2624,1
624701622,1314.9889206281543,100.39569776393557,1303.9565,75.7448,1
624701639,1055.7395316965815,189.21879154036955,1050.0027,207.33,0
624701655,704.6811206075123,235.57120592559158,698.3909,251.5477,0
624701672,667.0581664106979,245.25432994967085,623.2479,270.1228,0
624701689,653.0899882426522,252.17693418095345,619.3712,280.7275,0
624701705,632.3657921890922,253.05023655184343,564.855,270.5765,0
624701722,605.760745015342,252.87875452251825,495.6082,267.1135,0
624701738,626.0515553149164,298.88490783056204,620.343,312.644,0
624701755,628.288671525059,257.32789857147066,622.0336,272.4564,0
624701772,626.0085884222004,250.94338383315488,617.294,260.1148,0
624701788,640.6127754235222,254.10802588304443,663.5714,275.528,0
624701805,637.1238004584447,252.51888743847172,620.1837,263.2305,0
624701822,615.9431963019788,261.361134601987,526.66,309.7832,0
624701838,612.8717590406486,261.1199611555939,592.5587,274.5475,1
624701855,606.3429786335676,257.50898369806686,563.054,251.9968,1
624701872,610.8671596510726,264.2246705597709,637.2288,322.3933,1
624701888,610.6739545816522,256.31428162881576,603.1868,213.1664,1
624701905,609.6520520933786,253.12703301322858,595.4662,243.1519,1
624701921,610.8080904494543,248.59644956720194,615.5928,225.2135,1
624701938,606.8909576748005,245.49847872463772,562.2312,233.5373,1
624701955,827.4506693679415,349.01947980798406,823.0824,361.4821,0
624701971,952.0527973190437,265.80806818680514,946.991,281.222,0
624701988,988.2566781829756,291.60029236735556,1020.2347,331.1739,0
624702005,978.053737817652,313.7284729394488,953.7737,369.9814,0
624702021,996.5800450373247,317.74031976883964,1047.5917,342.6769,0
624702038,998.3047979269073,338.10641952718265,1001.6306,427.9859,0
624702054,999.6051401393687,358.77458419242276,1002.9556,466.9247,1
