timstamp,smoothx,smoothy,rawx,rawy,fixation
633064660,1109.1733705736956,402.3149868113778,1102.4698,184.4872,1
633064676,1109.4737828317157,402.4617869836998,1122.6691,167.0161,1
633064693,1107.9880881402582,402.37169267706815,1092.2264,167.593,1
633064710,1106.507052470446,402.35846409602465,1093.5211,168.3146,1
633064726,1105.781525226596,402.77136247305106,1100.9181,180.6839,1
633064743,1104.2923053757813,403.72948596254497,1089.1195,202.5366,1
633064760,1103.056434916487,403.9623171730216,1094.714,176.5233,1
633064776,1103.4572447952742,403.4768955714612,1118.2344,149.6581,1
633064793,1103.4623871639726,403.57184263594564,1110.1765,170.9614,1
633064810,1102.7935389412473,403.49729749465206,1101.2299,167.7219,1
633064826,1101.5288702615896,403.5226867669536,1090.5386,174.0816,1
633064843,1102.3798405264831,402.9379990574916,1120.9615,147.114,1
633064860,1102.464107843817,402.50283499952536,1105.4026,156.5965,1
633064876,1102.8548572681505,402.5562362639943,1113.2791,168.2184,1
633064893,1103.1092571877025,402.6527824580076,1108.5889,171.2746,1
633064910,1102.603201429597,402.6655808225961,1097.5698,171.9619,1
633064926,1101.714479240056,402.66189564586347,1090.3093,175.5205,1
633064943,1102.1505773652093,402.7737856804949,1111.6741,173.3125,1
633064960,1101.392465580581,402.2602585814199,1092.9199,154.8422,1
633064976,1099.3467231059433,402.4472540860698,1071.5978,183.7524,1
633064993,1093.77789311949,406.7726909352731,1007.2947,331.8359,1
633065093,579.2009414479379,419.87777857899005,582.572,323.4517,0
633065109,601.6137491273506,255.45471381504296,605.6943,19.8015,0
633065126,594.7400299701097,228.92648275665795,592.2308,-73.1384,0
633065143,563.3181975010544,211.91975794476974,505.5229,-96.6591,0
633065159,671.9748168492358,272.72358888171493,997.0748,286.7367,0
633065176,736.5356125904783,310.1634918571309,989.6318,292.6416,0
633065193,985.4485686089592,477.44608101724845,987.8232,332.5764,0
633065209,999.7776771632203,472.21170352590394,1002.1503,319.7141,0
633065226,993.7477912760837,464.9563727181709,990.1937,296.2411,0
633065242,1001.3243905403946,461.86797186311617,1018.8295,285.9667,0
633065260,998.8418084088815,460.2899882154219,993.8608,291.7061,0
633065277,997.1376478364824,461.0392984525003,992.8676,307.1993,0
633065293,996.1534395998582,461.86574060843907,993.8591,310.3456,1
633065310,998.5732585942835,463.3231960248224,1015.0454,315.869,1
633065327,1000.589510087835,464.2898894477559,1016.266,313.4707,1
633065343,997.2297338818295,465.45028151830996,974.061,329.4,1
633065360,998.1306531915707,465.9746737346776,1008.2025,314.1047,1
633065377,999.6971808565988,465.3165028568479,1016.37,292.0619,1
633065393,1001.2078354704274,465.8044761372195,1018.05,312.4417,1
633065410,1003.2873430347213,465.4649128760907,1026.7825,294.3878,1
633065426,1004.1664561966655,466.391219709841,1014.9263,324.3579,1
633065443,1004.6205535709105,466.5615880123275,1010.7154,309.9688,1
633065460,1000.3330669660584,465.4124080889566,948.2811,293.1635,1
633065476,988.4912784057677,461.3131911880968,839.468,242.4376,1
633065493,977.9622266077059,457.11870383145265,846.5732,230.9564,1
633065510,967.1586636020797,453.7758792592026,832.5571,249.9583,1
633065526,956.1011408686965,450.78361969194475,818.9574,257.278,1
633065543,946.8359258172978,447.3463248353272,837.2039,235.5882,1
633065560,937.9636231949848,445.11542000206396,835.2367,265.4483,1
633065576,930.8032850803261,441.36564761155057,855.2228,212.4009,1
633065593,923.1997972620708,439.60014509849805,841.0967,269.4067,1
633065609,915.0646644116679,437.6406895442764,825.343,263.696,1
633065626,908.7196642520793,436.25103311551527,848.1914,271.9965,1
633065643,902.8241448658798,434.7010782712663,849.2946,263.4477,1
633065659,896.8786112279971,433.1897296702604,842.0043,262.918,1
633065676,890.0313632083466,432.3173402139595,819.8908,284.763,1
633065693,886.1758048914146,430.2798242947561,865.2762,234.1652,1
633065709,881.097673187377,428.8857819884056,849.6677,262.6685,1
633065725,875.744044912099,428.6100859209842,836.5955,294.5048,1
633065742,869.9861775299577,427.5870344532421,825.778,269.6989,1
633065759,865.6759830296486,426.620506113339,841.3899,264.6795,1
633065775,860.7681912876761,426.13240838820695,824.3433,282.3583,1
633065792,869.1281543242704,428.9083145410572,1048.7323,330.1036,1
633065809,1184.939436982594,512.394588096107,1186.7943,349.1783,0
633065825,1189.458508014373,520.9026979059396,1191.2664,363.5579,0
633065842,1184.6590978675881,524.16044311652,1181.6675,377.6169,0
633065859,1190.159208849387,514.2894346051132,1203.0205,313.1914,0
633065875,1189.3555713614323,513.5909885357013,1188.7688,347.3688,0
633065892,1192.0536233683454,511.65693848291966,1204.4683,330.1919,0
633065908,1189.2737360922586,511.3356004855095,1177.4723,347.0536,1
633065925,1188.9986227814115,510.63045790716177,1189.3276,338.4634,1
633065942,1187.6975974435657,510.0439602616365,1180.9983,339.7689,1
633065958,1188.146284921214,509.6004377359693,1193.6221,337.1509,1
633065975,1187.577235495747,509.4422584002466,1184.8757,342.6672,1
633065992,1187.9192623168647,509.44422861433804,1193.149,343.1541,1
633066008,1188.9507404809292,509.99559002580094,1201.0723,352.0331,1
633066025,1195.398180515611,510.5422426032839,1264.8018,338.3029,1
633066042,1194.0430636085662,510.5051838706058,1178.5852,346.9589,1
633066058,961.4422916723677,451.0034251439091,963.9809,290.2235,0
633066075,816.1067093521748,426.89846575773953,819.0178,280.5896,0
633066092,801.5655265165392,422.4006514884552,790.0659,271.1026,0
633066108,801.4913188546981,418.06554374824975,804.4343,252.4143,0
633066125,803.4760232166668,413.09307504760613,812.4866,230.5095,0
633066141,822.0192279410676,413.2045421919318,897.6343,238.4865,0
633066158,820.4174281072353,413.40046206245347,814.7014,259.2548,1
633066175,817.1305080748846,414.04007130000326,800.3726,268.7141,1
633066191,814.5379666778086,413.39151308333953,799.9006,252.984,1
633066208,817.4982640977664,410.94701244896567,842.7058,213.1721,1
633066225,818.3436925535137,411.8900123339687,827.7888,266.6101,1
633066241,816.6201335497221,412.51580658842386,803.2711,269.2033,1
633066270,819.8433678841056,412.0799437989527,854.2635,238.009,1
633066291,822.2762461605952,409.8839663085257,849.8441,201.1127,1
633066308,823.7146724832456,408.46505594109027,841.03,214.9951,1
633066324,825.6577211513843,408.2762404946061,849.3038,238.2394,1
633066341,826.112322536319,406.6933924919595,831.9744,208.0085,1
633066358,828.9429861097377,404.33665746494694,865.6069,177.3615,1
633066374,830.673713197838,403.8106458482688,852.7852,223.4662,1
633066391,831.823685572481,404.0288028907187,846.076,243.6959,1
633066408,831.232133280044,406.4878270642382,820.8926,311.1505,1
633066574,441.61860788048966,267.4409832985749,890.7309,158.0094,0
633066591,595.4798881338703,308.93081907150673,901.9099,195.7547,0
633066607,677.7243400614642,326.0940566302014,919.9628,164.2606,0
633066624,727.0041760340083,339.0985997379353,916.4252,188.0793,0
633066640,886.2792542496387,396.31178911710214,889.2031,208.612,0
633066657,879.0555454059213,376.85231402662885,882.0812,174.993,0
633066675,889.2521363838036,385.4840999995923,902.3328,201.5023,0
633066691,889.0854658095564,386.06080251075866,891.6636,191.4407,0
633066708,890.9807132352564,383.91751230801964,899.5426,172.0836,0
633066725,894.3551263088706,380.19433348132685,910.5201,147.8907,0
633066741,893.92218407635,380.94847165551494,894.5173,186.5076,1
633066758,1261.8776292943437,351.03874252347435,1264.3295,38.297,0
633066775,1241.0012788960444,340.1339970104015,1243.5406,23.4072,0
633066791,1057.491053458285,370.118147232008,877.3765,218.129,0
633066808,1006.1158029507682,379.27202019068443,907.8324,206.0451,0
633066824,972.0853930965435,384.52546436750583,875.8186,218.1087,0
633066841,959.520360604475,393.4187867376808,915.6028,259.6679,0
633066858,870.4141176278507,455.1598295857976,873.0982,319.1312,0
633066874,856.0990805741194,447.35970847278395,858.8446,308.3356,0
633066891,876.9113901494303,446.1789836676274,900.3518,294.2985,0
633066908,873.6815061627301,450.94748686648865,869.8232,329.4595,0
633066924,874.5678917440392,448.6201593336983,879.8746,293.0433,0
633066941,872.8326762229993,450.5755249182004,868.6214,325.7966,0
633066958,873.4620088674625,450.94731209909565,879.2153,313.1667,1
633066974,881.9746043963333,460.7950975120241,933.3901,418.114,1
633067689,799.9590962204011,291.9483987965581,803.5149,39.4764,0
633067723,817.1001697664401,286.7766093875997,820.6486,26.0677,0
633067756,689.4586252644181,263.7186062171228,566.3613,2.3245,0
633067789,759.0038018101743,324.9406943425252,900.5302,297.3812,0
633067823,796.5553267446419,355.0840649544135,910.1354,289.5257,0
633067839,820.4535210340846,373.57117848465157,915.3689,289.7353,0
633067856,892.6667131329784,458.62346723418074,895.2948,320.1941,0
633067872,871.5037883233939,457.7034881480732,874.1743,323.4916,0
633067889,874.0929666170568,453.16555046085483,879.3781,305.8281,0
633067906,877.1995672187676,455.1581657271622,886.0026,323.3176,0
633067922,881.2266883302595,451.5071140001439,895.8148,287.5199,0
633067939,888.4873717116559,448.82535062828697,919.481,277.8324,0
633067956,892.6690767066802,448.3542536328779,915.121,293.1713,1
633067972,890.1800524144879,445.58569828354297,877.777,272.1365,1
633067989,893.529768584585,445.5561605719472,917.9374,291.7668,1
633068006,891.1798299318444,449.3284087434615,875.1647,360.3491,1
633068022,779.5669728599299,668.709989037899,781.4411,727.9976,0
633068123,530.1429585977385,350.08041010438757,533.921,208.2998,0
633068156,717.1019145868275,423.86130548545145,906.0161,388.1006,0
633068190,781.9764891979555,445.8695682161754,912.4117,371.6854,0
633068206,814.9565816152436,454.5113316938868,913.3215,353.6956,0
633068223,831.1032088240872,462.6143475204603,894.0956,383.6869,0
633068240,911.3625304919075,498.49070454714604,913.775,388.1559,0
633068256,898.7943356864777,481.2166438693497,901.3083,359.7573,0
633068273,903.1820544141302,486.0821242693993,910.0125,375.3372,0
633068290,896.637164095717,485.8918961685373,886.1299,371.0753,0
633068306,901.0019891322551,484.03725037141186,916.5175,351.2859,0
633068323,906.9442542278555,484.1536733064583,932.6521,358.6063,0
633068340,905.6875737928988,488.7115277002302,901.6079,413.5306,1
633068356,897.9553950758566,493.0060794785846,855.4869,436.3446,1
633068373,897.8140012135872,493.78690310961946,899.8512,391.011,1
633068389,895.2905323899716,492.51303741572053,879.4398,366.591,1
633068406,894.790626429,495.3624749543693,893.9282,429.1425,1
633068423,892.7389651318954,495.6353826964889,877.5626,394.0084,1
633068439,891.9710017727783,495.0706026598897,888.3653,375.8699,1
633068456,892.56544126875,496.0934979035712,902.7871,404.3426,1
633068472,892.7162772427666,497.18168188004137,898.0748,409.4841,1
633068489,892.137037653443,496.59122058152406,888.9393,375.3504,1
633068506,889.8140491139603,496.8779141471906,864.892,401.1968,1
633068523,888.3441725311067,496.5005174048926,874.1249,383.0851,1
633068539,886.3736417639639,496.4191329911364,865.3021,392.389,1
633068556,884.8558681482697,495.97366052202364,869.9779,381.5854,1
633068573,883.4846613258691,495.2217026743125,870.651,372.4912,1
633068589,879.844943163582,492.44980041587246,834.2029,323.2428,1
633068606,877.4457820384879,491.8518753025618,850.7645,378.4934,1
633068622,874.4559520573223,489.93811674758604,839.2521,341.7922,1
633068639,872.6053322124112,488.71545382271404,855.4716,356.3407,1
633068656,870.5955481549705,486.248248309942,851.1239,318.2095,1
633068672,870.0278749759198,483.23423528667456,873.5451,293.5992,1
633068689,868.9314887204048,481.1940700505173,863.1855,322.9973,1
633068705,867.6024303594048,478.81369097292503,857.7538,311.0862,1
633068722,867.3195480695132,477.0660884715636,874.2491,324.1883,1
633068739,865.4831270145088,475.96907933201,845.9294,348.7138,1
633068755,864.5816082747458,474.6338725694514,864.1798,335.5439,1
633068772,863.3159755995755,472.47516713356345,857.0897,310.5903,1
633068789,862.6126573131831,470.60116915695875,862.6818,314.4836,1
633068805,651.4631136955562,477.58938757421527,654.4404,411.2246,0
633068822,682.430241457627,466.2304988847823,685.4034,383.3427,0
633068839,687.6147908919176,472.9137430107167,695.6797,405.1384,0
633068855,691.4865412565014,479.30591926448983,701.9799,426.1382,0
633068872,687.1827519024869,482.2842485536608,677.2145,430.1634,0
633068888,689.1738554325118,482.5926748944302,699.9025,411.4139,0
633068905,690.108640644206,481.71498661934055,697.5034,400.4337,1
633068922,690.5668500019742,481.31633749515333,695.9915,403.763,1
633068939,687.6923927703491,482.6833161919641,671.2779,432.8231,1
633068955,685.5456578396992,482.40771635068353,672.5881,411.4468,1
633068972,687.7800872189407,482.2965904698627,709.8033,404.6807,1
633068988,690.3585265049126,482.7968047844163,716.7317,413.9549,1
633069005,690.5820303164877,480.1659774835161,695.2635,358.8899,1
633069022,690.8566862176308,478.42518418529437,696.1588,370.5765,1
633069038,691.7937831459902,477.96569943110603,704.5387,392.6717,1
633069055,691.6582789101763,476.5714700476928,692.1157,372.8066,1
633069071,693.3625692944713,476.8590581688819,716.4225,404.738,1
633069088,692.618378796647,477.30932750376905,684.4218,416.7263,1
633069105,693.4000449372288,477.45274035775185,705.658,404.3688,1
633069121,692.9698644771781,476.0269576107984,688.6885,366.357,1
633069138,869.0071607037689,405.82812658624204,871.9188,229.9358,0
633069155,874.6894371098347,357.1820648242058,877.8127,140.3208,0
633069171,877.9914475479395,372.2098214019685,884.2594,193.2471,0
633069188,880.7042430469123,369.70945138538224,889.147,151.2263,0
633069205,881.7322968081261,367.2751957574187,887.8148,143.119,0
633069221,885.955880021299,370.0274460209584,905.4108,176.7872,0
633069238,888.3616303326544,375.33398634623256,902.6462,214.0269,1
633069254,893.8296965705097,376.0550059866182,927.88,169.4566,1
633069271,892.8662798795151,376.8932842993697,888.4537,182.715,1
633069288,892.9847198022671,377.1182157279269,896.045,174.1202,1
633069304,893.2158723765522,377.25743608506957,897.3333,173.0971,1
633069321,894.336453169003,377.92755250786905,906.6829,181.0836,1
633069338,893.4644452245932,377.81075258372516,886.905,172.1715,1
633069354,891.5003132193707,378.38427364670474,873.1537,189.6287,1
633069371,892.7135458326728,378.67827921166133,909.2275,176.4566,1
633069388,891.7405905989806,379.4461139683599,882.8555,194.4251,1
633069404,889.7685141794142,379.0484011766409,868.5431,171.3366,1
633069421,890.9459216630856,379.7676354466657,909.9672,189.0724,1
633069438,891.3191356062996,380.63137937431225,899.5785,196.7233,1
633069454,892.0918701071004,380.81524019611214,905.8547,178.6481,1
633069471,892.6794023379198,380.69924572298197,903.7164,171.4205,1
633069488,893.7570960495294,380.95070498573244,911.7625,179.9826,1
633069505,892.8483219926351,381.07513186476,881.118,184.0964,1
633069522,892.8040233031601,381.99183439490116,894.5302,204.5527,1
633069538,893.6064276024838,381.82846836830424,908.5123,170.3111,1
633069555,893.9558372681003,382.04299064861965,901.4115,183.574,1
633069572,892.2451236619168,382.2132529039397,867.027,190.792,1
633069588,892.1079847772364,382.0617254697049,893.2252,175.1389,1
633069605,891.372323809707,382.8658702046822,882.8357,207.5779,1
633069621,892.0194155520935,383.3751229380834,906.5204,193.4868,1
633069638,893.0108517593188,383.58236439148504,912.6445,183.1115,1
633069655,893.1211463604542,384.5021438172681,895.5479,205.2962,1
633069672,892.9796292540224,384.9052173771688,892.1637,196.3955,1
633069688,889.1704415724785,386.08760717259,828.95,232.1402,1
633069705,885.9427484151028,387.2358217018722,838.835,228.9488,1
633069721,883.373957968621,387.92637339709194,851.7074,216.5243,1
633069738,882.2986329005986,388.2590414977424,876.5394,203.8088,1
633069754,879.4245463621548,389.597524550801,846.7056,239.0105,1
633069771,876.0416748536226,390.26384776721153,832.4556,222.5171,1
633069788,876.5767003602512,391.9210692253746,900.2197,238.2685,1
633069805,1074.06655264447,456.88279913525287,1076.3749,274.4597,0
633069821,1049.6214297173178,463.4236344866036,1051.9441,292.0672,0
633069838,1044.3461369251727,460.4280795055437,1041.4534,283.6817,0
633069855,1042.9947149847628,461.15578346073056,1042.6783,292.783,0
633069871,1047.3447351186076,460.3801872631301,1062.6152,279.875,0
633069888,1041.9307649125515,460.842677604134,1022.9769,297.538,0
633069904,1041.141241987882,461.17224848147487,1039.8335,293.7444,1
633069921,1044.1848741764234,461.4209063043113,1064.3016,288.0958,1
633069938,1044.5927052424074,461.1565861333869,1049.5767,285.2376,1
633069954,1045.0637333172642,461.2831327161688,1050.7975,290.1601,1
633069971,1044.0729337768355,462.50871833899555,1037.9296,312.1438,1
633069988,1042.8986771383102,462.3255521820018,1034.5884,290.6348,1
633070004,1042.6099754975255,460.81717257348487,1042.476,262.2785,1
633070021,1043.0530121930697,461.3074736961747,1050.3763,298.3467,1
633070037,1042.1549858001024,460.49537479969985,1034.7217,274.4427,1
633070054,1040.7903452493179,460.41305671331986,1027.6021,291.1978,1
633070071,1040.327830131876,460.83407200483555,1037.9746,300.7336,1
633070087,1037.9321703424973,460.8708404011239,1010.6841,298.2708,1
633070104,1036.6751549134824,462.5053033787571,1024.4232,336.64,1
633070121,1036.1833408999066,462.8943164593135,1034.4839,303.5731,1
633070137,1035.765937094945,463.1245569268367,1034.9938,299.7496,1
633070154,1034.8573310174731,463.24189718604185,1026.8267,298.9214,1
633070171,1034.8334768333957,463.69986265275475,1039.9199,305.9276,1
633070187,1034.6544879872536,463.7512688695225,1037.1179,295.3462,1
633070204,1035.0658850536392,464.7277333892082,1046.3124,320.9724,1
633070221,1034.6358530666098,465.0006438171769,1032.2744,304.134,1
633070237,1032.999973689354,465.58724787529644,1011.5029,319.1344,1
633070254,1033.3236204903726,465.5570300240172,1043.9016,293.233,1
633070270,1033.9130417200095,465.6351888877499,1048.178,295.9834,1
633070287,1034.192208370927,466.76697064598426,1042.5764,330.8236,1
633070304,1034.317518706437,468.07887957776325,1039.678,338.1522,1
633070320,1034.9605087652583,469.9486569883023,1049.9673,353.3845,1
633070337,1033.6247708172398,470.4693268853358,1014.1992,318.9912,1
633070354,1034.2539912263765,471.3865685765114,1048.2649,325.7083,1
633070370,1032.8639632357385,472.12823517122496,1014.9299,328.319,1
633070387,1033.3302255153035,472.83418427777065,1042.7297,322.8291,1
633070403,1032.2512632488813,473.26975604442254,1017.6499,321.4402,1
633070420,1030.1522868492902,473.0757694654872,1002.2195,306.4298,1
633070437,1030.6878684040712,473.078857346971,1045.9089,302.9388,1
633070453,1030.9876229344814,473.14749086998285,1041.4794,307.752,1
633070470,1030.5811343544535,473.13558577338955,1027.5167,311.3906,1
633070487,1030.882133547706,474.1562372197613,1039.2523,339.6615,1
633070503,1028.9563776773957,475.0601073508756,1001.1926,343.2226,1
633070520,1028.3948087830126,475.09201050871224,1025.5013,315.1547,1
633070536,1028.7319968940515,475.5916554039643,1039.0343,324.7485,1
633070553,1028.2783295782428,475.6688674069164,1024.3521,317.4884,1
633070570,1027.5221148334529,476.4693620460379,1019.9438,343.4179,1
633070586,1028.0200909465043,475.9819046051847,1038.7689,298.0009,1
633070603,1028.9189139488924,476.61755508224087,1047.1001,336.4491,1
633070620,1030.233700020054,477.60654468208526,1055.1995,342.6646,1
633070636,1027.137470154812,477.8177003589634,978.4005,336.3876,1
633070653,1025.834642350797,476.96829146555325,1008.6447,296.1771,1
633070670,1025.457396491595,477.304950620006,1025.6924,331.3134,1
633070686,1025.9134620396987,478.21296780076125,1039.3302,345.4094,1
633070703,1024.9976755027685,479.01707042980104,1015.9469,351.0052,1
633070720,1025.8488712121916,479.90675971569794,1044.7136,345.1826,1
633070736,1026.8580276493806,480.1991134197621,1045.1072,327.8991,1
633070753,1028.0002521743788,480.65100911351664,1050.7761,330.3437,1
633070770,1027.8194848439925,481.6067084066921,1027.8518,352.8992,1
633070786,1026.5030113264431,482.24349309396865,1007.29,351.8703,1
633070803,1025.6198396191735,482.8844646510752,1014.3561,351.4354,1
633070819,1026.422706896468,483.56782297093446,1044.5229,347.8997,1
633070836,1025.654528580748,483.08754382215545,1013.347,314.4304,1
633070853,1025.2714609323205,483.5532737627616,1023.6478,344.3695,1
633070869,1026.2190758228503,482.9620193747741,1043.1943,306.5108,1
633070886,1027.0028932291023,483.0281247994589,1043.3047,328.0804,1
633070903,1027.1189139483145,482.5482457758702,1029.0593,314.0287,1
633070920,1027.9138523721394,482.54878369718824,1039.5679,325.4741,1
633070937,1028.1099962400956,481.42838513356674,1034.1572,292.7517,1
633070954,1028.2882964973967,481.05089786636086,1033.2155,317.299,1
633070970,1030.5830513583978,480.63645985658354,1068.6425,308.0341,1
633070987,1031.4855024805695,480.8383643953429,1045.8652,336.0551,1
633071003,1031.0198009338887,481.0005324155507,1018.5266,340.2213,1
633071020,1030.6100074248184,481.29578733361893,1022.7891,340.8384,1
633071037,1032.6816554506404,480.7928177336372,1067.7771,306.3266,1
633071053,1031.9294669167853,480.6108977907106,1017.3848,327.0331,1
633071070,1032.9839540897506,480.5851058785701,1048.8743,326.9518,1
633071087,1031.9822229435695,481.2380753738075,1015.492,351.6215,1
633071103,1031.8675691019534,480.2851109236712,1032.1293,301.1707,1
633071120,1029.4432763471912,479.9752123427579,992.7723,331.0876,1
633071137,1029.209749245,480.3248381888423,1022.946,341.7448,1
633071153,1028.6604662879938,480.17340312574896,1021.3839,322.7105,1
633071170,1028.0586094866303,480.4212259559375,1022.3777,339.3093,1
633071186,1027.6507540972066,480.59252836189444,1027.0066,337.2106,1
633071203,1028.2588733237267,480.9478512388139,1041.9189,339.019,1
633071220,1029.263589124842,480.5314962299786,1051.7432,312.0168,1
633071236,1029.6839681986428,480.0096473882309,1041.2142,309.083,1
633071253,1029.5341469038237,480.1739306898196,1031.488,333.3343,1
633071270,1029.4491467918706,480.36103446169415,1029.9595,335.9739,1
633071286,1029.8726516914244,481.2905738618602,1036.6846,356.9195,1
633071303,1030.003138570544,482.48567172965386,1032.6006,366.2768,1
633071320,1030.8179694485812,483.6605571642487,1047.7285,362.5148,1
633071336,1030.8106926134476,483.75621238956,1030.1472,328.6734,1
633071353,1031.6230658597701,483.64786151477546,1045.7527,322.778,1
633071370,1030.4498408617972,483.3177576794527,1013.3412,320.479,1
633071386,1030.1855202833362,482.4752053484405,1029.0635,303.6313,1
633071403,1030.5781503921519,481.4274421365893,1038.8986,293.4742,1
633071419,1031.0643285737633,481.3835845093943,1041.5686,326.4446,1
633071436,1030.2955261118852,481.68751200612905,1019.1173,339.4012,1
633071453,1030.0133489666975,480.7080876548266,1027.6284,299.8533,1
633071469,1029.224482010241,480.6331187547643,1022.3248,329.6714,1
633071486,1028.1008545244697,479.99781940395815,1013.7073,316.2202,1
633071503,1027.1149045830587,478.33842999901185,1013.2086,283.2686,1
633071519,1027.182462489317,479.1793946743407,1031.8726,357.4971,1
633071536,1028.0794672127145,479.263665311323,1050.851,326.038,1
633071552,1026.4773555555084,478.7994055537415,1001.6735,320.9322,1
633071569,1025.4393650107354,479.1906280145406,1014.6849,345.2541,1
633071586,1025.5291786639216,479.48690808379956,1030.4574,339.7418,1
633071602,1024.0717199312521,479.37159134622726,1005.2043,327.3239,1
633071619,1023.2432324376891,479.63666628999385,1011.7991,339.9736,1
633071636,1022.8923875273786,479.3272906658967,1023.2946,320.6744,1
633071652,1023.0544799631087,479.02027847047066,1031.6191,316.3801,1
633071669,1022.8578136153994,480.2236503566575,1024.9344,367.2246,1
633071686,1022.2423945627136,480.7262808228486,1017.7401,346.338,1
633071702,1022.0401840869074,481.48369982828774,1025.9026,352.8884,1
633071719,1022.1227679718372,482.0174774836402,1031.1411,342.0563,1
633071735,1022.0344338290074,482.74653329576137,1026.2925,349.2847,1
633071752,1021.7073653498376,482.5102691750928,1020.687,322.9272,1
633071769,1022.1084586718368,482.8980534588343,1032.7788,340.3689,1
633071785,1024.1180089276747,482.2447756114282,1061.2217,303.3538,1
633071802,1024.12840573815,482.1084167228654,1025.7288,328.8801,1
633071819,1023.3187114341898,482.3207085481631,1012.9076,342.7611,1
633071835,1022.5392409488021,483.2716586077422,1011.3306,362.5912,1
633071852,1021.5207533842951,483.480421129163,1008.7743,340.119,1
633071868,1020.6906424640032,483.7848503892902,1008.4725,342.9063,1
633071885,1021.533702937951,483.11345384056114,1039.3674,304.2888,1
633071902,1021.9178292150573,483.0109374279897,1032.2015,324.0605,1
633071918,1021.0859525187416,483.3235691465704,1011.0824,346.3738,1
633071935,1021.5040447972567,483.5070792993783,1030.3561,338.7817,1
633071952,1021.3067964037755,483.90344102556105,1020.598,344.1733,1
633071968,1022.0990244346399,482.8504362199026,1037.3739,297.9915,1
633071985,1022.4065775326735,483.0691331620974,1028.0594,338.9727,1
633072002,1023.5414439380115,483.33581129721495,1042.6444,333.9976,1
633072018,1024.3198172513862,482.82438974639797,1038.6628,318.9636,1
633072035,1025.1134229851941,482.59905158949715,1040.8922,324.2153,1
633072051,1026.073492710737,482.8918346002412,1038.6804,339.2722,1
633072068,1026.0527347422078,482.93119388860606,1023.6526,337.6241,1
633072085,1028.10467040813,482.71832928500163,1061.8271,320.1694,1
633072101,1029.453603189712,483.2655624882667,1047.3271,345.48,1
633072118,1030.7799600995822,483.54201808111617,1048.4546,338.1176,1
633072135,1031.1544455014464,484.2893826561251,1033.8082,354.6663,1
633072151,1030.7623809934776,484.80321150882065,1021.9716,350.0504,1
633072168,1028.6109184565603,485.53192181316933,991.1792,369.3842,1
633072184,1029.226906974882,486.49125945570654,1039.0619,362.8615,1
633072201,1030.2336074842212,485.7857578248055,1047.2678,309.4063,1
633072218,1030.2225810145965,485.9158636930201,1030.4071,339.0016,1
633072234,1029.5951041464173,487.0463813934225,1019.4097,374.1319,1
633072251,1029.7945619368152,487.83508463243805,1033.5837,357.526,1
633072268,1030.736840494786,488.42185793617983,1048.0801,350.6544,1
633072284,1031.6713877076634,489.0048210640566,1050.9799,347.4384,1
633072301,1031.372275416668,489.5809809368059,1025.7776,356.027,1
633072318,1031.5445605656537,490.2110537154639,1033.0852,358.0046,1
633072335,1031.2565387682919,489.881865598884,1025.5243,332.1964,1
633072352,1030.911241325349,489.25184412726315,1024.782,321.0255,1
633072369,1032.0460568247408,488.3673495591781,1050.9493,307.8362,1
633072385,1031.7822494425593,488.272892898555,1030.048,335.0808,1
633072402,1031.524200944315,487.9259806974809,1029.379,329.8987,1
633072419,1029.9602914002535,488.60901121274196,1004.4641,370.4662,1
633072435,1030.1686685063353,488.2364607700678,1037.5621,329.1064,1
633072452,1026.9025978005159,488.30861109482294,975.9277,358.1073,1
633072469,1018.7651746873433,486.76874760852104,892.8408,322.4629,1
633072485,1008.9187506390115,485.57663566869735,861.2234,345.2811,1
633072502,1000.2560874817026,484.93756114028355,881.7052,357.3974,1
633072518,993.5673497174538,483.61001896375626,913.1522,326.0922,1
633072535,984.8540497507504,482.8733095442691,875.0203,353.8425,1
633072552,977.4694312127222,481.6721047748674,894.2635,335.3448,1
633072568,969.6961869984206,480.13685603194506,881.7849,326.0773,1
633072585,961.9593356284328,478.19099931698736,881.7807,311.0245,1
633072602,953.5337356048511,476.98956102185366,862.7148,339.912,1
633072618,947.0818170868434,476.8221021985551,891.3386,363.3018,1
633072635,938.4460026669772,475.5253688735375,845.8468,337.8583,1
633072651,932.8661252904502,475.7669829527587,891.502,373.0584,1
633072668,926.8876394548802,474.4984013765843,875.307,328.5522,1
633072685,922.8924029145177,473.2225345596553,908.6656,319.043,1
633072701,917.1691279135473,474.26686470785734,872.5249,393.6989,1
633072718,915.9376921459955,473.9793765717793,942.3365,336.6489,1
633072735,913.4446133140176,473.0859079884817,913.0658,326.3083,1
633072751,910.4544752504055,472.26668446802546,900.1172,328.5979,1
633072768,909.9059560601875,471.71237667261306,938.393,326.1161,1
633072785,910.437529637911,471.14528676057864,952.0547,320.8515,1
633072801,910.9755050564357,471.43108940995927,944.6895,348.531,1
633072818,911.4802899365553,470.6140020740516,941.054,313.6859,1
633072834,914.6198311377512,470.7389583587777,982.6496,329.7691,1
633072851,913.42326639034,471.4397970648974,904.433,364.5672,1
633072868,915.7647494229458,471.4295799517711,966.5875,326.414,1
633072884,917.1944841759881,471.3752293380132,946.6125,331.8218,1
633072901,916.6158617767442,471.8406299131671,910.4463,355.7856,1
633072918,917.7244736818154,471.5357408900742,936.6262,328.5268,1
633072934,918.6791901900899,472.19167962877805,937.1348,354.7305,1
633072951,919.0578143500456,472.41973354943536,920.6714,346.499,1
633072968,919.1573332656242,472.7790948747665,908.3317,347.865,1
633072984,920.9215272166277,472.40795416820055,936.3017,320.5036,1
633073001,921.7937673354201,473.14557955795084,925.2508,360.3364,1
633073017,922.2969787851164,472.77341437727745,924.1459,323.3228,1
633073034,923.3683218136881,472.02971059371004,931.6931,312.2919,1
633073051,923.2397959174207,472.77649141351,914.5872,362.2082,1
633073067,924.0483000088705,473.421841022808,931.1346,354.248,1
633073084,924.9341935918857,474.25347539518356,933.989,358.5555,1
633073101,924.9030185333673,474.18359488431446,917.5834,337.2326,1
633073117,924.5263333214459,473.3932957381121,916.032,318.3286,1
633073134,924.9754607604414,474.86572187537377,926.5123,383.6931,1
633073151,924.3521288934621,475.2809818699177,913.9157,358.3817,1
633073167,924.4086803789045,475.37949191690717,924.6404,340.9476,1
633073184,924.251172448661,475.46205455034766,924.8669,340.9506,1
633073200,925.352449566876,475.7224599397677,943.1032,349.6463,1
633073217,925.0543355400952,476.7143942223884,926.2253,372.3571,1
633073234,923.7657037717313,476.6477473682572,905.563,342.4761,1
633073250,923.7466986702422,476.9610872827445,926.1592,350.3277,1
633073267,923.3835328448467,477.1781745228074,923.9874,349.166,1
633073284,923.7714320808036,478.7563603874652,937.6927,389.3647,1
633073300,924.2251359630251,480.0025726097271,937.3586,382.2785,1
633073317,924.5904579223109,480.89312310273124,934.9574,368.5197,1
633073334,924.0121005870415,482.07424153353656,922.3371,384.4684,1
633073350,923.8517121492099,480.38639869181645,921.0494,296.6145,1
633073367,921.7664441507904,480.14497765107905,894.0238,346.9091,1
633073383,920.5957879138049,480.00432106679347,907.2074,347.8185,1
633073400,920.8878393767897,479.7903246272979,928.5633,342.6807,1
633073417,920.6248001043574,480.3024358488393,921.5408,365.4844,1
633073433,919.5868393188559,478.61741936407645,907.9485,302.4935,1
633073450,919.4062949132846,478.4599476440196,920.7159,346.631,1
633073467,920.6213175747396,478.15912258869986,943.6067,336.6387,1
633073483,919.950667172084,479.13715083617143,913.5657,382.0565,1
633073500,920.3223365731496,479.7505804594255,930.2716,370.6765,1
633073517,927.576052423716,481.7045955530777,1049.6331,381.0816,1
633073600,454.5482299589789,463.49720309160756,457.9455,431.8675,0
633073616,511.86112722876317,338.0646397770703,515.727,190.7848,0
633073633,483.0769325375298,292.5292993735118,458.7507,39.2176,0
633073649,521.8371896666848,291.1570774656907,602.9449,80.6734,0
633073666,536.030184895829,284.3074820964034,581.7489,41.3806,0
633073683,614.6773946245213,322.5077878397507,924.988,339.0585,0
633073699,923.6700841848777,477.11979522897616,926.1578,346.484,0
633073716,924.3780273772438,473.82342874089784,926.8795,340.3357,0
633073733,918.6746380740108,466.8545975377054,915.5714,317.7482,0
633073750,919.0454295081917,463.92156594554723,922.3923,312.9239,0
633073767,926.9354447829518,466.3030971685479,952.8051,333.5486,0
633073784,927.8035416900125,470.0364366659797,933.4366,358.5099,0
633073800,928.4564685151176,471.9980341692368,933.8345,352.3658,1
633073817,928.3224784770362,471.7463501859517,929.7715,332.6766,1
633073834,930.0799329846709,473.8466091334205,943.9227,361.2194,1
633073850,929.4195692923682,475.95768237061606,926.4032,372.0731,1
633073867,927.626335325595,474.3364941029144,914.942,318.0321,1
633073884,926.6768118400198,474.92661999586585,920.5615,352.6514,1
633073900,928.1910685207368,474.90937479723254,945.8138,336.4473,1
633073917,922.2738753777196,473.2202909426211,862.5645,321.1201,1
633073933,920.4165798186369,472.04944353886503,904.0375,318.8244,1
633073950,917.7302087845895,470.7299885587089,891.0873,315.8199,1
633073967,914.1687523498512,469.6287503292091,876.1849,321.8201,1
633073983,911.5321127735257,469.10767389778783,884.9195,332.1288,1
633074000,910.4061002848459,468.54237809182996,903.6138,325.5017,1
633074017,908.5607159815652,467.56659448602477,891.5819,316.2014,1
633074033,906.7313023336483,467.060374023481,889.7689,327.832,1
633074050,904.5363975215879,466.98584350821557,882.1164,340.7719,1
633074066,902.4378800259709,465.99341222345646,881.5397,314.0316,1
633074083,900.1540674164172,466.2154665774708,876.3984,349.3063,1
633074100,898.7745445257972,465.6825163759682,889.1239,323.5789,1
633074116,896.6740516439455,464.9812717464474,875.4954,320.7557,1
633074133,894.6251083705934,464.5774198508283,874.3634,329.0306,1
633074150,893.4028485789249,464.9168180950234,886.4021,348.2825,1
633074166,892.2073959878309,464.61139127386645,885.2563,328.0856,1
633074183,894.7852781622059,465.27469484453627,948.7609,342.8671,1
633074200,896.5950356852856,465.46946324117823,934.8798,331.122,1
633074216,899.5919860346316,465.6309713958688,957.5659,325.8962,1
633074233,901.3493996244487,466.3630064526223,933.7578,346.4478,1
633074250,904.5562984265348,466.956236892326,959.1393,335.7287,1
633074266,906.5983315823373,467.6236916452964,941.6312,345.1227,1
633074283,908.748324554547,467.88880236869386,941.2147,334.4029,1
633074300,909.637869982975,468.6426621413875,919.5484,354.0393,1
633074316,912.2243669775822,468.9550239471392,949.1936,331.007,1
633074333,914.4965103188013,469.3143446653531,945.9265,336.8919,1
633074349,916.2699470326559,469.760095663277,936.3387,342.6001,1
633074366,918.2199966256237,470.2044977099411,939.5864,336.1666,1
633074383,919.2308880630803,470.9423116576953,925.4386,353.4228,1
633074399,919.5662749291625,470.3462119590938,917.9824,312.5229,1
633074416,924.5949967478306,471.23148592193166,992.4171,339.0508,1
633074433,930.4609454311445,471.7472370045219,1013.8529,324.2754,1
633074449,936.5383350590893,472.99940504740044,1018.4955,346.9471,1
633074466,941.9936553066746,472.5095861907049,1009.1906,295.5252,1
633074483,946.4953388296551,472.696314498985,996.8211,322.1915,1
633074499,950.5995804917975,473.1408819315311,995.2375,331.3068,1
633074516,956.8632131087631,473.58331153916896,1034.9355,321.4973,1
633074533,960.4240189301252,474.322931906054,991.4585,343.2146,1
633074549,964.5327936666766,474.5098708496677,1004.1956,324.6618,1
633074566,968.3158117409731,474.22145616219086,1002.6163,307.9267,1
633074582,971.9773815546916,473.4663127727757,1004.1599,297.1785,1
633074599,975.0738708684243,473.1146217562436,999.7886,308.9279,1
633074615,978.9764714817518,473.651968952693,1016.3464,332.9932,1
633074632,981.8987431850738,474.0011994165555,1003.3245,331.3839,1
633074649,983.9077049302857,475.82805162386745,992.6221,383.1878,1
633074666,985.399313409519,475.3488104979041,987.4408,309.5771,1
633074682,985.0444094412899,474.98424729330844,965.2675,321.9419,1
633074699,987.1982758813906,475.0008464961347,1009.8497,321.9865,1
633074715,987.437442573491,475.4249962854836,981.2181,341.7979,1
633074732,988.066366327175,475.07151411311105,987.6339,317.4101,1
633074749,988.2360541513947,475.7689731148615,984.2527,350.9214,1
633074765,979.7757262728171,475.91252686961474,833.945,369.3664,1
633074782,973.9712996081345,475.2237727497283,881.446,330.8697,1
633074799,967.9196685874313,475.20197965136964,875.3329,355.0498,1
633074815,960.8210870403985,475.36449394081575,860.0995,362.7574,1
633074832,953.7076809302093,474.97940152002286,858.3555,346.542,1
633074849,946.8481073623105,475.3778667995138,859.8559,371.3657,1
633074865,939.6668596594074,474.90090438135024,852.2161,344.9173,1
633074882,933.30206084655,475.3171274194939,861.7748,372.3841,1
633074898,926.9084452248838,475.7191539054161,856.9989,368.6205,1
633074915,921.2764286826758,474.72317908692554,873.9053,325.4332,1
633074932,915.8490375239425,473.8271215019396,874.1616,327.3447,1
633074948,911.3511462526551,473.1548712421025,884.8416,334.1087,1
633074965,904.5873666863308,473.1633051477693,838.3706,360.5034,1
633074982,899.4860392518498,473.0948070387012,860.0791,355.4786,1
633074998,894.0763443456343,473.2213335538684,848.6577,364.9193,1
633075015,889.3737581582228,473.24512636542494,859.0833,358.7681,1
633075032,885.1332392441686,472.6622024512204,856.3818,341.0208,1
633075048,880.4401823072786,471.96515211249266,844.181,338.1711,1
633075065,877.2852166816925,471.33670450188134,865.0748,333.3329,1
633075081,873.7111531985082,471.07201433265396,852.4182,346.548,1
633075098,869.4570604861111,468.5051537003556,835.053,278.7758,1
633075115,949.9439273090801,360.28451132601435,952.9171,128.2884,0
633075131,979.4053996798261,364.9659688168397,982.304,129.8694,0
633075148,971.5307976032254,366.06709535117034,966.5933,137.5526,0
633075166,969.900893433081,367.1939900402665,969.6028,140.9484,0
633075182,968.8164296002301,366.5352121652176,968.5901,132.357,0
633075199,967.6902376536938,366.36911762622225,966.2897,134.9933,0
633075215,964.9825521585716,363.8710535685806,954.9711,112.2895,1
633075232,963.3117268180275,363.5406249529824,956.9602,130.1233,1
633075249,960.3115086653476,363.91363843839264,943.7917,141.9113,1
633075265,961.2272505055331,364.3274815264366,971.8727,137.0861,1
633075282,960.5383521065237,364.81989251465404,958.4043,142.8014,1
633075299,959.1806111386595,365.63362225887334,950.5248,151.9312,1
633075316,959.202622374441,364.79426789679843,963.4407,118.6268,1
633075332,961.8824120329285,365.28731185438505,993.9053,137.1687,1
633075348,960.5932078739805,365.599647587217,949.1655,144.8809,1
633075365,960.4051674491297,365.81872012005215,961.5814,140.5155,1
633075382,959.1103165134883,366.0791895522846,946.5648,145.5328,1
633075398,959.9266111358919,366.56591202907794,974.3112,145.241,1
633075415,958.2697324943701,365.8894190860246,939.6971,124.0534,1
633075432,960.564626237182,365.2203660075187,996.4191,109.8813,1
633075448,1217.4166833686947,426.64655939338627,1219.604,185.9429,0
633075465,1339.2073092686255,479.97032877005853,1340.9314,254.1283,0
633075482,1323.9688593907586,481.23680225475044,1310.5366,265.8631,0
633075498,1327.0547189044278,484.5659692476835,1334.948,275.8581,0
633075515,1327.1690351134052,487.0454759381601,1329.2163,282.9446,0
633075532,1328.1814978932985,489.0698830880925,1333.8401,286.4748,0
633075548,1327.7081929512717,487.12964268627167,1327.1409,252.8344,1
633075565,1328.5506063607093,488.85979110346386,1335.0718,289.6117,1
633075582,1328.923393033778,487.5472793240551,1333.0736,253.4251,1
633075598,1328.7844705404657,487.59736514232264,1329.3259,271.2614,1
633075615,1330.2346390293492,487.60808944322736,1343.8872,267.3337,1
633075631,1330.3651402266332,488.45554151319163,1332.8333,285.2964,1
633075648,1329.6403787523416,488.6194713454892,1323.8274,276.3001,1
633075665,1329.9965437299384,489.4353846645322,1335.2281,287.6961,1
633075681,1329.2952617239848,489.49781987251635,1322.8994,275.9622,1
