timstamp,smoothx,smoothy,rawx,rawy,fixation
619317803,980.9257441813315,488.92483553153835,917.0406,453.6936,1
619317819,973.4174875389133,487.66399026032434,909.5459,464.0129,1
619317836,966.4231380440083,486.1318904719528,908.9357,456.1398,1
619317852,959.2541759644729,486.12675421892556,898.8401,482.8002,1
619317869,951.7229678482342,486.3488825854765,883.6569,482.1844,1
619317885,946.4505225430546,486.3145421378866,916.6807,478.3091,1
619317902,940.522837002675,485.4779440318834,904.9482,463.9952,1
619317919,934.2128401935953,484.7148630728819,888.3765,460.8055,1
619317935,924.9845508917747,483.1169522009973,831.8058,441.4622,1
619317952,920.1028343966312,482.482737447592,897.5518,463.3566,1
619317969,915.877182875025,481.8821596755592,901.3575,461.3649,1
619317985,915.8262918692467,478.3182325231487,918.3438,464.363,0
619318002,913.0757734958041,476.63045027863984,915.6616,462.444,0
619318018,922.467411281795,481.0964801775963,933.9911,472.8195,0
619318035,922.2062206147452,480.18093255889164,924.0616,464.705,0
619318052,923.6359109147455,482.37985981808237,930.0065,476.0957,0
619318068,923.0974708818413,483.2815547462408,923.2176,473.4682,0
619318085,922.8399040762472,481.14820199080634,924.0635,456.6562,1
619318102,922.4634971666421,480.39534046518327,922.7321,462.275,1
619318118,921.0734648024917,481.8718064351648,914.2213,478.2803,1
619318135,920.4657583693681,481.37579435796346,918.6183,463.5988,1
619318152,921.6611375527829,481.60507123081317,934.0742,470.696,1
619318168,922.8741156222102,482.3241915051327,936.0151,476.3643,1
619318185,923.513316630108,484.42961586858905,931.4595,492.9712,1
619318202,920.971885251598,485.90425988100094,896.3672,486.5151,1
619318218,920.4925502778868,486.40623422901,917.8934,477.4107,1
619318235,920.0645376287259,486.84963885323333,917.933,477.3592,1
619318251,919.8111276625519,487.6997474686523,919.62,483.77,1
619318269,919.3777683119756,487.77213292197246,916.9913,473.3948,1
619318286,919.6548997838692,488.14698431744955,926.4755,478.6856,1
619318302,920.3944018598922,488.33714345473203,933.4046,476.7242,1
619318319,920.7328452477581,488.23107926608805,928.0193,472.0413,1
619318336,919.5994785461531,488.1169556770702,905.7394,470.7532,1
619318352,918.3487663301984,486.69895420249344,903.4043,449.0366,1
619318369,917.0429467657632,487.27940522927554,901.2533,481.9784,1
619318386,915.7197550062605,487.04807324608936,900.3031,468.3855,1
619318402,915.3300621884758,486.3261846113385,914.8492,460.6237,1
619318419,914.8597594354109,486.54662927848904,912.8509,476.8815,1
619318435,913.9661560194057,485.9833527121777,905.4607,462.5955,1
619318452,913.9521456695663,485.9630807040173,919.5618,472.9693,1
619318469,896.4066789915167,700.7508335972235,896.1476,696.2079,0
619318569,827.0820539284962,324.4709642081758,833.186,298.3713,0
619318585,820.2876106743624,312.9396023313894,820.1561,273.504,0
619318602,821.176436175845,317.0336389807869,829.1373,298.9377,0
619318618,819.2428265293482,318.8326770068668,819.8601,297.3003,0
619318635,817.8925973982064,319.71619356861135,819.0286,296.1674,0
619318652,809.1531312388731,317.7769157707787,815.6425,290.3731,0
619318668,831.1469051066679,295.7339774013828,837.5842,268.5041,0
619318686,824.0246314114161,305.2372393737676,823.3259,287.5965,0
619318702,822.115836745868,309.1439740677766,824.7101,289.9203,0
619318718,818.6014852438512,307.96827783696824,814.938,276.291,0
619318735,817.0208553266995,307.55425217924505,817.6102,277.9965,0
619318752,814.8297399499322,304.93034185667295,811.3383,263.2512,1
619318768,816.1240913785215,304.73955834060683,830.4336,276.5418,1
619318785,813.5049379493267,298.09886118043113,803.8994,222.9366,1
619318801,812.5571689955552,292.2299252132512,813.5127,218.3947,1
619318818,808.1053947818414,288.39084598756546,779.6927,226.1448,1
619318835,804.0362871226615,283.748330820017,776.7636,211.0609,1
619318851,802.1618645980917,282.6294265768727,793.6462,244.582,1
619318868,799.4377314006855,281.13975259387973,781.3597,237.5443,1
619318885,798.8263566746148,279.5213410611948,802.9707,234.7828,1
619318901,797.3098713783322,277.6043141263752,790.6914,227.682,1
619318918,793.0501494988681,277.218398182401,752.4442,244.2579,1
619318935,792.3372655153087,275.37317382822215,796.283,224.6649,1
619318951,790.0007495273055,273.0275651531669,772.3761,213.4414,1
619318968,788.2703843320438,272.4917369318761,778.2803,239.0483,1
619318984,787.2043651304527,270.9285914211754,786.4462,222.1071,1
619319001,786.7826385140738,270.1411583278262,794.7208,233.3379,1
619319018,787.5372456177374,265.8196191565434,812.9103,174.3701,1
619319034,787.7124736282841,256.77130031640326,804.5833,90.3781,1
619319051,786.5992142922698,247.32183888018605,783.4182,76.0815,1
619319068,786.8140417499549,241.11062471702678,803.3482,127.3145,1
619319084,787.4871590283601,236.44671497564497,810.1149,150.1525,1
619319101,787.989430633227,231.7641074811016,807.0116,145.3844,1
619319117,788.4373000789077,227.13793991945212,805.8286,142.0037,1
619319134,789.1265754766249,223.48757135050866,809.5068,155.5298,1
619319151,790.2451827127752,218.21431405256044,817.1899,122.1411,1
619319167,790.0638935357557,211.7832066339736,799.1233,104.0758,1
619319300,795.422392163119,207.86613056644924,891.4714,152.1756,1
619319317,800.7120353913461,199.67527312707224,891.44,68.918,1
619319334,804.6876282879169,196.08485983200367,867.3123,144.6892,1
619319351,807.5106286565752,191.84730410391688,849.1036,126.4958,1
619319367,813.2041619849374,187.98573693611158,899.0118,129.2506,1
619319384,817.4865443690534,185.3436136448513,878.3159,146.4157,1
619319400,821.2795890727316,184.58128035504106,868.804,169.749,1
619319417,825.1851336144622,182.58681342288205,874.7192,142.8994,1
619319434,830.6693835685512,178.4037393712046,901.7062,101.5516,1
619319450,834.3103867029928,174.336260450066,873.3576,96.649,1
619319467,838.2056970048358,170.87718434627791,883.0601,107.8819,1
619319484,841.4126834902254,169.89894397818003,873.049,147.8388,1
619319500,843.2970569100293,169.0682818214695,856.3871,145.359,1
619319517,845.6618077496481,169.5495969766819,866.5776,165.7912,1
619319534,846.1392693464974,166.98073745027264,834.7213,107.1808,1
619319550,848.3636732575949,164.31539271754127,873.0931,102.3603,1
619319567,850.618736657132,162.57477526607897,874.0764,115.7776,1
619319600,851.4495770128608,158.81343057234517,854.0692,78.0115,1
619319634,852.4214660386145,161.32611532512817,858.8254,188.5183,1
619319734,346.47346084083705,214.73540090374183,361.9398,156.9615,0
619319751,280.56216359795843,138.1440042462634,298.1683,73.1258,0
619319767,301.9161927736171,160.06561123842442,339.5175,121.3289,0
619319784,331.3253229418175,166.23626807592717,404.9296,121.283,0
619319801,339.08779436320447,169.79604717186868,377.2522,121.5745,0
619319817,349.307913603794,170.0102774122308,404.0413,113.0168,0
619320416,1178.0141431316085,620.3649672263535,1174.2813,627.5623,0
619320433,1195.294354632984,660.6743116783283,1190.7192,670.7243,0
619320450,1195.3594190718009,644.3367088422611,1191.3008,636.5598,0
619320466,1196.4678771061017,641.5526941442143,1194.3818,645.1805,0
619320483,1194.0929207307931,642.708103548294,1182.7952,655.172,0
619320500,1194.1955732074018,642.0665777973129,1190.3804,648.6574,0
619320516,1191.3215224132202,635.3653875852486,1173.9146,609.2328,1
619320533,920.098509356254,655.1481216661957,920.0873,649.7624,0
619320550,729.5195800572512,656.3834889114241,732.5986,640.5468,0
619320566,726.3855750416961,661.8914221148626,726.2876,651.722,0
619320583,715.7371198735449,660.3071799612468,698.2296,639.4035,0
619320599,704.1090636293974,657.606283917542,673.9595,630.1464,0
619320616,701.3255067878283,656.7382873412676,694.6701,635.3042,0
619320633,700.0891642408669,655.0927186306155,698.4948,629.021,1
619320649,697.0103205924393,654.5359377261193,683.8949,632.7578,1
619320666,704.8810556193771,650.3796997548837,708.4453,632.9014,0
619320683,690.9013267799183,647.5113740701566,694.7334,629.127,0
619320699,701.1894415986126,649.5152112955815,714.8928,634.4515,0
619320716,700.5107917969757,655.7149433926883,702.5229,651.0604,0
619320732,700.4237377589955,657.495812184371,703.5952,645.5106,0
619320749,701.8704639902994,653.7232347798215,711.1946,620.8818,0
619320766,699.1362089581021,652.5027329676054,689.6621,627.8918,1
619320782,702.8834371758123,654.6621262887298,727.6278,651.6636,1
619320799,702.8055151576704,654.435503813309,705.5825,635.312,1
619320816,739.1641749225287,413.50444947599317,745.4635,386.7528,0
619320832,795.3595932167054,296.94952673815084,802.3635,267.8035,0
619320849,786.0195376112573,317.25211672601336,783.4473,309.2396,0
619320866,784.2121624751852,308.96772210740903,787.9744,262.2307,0
619320882,780.9932699294629,306.9968113929208,778.8582,270.9168,0
619320899,780.9886104936566,306.9045180794987,788.2394,277.1512,0
619320916,778.3541395061314,305.61620953140675,773.1595,268.7733,1
619320932,778.2857634184692,302.9583442158316,785.6505,257.2648,1
619320949,781.0023605603876,301.8727071971871,806.3936,266.0732,1
619320966,783.2965541756225,304.42453084251844,807.0308,296.5634,1
619320982,782.9328026910864,303.31565048536476,786.7916,264.0547,1
619320999,781.8514011385386,302.11697583740334,779.1478,260.8362,1
619321015,780.454435573521,301.4490867705415,774.1533,264.677,1
619321032,779.4916725950956,299.4668967589556,777.3607,247.9595,1
619321049,777.8904095625271,298.5928877260492,768.2886,258.7734,1
619321065,776.1395105608615,298.21533246593754,764.3435,263.9678,1
619321082,776.3010096258804,297.7238884142243,787.4025,263.0925,1
619321100,775.9930381953473,297.0803029759184,781.0975,259.8434,1
619321116,776.5783362906861,295.90492281178433,793.392,251.7184,1
619321133,776.6875322416745,296.3662587750698,786.541,275.3798,1
619321150,776.7779786321739,295.99029048757126,786.4056,262.2376,1
619321166,778.8241625261104,295.4164993028059,816.2953,260.1857,1
619321183,784.0025281744042,292.90195557950386,866.8821,230.1287,1
619321199,787.5641312979734,289.69700444458,844.5217,215.3033,1
619321216,791.9220084002884,286.7790193716262,859.5547,218.8353,1
619321233,795.8501848412791,280.12214207505207,856.0221,151.3552,1
619321249,797.877601735065,273.1943475438854,827.0889,141.1104,1
619321266,800.9536891698028,269.9463005366601,845.6104,203.7623,1
619321299,805.3421834604864,267.11589933019246,869.9121,209.8506,1
619321316,808.9611677018262,264.51826155063213,859.462,210.7579,1
619321332,813.9117054522488,262.9304065656647,884.6791,227.8777,1
619321349,818.1190128183198,261.1691101368238,872.6666,225.2579,1
619321366,819.9936156689126,251.93140740729817,835.204,88.1027,1
619321382,823.1243455900228,246.73831640989837,859.2777,154.8561,1
619321399,825.0418736541645,238.20714794116395,841.4124,90.3809,1
619321416,825.9215716300802,229.44528175456668,827.8365,81.9832,1
619321432,825.1575652702068,221.84090322615614,800.8316,96.2185,1
619321465,823.0847055874513,214.57361262735614,782.5579,95.1244,1
619321499,824.1682191370604,208.08353862923605,841.0056,108.1541,1
619321532,824.7063821465218,201.00678706194265,833.7167,94.4437,1
619321565,825.3370758616196,192.73791711595334,835.274,63.245,1
619321599,826.2754849039438,185.95743167029985,841.2991,84.3355,1
619321632,827.3205997169705,179.07382228692552,844.4674,76.65,1
619321649,827.6949676352439,173.64923698325242,834.6717,94.4143,1
619322380,832.7408465424523,252.0094999782689,944.344,248.6108,1
619322397,841.5968867436832,254.32797791592085,960.5801,261.1399,1
619322414,849.7907292566441,255.43114871913428,955.2697,238.8074,1
619322430,857.5288869474923,256.6885774610761,949.9548,243.6488,1
619322447,864.9766577974683,257.80563480154296,950.4904,241.5291,1
619322464,872.5466975964634,258.6836173103612,956.1899,241.7189,1
619322480,880.7150206823321,258.2836382298904,966.9509,228.6666,1
619322497,887.5836369506619,258.0264021134441,951.1951,229.2077,1
619322515,897.3046961361463,260.439424051697,1009.408,282.9828,1
619322531,906.2042038661516,262.9490942200252,1000.8181,284.0081,1
619322548,916.457173562041,264.1207880731436,1031.1554,260.6476,1
619322564,925.629761430183,266.215362931268,1020.488,276.6134,1
619322581,933.8946607455603,268.5983959893317,1015.2773,283.3695,1
619322598,936.4785334076914,276.2885768829846,924.6431,377.7568,1
619322614,863.8997203680406,506.98833447516586,866.8652,491.5209,0
619322631,847.1576884181108,501.27501532494637,850.4756,484.6151,0
619322648,849.9004085387658,510.80302083408765,855.6001,504.8459,0
619322664,848.7898877384209,505.13556394114596,850.0002,476.7809,0
619322681,850.3383121262169,510.31860369328643,857.7828,510.6432,0
619322698,856.3527473744385,511.0282989976353,882.525,499.428,0
619322714,860.1834581776097,513.426532355956,880.9519,511.1219,1
619322731,862.0716269778002,513.2167013703016,875.1309,496.9069,1
619322747,863.4469942971657,513.8237488796758,874.5173,503.048,1
619322764,865.1919161046945,514.5407364278002,879.9399,505.4394,1
619322781,867.1458811146282,514.8647187875471,884.7629,503.1285,1
619322797,867.9355754336856,515.5347919807418,876.2352,506.8743,1
619322814,870.2800744913326,516.481968041776,893.9911,512.0969,1
619322831,870.7601266681804,515.6783695753415,876.4819,491.4225,1
619322847,865.9163233757407,518.0496178203048,812.989,527.3007,1
619322864,859.339753177438,522.9726521860906,784.9476,563.041,1
619322881,853.2714163484151,525.8927580470727,784.4882,541.0939,1
619322897,846.6201766008398,529.3522845266964,769.8929,551.6276,1
619322914,840.346790510539,531.6103970192761,768.655,537.4291,1
619322930,833.3502987707868,534.4283013139444,751.869,547.7684,1
619322947,828.0887900094546,536.9293651420599,771.303,546.8405,1
619322964,821.599344099865,539.4005499138303,747.5113,547.6995,1
619322980,816.5527936148004,541.9845513706476,764.2326,553.1077,1
619322997,811.9393106149787,542.6058723580721,766.7672,522.6563,1
619323014,807.3665738449299,543.8083564579093,762.7898,533.8646,1
619323030,803.2850095890075,545.3534103980004,766.2723,541.7704,1
619323047,800.2681401948556,547.3971504467123,779.5425,553.1869,1
619323064,797.1455527996509,549.5851225538785,773.8812,557.5095,1
619323080,794.2564488104686,550.735902063299,774.2018,540.9652,1
619323097,792.0430108482733,552.1634776854254,781.8568,548.1835,1
619323113,788.4850371353875,555.8337005989125,754.6925,589.4429,1
619323130,782.7939559904505,563.1262324751584,719.6632,649.8721,1
619323147,777.5149242461022,568.1702157498061,723.6675,613.8015,1
619323163,772.4634773562623,574.1040126201373,722.4459,630.0256,1
619323180,767.6412991894321,579.3568597155493,722.9722,624.5221,1
619323197,762.4679934362692,584.379422431582,714.9586,621.9133,1
619323213,757.3549347696095,590.3702299029981,710.6647,644.3054,1
619323230,752.9867185253424,595.2534636838417,718.2059,626.9478,1
619323247,748.2333791684027,600.5002981396115,706.6697,637.8639,1
619323263,744.135392222238,605.7591287919653,713.7064,643.0677,1
619323280,740.2082728427978,610.1177631206521,712.5859,630.8374,1
619323296,737.8555758215705,611.6684173278455,734.6759,585.9023,1
619323313,735.0843273750297,613.9649967530314,724.684,603.9539,1
619323330,732.5772944038681,617.7722107741425,722.626,633.7748,1
619323346,729.5055279232561,622.1456788398227,702.4403,651.4885,1
619323363,727.7053500853425,624.9626826271814,718.8923,631.6754,1
619323380,725.8007052898079,627.7391572143458,714.6158,631.8942,1
619323396,723.8131009885898,629.9830087999062,709.45,626.7374,1
619323413,724.7638747713182,631.0236354624025,757.8472,609.5139,1
619323430,726.1938058821503,632.7218479407579,762.2137,626.4212,1
619323446,727.1386039558921,633.5698809890033,754.5876,613.39,1
619323463,728.1455360400447,633.3839195209347,752.0079,597.5437,1
619323479,729.6927788496969,633.8811641805997,761.9126,613.6658,1
619323496,730.1079023484662,632.9646669833763,742.2178,585.938,1
619323513,731.5453290954677,632.6115447552762,758.5426,600.7023,1
619323529,732.0266079232181,633.3329077880913,741.8569,622.016,1
619323546,732.1983160489984,633.9591257832913,737.6901,622.5787,1
619323563,732.8824640093428,634.4188336124417,745.6881,621.5662,1
619323579,733.6918914445243,634.766130956252,747.8879,618.8655,1
619323596,733.5957994698155,633.9445505769502,733.5519,598.3862,1
619323613,734.949514789769,634.242461541871,755.5494,625.0541,1
619323629,737.5387302491632,628.9138199946324,775.2277,529.5557,1
619323646,739.7818152669549,619.8755964875164,771.9138,456.6846,1
619323662,742.0012148951357,610.5354104553805,772.8512,451.5508,1
619323679,744.849193810058,601.1398711392159,785.2051,448.3199,1
619323696,746.7106942279589,592.4998236578267,768.9315,457.9407,1
619323712,748.1759961037393,583.5549884805548,763.6251,450.6114,1
619323729,751.0666235167223,576.8958326573478,790.1909,487.3191,1
619323746,753.9102915033438,569.2303921577357,790.324,465.1288,1
619323762,756.7110381055916,562.1386789435295,792.2863,470.6233,1
619323779,953.6577787711457,402.8088982145483,956.6085,387.3811,0
619323796,989.0226699923334,401.97209258518365,991.4084,388.455,0
619323812,1000.3249988803537,398.12085018388836,1013.7231,381.6447,0
