timstamp,smoothx,smoothy,rawx,rawy,fixation
632997733,886.2563596881309,525.6499542154663,833.3485,428.857,0
632997749,908.2928896510347,542.7994082255352,954.3476,520.9307,0
632997766,887.4217675825058,538.344370861585,827.9377,456.3345,0
632997783,878.750519521876,532.3626231618586,847.7713,422.4458,0
632997799,888.5419125088462,537.6256036254164,939.2045,500.0266,1
632997816,894.558663597907,542.094197262728,931.6022,509.5996,1
632997833,895.4587554500488,544.9806570463238,903.1979,508.7574,1
632997849,894.3823422460217,547.0264057005335,887.9667,508.3971,1
632997866,900.5322659970979,548.454642558586,953.4465,488.7512,1
632997883,905.9676356424651,548.7508840162197,955.9544,471.6195,1
632997899,906.2166368835933,550.0995088720272,908.0077,504.5163,1
632997916,908.4155242773819,550.124796044263,930.9844,475.0865,1
632997932,911.6041531981354,551.5430418905735,946.0082,502.5876,1
632997949,914.5602378055124,554.1398516399541,947.1381,533.0726,1
632997966,918.796305817956,555.8314874155504,967.944,512.0369,1
632997982,920.0744100076058,556.9705185067778,931.9674,510.3199,1
632997999,920.2693717767522,558.6826699816941,918.2051,531.0335,1
632998016,921.4585523818076,560.8163894754762,933.5944,542.142,1
632998032,921.6737077910311,561.5764302778676,920.5182,511.3523,1
632998049,922.8572906889117,562.6605316952857,936.324,518.6855,1
632998066,924.3753826230331,563.5702918770264,943.099,514.3662,1
632998082,927.6623195444447,564.5567324528919,973.251,511.5658,1
632998099,928.7042904164883,566.5493039737155,938.9849,551.6608,1
632998115,919.9586586234221,566.0815057427167,778.0015,518.2175,1
632998132,915.8943210185002,566.5428200797605,853.6556,529.751,1
632998149,917.5386943719006,567.0915639144271,949.4011,511.4968,1
632998165,917.7933922320955,566.8586851293364,926.2581,494.1486,1
632998182,919.009299133228,567.8256292406203,942.9391,528.9775,1
632998199,920.308494837382,567.2005511743364,944.8945,479.7663,1
632998215,922.747573863912,568.860853638317,966.9802,542.9736,1
632998232,917.0108037568605,566.053029965311,813.87,433.9408,1
632998249,921.0375911901999,566.1436795752974,997.0535,496.8793,1
632998265,917.882024857588,562.7529286638904,858.9697,409.7829,1
632998282,917.7167029484274,563.6247743527159,913.8732,529.7321,1
632998298,913.1208571816968,561.8612606929802,846.7699,473.1902,1
632998315,915.2256999606716,562.4182560378633,961.3182,519.672,1
632998332,916.7749506322482,562.2981400165751,947.8235,499.7285,1
632998348,913.691085025317,562.3211736018991,865.2765,522.4666,1
632998365,907.5220152413402,562.7320177864649,817.9126,544.6967,1
632998382,902.5917329816992,561.7945081133624,838.2345,494.9985,1
632998398,895.2527295322996,561.893968477387,789.4261,541.0111,1
632998415,626.5225240091213,491.94125306145287,629.4794,443.1236,0
632998432,797.9115164405223,569.418899966509,800.2054,543.5017,0
632998448,838.6932727687401,548.1284660224858,881.7117,447.2067,0
632998465,843.6017997730913,544.3050344948244,855.493,471.3677,0
632998481,841.8240361960123,544.8855215395116,838.6046,493.3944,0
632998498,844.8870050463947,543.5999001414331,859.0193,473.9517,0
632998515,892.7699232822525,538.1897726812598,895.0349,464.5643,0
632998531,819.0983118106222,526.7167322569456,821.5487,461.0345,0
632998548,824.811201140227,548.4803044198236,832.741,537.2473,0
632998565,845.1003871375982,537.2632141268132,887.7766,423.96,0
632998581,866.5252182344495,510.9173852002788,932.3856,264.7701,0
632998598,885.1848607325645,500.99381396364384,959.9405,312.7429,0
632998615,889.2753735594451,492.733787769138,909.9296,308.1552,1
632998631,891.630008867395,486.19656009794863,905.7784,302.6682,1
632998649,893.5006378462673,478.77536357664695,906.4355,268.9743,1
632998665,883.0081016240879,472.9255523477466,804.7717,293.7972,1
632998682,886.4508179446808,470.90800768140554,917.1708,314.3616,1
632998699,888.3414241387352,469.4371507315311,907.0117,320.5878,1
632998715,891.0008734161273,451.86426827418614,893.6628,308.3187,0
632998732,782.2974407934997,426.2416811403719,785.2726,287.3329,0
632998749,803.0164477753974,413.17084543146615,826.7021,230.2388,0
632998765,870.7354114125532,435.47528531817926,1007.5364,332.3322,0
632998782,930.4499119953217,457.8665741271203,1108.2986,388.6409,0
632998798,958.2024340089088,472.72866927243814,1066.2269,409.6774,0
632998815,980.3004849601327,477.8880205080316,1085.6749,352.894,1
632998832,1096.5660467608448,522.0951110828148,1098.5363,387.5242,0
632998848,1074.5030269595804,509.3211918816638,1076.5714,369.5208,0
632998865,1086.032368402066,501.4757816328978,1099.6306,335.6768,0
632998882,1100.976206208691,508.21586826328183,1132.5264,378.7251,0
632998898,1106.468034649864,516.0443934543914,1124.3118,412.4686,0
632998915,1098.3655610487167,516.8912271462061,1068.1614,390.7199,0
632998932,1093.1037528492639,517.7893726259855,1069.5112,393.8623,1
632998948,1100.5284407548972,518.6610612541126,1145.6475,378.6522,1
632998965,1098.1305925395893,514.6453493053668,1083.9312,328.1316,1
632998982,1106.3793556702065,515.7771894431029,1170.0732,374.8253,1
632998998,1109.9758947889902,514.5368254599846,1140.4634,345.0819,1
632999015,1109.186768499203,513.2212240055461,1101.9917,349.2316,1
632999032,1113.4372793512885,513.0968649537638,1155.3472,356.5199,1
632999048,1118.0826342869937,514.7550869796718,1165.9004,390.9432,1
632999065,1121.6653994049457,515.1043842599634,1159.3926,367.5324,1
632999082,1121.8422839968916,516.3683007051138,1120.6172,398.6377,1
632999098,1123.7999536434318,518.1295034787338,1144.8682,407.641,1
632999115,1118.5578983114672,517.2555970868025,1047.8947,367.6935,1
632999131,1121.0035549170966,517.7902704584309,1153.1255,378.1776,1
632999148,1122.2484709810826,518.2434898697343,1137.9579,380.5715,1
632999165,1122.5052592259256,519.4327156885932,1124.3623,404.8782,1
632999181,1120.2591761476685,519.448989148817,1086.255,382.6293,1
632999198,1118.9563490262954,512.570712164345,1100.5674,181.2389,1
632999215,1187.3120887183259,414.2785323814869,1189.6102,170.5635,0
632999231,1250.923483177468,422.43137767073415,1253.0695,170.4291,0
632999248,1206.888175904908,415.3802211007946,1165.3342,165.5135,0
632999265,1202.996331367985,414.4562816218236,1197.7755,165.7005,0
632999281,1184.5165407569314,413.92816828791615,1132.4189,180.6248,0
632999298,1172.6003376115464,415.4238438298104,1129.0321,197.6455,0
632999314,1164.937279491185,417.26200678491114,1131.4094,205.8497,1
632999331,1137.3124842634234,415.42172587057604,982.3912,201.8189,1
632999348,1132.1074543983852,413.13562285739295,1104.5698,160.9567,1
632999364,1133.058756803896,412.8909501312719,1147.6747,175.1925,1
632999381,1118.6750967721284,411.22968027784606,1006.385,183.7133,1
632999398,1109.6792836759296,411.12814426951167,1037.7477,200.125,1
632999414,1111.5633465856931,413.88166321154677,1141.3635,231.5015,1
632999431,1115.1156682566623,412.19458766674467,1162.8438,140.6344,1
632999448,1118.4682708528303,412.88441304016266,1164.405,188.662,1
632999465,1121.0901802561802,415.24629879272425,1158.567,230.2831,1
632999481,1127.0726326175425,419.09296732107725,1205.7332,260.0528,1
632999498,1122.367793749873,418.6018576967747,1064.0713,191.8639,1
632999514,1122.182644546634,419.87019827438024,1123.7231,222.9829,1
632999531,1124.30720085554,419.91810767426455,1157.3296,184.732,1
632999547,1124.6715374383543,421.22880472114053,1132.0027,225.8821,1
632999564,1125.8948496496287,420.17699990883085,1145.5356,158.3195,1
632999581,1124.6704003350665,421.4184339316335,1107.2927,232.4694,1
632999597,1117.1196899161096,418.64050868859886,1004.7578,140.6522,1
632999614,1108.9564161500573,415.1485685029373,990.4783,120.4638,1
632999631,912.1273374113179,407.6225322367781,914.9529,223.0717,0
632999647,939.9361786475263,391.5102734050522,942.785,187.3048,0
632999664,945.3730985061878,394.4039061388203,953.5989,195.2451,0
632999681,937.5408423694208,394.05137001497366,924.8213,194.8402,0
632999697,941.3079483117807,387.6937323255108,955.4963,143.1933,0
632999714,938.4702110736611,387.66935910054957,930.1986,183.4533,0
632999730,938.1794213543832,386.86597846263265,939.7745,172.8269,1
632999747,935.9387404349585,387.05597541249875,926.0258,185.5747,1
632999764,936.4540160501003,386.73694732519675,943.1174,175.0847,1
632999780,917.4242177279264,381.75521374688924,778.2034,140.9057,1
632999797,917.221204074579,378.1494379122022,922.0089,115.4344,1
632999814,905.2035776582649,372.4672807739463,802.6161,95.1123,1
632999830,909.9609886108935,372.076426078254,965.6317,145.1505,1
632999847,912.6222725240499,371.69859124100856,947.9064,148.2931,1
632999863,915.0402249211945,370.20440950325747,948.2422,122.3177,1
632999880,906.595030785571,368.72701378249997,812.4121,150.8891,1
632999897,918.2819918823214,371.56610366002974,1070.2576,191.1464,1
632999913,1201.839789529618,434.15414048945115,1204.021,203.2234,0
632999930,1175.9477251247354,413.9639051812449,1178.2678,172.6598,0
632999947,1195.4583045899838,421.2065562652491,1217.1028,189.7671,0
632999963,1190.637941114166,423.10163848605066,1183.2118,194.8344,0
632999980,1181.3507333042362,418.6223033768189,1156.1929,162.0967,0
632999997,1183.9373672633599,419.2277230295232,1196.5951,182.3358,0
633000013,1185.595045247576,422.7757599957909,1195.9476,215.85,1
633000030,1188.7213070297967,421.8581498265316,1209.0265,169.7364,1
633000047,1200.3040802134751,419.1506074447692,1279.2952,125.4005,1
633000064,1196.333617377961,420.31461907145996,1166.9698,203.1184,1
633000081,1203.3995783176001,419.67818415139016,1263.2507,153.5116,1
633000098,1201.76350901593,419.28050586911087,1186.7107,174.0627,1
633000114,1199.6409078949978,419.87970870395407,1179.0898,194.3436,1
633000131,1198.9885820628995,419.40890248986847,1193.1862,170.1791,1
633000147,1199.095873988653,420.8116059147205,1201.5569,208.4254,1
633000164,1196.506294678375,422.56516964483285,1167.3594,227.7337,1
633000181,1196.4989329076138,422.1379923764908,1198.9817,171.2403,1
633000197,1197.7804219396521,418.97531467983663,1217.0237,97.4877,1
633000214,1197.8670851829968,416.10477790689106,1201.2195,103.2041,1
633000231,1198.546485926927,413.818898954089,1210.0731,111.9679,1
633000247,1198.6534749624354,411.8886862937797,1202.0098,119.9307,1
633000264,1198.7500273716114,411.0507619780083,1201.938,147.6241,1
633000280,1197.271329103868,409.02782724416124,1177.2313,117.6794,1
633000297,1198.1303119192407,407.23691437427897,1214.0667,112.8214,1
633000314,1201.3071129138395,405.3651669734011,1252.5293,98.6433,1
633000330,1208.6006094406775,406.4660907354471,1322.3154,169.1586,1
633000347,1207.9662962875636,405.135906402876,1192.6826,124.975,1
633000364,1210.4974420741405,403.3542869435096,1246.8927,96.1617,1
633000380,1208.3894612053282,402.5270992689227,1168.7789,141.8379,1
633000397,1208.9027230743895,401.9646943325879,1214.1934,137.5534,1
633000414,1207.9031444662735,401.0936706552119,1188.6624,132.0118,1
633000430,1208.4664589596591,400.8737598805685,1213.0831,147.4697,1
633000447,1209.4306024541104,400.47954404144696,1225.0173,139.9111,1
633000464,1209.9652945724033,400.2441393780877,1214.5583,144.9366,1
633000480,1212.0731446727189,399.42035575293363,1240.2275,114.4089,1
633000497,1211.647136868264,398.86387360993746,1201.5586,133.6649,1
633000513,1210.8534427697311,397.8202230485388,1195.8468,121.2738,1
633000530,1203.5028999404083,396.0301815987646,1083.7449,117.5915,1
633000547,1201.1244977106307,396.7962168117273,1177.1191,172.1798,1
633000563,1200.2063682285693,397.02181595259896,1189.802,156.2804,1
633000580,1199.6129611547067,396.838720564147,1205.28,135.4414,1
633000597,1199.9140736935615,397.3799315738087,1211.6492,156.1317,1
633000613,1200.2512405045084,397.78722033647375,1211.2662,153.0045,1
633000630,1201.2803910239272,399.0130775288765,1224.4844,172.7704,1
633000646,1203.1456923694723,399.80932012548385,1239.5258,159.3783,1
633000663,1203.1368124426567,400.387253807252,1203.1033,161.5401,1
633000680,1202.823123895982,401.3690185165516,1201.1492,169.3142,1
633000696,1201.5028728977425,404.0511403511033,1184.9963,220.3514,1
633000713,1198.9659914488382,405.14757809333526,1161.7277,177.6936,1
633000730,1198.678175674822,406.1131272218562,1201.2546,167.2914,1
633000746,1198.3724128855886,406.92201049470845,1199.4167,165.1954,1
633000763,1198.6643089835807,407.3755722269291,1209.2612,156.1856,1
633000780,1191.9079264945735,407.8408336218564,1083.6132,183.8411,1
633000796,1191.7303089032798,408.7842664800014,1201.3357,173.5287,1
633000813,1191.7646098643245,409.384756636764,1207.6746,162.4467,1
633000829,1192.0399337418544,409.1274896356631,1217.244,143.6469,1
633000846,1191.7912015661468,410.57820980931626,1192.4291,196.408,1
633000863,1264.3568233303054,536.2316647712152,1265.9595,373.7974,0
633000879,1060.414551491645,537.333944730112,1062.3806,423.6641,0
633000896,1018.6767873287345,533.0436060849484,979.201,427.6792,0
633000913,1081.3905583500589,541.5029494708259,1207.8397,427.5536,0
633000929,1083.8515432448419,555.0385085005563,1092.0571,521.3832,0
633000946,1098.3388695935912,559.5014200264305,1156.0151,472.6969,0
633000963,1103.0751644440502,566.109057983136,1126.1948,517.8284,1
633000979,1108.2138529758424,568.2589063395704,1137.7448,482.4231,1
633000996,1112.0011050946118,564.2711733721012,1136.8252,404.4279,1
633001012,1115.712039452571,569.5177245121972,1142.4534,533.2664,1
633001029,1120.0046722349905,568.6799335432261,1154.3278,443.4033,1
633001046,1125.8568783633327,567.0432748436319,1177.0129,421.2188,1
633001062,1126.8977546891485,565.1789043160752,1133.9943,422.5974,1
633001079,1129.9115203264996,563.8024458485902,1158.4673,422.4116,1
633001096,1138.7172851699925,560.2416385023057,1233.3312,353.3765,1
633001112,1138.188935048559,556.8663283347411,1125.6555,375.0132,1
633001129,1138.0415670679563,555.7039828084146,1130.6323,420.2121,1
633001146,1138.6946593314012,554.89555140744,1142.1864,423.8668,1
633001162,1136.167805438656,553.7359181943059,1097.9998,423.3131,1
633001179,1134.8343464413147,552.2340903791828,1114.0186,408.018,1
633001196,1134.5497640266287,552.2191061097319,1129.2986,442.5375,1
633001212,1136.8588329703757,551.4074601838541,1169.8732,409.8466,1
633001229,1137.3793781909933,550.7289023825509,1143.6084,418.1385,1
633001245,1137.1477395536572,549.4748213183251,1132.3845,402.3718,1
633001262,1137.152190878035,548.475820475371,1136.6292,406.8569,1
633001279,1136.5834114656295,547.5217067630163,1127.5696,408.4814,1
633001295,1132.309571569428,546.3335152265594,1065.4592,414.1297,1
633001312,1128.8342377796916,543.9096363523522,1077.7533,371.1196,1
633001329,1130.725832749372,542.2605374222794,1168.5134,371.1606,1
633001345,1130.0862001908893,540.6870446485686,1125.0883,381.3659,1
633001362,1132.2845085877154,538.3055587703701,1174.1661,341.9004,1
633001378,1129.6335920840372,536.326306883187,1082.5891,373.6258,1
633001395,1129.8917907503364,535.7414392101684,1125.4834,403.9721,1
633001412,1126.5975648105734,533.3352523771753,1088.5099,358.5042,1
633001428,1125.8824334715225,529.7968698785442,1119.7653,319.1688,1
633001445,1309.2197726363595,640.8535874872563,1310.2642,553.1324,0
633001462,1311.064585098004,665.8422223381932,1311.9917,598.048,0
633001479,1349.1908002957814,664.2515081228115,1388.0237,574.4077,0
633001496,1325.310707577498,668.338981250601,1278.5995,625.175,0
633001513,1327.7435470332455,668.5461151837495,1335.9956,598.3245,0
633001529,1351.9848774506593,674.0141222591021,1447.7648,619.7596,0
633001546,1361.4146913019867,680.6087521870166,1406.7125,660.129,1
633001562,1361.0860872103478,685.6927477242118,1358.0553,675.0261,1
633001579,1350.1092763250756,688.1081991397416,1276.1896,673.696,1
633001596,1347.1121766107296,691.3341009926577,1325.1479,682.3108,1
633001612,1342.4661769252418,694.5333848823749,1304.8877,696.4034,1
633001629,1330.4885630395656,691.1620410373997,1224.0032,604.4388,1
633001646,1319.5610386757319,691.691504121418,1217.281,673.7695,1
633001662,1314.7851815269012,694.030745402813,1272.3491,700.2288,1
633001679,1311.7280222229003,695.2503878786288,1286.5769,678.0605,1
633001696,1309.2274924274352,696.9795409945349,1289.3516,692.3041,1
633001712,1307.0573655944681,696.4299722119989,1290.3848,640.9479,1
633001729,1302.4644010783672,696.5904925348553,1253.7831,666.8096,1
633001745,1295.393009689174,694.8984902029875,1213.074,628.9449,1
633001762,1289.5641269889486,691.8174529989667,1224.0956,586.7936,1
633001779,1115.0690495773551,738.9817022446638,1116.0166,776.7804,0
633001795,1119.0489120561238,775.4788063669153,1119.8228,842.0801,0
633001812,1039.9150519293034,759.6469629592291,962.1865,821.7898,0
633001829,1049.9336000596375,750.2308889577524,1071.3062,773.9021,0
633001845,1070.0404814372976,758.9259320082028,1130.6028,856.6766,0
633001862,1045.7452193884417,746.4129172038556,951.4653,739.8,0
633001879,1057.9924817390115,754.0509143152003,1119.0845,871.7905,1
633001895,1060.6139015992885,757.752632181654,1076.5063,858.8834,1
633001912,1063.8778921990502,756.8744902275957,1086.2074,804.9503,1
633001928,1069.7241631970446,757.9510189246479,1113.6709,825.9298,1
633001945,1076.5657323533349,759.838781499681,1132.5292,838.4395,1
633001962,1062.8853064490222,754.5302435165705,936.8687,758.1016,1
633001978,1058.681721229184,748.1083756657124,1019.1383,702.5709,1
633001995,1068.2449174804349,747.2580369759415,1171.3086,766.7354,1
633002012,1063.3632636258908,742.975094155924,1008.6381,726.9587,1
633002028,1064.7613688107126,745.338394278395,1082.4089,853.7286,1
633002045,1070.8979134578096,746.4038079171827,1147.2092,811.6202,1
633002061,1068.471770375391,742.2688846451058,1035.6709,708.7981,1
633002078,1057.2611625877807,739.8228490967077,907.6285,775.0496,1
633002095,676.920562519812,607.347589589074,679.26,640.7307,0
633002111,856.8647611765423,695.031194840339,858.4792,757.6223,0
633002128,840.4038262798724,691.260318561006,825.6931,751.6703,0
633002145,841.9174055721297,685.6577554308872,846.7377,723.2233,0
633002161,847.8153703175151,690.6367834457079,866.9111,774.6284,0
633002178,844.3038975853159,692.8445796580878,832.0363,775.5029,0
633002195,846.9136821642015,696.1485438355844,861.1917,787.8674,1
633002211,850.4718415273011,698.72061769801,872.3911,787.2699,1
633002228,846.7102342679992,696.7228593592663,822.913,743.7738,1
633002245,845.3976130716661,693.883720877207,837.3226,721.2245,1
633002261,844.9268568204502,692.8300939471593,842.9438,741.6337,1
633002278,845.8509609115541,690.8207423626375,856.3049,717.9932,1
633002294,847.7291175104008,690.3743565921809,867.9219,740.5007,1
633002311,847.3402082459429,691.3375213005535,844.4188,774.2809,1
633002328,843.8751175244283,689.839823430288,806.6793,731.0658,1
633002344,645.2061086703284,597.5334187075031,647.6476,630.3638,0
633002361,543.9739940754706,574.108002954639,546.7052,611.6118,0
633002378,560.7445249472579,570.8494227057641,580.1728,591.9375,0
633002394,559.0589553593323,576.2591419424242,558.2752,632.3212,0
633002411,536.7371103722862,574.3248160495284,473.3932,618.7235,0
633002428,542.1721719013003,578.280658013475,566.719,642.6206,0
633002444,548.7603542411982,578.2108313806352,583.7749,609.3569,1
633002461,547.5386516674553,574.0901184512547,543.168,568.9061,1
633002478,552.3983948890492,575.7266396656986,587.312,625.1794,1
633002494,552.1301203951318,574.7422907330302,552.1888,598.0928,1
633002511,552.5156879294639,574.7140197525198,557.8174,609.9879,1
633002528,554.7371869113633,574.009410549727,576.9828,593.0072,1
633002544,570.9576787720445,576.9233548038115,731.4834,625.8285,1
633002561,1003.6619122936133,570.3243560779755,1005.58,496.8542,0
633002577,1039.7277016519688,631.851118246919,1041.3,600.0462,0
633002594,1021.7785768226078,613.7198504885183,1005.6773,542.7368,0
633002611,982.5268669527984,614.902435796036,906.4953,605.4319,0
633002627,928.753412959078,600.8673063378935,772.408,531.7413,0
633002644,932.1734171905772,596.6637359229875,949.8419,528.6989,0
633002660,935.5944905725888,591.8171914475023,956.2892,505.9209,1
633002677,940.6929780416208,592.5357633549692,973.7072,553.9972,1
633002694,942.8169767181495,594.6759336368715,959.8991,579.2382,1
633002710,746.6325597739748,498.24869844107394,749.3437,426.3797,0
633002727,859.2932950649059,653.6714782521587,861.092,681.994,0
633002743,772.6678233208213,554.9726899644472,689.2734,364.8304,0
633002760,826.7201186333584,550.6220833488865,936.7468,462.5304,0
633002777,833.3995296813204,550.9170480700705,855.089,499.6353,0
633002793,817.9801571121668,552.0309602210257,759.3109,530.476,0
633002810,970.1091490692725,602.0142335709845,971.9433,562.239,0
633002827,968.2596281663767,578.6918139543948,970.2035,520.3483,0
633002843,953.8939614323416,591.0531168238613,941.4479,571.8917,0
633002860,906.6870204073994,578.1692608886362,815.2892,509.2742,0
633002877,901.784153498697,582.0255497500958,890.0535,566.2161,0
633002894,917.4338197683605,585.072251571804,981.6053,550.9538,0
633002911,899.8423567529936,584.5930123118516,816.6187,562.691,1
633002928,904.8249022595681,588.3299239396582,936.8421,584.6372,1
633002944,914.7664810464483,588.6194046651324,983.6481,537.8379,1
633002961,663.9563429560018,440.2229828857931,667.0815,340.481,0
633002977,938.2787716067551,596.1651371125682,940.1971,559.095,0
633002994,928.1752833767829,585.7651100020583,920.1472,526.1324,0
633003011,931.3900676855342,593.6526321628744,939.6888,583.1824,0
633003027,872.7524890889785,583.6211894426672,701.4611,538.4183,0
633003044,823.4226848903261,577.2424348390368,634.2485,551.7321,0
633003061,802.8894285032674,605.1808400421284,805.0112,607.233,0
633003077,785.495097999563,608.0069083544889,787.6354,616.4442,0
633003094,773.2606342921977,607.2475869418892,763.2488,619.4275,0
633003110,784.4877865299416,602.4400708630001,809.0321,583.9955,0
633003127,743.8282782368219,589.5135740512987,625.8729,551.572,0
633003144,738.6197862455423,585.5709442710348,721.7178,564.0239,0
633003160,741.395501438769,590.2409475860622,758.3992,633.4513,1
633003177,746.2813648689869,589.0214739559033,777.8661,572.0465,1
633003194,754.6063147664653,588.0155656205882,812.7983,562.8264,1
633003210,761.3215599505103,592.5350970029401,813.1597,644.8175,1
633003227,750.2031891615652,588.8986884087777,658.6051,556.7469,1
633003244,755.0615451787031,587.9734913595935,802.0858,562.2668,1
633003260,744.2614320989543,584.1140773216763,640.1853,540.1373,1
633003277,750.7701104658114,585.2368215398214,823.809,591.1097,1
633003294,756.356150206813,587.3303517852729,821.0475,615.7151,1
633003310,761.5003467915138,590.0498004927783,822.269,634.4911,1
633003327,766.9985275165803,593.9190828786275,832.9284,665.4285,1
633003343,771.3677463148916,596.7968485642548,823.4669,650.2885,1
633003360,775.3380127912083,599.733444786997,822.451,657.4601,1
633003377,778.6885737779498,601.5330650654448,817.5399,633.4141,1
633003393,780.6089971975082,603.1673415201161,799.3888,636.4924,1
633003410,785.6263313463098,605.6164112346363,849.6924,650.6853,1
633003427,789.6279422738419,606.7745198365433,838.1361,620.2954,1
633003443,793.8533068665224,608.8642713252854,845.3918,648.3889,1
633003460,798.2016120492946,610.6511493598524,851.2198,641.4532,1
633003476,799.446401495683,611.4712862518121,803.5702,626.6338,1
633003493,803.0095211943769,611.7526349847942,845.0311,602.7965,1
633003510,807.610536813122,612.4990014881499,865.9795,614.1957,1
633003526,810.4943571396077,614.0141521633185,840.1899,646.4321,1
633003543,816.9503554306107,614.4386451740135,905.2277,599.5172,1
633003560,817.986495806268,615.6595103003419,815.0729,647.9634,1
633003576,825.9783761527957,617.1599419536632,935.7219,629.1619,1
633003593,828.7152634337796,617.9806316213267,845.3992,630.7948,1
633003610,863.279600415749,631.0252875477086,865.1744,639.9608,0
633003626,697.1698713656775,582.90938623784,699.5842,591.6284,0
633003643,719.4776862011936,555.2237395242458,744.3148,480.8121,0
633003659,724.6909935934065,538.208781591468,737.6418,440.5326,0
633003676,731.0410712813185,532.992466875102,752.2933,461.369,0
633003693,732.1813834578063,534.4289791588089,738.8181,505.681,0
633003709,739.0297477244021,531.4239935938738,774.4913,454.9564,1
633003726,740.3203237738817,526.1063483342125,749.5924,422.3321,1
633003743,745.0104843863978,527.8138417283565,777.7068,496.0471,1
633003759,748.2983475709716,528.104114937191,773.9308,480.2932,1
633003776,750.2605126879116,529.0732911257022,767.0538,494.157,1
633003793,751.8676488672272,528.8393787882518,766.7182,474.8687,1
