timstamp,smoothx,smoothy,rawx,rawy,fixation
624573360,893.6721034821561,629.2257345351787,760.8105,630.3924,1
624573377,892.362913554357,627.9998339017592,869.0094,610.7932,1
624573560,892.3507124665514,629.6233002441105,895.4043,657.857,1
624573576,892.514610952147,629.2523249035607,898.6082,621.7489,1
624573594,892.9306665673408,630.2917543907257,908.4553,649.7566,1
624573610,894.3009601047205,630.8269529553558,915.985,635.321,1
624573627,891.2505338364333,636.3783805694804,841.3851,730.972,1
624573644,893.5147219797169,638.3705975592222,935.2958,670.0465,1
624573660,895.1042964796819,634.5614647555103,920.5413,567.0298,1
624573677,889.4428239640404,630.5152757191369,795.3286,567.2428,1
624573694,885.2260743970951,626.1957894048052,819.7473,561.7858,1
624573710,883.3478446767841,623.569980951266,855.6563,589.7704,1
624573727,879.6607934650523,619.6056414523878,825.1466,572.42,1
624573744,877.4436170664972,613.9550323410206,847.6453,538.8167,1
624573760,874.7250426547109,609.0223882275352,841.9716,547.9077,1
624573777,871.6851740044608,604.1022136216104,834.113,549.6097,1
624573794,867.4748268260429,598.3106453710309,813.3335,531.6357,1
624573810,861.5689001342845,593.8421042715295,782.7194,547.8707,1
624573827,858.7533391668329,589.4053225545954,831.9759,548.9781,1
624573843,857.4246788264267,585.9016097689718,853.9939,557.446,1
624573860,854.2977375199819,579.8234364684569,821.1411,510.2405,1
624573877,850.9051292653467,574.334383797551,816.9415,518.2464,1
624573893,848.4558348739596,570.0259823691105,823.7803,535.2768,1
624573911,849.2641270935108,564.220617036546,885.735,506.5471,1
624573927,845.3405641796915,560.7814459822686,798.1092,544.9653,1
624573943,838.6196076411073,556.8417004330815,837.059,562.495,0
624573960,710.5235049470338,494.8183663082305,707.7087,502.2865,0
624573976,715.697216596111,490.90454924518554,717.9731,494.7437,0
624573993,726.2870784670756,492.33024566426,744.6188,502.7036,0
624574010,721.4391663643353,490.37887223758116,703.918,492.3897,0
624574026,713.0534941392882,500.9898455666045,677.8284,548.5319,0
624574043,716.9417649982985,503.5370698467458,733.7749,522.2912,1
624574060,718.8055119016017,504.5523847167001,727.1044,516.7851,1
624574076,729.1688190482591,504.9736722231117,795.6992,514.2766,1
624574093,961.0325740966015,490.4611438444497,958.9955,498.5089,0
624574110,1166.7847111805631,424.76104865909593,1164.5583,435.3261,0
624574126,1142.2267531628472,462.12579383191496,1116.3362,507.4227,0
624574143,1126.3521182725647,471.42770050771446,1093.3289,498.0293,0
624574160,1119.1926152406033,478.5909496125667,1096.8704,507.491,0
624574176,1119.2618794901423,485.2751639058041,1118.8679,518.627,0
624574193,1122.2444741690545,486.44945316332354,1135.8568,499.6415,1
624574209,1120.9817233676206,479.55283902797237,1111.7828,448.8357,1
624574226,1121.5595308687123,480.8254487141801,1124.3153,497.5077,1
624574243,1121.66973104666,481.015398222478,1121.2023,490.7325,1
624574259,1123.3488142088427,480.6639238274777,1135.9663,486.2097,1
624574276,1126.1263504469027,483.79930953873895,1150.1769,519.773,1
624574293,1127.4015529997403,482.8723283680081,1137.4832,481.7646,1
624574309,1124.4314267956506,481.56225571373034,1090.1615,476.2088,1
624574326,1121.1229298965577,483.7703760316641,1082.6602,515.9807,1
624574343,1121.6390089332801,486.02826842886526,1127.6195,519.3621,1
624574359,1119.4858268421046,483.2876670587559,1091.5745,457.4086,1
624574376,1119.3601140158692,485.71308220743015,1118.3184,523.9908,1
624574392,1117.493576783697,484.89278007495545,1092.4404,481.3156,1
624574409,1121.5847330592428,485.45492359275505,1179.2087,500.6318,1
624574426,1128.8428500011996,486.0900475171301,1230.6846,502.3504,1
624574442,1131.3287188539587,484.3449756185189,1161.2881,467.0518,1
624574459,1130.83330005998,482.2049191686843,1115.7251,459.897,1
624574476,1135.946201809039,479.74735883684485,1206.6176,453.8713,1
624574492,1139.7548067831528,478.63621240295197,1188.6951,473.8359,1
624574509,1145.0357132911781,480.70467898021565,1216.5767,524.3318,1
624574526,1150.3883621418972,477.8610140313265,1219.988,444.952,1
624574542,1160.9498822162532,476.8514398661137,1312.7609,474.0515,1
624574559,1166.4644596305168,474.3176757531663,1230.761,447.9044,1
624574575,1170.6387354390042,475.29263920556866,1212.3113,505.4503,1
624574592,1175.3967225723795,473.2175652505649,1225.6213,453.7409,1
624574609,1178.5407924851518,477.78899912506114,1201.6101,560.2307,1
624574625,1187.2392214725583,476.1423370136333,1295.8992,463.062,1
624574642,1192.1675684850934,475.85800789740176,1232.5139,484.2082,1
624574659,1199.5433693476546,475.59470561921023,1280.8811,484.9673,1
624574675,1201.2284354754854,476.51077056681896,1189.1814,505.0837,1
624574692,1206.2016547515714,476.4723433008495,1253.2184,486.4163,1
624574709,1210.3704302141948,476.1884519323822,1241.4104,476.7957,1
624574725,1212.4524387126714,473.7538257639288,1210.8461,445.7918,1
624574742,1211.1870964507564,482.6254405354093,1159.4324,635.1738,1
624574759,1231.2743887958209,770.023175594523,1233.8657,769.3557,0
624574775,1188.605412569064,757.8211730099215,1190.8917,757.4803,0
624574792,1211.851788617791,761.4941618447227,1237.5779,764.6569,0
624574808,1197.8632729153044,752.8589924148694,1171.875,736.0334,0
624574825,1201.0431687007085,764.0958824724611,1213.4546,795.9135,0
624574842,1196.3830928455634,766.7382256010557,1180.5985,775.8972,0
624574858,1190.4175824151985,769.6648854164391,1164.1758,782.3125,1
624574875,1194.459182545424,777.9327145186534,1221.7412,822.6256,1
624574892,1191.8112532170535,778.1100550646588,1176.9187,776.902,1
624574908,1189.0296700890242,784.1685767678088,1171.8726,825.6258,1
624574925,1192.3433623449018,791.351422876032,1224.5151,845.5719,1
624574942,1195.1905107888902,789.8775322161221,1223.9589,772.0963,1
624574958,1195.7742077285604,787.3536847819059,1203.4261,759.1207,1
624574975,1192.1682919102088,789.045043122183,1156.4248,802.761,1
624574993,1193.4794433127354,791.4285787856261,1211.8264,813.3541,1
624575009,1191.9056631494384,791.5659340273336,1176.0962,788.6132,1
624575026,1189.8610321680578,792.4325729643784,1168.0804,798.4278,1
624575043,1188.6134284396933,795.5806898069234,1177.3518,830.2061,1
624575059,1191.3932904373821,793.7700512600875,1233.0447,764.8514,1
624575076,1193.2585769745724,793.9568390791106,1222.2554,792.1783,1
624575092,1193.2349201578168,795.3698087203969,1195.2422,810.6122,1
624575109,1191.6341453882549,793.5106066016058,1169.9863,762.773,1
624575126,1189.6613508966966,792.7361975866628,1163.1992,778.538,1
624575142,1188.474858185172,794.1353387942409,1175.1245,812.326,1
624575159,1187.834005182531,794.2922099104978,1183.0435,793.6031,1
624575175,1187.5011398360787,796.1882927700333,1188.0432,821.9442,1
624575192,1185.944385071107,798.900008637824,1167.1592,836.2673,1
624575209,1186.0167245378505,798.5038658448333,1193.4136,786.5255,1
624575226,1187.3965620860101,798.4182485441437,1215.6897,792.0624,1
624575242,1187.750156767055,798.3151446271435,1197.9443,792.1453,1
624575259,1187.0156316144435,798.3583438259092,1178.8088,794.9423,1
624575275,1185.4299803619658,797.5213022835018,1163.5149,776.5039,1
624575292,1185.1850562640122,797.8694693390868,1191.6165,798.1031,1
624575309,1183.5388515741254,798.124311227564,1159.4203,794.2223,1
624575325,943.2627379784955,784.0129506488711,945.0796,782.384,0
624575342,610.7396586618057,833.4804289698436,612.1065,829.6467,0
624575358,538.8164321064711,869.0373949289991,468.9108,898.0859,0
624575375,541.7215862924959,869.6414830055764,549.5118,865.4966,0
624575392,552.2250911872559,870.7404954510413,585.4914,868.6067,0
624575408,559.3769228709848,878.1374912514655,589.7046,900.666,0
624575425,578.5312781691719,878.4478164669044,580.3901,873.0804,0
624575442,564.4891022671707,836.5537960450423,565.7426,832.5385,0
624575458,547.9967399294903,873.5504954019127,533.6751,903.9519,0
624575475,563.2416152202394,822.1245421415268,593.4147,719.6124,0
624575492,583.633594527201,824.381267390385,645.3929,827.9469,0
624575508,596.5141880318423,834.9082290378066,648.3727,871.5425,0
624575542,597.0648342560747,835.6371201289188,599.7732,835.1197,1
624575575,596.5029002173301,839.7036192630641,593.5901,858.268,1
624575608,597.8934834587737,848.2386469127648,608.1956,898.394,1
624575641,593.9703345512825,852.1873308648527,564.9805,874.7799,1
624575658,593.030288796876,861.3078578335725,587.2004,927.7864,1
624575675,593.9578397373732,861.004369560246,603.6223,849.7805,1
624575691,591.9826560479565,870.1392723708423,574.8897,948.3331,1
624575708,919.84401650756,869.7222530122358,922.7253,865.2362,0
624575725,1194.1630922097756,920.6252289480424,1198.6382,914.9445,0
624575741,1189.4903147749724,912.9037519660097,1189.0681,900.0117,0
624575758,1207.8911994413195,904.6311661330498,1248.6938,883.7017,0
624575775,1201.600564933089,928.4277522185574,1188.1799,990.8577,0
624575791,1207.039071048311,926.0609053333891,1232.8528,910.7436,0
624575808,1236.6638361892954,849.4397145308388,1240.3318,846.1721,0
624575824,1186.7425739121652,976.9824867530622,1191.9442,969.437,0
624575841,1184.9058082188349,964.3119487374306,1187.9254,944.9535,0
624575858,1208.6892136020329,954.5856169199152,1260.8408,929.2648,0
624575874,1212.1637793545365,948.6925236396808,1226.8271,925.4443,0
624575891,1220.195396159916,935.0386823054773,1255.4182,877.5273,0
624575908,1217.397395655979,930.0078502380863,1207.28,901.3817,1
624575924,1214.784729706236,917.9291097663786,1202.6445,846.2123,1
624575941,1222.3154156690978,919.623567188546,1277.053,927.4714,1
624575958,1225.180687375885,924.1596243650574,1250.5969,953.5172,1
624575974,1228.000509301251,917.0534101679457,1253.6265,855.6978,1
624575991,1234.4165665654807,926.3955012848223,1296.6577,1005.4463,1
624576007,1234.268492040389,926.9707616064911,1234.002,926.8552,1
624576024,1231.9451428692805,931.3292230866349,1209.4476,969.6761,1
624576041,1234.085053541278,928.4673574815345,1259.9919,890.3047,1
624576057,1232.2813354647683,928.8001346543076,1212.8096,926.2667,1
624576074,1230.96645139198,926.9150851286613,1217.1228,898.0085,1
624576107,1228.9191603178683,930.6899907258666,1206.7632,971.9001,1
624576141,1229.594005870697,930.2701184965767,1243.3174,917.3616,1
624576157,1229.007558222442,929.1677166826762,1225.21,907.2769,1
624576174,1227.222494870502,929.1991598950589,1206.8085,923.0685,1
624576191,1226.0150723741585,930.4707462745465,1214.7815,941.78,1
624576207,1224.0730380258688,931.6270236204648,1202.2321,940.8871,1
624576224,1223.8944297576882,930.2245513046863,1228.9692,901.7701,1
624576240,1224.6399576460856,927.9354348897918,1243.6653,887.1315,1
624576257,1223.3876482968253,926.786773129468,1210.6821,904.4214,1
624576274,1224.5628657127365,926.7763842403544,1251.1748,922.5184,1
624576290,1225.4228447016917,923.9521863098174,1245.3151,876.082,1
624576307,1225.2096593705842,923.381816075505,1227.386,912.4202,1
624576324,1226.0626006255782,919.8495646491557,1244.9688,862.3827,1
624576340,1224.5640767160273,915.7480032463707,1203.7501,851.4272,1
624576357,1225.6515696467422,915.1537832305384,1245.7063,915.4238,1
624576373,1226.5672993955457,912.43184840672,1242.1541,875.3306,1
624576390,1228.7506865307957,910.5885767863007,1272.2905,887.1859,1
624576407,1232.183405867687,909.4354043160604,1290.3486,897.1708,1
624576424,1231.9570601907865,905.0920825140506,1228.7814,837.137,1
624576441,1241.9988475006933,901.6420225244077,1403.7516,854.0899,1
624576474,1243.502434626821,899.0462076504818,1255.3862,861.1631,1
624576491,1246.4137050833194,892.4310703016309,1288.3115,800.6808,1
624576507,1251.3616748371571,891.3449615148195,1323.3545,894.0184,1
624576524,1438.034528526414,762.2299726806906,1441.2118,762.1788,0
624576541,1348.6221987704623,787.5664773927517,1351.8389,786.527,0
624576557,1349.9682877788846,779.8563882270973,1354.3314,771.6372,0
624576574,1325.7790896457504,788.9485903232217,1280.9406,805.2531,0
624576591,1318.5565693691524,800.5998186352108,1301.1818,832.3531,0
624576607,1325.4510120738605,818.7650951852688,1357.6683,885.2271,0
624576624,1324.0624485030405,824.3084625691255,1321.465,846.7935,1
624576640,1325.809866832989,821.8893283879995,1339.6266,804.5521,1
624576657,1338.218471634477,813.697227234126,1423.9969,757.8391,1
624576674,1362.7890349501356,812.4338046633287,1549.785,801.515,1
624576690,1372.3288042335128,806.8002731562383,1449.3379,759.9753,1
624576707,1376.678284642166,801.1671994761926,1411.9359,751.371,1
624576724,1380.1744391314728,799.0953292192864,1409.9414,780.5062,1
624577023,1377.1184646229892,800.4359030823676,1340.0912,815.4835,1
624577040,1373.0936255785325,794.852346639456,1323.6368,735.5313,1
624577056,1372.8057063313586,795.0908863863345,1367.9756,800.6979,1
624577073,1370.405483119322,789.2870617156366,1338.7871,722.687,1
624577090,1368.7575441766783,791.0302105406304,1348.4664,817.5627,1
624577106,1367.8548294078641,790.942191086081,1357.6431,793.4064,1
624577123,1367.7810286843703,791.2757810156481,1369.5437,798.9497,1
624577140,1360.9691954015623,793.3057512323987,1267.5295,823.5027,1
624577156,1355.312217744994,796.9328903863203,1280.9373,848.5917,1
624577173,1233.623727295667,909.5083932406128,1238.0823,904.2617,0
624577189,1285.2921499548431,866.5761745926036,1289.3508,862.8302,0
624577206,1299.0264070243616,854.8827134868112,1316.5643,840.2882,0
624577223,1297.8077506812572,846.1075972861855,1298.9036,826.2433,0
624577239,1302.6529017452283,851.3499117531182,1321.1384,863.3746,0
624577256,1299.063616260364,833.4633345036373,1287.4641,762.9418,0
624577273,1303.1104582082082,834.2026777921908,1326.5903,835.9406,1
624577290,1298.5799385070343,840.2440841934342,1276.2529,871.8831,1
624577306,1297.1475827108045,833.0602271063027,1290.7593,784.3475,1
624577323,1294.006292583643,830.5750398583288,1274.0696,811.017,1
624577339,1293.2813818394125,830.7722840327086,1291.7395,831.2122,1
624577356,1298.3737173891038,822.8262139269053,1348.3895,752.03,1
624577373,1300.1898097888443,818.1188724523947,1320.6871,774.3297,1
624577389,1300.0656871027013,816.3287681025181,1301.1877,800.1982,1
624577406,1303.1327086812034,810.3984621026389,1339.3184,748.9622,1
624577422,1304.3967016557358,815.1461634728265,1321.7815,873.4495,1
624577439,1301.142006542442,813.5599117067284,1261.8066,796.4903,1
624577456,1299.868983983322,808.5691390480938,1285.343,748.8741,1
624577472,1296.0713422639617,802.1937687520458,1247.4818,724.4028,1
624577489,1291.174878853439,799.305701313592,1228.3459,768.0188,1
624577506,1285.0850868668247,796.0433132419677,1205.8529,759.3734,1
624577522,1282.9595680010736,791.4831759893402,1262.3873,736.6686,1
624577539,1281.8532124048186,788.5460946994262,1276.8428,757.5074,1
624577556,1277.6995066837612,786.3379754426505,1226.1595,765.7945,1
624577572,1276.4710145543152,785.7371742021013,1271.5229,788.8088,1
624577589,1228.1460793141455,411.4009454067292,1225.9463,422.5119,0
624577605,1095.2670586060033,584.6613762308338,1094.9336,589.8477,0
624577622,1077.0757328265447,475.3730930060253,1055.5659,378.6593,0
624577639,1067.14664968897,453.8520368141526,1044.7073,422.425,0
624577655,1055.964385070367,426.13941689433284,1019.2823,357.7908,0
624577672,1053.8404236363808,423.5699891675601,1043.3171,425.8311,0
624577689,1050.0254270995947,411.2543595750203,1028.5002,365.8008,1
624577705,1053.9090354864838,408.74390287116245,1074.3505,408.1522,1
624577722,1054.9829877556572,402.8675418626227,1059.2654,378.7639,1
624577739,1053.2584311593985,398.53994708997095,1037.2369,381.5672,1
624577755,1056.7849881630043,399.8659745577358,1084.0669,425.5281,1
624577772,1062.6479248110402,393.6173374077081,1112.2588,353.411,1
624577788,1065.8547322467816,391.6964317756801,1092.6748,389.4295,1
624577805,1063.6453123435167,388.3651183214779,1034.4014,370.6608,1
624577822,1061.9553194488594,386.37207374634716,1038.0673,381.7692,1
624577839,1064.1658384368181,382.92929710982514,1085.7769,361.0978,1
624577856,1066.4864862648822,352.8338551656194,1062.9666,365.5876,0
624577873,1164.2103732105977,257.4564114903088,1159.7451,273.5144,0
624577889,1128.4677139180624,246.21262739438288,1087.8132,251.6689,0
624577906,1116.6642485013324,242.3228797167391,1088.3826,251.3337,0
624577923,1130.111607926847,241.3757288483587,1165.6382,255.3683,0
624577939,1134.14219152935,244.81656826613684,1145.4063,274.4601,0
624577956,1134.6979750784521,236.00692606528162,1131.7327,211.2583,1
624577973,1138.1758246627448,236.68556604586132,1153.2651,257.7921,1
624577989,1133.0585314433422,238.86602895194156,1093.6245,269.9603,1
624578006,1135.3022736005391,235.43570356490946,1147.0676,227.493,1
624578023,1134.0985549699976,236.81109437585744,1119.0634,265.2782,1
624578039,1134.1204201632486,241.24163844946472,1130.0347,297.1779,1
624578056,1133.9880977567943,242.1316124263153,1127.9762,266.4645,1
624578072,1132.115275277331,239.46639977921203,1107.1483,228.0407,1
624578089,1129.2937588976001,232.05715706645046,1092.2566,168.7765,1
624578106,1128.2653764795796,227.7522963983882,1112.1011,198.2569,1
624578122,1131.531647076611,227.1845503062739,1168.9031,241.6034,1
624578139,1129.5209215707062,236.2939779575651,1100.6873,370.3713,1
624578156,1127.156428605146,243.396580172318,1093.2864,350.9734,1
624578172,1128.2603615944547,251.36199031570808,1142.6991,369.6089,1
624578206,1131.2006697123936,255.76401253809357,1170.7637,323.9825,1
624578239,821.401979280307,317.6459220509019,816.5953,331.1289,0
624578272,747.7233055687443,302.77039752121584,742.4725,316.6138,0
624578305,709.7848252289082,324.5519092446232,667.0192,358.5598,0
624578339,669.0351338676105,332.61990988226455,583.0729,360.6047,0
624578372,681.7411629009914,336.15896163607334,715.452,358.782,0
624578405,684.4857162805438,339.6988978377355,690.9111,365.355,0
624578438,685.615253437342,346.84742149834125,686.9672,392.286,1
624578472,682.7118882904643,343.46814093090376,660.847,335.994,1
624578505,681.3289948477399,340.00298971826146,667.2317,329.5811,1
624578522,679.0746611695902,334.31346668097285,657.0538,305.5389,1
624578538,679.3373530210977,327.68448904491066,676.5851,288.0576,1
624578555,676.344392386436,337.19242239760166,646.0033,435.4473,1
624578572,580.7457339511785,683.3671502486299,580.0114,684.4137,0
624578588,648.4521388930604,730.8514642344952,648.5767,730.4557,0
624578605,611.3070649631059,759.0352648975911,574.884,784.7725,0
624578621,603.9351360901323,758.9996379884726,589.7733,757.3696,0
624578638,607.7944010922672,772.349266368489,620.6384,808.6805,0
624578671,606.6975948071434,763.4873869428673,602.502,727.7853,0
624578705,605.3225343203292,761.5406141084436,599.0963,750.814,1
624578738,599.8969142680986,760.3870626307721,569.0381,752.5025,1
624578771,596.3195082660202,760.0076276051271,573.5718,756.2591,1
624578804,598.9392498964953,768.6432181238137,621.2773,829.8792,1
624578838,599.6760715773905,764.0612775261174,606.4894,724.4736,1
624578854,592.5026261172179,782.348469862568,530.4606,940.6929,1
624578871,521.1338607039258,1083.7964167725702,525.5386,1071.5815,0
624578888,498.25160522673,1105.9935537081788,502.8759,1093.0094,0
624578904,528.7518250192683,1077.1439526733675,563.2336,1037.3832,0
624578921,539.5588570699323,1070.6709285952224,565.0742,1046.6566,0
624578937,544.5180224426363,1078.2466161587429,563.6647,1088.2336,0
624578954,538.0433360003806,1072.259569786415,516.0854,1037.6925,0
624578971,541.5670508542356,1076.1324899318856,563.2623,1082.7394,1
624578987,535.9255736533404,1061.2419336370544,505.8738,966.5768,1
624579004,528.4509651614177,1050.8183502919592,481.8216,973.9442,1
624579021,528.1248410062294,1043.34774363804,530.0475,980.9484,1
624579037,527.2389082804802,1038.7634530678565,524.4271,994.9311,1
624579054,527.242408621964,1034.396659565626,531.9183,989.9089,1
624579070,526.2310325938348,1032.915140770906,521.1535,1013.5442,1
624579087,522.1076507717677,1031.8453735132928,483.6964,1015.7166,1
624579104,522.0813188038178,1022.3349176377004,526.7398,914.6771,1
624579120,527.276374934935,1018.7199843359115,594.3137,975.7869,1
624579137,528.8390467275575,1018.2484683409942,552.032,1011.5964,1
624579154,524.7057902598533,1025.6109929101694,475.8468,1115.2648,1
624579170,527.9426656791538,1026.0704506730194,576.5107,1025.9856,1
624579187,524.5444120928953,1030.4882341530658,481.7183,1082.2275,1
624579203,525.7688080447086,1026.1687686851903,547.4993,957.1275,1
624579220,520.8691344778681,1030.858814207055,454.6322,1088.821,1
624579237,521.2269086685875,1033.0891778503362,534.3286,1053.8785,1
624579254,910.4039133974396,1027.5544704138135,915.3577,1017.8658,0
624579271,1222.4231208327938,869.3134517123575,1226.3085,865.368,0
624579288,1249.891256100019,903.4992997927856,1282.2681,931.5043,0
624579304,1237.0149140337617,916.3346885171269,1216.0996,935.3267,0
624579321,1232.4530191608565,910.7922177853767,1223.1895,889.2347,0
624579338,1235.0318426877411,904.5638690346655,1249.4497,875.6768,0
624579354,1250.4598234737111,895.3553077558622,1254.7859,890.603,0
624579371,1210.9727897099099,896.8091763751502,1215.1865,891.9403,0
