timstamp,smoothx,smoothy,rawx,rawy,fixation
629722483,932.9724513618337,565.6038906791607,892.0421,550.512,1
629722499,934.7124580100389,564.373387760131,946.6743,536.9126,1
629722516,939.7846350173068,563.1244591814668,1004.9777,539.2587,1
629722533,942.19441960169,562.5849059468667,959.6782,550.5605,1
629722549,944.6625223808162,563.050883086124,962.3787,563.2457,1
629722567,1217.2828573741251,735.1580029164282,1202.7441,757.895,0
629722584,1114.5505494327292,567.796675383142,1095.8689,572.3612,0
629722600,1147.6010187217857,527.1999856381482,1160.6881,487.7105,0
629722617,1102.3050280022387,555.6500960865268,993.6354,615.9226,0
629722633,1073.6540028787415,562.7428386587363,969.9979,583.7036,0
629722650,1035.9218851285186,550.4379377035409,867.5942,490.7297,0
629722666,866.7413194618566,459.9372273994842,844.1195,444.5654,0
629722683,872.7895820637292,503.96950199970786,851.111,492.4286,0
629722700,885.2970727802481,477.98445224207995,875.2069,437.4635,0
629722716,889.6110974122685,463.2636411773626,875.1907,418.1058,0
629722733,870.5388044665409,469.5680458551812,791.4647,473.1591,0
629722750,870.3713715489299,469.9885591446893,847.8047,457.5344,0
629722766,865.5279090739895,468.18704870193733,819.6201,443.0493,1
629722783,848.14617573968,460.6119934174191,724.2236,392.9324,1
629722800,845.0105495981236,458.95311310981504,803.5033,430.8261,1
629722816,847.4556316767816,465.1609000436557,847.1,501.9319,1
629722833,852.4224865006038,465.7671751163134,873.8339,457.7462,1
629722850,850.6948748321554,467.85875727298225,813.8391,472.2434,1
629722867,852.5291098140522,465.45589209565753,849.0399,424.6245,1
629722883,846.9910996694633,467.1296036113167,766.8745,467.9938,1
629722900,847.6187509839629,472.9387082585084,835.9998,527.8403,1
629722917,841.6321654615991,472.92689520833034,750.1011,451.4694,1
629722933,843.7093323834924,473.1226100761437,851.3132,459.1386,1
629722950,844.745043376933,478.20281537120576,840.0775,532.1378,1
629722966,843.889327605946,479.43937912095674,812.4807,477.001,1
629722983,843.4789893527646,480.6372013135469,818.0785,478.2121,1
629723000,841.6787770601305,480.9306293911797,795.9493,463.9047,1
629723016,843.7107702222479,481.5412716638026,854.3516,472.5886,1
629723033,843.4360138445596,480.5236227393788,818.0417,444.0441,1
629723050,845.1250096648511,477.88396401965224,849.0184,417.0177,1
629723066,846.203829755126,478.97552604801854,840.8663,481.6725,1
629723083,848.0157116093857,479.59354154822176,853.4122,474.6536,1
629723100,848.8460684153538,482.4739504989006,838.3253,515.7927,1
629723116,848.741494230482,479.52223137975693,820.7163,409.4118,1
629723133,852.2252136579494,484.5569414631812,885.7148,559.8998,1
629723149,854.9433911191402,478.6632381316596,869.8242,356.8718,1
629723166,856.8289199026572,479.67898848587487,858.8611,485.3047,1
629723183,857.2258150133358,476.3813978711747,833.7972,405.9355,1
629723199,855.504949873671,473.15090076982995,799.6689,399.6768,1
629723216,854.604241957148,472.66254411519355,815.2577,450.2089,1
629723234,855.0118844997528,472.77037149708735,830.1761,468.1769,1
629723250,854.6891455351425,474.77402957046735,825.0948,500.9821,1
629723267,858.1357925798624,473.1292026216502,887.5656,433.3411,1
629723284,854.6727472712251,474.15396229968513,758.6011,472.9293,1
629723300,854.00798419625,474.3647422897572,817.6411,464.0667,1
629723317,863.3861566436207,473.0076339613626,998.3719,449.4367,1
629723334,867.869795155387,468.8338360543366,914.434,386.8096,1
629723350,874.6867011853088,467.61264773243965,950.9061,445.0095,1
629723367,880.2292246383397,467.18303173238195,934.267,453.0025,1
629723383,888.4340207891173,462.9610914804901,973.2147,387.6055,1
629723400,895.436499672761,459.08746672355346,962.7526,397.9964,1
629723417,899.848261847123,453.3291260613772,910.9641,350.3893,1
629723433,903.356766232385,449.10912442669877,910.4537,377.9433,1
629723450,911.7833364645816,446.3179596304589,999.3295,414.0997,1
629723467,917.8939279935317,444.3858867391654,959.945,419.6513,1
629723483,922.2907476800436,441.8750815779473,934.8157,405.1284,1
629723500,929.2371081110408,438.0948536765434,981.5858,379.3408,1
629723517,934.107864628542,435.4251222256839,956.6534,397.143,1
629723533,938.7197463948477,436.21985048338587,954.2314,456.7217,1
629723550,941.7922332662073,433.4058194833489,934.2585,382.7024,1
629723566,944.6735307216209,433.30071586159556,935.7745,438.43,1
629723583,945.9908222678,434.17530494000965,914.7088,452.3207,1
629723598,948.0485792188139,436.58236295897865,931.1473,483.6799,1
629723615,951.6153062331815,435.8407356366564,959.1389,412.4115,1
629723632,951.3849657783621,435.9507783344509,903.8455,440.0969,1
629723648,954.8789134987679,438.2289989212569,971.6473,460.832,1
629723665,960.995759256817,439.18059524620014,1019.4369,451.6379,1
629723681,961.959482741672,436.93902582955707,928.8831,378.4813,1
629723698,961.9440861007248,433.1270599968837,911.5554,347.8485,1
629723715,961.3466518061695,429.4523656542078,906.9086,355.228,1
629723731,962.2268682423917,424.06287270169435,936.942,324.9794,1
629723748,963.8664362163923,418.1962333589836,952.1611,318.403,1
629723765,964.3645831520186,413.93777732984375,941.364,338.6386,1
629723781,969.4665567265909,407.8745094865617,1009.7751,310.6112,1
629723798,970.6208817519855,400.8757974995336,949.1989,286.3493,1
629723815,971.6060275018787,397.4381768484019,967.7718,348.8815,1
629723831,975.526391268726,391.4665233948567,1009.2427,294.0724,1
629723848,972.8886537121296,384.0859050775065,898.1349,265.7261,1
629723864,972.1100601017375,375.54464463880964,928.9734,242.2095,1
629723881,968.3665617240032,368.0415963615542,881.5897,248.2336,1
629723898,961.473207762614,361.59848195917755,825.2059,262.5581,1
629723914,960.3724150580455,357.4829003347106,921.7983,301.2805,1
629723931,955.6212229108943,351.87333211895293,856.8385,268.4932,1
629723948,952.7896540311505,345.0248089132183,898.4156,245.0651,1
629723964,948.6429412931558,338.0366302192465,869.0177,235.8555,1
629723981,945.6026050459953,334.48845460304705,885.233,293.6243,1
629723998,942.7354831534363,329.888221067039,890.8207,265.0342,1
629724014,939.8824134458629,323.76553714648065,885.3346,232.265,1
629724031,938.4121214110492,317.7821727185593,906.9912,235.7411,1
629724047,933.1602806648223,314.012730499304,836.9253,259.8391,1
629724064,728.6425107817936,276.2553506829271,701.2965,239.7909,0
629724081,901.3918751602432,243.94722887298573,874.5931,212.6967,0
629724097,905.8069568870284,233.53887367037274,883.0483,190.6265,0
629724114,912.7094256635627,245.52046778617017,900.3008,241.3213,0
629724131,916.759297619732,253.6287487073427,902.7183,250.2346,0
629724147,923.4885723659755,252.48303245207282,923.2681,218.8494,0
629724164,924.9860121331333,254.62794388736353,905.5387,236.558,1
629724181,924.6901316991082,255.16311252257972,895.9526,228.6231,1
629724197,919.9604447183856,259.1545827061401,861.8214,256.7182,1
629724214,914.1842454172211,268.25984865941814,845.7333,310.4038,1
629724231,904.4129673066118,286.9406263309885,800.799,421.0151,1
629724247,875.3868394637913,527.2714986097358,854.2032,517.7306,0
629724264,862.8222006034455,488.6180412438234,840.7598,475.3856,0
629724280,878.7026418984143,505.4348278802103,873.3893,513.1265,0
629724297,841.4096117810863,498.2343934513397,744.3877,465.8913,0
629724314,848.3341262214874,499.19489134913846,847.6047,490.217,0
629724330,860.475346895166,511.7486054161614,888.1294,555.6927,0
629724347,856.6451080029706,515.7283840279915,816.3794,523.7925,1
629724364,866.1131821746894,520.8455976962664,900.3242,543.8134,1
629724380,867.6835347327383,525.9853766017867,856.6074,551.9167,1
629724397,871.2082569669217,530.6100528707584,876.1917,557.6646,1
629724414,872.5542802127773,527.7930532778232,860.3817,490.388,1
629724430,873.7475545499198,530.2259744752853,862.0411,543.0595,1
629724447,878.1010656112634,531.2200044331828,898.1675,531.9255,1
629724463,882.3326327469572,531.9695102935348,903.0528,530.8052,1
629724480,882.8000260380343,534.1022553875438,863.1542,548.4802,1
629724497,885.8139940989399,539.0508010318766,897.5973,591.9833,1
629724513,890.2140179254206,541.9930445387475,919.6382,570.5543,1
629724530,887.1711331592453,547.9834427081028,821.8593,615.6226,1
629724547,886.83627498479,552.4505483272735,858.1538,600.6104,1
629724563,883.2510516863332,552.538516967527,808.727,533.6355,1
629724580,885.3339254544625,551.6567168038151,892.5205,522.5127,1
629724597,887.9414382511956,552.7832215544518,903.2805,556.916,1
629724613,887.0806054793914,552.003866297518,849.4897,523.6003,1
629724630,889.1903558238849,551.588101769584,897.873,532.5459,1
629724647,887.6518298452115,548.4644179675893,838.2853,482.5094,1
629724664,885.9668805850868,546.3254210587846,835.8712,499.2199,1
629724681,885.9646154493776,544.9755670665803,864.2983,514.3986,1
629724697,886.0849855818689,543.5771795374233,866.6222,513.3991,1
629724714,887.0434771575646,544.549984628696,882.197,557.7574,1
629724731,889.2786162143844,543.9403984707099,904.3774,529.5377,1
629724747,893.3143841547862,542.4010680341621,936.4774,513.3379,1
629724764,893.4522790459594,545.726489748671,867.5081,595.6438,1
629724780,894.3074578630685,547.8251272866705,884.0037,577.6882,1
629724797,897.2119463935677,548.1670609362255,906.911,541.7931,1
629724814,896.100833090793,549.3979500552933,849.6598,558.8818,1
629724830,895.3767235311769,550.7016314792126,861.3916,567.7671,1
629724847,895.3219797510769,553.1026524171009,866.4189,585.4594,1
629724864,900.39379398543,552.0035380321222,964.7341,525.9832,1
629724880,1131.7179428682246,564.7239808274296,1113.0935,569.8178,0
629724897,1105.7300450473151,537.465369023554,1086.3661,539.1802,0
629724914,1134.6144242691823,581.334290980445,1146.2576,636.4979,0
629724930,1160.526689197415,571.5542697346725,1193.55,559.5841,0
629724947,1172.83666625759,565.6073521881106,1190.3669,555.1323,0
629724964,1173.6293312719602,569.6781098776671,1157.9647,594.5568,0
629724980,1165.3329818110656,563.3771534381721,1104.7517,534.8024,1
629724997,1164.4621904956196,564.0116369861869,1140.8053,574.6531,1
629725013,1159.3280359444743,566.7664266050657,1106.7463,591.8647,1
629725030,1171.2176395758813,566.7534909917609,1243.3345,577.6815,1
629725047,1185.0340159471666,575.164029699167,1282.7548,664.2111,1
629725063,1196.187461189083,582.6145264191342,1277.718,667.808,1
629725080,1214.0749098887984,582.9927497288986,1366.8049,601.2153,1
629725097,1220.8902671836458,588.0352412194169,1265.2576,655.4446,1
629725113,1218.4433476010886,584.2149700651654,1159.4348,541.6469,1
629725130,1224.87260517748,582.0632113577799,1271.7639,564.9208,1
629725147,1225.8986369042814,587.84461136789,1209.6538,674.0093,1
629725163,1232.1651443468345,586.6599961799327,1283.1223,579.9835,1
629725180,1234.4051215571194,587.5082261256246,1232.9384,608.3446,1
629725197,1232.7358574200603,587.7838609266807,1178.0095,597.9459,1
629725213,1236.0131168961493,592.0661068757561,1254.8884,667.7258,1
629725230,1241.6505789657986,594.8962614853573,1295.3059,649.1064,1
629725247,1244.9872972343373,598.3635482808401,1264.2019,661.3302,1
629725263,1250.4385656206607,602.3909222641506,1302.6274,675.8909,1
629725280,1252.8026018268697,604.5867707382016,1255.944,644.6833,1
629725296,1254.8714220279558,610.0855716405321,1255.387,706.3427,1
629725313,1258.5143123027083,613.126993928402,1284.356,666.8638,1
629725330,1260.2833701136096,616.3315999091376,1255.9438,671.4856,1
629725346,1263.1016624123226,618.9412477193739,1276.8184,664.381,1
629725363,1257.484009956886,619.3393148815136,1132.1406,619.3583,1
629725380,960.6595507652376,729.7447713677902,944.2151,740.422,0
629725396,806.3481751946147,759.6604051158527,789.4365,765.7655,0
629725413,812.1642772683941,737.5995090192741,800.2336,718.6665,0
629725429,794.6742660172318,722.4555834061907,741.2756,691.0449,0
629725446,792.9866887886782,725.7145492337942,770.6899,739.0635,0
629725463,789.359885962003,725.2927785880398,757.5461,725.6833,0
629725479,795.2014454532082,719.5247638426014,805.8817,693.1392,1
629725496,792.6510813018405,709.2515564693867,758.5902,646.5839,1
629725513,789.2241883930965,704.0250651164386,747.6626,668.0235,1
629725529,788.4403996695005,707.8895810032583,765.7581,742.5808,1
629725546,789.6629442046627,712.811417862559,783.5837,760.7881,1
629725563,786.5058373615295,714.9369031557908,740.5336,736.6262,1
629725579,788.928594034256,714.9905432821083,796.1981,718.2642,1
629725596,793.4587510676987,714.2748844061015,823.84,709.9744,1
629725613,793.0071702050336,711.7011472303848,768.3091,681.9917,1
629725629,791.6002196717709,712.3116506061824,756.2404,721.8917,1
629725646,793.2129280131522,714.1694360335347,795.55,742.3004,1
629725662,793.4008315425393,715.4246293045863,777.2776,734.5394,1
629725679,794.9946764917174,715.302786658679,797.441,715.4479,1
629725696,799.0202206665732,715.2441096445876,835.1737,718.0617,1
629725712,798.3890186620034,718.0503075370426,768.4016,761.9967,1
629725729,800.2947018759878,719.6038975282613,807.543,745.0896,1
629725746,801.26739923851,721.2558005908612,794.3005,747.5123,1
629725762,801.303220559347,719.8300525106042,779.054,694.5237,1
629725779,803.6685748252328,719.4733412519736,818.3559,714.7491,1
629725795,801.5812189024089,718.7918311780023,745.2602,705.7361,1
629725812,798.8469698858627,712.4320212888157,731.9514,601.7973,1
629725829,800.6634485111749,709.3048693686807,810.3707,662.2401,1
629725845,797.8143202591675,706.10148142203,730.5018,655.8199,1
629725862,796.4352833390205,704.2091996768033,755.9973,679.9359,1
629725879,793.1725249433094,704.2766235130556,723.3246,714.0598,1
629725895,792.004569215019,703.0462147110519,760.5702,696.4475,1
629725912,792.1299013677128,701.344967919808,783.6106,682.0258,1
629725929,793.5932257598237,699.4261954901164,800.3098,675.043,1
629725945,794.7020543959779,701.9146547783221,798.7802,761.7125,1
629725962,795.9400646204247,704.4136151342976,799.4943,759.1104,1
629725979,797.3155338256109,706.4570482091174,806.6523,746.3348,1
629725995,798.1333140475492,709.5165586421994,791.9049,760.1047,1
629726012,800.7679323607917,709.7049205044293,821.9633,710.2831,1
629726028,801.4291732859114,521.7564579824161,779.6154,508.4205,0
629726045,799.5093830148337,537.0158283809535,777.9944,524.8256,0
629726063,805.5756435350008,553.3548909492174,790.8639,560.6473,0
629726079,776.8951646598362,566.4767273903577,698.9305,581.1536,0
629726096,790.054706413139,556.6293209217584,807.9625,515.5269,0
629726113,791.4438303063528,559.4034118364339,776.0447,560.6933,0
629726129,783.8497416024032,557.7077284691442,725.22,535.7699,1
629726146,781.4303696954797,554.6870197172564,746.21,523.6576,1
629726163,787.3625784420806,556.0358861297162,806.8258,556.7052,1
629726179,789.0296244693776,555.9476161493702,780.3206,544.8047,1
629726196,787.2827325024595,549.9659423689781,749.9128,483.9605,1
629726212,793.8804291156325,550.9803841800506,833.2336,553.804,1
629726229,810.2321367824657,555.5169440107995,950.3388,601.832,1
629726246,1153.981723816663,553.5756350515561,1135.2849,558.7772,0
629726262,1294.8891176797565,634.6254010970287,1278.8362,652.756,0
629726279,1364.0777241840099,623.31390763267,1417.5417,634.5957,0
629726296,1347.362539774155,614.804817213834,1297.123,613.9762,0
629726312,1332.7467980441872,595.9184374191301,1271.2993,550.3562,0
629726329,1327.3017679949444,608.9441079893736,1290.844,681.5717,0
629726346,1323.3598042356068,604.6156033721358,1287.7751,598.1124,1
629726362,1312.9668315870063,605.7917873997089,1237.0461,627.4961,1
629726379,1313.6307934559609,612.7071798011116,1304.5649,680.2346,1
629726395,1321.8614310179803,613.0196704264785,1369.5518,635.3139,1
629726412,1320.9237819004052,613.5771985520031,1297.1382,635.0947,1
629726429,1318.7305973308853,617.1168861861356,1283.4771,667.9611,1
629726445,1320.1630506466142,619.214927134918,1319.4517,658.4708,1
629726462,1323.1656353220433,617.9302206637672,1338.8938,620.5428,1
629726479,1321.3686413494786,618.4660235490302,1284.4448,640.3113,1
629726495,1321.0818318951333,616.9907853232478,1301.1084,614.1509,1
629726512,1323.8604704116449,614.9149315578247,1341.7278,605.6226,1
629726529,1324.17795748449,611.0583902868799,1309.7893,575.2325,1
629726545,1327.3181096812875,610.0361508594422,1351.6685,616.928,1
629726562,1326.046763416458,610.5218912700584,1289.4019,637.1048,1
629726578,1328.6522057884326,611.7600686889804,1348.0043,652.3708,1
629726595,1329.0643071722807,611.4089671600165,1315.3345,625.1154,1
629726612,1328.8844057669612,611.0013434157948,1306.4181,623.3857,1
629726628,1330.1904126453196,610.6278645527894,1330.7754,624.687,1
629726645,1326.7610001444916,611.1898820705234,1253.8599,637.4317,1
629726662,1322.337715490895,613.2486057173493,1236.3501,663.6708,1
629726678,1322.3489759028246,614.962171109659,1309.6367,661.547,1
629726695,1317.3567825454716,615.5345315129711,1223.3873,637.4182,1
629726712,1117.9551364689241,460.0391140766696,1097.0925,456.053,0
629726728,1062.0915487710247,342.14126000513164,1038.4259,326.1011,0
629726745,1071.3447160983758,355.0641513641912,1057.5659,354.8362,0
629726761,1075.7515410531114,344.4072482213923,1060.5652,306.6031,0
629726778,1087.2257526717776,336.79426966299724,1097.3076,298.708,0
629726795,1084.2387808485828,342.4325779328018,1048.9331,351.1319,0
629726811,1082.1957657503608,338.4544646741309,1047.9001,301.6954,1
629726828,1086.3046153371338,343.01496965624455,1087.1323,358.0249,1
629726845,1084.6948659296095,343.46992335811984,1049.9437,331.1666,1
629726861,1091.4022537822952,343.5138010135861,1118.3752,331.3124,1
629726878,1092.3994058031167,346.99233803623264,1076.5934,364.084,1
629726895,1082.371240767219,347.9163692332589,965.7451,337.1688,1
629726911,1081.7355908704512,351.84564453551116,1053.8628,377.8094,1
629726928,1086.0872307739915,354.59348365711367,1110.645,371.719,1
629726945,1087.35333116169,357.5818377775252,1078.7493,377.5169,1
629726961,1085.963444628843,360.32406423669534,1046.2015,376.863,1
629726978,1082.4969693953942,359.78260128900143,1015.9058,331.9,1
629726994,1083.042912016799,361.2898199336891,1068.7653,364.6801,1
629727011,1084.0877870959735,361.0706984933945,1075.9725,340.2575,1
629727028,1084.6403211186164,361.9211715955041,1069.8643,357.2682,1
629727044,1087.1915771670347,360.66018933347146,1100.2061,325.2325,1
629727061,1086.9322396509747,366.0974998742822,1060.2805,435.2508,1
629727078,1087.7369313317627,364.27840484010864,1074.9121,316.0745,1
629727094,1081.8782601416942,357.5361913342479,965.4779,224.7213,1
629727111,953.8976217870513,207.76601919903442,926.7258,175.9707,0
629727127,943.2016315031302,266.8158026148095,917.1632,239.3062,0
629727144,947.8007096479662,248.4124622257537,925.6617,199.993,0
629727161,956.0260199692455,247.0419498640479,946.0558,216.4122,0
629727177,957.9643208496818,248.11433510875312,937.3524,223.5735,0
629727194,958.374980195365,250.5662653827619,933.7288,232.9786,0
629727211,959.8925237388208,246.0474713738719,940.3092,194.1411,1
629727227,963.2670561159524,242.24334245599127,955.7268,191.086,1
629727244,961.2240206327956,240.68061157039412,920.2337,200.6924,1
629727261,961.9617317255268,241.24408250246083,940.8617,218.224,1
629727277,959.7951861883158,240.9801280971082,914.7125,209.683,1
629727294,963.5008871828608,241.90285719639823,971.2412,224.6681,1
629727311,961.0838054118033,240.69018829892397,909.6154,198.3621,1
629727327,963.0333639765234,239.94267784268717,956.9684,204.3846,1
629727344,960.428705003653,240.19570314192947,904.007,214.0168,1
629727360,958.0795021235244,242.59220525272076,904.6526,243.8826,1
629727377,955.6283151124278,244.75398730018597,900.5389,243.2378,1
629727394,956.2349530455168,248.0197027921697,940.8782,264.0663,1
629727410,951.1109625623362,252.61532648402644,859.0563,284.531,1
629727427,946.5808185417615,252.34308868461338,861.6817,211.6608,1
629727444,941.4203786590821,253.99181812281378,848.5282,242.6667,1
629727460,938.4687930510643,253.2846238535932,877.9166,206.1909,1
629727478,932.4678982886834,253.39545173387103,826.6863,217.844,1
629727494,928.5910091571075,254.5833738814996,856.9235,238.5155,1
629727511,924.4340053937192,256.3565080442791,849.0928,249.7157,1
629727528,923.2021625795875,258.3436718939408,894.6604,257.1014,1
629727544,919.9630380246857,262.8684527416992,859.2626,303.2583,1
629727561,917.3133763230925,266.49953151529724,866.0537,289.8284,1
629727578,912.5096993214393,267.04086075446423,824.8682,233.0857,1
629727594,909.5661280722019,269.0085241266797,854.2653,262.53,1
629727611,909.4347628654234,269.6968681058309,900.0732,242.3866,1
629727628,906.9855192876514,272.26151782386063,861.0608,277.1339,1
629727644,905.4980887994502,276.17800346901856,876.4007,300.828,1
629727661,902.644943632557,277.7860239809276,850.7032,260.1306,1
629727678,900.2718065626401,280.8424040482711,855.5848,290.5854,1
629727694,896.8430768889854,284.12242580022865,833.7756,296.9468,1
629727711,890.9016726514919,288.4507621038923,787.8051,312.8563,1
629727727,888.1170060792147,291.63948915098547,841.2268,296.3935,1
629727744,886.0046650064393,294.54337637992563,845.9272,295.4988,1
629727761,886.2983609188209,302.08708196972367,889.0807,389.4518,1
629727777,884.8223969075707,306.6757484289601,851.4155,334.4199,1
629727794,883.225009925353,310.6130337738024,852.4553,326.9534,1
629727811,875.9171372440871,317.0295693217914,743.912,369.8517,1
629727827,875.906809757992,321.1300902473632,873.7988,336.5676,1
629727844,879.500576028685,327.15613468968183,929.4947,380.7456,1
629727860,881.0583109966684,331.0694599810658,891.3723,346.4892,1
629727877,882.4018779842171,335.5040743603242,886.1017,359.9876,1
629727894,882.1933859603455,338.42431513180924,861.4664,336.4155,1
629727910,885.9736018213947,342.14087890251835,922.2507,360.4953,1
629727927,887.7710865646561,345.2415902087047,887.7707,343.6442,1
629727944,891.8901361745765,352.1054633714521,929.0673,424.2977,1
629727960,890.3497912579595,360.49805808042004,834.2432,449.3923,1
629727977,895.4845135290591,364.56747236417124,945.4043,379.7276,1
629727994,897.5690333618809,367.925127497093,896.2913,371.3103,1
629728010,899.2874952777228,372.10476067162665,890.8087,392.5895,1
629728027,901.0989535194661,373.022206855462,897.5475,336.7122,1
629728044,895.3278239057619,372.79716108814677,761.5947,318.3646,1
629728060,896.0035829269889,373.9708439140065,877.3972,351.9484,1
629728077,887.5283049790265,375.59628385077474,713.8248,350.9527,1
629728093,889.1568894763645,381.1642368259806,896.7488,440.1986,1
629728110,885.2258825681541,382.8065069914755,802.6782,363.3097,1
629728127,884.2120817019829,387.3562836474548,850.4601,427.616,1
629728143,883.4629011506637,392.15672641985407,856.5421,438.0378,1
629728160,880.6913786422169,396.1941028801491,817.6366,420.8522,1
629728177,881.6256439943558,403.56431235767184,883.9976,493.2365,1
629728193,872.5600602892964,409.6976332455572,705.2534,466.0313,1
629728210,864.6646182422601,415.0916782911427,720.2367,458.2261,1
629728227,858.4005889495378,420.3037376935582,753.3616,458.0313,1
629728243,854.6973246651507,423.7135115407551,795.7838,430.0704,1
629728260,849.3149647659591,424.69619595408756,766.9658,396.6408,1
629728276,848.21573387195,424.87309034175655,834.2925,381.9957,1
629728293,845.0917941658762,426.1873089479066,795.9495,404.4691,1
629728310,845.2848063562456,426.9418170192494,839.673,404.1646,1
629728326,843.56576591587,431.62708850605503,818.8259,475.8513,1
629728343,840.0712192766155,432.43786110753626,788.1802,408.9321,1
629728360,839.9238504954925,435.51690521148396,839.4828,453.2211,1
629728376,841.260462564622,439.8343960139062,861.8403,481.9232,1
629728393,839.4820836402,444.0384300901927,801.5301,477.6825,1
629728410,838.2561203455034,446.6501731250989,814.3514,453.7668,1
629728426,838.6119529359374,448.8435711629328,835.3463,448.3336,1
629728443,837.1868922495117,450.36981937796264,805.7286,445.584,1
629728459,834.2393886261124,448.5428939548696,765.665,385.5779,1
629728476,834.8156983428637,451.33161537630923,839.3024,469.6477,1
629728493,834.3841024818885,449.47022827189136,812.4137,382.703,1
629728509,833.9274162997565,447.78800440851427,809.9872,390.4342,1
629728526,835.1150615659195,446.3925435307146,838.4194,393.0101,1
