timstamp,smoothx,smoothy,rawx,rawy,fixation
633079644,1269.166116279628,486.1372123219958,1256.0718,279.6371,1
633079660,1269.739076068118,486.44958090237265,1277.1929,288.5825,1
633079677,1270.643297279203,485.8549736220527,1282.5803,265.0814,1
633079694,1269.9896626877019,485.64584972725055,1261.3076,279.0123,1
633079710,1268.0594937672554,486.08820877818147,1242.019,300.5983,1
633079727,1266.9601010786719,485.9990331005727,1253.1875,283.928,1
633079744,1266.9472329076839,485.90148885292047,1269.2961,279.7312,1
633079760,1267.8748485875024,485.4498699513172,1284.2224,265.8509,1
633079777,1267.6732410560328,485.87884018259047,1266.5361,295.2249,1
633079794,1268.180868220552,486.3853195234968,1278.0767,295.1484,1
633079810,1268.8874836511336,486.3500237456469,1281.6943,278.338,1
633079827,1269.5219899055562,486.8235948589567,1280.7938,294.0542,1
633079844,1269.3414334151669,486.992333984533,1267.2942,288.1513,1
633079860,1269.4511215659663,487.12168623171914,1272.3137,285.9029,1
633079877,1269.5866334369225,487.5967911000629,1272.8563,296.7859,1
633079893,1265.066286369507,486.61426958748467,1192.0857,270.0317,1
633079910,1033.1508997952933,460.9949944271107,1035.5144,291.5255,0
633079927,1026.2834473109908,466.57519546567494,1028.6339,303.2641,0
633079943,1011.6887670117992,469.88203724296784,999.5043,322.0933,0
633079960,1020.6305177981434,465.38734582375827,1040.8491,282.0065,0
633079977,1027.3419991696392,462.13338793345315,1049.553,272.8864,0
633079993,1025.987132918578,461.6469379013383,1022.7992,292.5027,0
633080010,1026.417077407786,460.49985506776335,1030.7188,281.9426,1
633080027,1028.4851079167818,459.3148430710906,1042.6033,274.8449,1
633080043,1028.5103589175073,459.6668034150629,1030.6333,295.1572,1
633080060,1025.0263732246967,459.0107915561077,1000.9321,287.6555,1
633080077,1028.43311874424,458.81163721550837,1059.3153,279.66,1
633080093,1027.2038889017695,458.6122692683468,1017.9513,288.7717,1
633080110,1023.109541670468,457.9214017000394,985.2001,286.2276,1
633080127,1021.8509062265459,458.390162144233,1012.0016,302.3312,1
633080143,1021.3891766542848,458.80769730675325,1019.978,300.3774,1
633080160,1020.7055790379057,458.4212326214458,1016.5483,283.4235,1
633080176,1021.2659431538906,459.11224108551136,1032.174,304.9561,1
633080193,1020.5302690082852,459.54079901872353,1014.744,303.734,1
633080210,1020.6181491793396,460.0278175781079,1025.6921,303.4172,1
633080226,1018.986468425099,460.85361767762123,1000.2485,319.2819,1
633080243,1017.667241564317,460.99747655691766,1003.5338,301.0207,1
633080260,1018.9452385018915,461.1922411026231,1042.61,293.5659,1
633080276,1019.4255539339797,462.1454384675048,1030.5519,318.5866,1
633080293,1020.1205094779714,462.40856277286355,1034.1553,298.7473,1
633080310,1020.3017144722522,462.8640642673595,1025.943,306.9115,1
633080326,1018.4564605019056,463.5830040421943,992.2168,323.4832,1
633080343,1007.4167708061618,461.4678731644816,836.9131,274.3268,1
633080360,758.8734838167273,419.06295548058955,761.9237,279.8029,0
633080376,796.0017557852433,413.0786105971475,799.0122,260.2285,0
633080393,794.7583967104624,405.1832107404098,796.6051,232.1913,0
633080410,799.7135490377023,408.0116707768549,812.5503,258.1226,0
633080426,808.0840736569719,408.1002803575959,835.7962,243.0206,0
633080443,803.762402046218,409.97147280226113,789.4926,270.1395,0
633080460,804.3776331859613,410.26081988255316,810.2697,254.8445,1
633080476,804.9906200494792,411.5498389689493,811.3562,267.8425,1
633080493,801.1556555607225,410.4893807236237,778.5272,247.1059,1
633080509,797.020885183029,408.88865190681054,769.4431,237.6176,1
633080526,799.2576482495186,409.8801723084388,821.8107,264.3496,1
633080543,798.2999030128383,408.34218670395836,793.2064,227.5854,1
633080559,786.4844685271383,407.6206377944018,674.3503,267.4039,1
633080576,778.2932985878035,409.1830352142048,699.2144,307.4124,1
633080593,770.9689990622007,408.8609823567856,698.7682,269.6344,1
633080609,762.8713799710287,408.3585747348279,679.4509,269.2614,1
633080626,757.9788379226729,407.76571388520074,712.2144,258.2931,1
633080642,751.1920326293376,408.1284055075987,679.9065,288.7166,1
633080659,744.4252625322052,408.0085575445089,672.5219,278.4832,1
633080676,740.7513513913237,407.1810216057338,710.8046,250.2579,1
633080692,735.7155306838333,407.2853691091918,685.5458,280.5314,1
633080709,730.2806137805844,407.57052757500367,673.8397,288.4001,1
633080725,724.3999680101708,407.49970956319424,661.1524,281.3781,1
633080742,718.3084703440654,406.8213826331977,651.9777,265.5641,1
633080758,715.1307383716305,406.3627950467012,693.8583,261.4706,1
633080775,710.6054611976192,405.57293881358646,667.1837,257.167,1
633080792,709.1633403950785,405.5694820149111,714.1021,269.3139,1
633080808,705.2281924563786,404.5523275965798,668.2262,248.5149,1
633080825,703.7746250071907,404.63087211821556,706.3101,272.7586,1
633080842,699.7005101901347,404.5968093490751,657.4827,280.3494,1
633080859,698.1867576739115,403.60627769880944,697.9584,240.1967,1
633080876,698.9460699363292,398.85774614072284,744.3081,111.5911,1
633080892,699.1026173724506,394.31179025393556,729.2103,117.5506,1
633080909,697.5783724042878,390.10428483171233,697.7226,137.2524,1
633080926,699.0816485330804,385.5793697899667,749.0983,111.6636,1
633080942,698.6053863040186,381.0845919266351,706.4604,121.3101,1
633080959,699.6008854846182,377.5550777345239,731.7442,141.0205,1
633080976,701.5289330266214,373.579156173962,745.8693,120.7883,1
633080992,702.359542303604,369.83214838726894,721.7,126.1036,1
633081009,702.8053235067497,366.27523583410874,713.2639,128.2245,1
633081026,704.3874848687008,362.54894319780163,737.9341,116.0991,1
633081042,705.1200500048051,360.1465083093456,719.3087,152.1558,1
633081059,706.7723082786954,356.4575494222008,723.3734,106.4187,1
633081076,709.3773017047029,352.79361406821755,744.3423,101.2441,1
633081092,710.4049109312897,350.19630495090195,718.3626,130.7417,1
633081109,711.9780887186195,347.7706694075387,727.5704,127.5356,1
633081125,712.2705390626281,345.73660258473114,710.5218,137.7427,1
633081142,714.96649202495,343.9351354727705,750.4951,132.2944,1
633081159,714.0733148255084,342.0795636045312,689.2311,137.9296,1
633081175,714.7527104793431,340.40643432844195,722.3699,128.537,1
633081192,714.986332816863,338.7841515782009,713.2617,129.8207,1
633081208,715.933331789837,336.9838478973641,725.9894,116.669,1
633081225,717.2906781339046,335.71105539939464,733.3466,125.7541,1
633081242,718.6907589693154,333.7492659309107,734.8539,97.39,1
633081258,717.9636993277616,332.00714581158206,703.7169,108.3157,1
633081275,720.3180661646524,330.6509299565991,755.5059,103.4244,1
633081292,720.4853483518817,329.81344682578805,723.3604,126.2148,1
633081308,722.2343780786007,329.2807653362693,746.7485,123.5718,1
633081325,721.5553019514819,329.44531375421735,709.473,154.9027,1
633081342,722.2944749901192,328.7301193742672,729.8403,118.9346,1
633081358,722.6811693021895,328.0276381314731,728.9679,113.8944,1
633081375,730.07623405341,329.2786849503418,855.913,132.0787,1
633081392,739.5570944582452,329.48350858980416,890.8879,91.1339,1
633081408,747.3014618707301,330.4871867539894,858.5563,125.4084,1
633081425,755.4216373313061,331.19033298247876,872.6143,111.3387,1
633081442,762.9707609280757,332.2836508208036,860.5446,126.9191,1
633081458,771.3820705901895,333.427090521007,881.5704,126.7183,1
633081475,780.1645582269084,334.5063994022446,893.1454,120.6389,1
633081491,787.3168764714818,335.73376613518417,866.4561,132.3751,1
633081508,795.1296277790168,336.86029746705293,882.1575,126.4985,1
633081525,801.6892978612198,337.45678614165683,868.4706,113.4641,1
633081541,1070.186456823049,401.28717944905594,1072.7554,174.4772,0
633081558,1055.772507528785,420.5773924812483,1058.2795,212.8675,0
633081575,1081.6016682308564,426.5632463627673,1109.7241,222.4566,0
633081591,1085.519120967301,424.32182912843365,1095.6162,202.7458,0
633081608,1086.7119979736344,425.5544240740169,1092.4662,220.4911,0
633081625,1092.2381924496087,425.7982164517141,1116.0825,210.4211,0
633081641,1092.8457640061608,427.04217689767535,1097.6959,226.2169,1
633081658,1091.8562203036229,426.85446640976244,1088.0605,215.043,1
633081674,1088.8320530986427,427.5769895080436,1070.7415,231.159,1
633081691,1090.2339904833213,427.77538507926164,1103.1771,217.7074,1
633081708,1091.6819258241967,427.84549759916376,1105.9252,215.5024,1
633081724,1090.8766680269098,428.21750195691914,1085.4978,226.0555,1
633081741,1090.4503098343782,427.6281879467987,1088.47,207.5091,1
633081758,1093.177640685167,434.8420110208446,1123.7603,360.8055,1
633081774,1093.2023278238476,443.7962078196911,1094.415,423.5358,1
633081791,1093.2557611537452,450.6006245551391,1094.9548,394.0328,1
633081808,1094.1963142944724,456.2468834560988,1106.9296,378.0915,1
633081824,1092.3896971547188,459.8963723871841,1070.0959,348.4982,1
633081841,1091.2673123336285,463.4573612700677,1078.1881,352.1511,1
633081857,1090.6025714702237,467.76754292129834,1083.8938,378.3496,1
633081874,1091.1560201440222,472.57956018197984,1101.7468,396.3465,1
633081891,1091.253516320636,475.6532761375286,1095.165,357.7494,1
633081907,1090.659690415212,478.7109256328777,1084.2654,366.3075,1
633081924,1092.8444851995378,481.6154188420109,1128.674,357.7172,1
633081941,1092.443333832154,484.54733423945646,1087.4668,374.3214,1
633081957,1091.9090726479023,487.0474912202394,1085.1407,367.8862,1
633081974,1093.3230204271442,490.2908035034002,1117.6224,388.5847,1
633081991,1092.1015302484545,492.20174139493264,1073.5095,363.9245,1
633082007,875.9857370580876,491.4775133983217,878.4941,383.7317,0
633082024,823.8882692008373,488.2417023201543,826.5055,390.087,0
633082040,836.7721318968541,495.6276636624883,852.1266,410.8203,0
633082057,826.9215989827812,499.91616023255654,809.8354,430.5698,0
633082074,811.622701578063,492.338978208461,769.1575,370.0769,0
633082090,815.8252229200709,488.3992766331573,835.5293,360.4393,0
633082107,818.6362062590289,488.6855128575914,835.2179,391.9468,1
633082124,818.3917567195283,490.30611980129936,819.6592,412.9411,1
633082140,820.2536799478002,489.85884683397813,835.3743,385.7451,1
633082157,820.8457460858965,491.15160733226486,827.712,412.9847,1
633082173,815.355420057059,489.8343548966416,772.1973,385.7629,1
633082190,813.2165277973176,489.56500418075376,797.3123,395.2796,1
633082207,802.0813845383333,487.6293984334918,696.9143,385.4033,1
633082223,791.580282864732,484.88179537933274,688.4905,365.4234,1
633082240,778.1166145392749,483.1393729495762,638.2899,392.7108,1
633082258,768.3240330097523,481.5844803668213,667.9575,385.9769,1
633082274,760.3538742641254,480.54057976855773,680.1251,391.956,1
633082291,752.0136008186604,480.3196668704632,665.3585,413.7417,1
633082308,743.4651739562105,478.3936578609229,652.9041,371.5142,1
633082324,737.4190972394432,476.78114044024016,680.3701,369.829,1
633082341,732.1482333274012,475.19327988186166,685.0763,366.3878,1
633082357,725.6170736068387,473.36004476717613,659.2699,362.6536,1
633082374,717.5539357799738,471.98484974775675,627.9602,380.0769,1
633082391,710.7041271512937,471.14403402221313,639.642,390.4498,1
633082407,706.1172071400258,470.4130459612881,669.6707,384.6989,1
633082424,701.4408458640438,469.3138057866115,662.397,373.4598,1
633082441,697.8979457345894,469.2041294406884,675.6002,398.4722,1
633082457,695.8422555916758,469.25307165029494,695.5995,397.2897,1
633082474,693.5637631261815,469.06088510323514,687.1597,390.5285,1
633082491,688.773543866647,468.9367428246916,639.1846,402.6487,1
633082507,685.3597840008264,468.45589510950043,658.07,385.7325,1
633082524,682.4074635811619,467.4063259533841,675.7183,366.0251,1
633082540,680.3272304474195,466.31553029557756,687.566,363.0008,1
633082557,677.4999662653884,466.4345682453678,664.3326,405.6973,1
633082574,675.1751839365681,462.9743811204135,664.4288,283.4732,1
633082590,671.0435173327921,460.95670020620327,635.6165,335.4466,1
633082607,669.5661491158415,457.1420835863682,677.1859,270.5706,1
633082624,666.7356177792116,454.3318405569903,647.6097,308.7591,1
633082640,664.417383291588,451.99765756106376,654.2639,317.0118,1
633082657,657.614325722923,449.4394727607908,571.7086,329.187,1
633082674,652.9100383766992,445.0350978381187,599.2164,257.0014,1
633082690,652.2102116341774,442.52207591822093,668.4368,299.0415,1
633082707,651.9055889371582,440.5330637882051,662.0316,310.1046,1
633082723,650.2903671854747,438.4275054161088,636.9929,306.7918,1
633082740,649.1762104475224,436.3789254288748,639.3923,306.44,1
633082757,647.5604046131331,433.29052153270294,633.1635,271.4993,1
633082773,646.5388669688169,431.84523512896965,643.4668,318.1524,1
633082790,645.9345488163101,430.5239995871112,647.87,318.8644,1
633082807,645.4214900792948,429.0700303441708,647.0986,306.0831,1
633082823,643.8986867785873,427.78694112005746,631.3581,312.2125,1
633082840,640.4516703004938,425.6625749518202,597.0727,289.9471,1
633082857,637.7431066895496,424.857781368727,605.6987,325.1974,1
633082873,638.4981249402058,424.27776618958103,661.5103,316.9352,1
633082890,637.1946384649043,423.87615293018774,626.0117,329.0128,1
633082906,635.5315058277205,422.51066419917936,621.8378,296.4676,1
633082923,635.4709115967207,421.8343675862979,647.424,307.9309,1
633082940,635.7555684846986,420.50638026754945,653.4583,286.0932,1
633082956,633.5702124937967,419.8249079588461,611.0354,313.9573,1
633082973,632.1082990075232,418.6689375154447,621.1838,292.931,1
633082990,632.1965336956682,415.8572891499838,641.9829,233.3434,1
633083006,633.283533933104,410.6474921883747,660.7689,149.3994,1
633083023,634.1290656645565,404.97021194986854,657.5336,131.19,1
633083040,635.9796752046427,399.4161964780817,675.2876,127.8667,1
633083056,637.6863581923092,393.5187320663235,669.6508,118.3867,1
633083073,640.1579438692506,388.787822325799,682.6853,134.9926,1
633083089,643.1823170329545,383.6598603486161,689.5101,121.6982,1
633083106,646.707664689349,379.0075410424463,703.1777,122.94,1
633083123,648.2179816057883,374.02838211501853,665.6553,119.7683,1
633083139,649.7312861493275,369.9003517037199,667.5154,141.3597,1
633083156,651.4958618916593,366.76268159118524,664.7226,166.1372,1
633083173,652.2972198774412,363.1475554028598,653.2928,140.5277,1
633083189,653.2915008624165,359.81184779551717,665.6321,146.5192,1
633083206,655.3253276996476,356.2937405281683,684.0462,130.474,1
633083223,656.5914340876654,353.5794338593918,669.2874,151.3,1
633083239,658.5292635947346,351.3715041372725,682.8149,157.1824,1
633083256,660.1523291228647,348.8576528862746,678.3662,138.0709,1
633083273,662.3538631969192,346.54629004802916,691.2107,140.2809,1
633083289,663.3980492047094,345.64737423806935,673.0422,182.6957,1
633083306,1039.1814675628573,384.56332007295276,1041.8827,151.4043,0
633083322,1206.6357596814462,414.1831298909427,1208.8994,165.855,0
633083339,1219.9782379860121,412.1171635533273,1235.521,152.1109,0
633083356,1220.7300748254893,416.27800284423813,1224.3452,181.0388,0
633083372,1219.1830207526539,415.6730211716243,1216.7699,163.3587,0
633083389,1215.270875797914,418.13327941315856,1202.1008,192.0696,0
633083406,1219.7478437900302,417.4932902239508,1243.8838,157.7101,1
633083422,1217.9250447573527,417.1630439898511,1209.4922,167.4761,1
633083439,1219.1830355450256,417.4082306431603,1229.7866,169.6374,1
633083455,1220.6772685379158,417.98566203384706,1233.9344,174.5594,1
633083472,1221.622799142062,419.24026888173535,1231.2625,188.3728,1
633083489,1223.319457486237,419.08538112553697,1240.387,164.0182,1
633083505,1231.755509645974,421.390295253774,1315.6793,194.2502,1
633083522,1238.0695970693007,421.3424375336669,1303.3301,153.9356,1
633083539,1244.3880903602019,421.9956797540857,1311.8955,167.388,1
633083555,1316.1400231418722,427.94153658518724,1318.1431,165.1221,0
633083572,1305.5608293692494,431.36522834920373,1307.5674,173.8183,0
633083589,1303.622624774728,431.91256717380094,1303.6981,176.711,0
633083605,1302.5262045837092,432.82467494975634,1302.3577,180.9726,0
633083622,1301.0547925800615,432.87859472699733,1298.734,178.9,0
633083639,1299.8550688569144,432.99773861410915,1297.2314,180.0252,0
633083655,1301.5911925825396,434.1131300943312,1312.1221,187.5275,1
633083673,1298.847405044051,433.5801247657363,1285.0493,177.3599,1
633083689,1298.339171258503,433.4670606879641,1297.2454,178.6081,1
633083706,1300.8559340703619,434.25994275172184,1322.0153,186.4144,1
633083723,1300.0091822041065,435.3293149183113,1294.8311,199.8546,1
633083739,1298.8120098278837,436.42334834343814,1289.9595,204.5174,1
633083756,1302.7957763076708,437.1403052559027,1344.1825,187.3605,1
633083773,1314.950570876197,434.2766858907453,1443.9427,90.9757,1
633083789,1494.6307549648247,381.26765345391044,1496.5243,38.5271,0
633083806,1510.165230974983,383.55093241267866,1512.0203,39.0247,0
633083823,1511.1523201372252,379.91293392828055,1514.0217,25.3745,0
633083839,1504.1258059090799,378.24199924468735,1492.0872,28.0934,0
633083856,1505.8625509665949,376.92829070727424,1513.0135,19.7945,0
633083873,1508.3950661250199,377.9018003055848,1520.229,33.9263,0
633083889,1501.5775998447937,378.37288245121346,1470.2905,43.6564,1
633083906,1502.3531420407596,379.017716110877,1509.1145,38.2319,1
633083922,1499.334180293255,378.6212654868726,1481.5071,32.3427,1
633083939,1497.0526651461794,378.84185366293406,1482.5591,40.3841,1
633083956,1482.532483223141,375.6951919169376,1365.0498,11.7522,1
633083972,1145.5099865206832,299.26872642055764,1148.4082,-28.3415,0
633083989,1143.605037927828,301.8760003711852,1146.4948,-23.1628,0
633084006,1124.5390538607971,298.64369490710294,1108.5099,-25.9413,0
633084022,1124.2501464962165,302.1765928873475,1126.6643,-5.1915,0
633084039,1131.9030486108725,302.91717006308465,1157.5449,-19.9583,0
633084055,1170.7449666772795,320.4241971859698,1325.2202,92.964,0
633084072,1076.3375673865198,306.22585168784207,1079.329,0.5192,0
633084089,1105.4833214893129,310.2829316153568,1108.4036,1.0412,0
633084105,1093.2215614860147,304.84356058107943,1084.0052,-12.9277,0
633084122,1099.9379804331652,305.0598298358928,1116.2749,-9.4534,0
633084139,1068.8928789496604,295.4305312950355,980.1672,-47.4768,0
633084155,1051.4081994930855,292.07724095337244,986.957,-26.7278,0
633084172,1084.0526087991975,304.188049356323,1246.9512,65.0731,1
633084189,1071.923381516211,298.1552726705578,1004.498,-60.4899,1
633084205,975.8477769474716,269.8617758385368,979.1866,-41.8877,0
633084222,969.2938703372125,286.50894821262614,972.5686,-10.1387,0
633084239,956.6468825042214,288.82356072803174,947.3314,4.1806,0
633084255,961.7683605682371,283.611566809215,975.3403,-34.8527,0
633084272,1032.9620708285468,299.88038349104846,1246.5059,37.2996,0
633084288,1019.8462617632215,295.4700419072492,969.5492,-25.3321,0
633084305,960.7554909472949,280.88426257074957,964.0713,-18.3422,0
633084322,1241.4587800135967,343.2854611977155,1243.9829,29.019,0
633084338,1086.9440821030119,307.1368243249736,936.234,-29.5782,0
633084355,1047.119780263226,300.15115543774687,972.0349,-10.1176,0
633084372,1025.9958884527096,291.0015653370764,968.1259,-49.6249,0
633084388,1021.66465277533,287.25003246182166,1009.9019,-43.2762,0
633084405,1011.7224759038884,289.438586621861,1014.9072,-14.7803,0
633084421,948.943859909834,278.7807702754915,952.2906,-19.3873,0
633084438,879.3828315824512,283.6974101421305,813.552,31.0462,0
633084455,845.033216587309,281.2932279086064,780.7897,16.7836,0
633084471,835.4264465029322,284.8412511909945,811.3364,43.846,0
633084488,812.6110797980352,287.43850490207114,727.8678,67.4,0
633084505,803.610477868553,288.8102014581555,765.6694,54.3822,1
633084521,802.2759332504411,289.5043260313997,800.9214,42.3568,1
633084538,802.107204792535,288.66603648670514,807.3898,21.8174,1
633084555,805.3274584605063,288.93715115984054,835.6992,29.6969,1
633084571,740.4950335025651,269.137375498843,744.2623,12.0362,0
633084588,767.2469725645072,298.2113980053176,770.8333,58.52,0
633084604,777.9930773143627,292.8385732573784,792.3083,34.0062,0
633084621,775.7885554674623,288.70823220186645,775.0124,25.4636,0
633084638,780.167147723797,286.7313290684306,796.7464,21.1377,0
633084654,779.2729387645508,288.17968157117923,779.2035,48.9317,0
633084671,777.7644349766073,288.1404734169001,773.9541,39.3022,1
633084688,777.5031486694857,289.47467926849885,779.5814,54.7189,1
633084704,780.9363085126661,291.39480328312163,807.3259,60.6371,1
633084721,782.026282699972,291.35211058587066,793.3798,39.6163,1
633084738,780.9045341909826,293.6930812312332,774.5101,84.236,1
633084754,781.5439781573307,293.8441092231747,790.6084,47.0585,1
633084771,782.5300664083326,295.20491093436664,795.2706,70.1972,1
633084787,781.766988493231,295.6873425118688,776.6111,59.7947,1
633084804,782.0892495248232,295.31001413330887,788.8765,39.2135,1
633084821,782.6838132768333,294.93506119362297,792.7883,37.646,1
633084837,783.0410895737864,294.8541443236687,790.3448,44.6924,1
633084854,781.9695200716625,295.2413546160697,770.9851,60.9913,1
633084871,779.5316866731489,295.476000392077,750.4451,62.6818,1
633084887,780.3110672950623,294.3957660228088,795.813,17.3139,1
633084904,779.9580114037394,294.63295106298943,779.1711,56.0208,1
633084921,573.3066799746041,284.5396815287331,577.3057,79.2278,0
633084937,606.3664461017214,314.9362859471738,610.1671,126.6313,0
633084954,593.568003182602,310.9628527060622,584.685,118.228,0
633084971,588.606409066397,308.960882707898,582.7069,115.0712,0
633084987,583.6480158515282,308.9090519635836,572.9827,124.2548,0
633085004,582.4639201418775,308.94045351636146,581.9787,122.6997,0
633085020,582.4649542722013,310.87681219565104,586.6223,141.9682,1
633085037,577.1043746370594,309.9348980803629,550.4238,121.5675,1
633085054,577.0509963600425,309.3688599512804,581.434,116.456,1
633085070,576.907342365732,307.92310179632045,580.5789,101.3186,1
633085088,576.3341227359265,308.1458091881324,576.2435,126.2139,1
633085105,573.447818708071,308.4987298849788,551.9761,134.916,1
633085121,572.6076292486428,308.2418393450152,569.7584,119.6886,1
633085138,570.5480869549478,307.99586563395206,554.4551,122.8364,1
633085155,569.5549931332863,308.1931997247176,564.5396,129.6297,1
633085171,568.2290670548359,308.8222045957112,558.8797,141.3722,1
633085188,568.3220019302964,309.2315197812137,576.0624,133.3067,1
633085205,570.2805721205594,313.9960320091634,601.4746,237.6189,1
633085221,572.9313031967162,318.03937995080264,613.1172,224.7141,1
633085238,576.4415919046247,322.76344428989876,627.9719,246.4383,1
633085254,577.0568062113556,326.79806030562327,586.987,244.8049,1
633085271,576.675950620438,330.64180745145234,572.0755,249.4191,1
633085288,579.1477890252347,333.420262896867,617.1637,214.2572,1
633085304,581.255965818326,336.65808642360605,612.9133,233.4951,1
633085321,582.4779829865871,338.85258882916384,599.9091,210.7209,1
633085338,584.9225789738208,341.303678034105,621.2014,217.7252,1
633085354,585.678758267211,343.93744606539735,594.366,234.1023,1
633085371,586.791830951471,347.0861363853507,601.3202,253.0008,1
633085387,587.8668992657605,349.1088870408602,601.8383,222.7933,1
633085404,589.1618453559928,351.5658564232569,606.7012,239.7036,1
633085421,589.7629193752615,353.5802594915321,595.8331,232.8945,1
633085437,592.0184791587221,355.81326700327253,627.2681,229.4514,1
633085454,592.0970048485434,358.4624921894484,587.5492,255.3215,1
633085471,592.4408453284121,360.90026934004595,593.1975,251.9898,1
633085487,593.2697608351614,362.9650786107664,601.8785,243.9393,1
633085504,593.0082573081484,363.90096865140896,585.1798,217.1328,1
633085521,593.1596157491231,365.0596424046505,593.8755,228.8751,1
633085537,592.7632760779709,365.9971597891077,581.611,225.9778,1
633085554,592.4291641423739,367.5738249113535,587.0671,249.4213,1
633085571,592.8947796134673,368.90555532122374,601.5744,240.7278,1
633085587,592.3315366429631,371.2238697261701,583.7416,282.5174,1
633085604,597.5357841397139,371.67255730868845,682.3477,204.0101,1
633085620,603.9012271136314,372.16463260027047,705.3406,202.125,1
633085637,609.720537877418,372.49322693785547,695.4351,202.3521,1
633085654,615.6042056078692,373.4665343190668,699.2978,225.543,1
633085670,620.315938895556,373.31790292393623,680.4452,197.9545,1
