timstamp,smoothx,smoothy,rawx,rawy,fixation
633261628,1235.9085428006867,522.0488308358484,1218.9685,378.5593,1
633261645,1234.5962214926194,522.7173410823877,1220.9147,374.4821,1
633261662,1232.430108785898,522.8050668875742,1205.6693,361.5559,1
633261678,1231.7578258863412,522.5269662301283,1229.3008,345.3666,1
633261695,1228.4163802677756,523.0290937770505,1182.9568,380.6307,1
633261711,1227.6589697205823,523.5240504567888,1225.3813,371.1883,1
633261728,1226.5663289917838,523.6628293213786,1218.4773,362.3839,1
633261745,1225.3285109028855,523.2502023780786,1214.754,346.4117,1
633261761,1223.7972147535845,522.8489924091961,1211.7522,348.7605,1
633261778,1224.853600153437,523.2824577128022,1246.5706,361.129,1
633261795,1217.1701425531414,523.440688554259,1103.2418,391.5095,1
633261811,997.3281259004456,512.8086049696019,999.52,393.963,0
633261828,994.3691605517124,519.4470359524358,996.5361,406.7047,0
633261845,1020.1100548871398,511.4659751986013,1047.9321,365.7065,0
633261861,1020.2230378305597,523.212441929285,1022.3131,449.8848,0
633261878,1018.2798586202789,522.057267410733,1014.5286,400.7475,0
633261894,1016.6006296326985,522.4747731062487,1012.0596,411.3359,0
633261911,1016.768477531841,521.4980065208803,1019.741,396.1397,1
633261928,1016.8753810171511,522.5306951626675,1019.585,417.6187,1
633261944,1017.7194128868266,522.4884300971991,1025.4391,404.6569,1
633261961,1015.8046401470084,521.1480347888644,1003.5138,389.6638,1
633261978,1019.0186175115715,521.9310753214678,1048.0032,411.1056,1
633261994,1018.6946149035339,522.1684361181872,1017.4129,410.5403,1
633262011,1017.0433894058042,522.8825485536254,1002.5769,424.0476,1
633262028,1016.8906022238914,523.055485240419,1017.5251,411.0678,1
633262044,1014.1573587260592,522.1552566200595,986.0286,395.2334,1
633262061,1010.8486654907799,520.9020016690617,975.3127,387.58,1
633262077,1007.273310999677,520.8151837714432,967.8085,414.9481,1
633262094,1002.4081150335785,517.8976838531482,946.157,348.6584,1
633262111,996.3203741291225,518.041490291744,923.397,428.3297,1
633262127,993.9902687228499,517.8011357125384,972.8894,406.4108,1
633262144,989.0374898729962,514.1328203771039,930.7959,321.3568,1
633262161,989.7197585699689,513.9653786495132,1013.42,395.2669,1
633262177,979.3208908763283,510.13240015388277,837.6967,330.3754,1
633262194,968.3694354805132,508.9983360411642,821.1396,408.4234,1
633262211,734.7959100693267,465.15090999540894,737.6794,369.093,0
633262227,702.9249480305509,448.05248585203566,705.944,345.5436,0
633262244,710.6765496572605,455.06789387060337,721.3355,367.3398,0
633262262,691.295529185874,455.7890179213215,655.8083,373.8984,0
633262278,689.4270702733879,450.46512282004136,687.2557,325.6045,0
633262295,706.7627383288402,448.59131460404313,778.0224,316.4433,0
633262312,704.7846230583112,449.480974093401,697.6144,358.3102,1
633262328,696.2612204332181,453.1847593951936,649.6351,407.129,1
633262345,710.3203227572097,460.9032341607487,806.9294,437.865,1
633262361,697.1861906626856,455.8593128573948,600.552,313.5432,1
633262378,705.8983411979102,457.440664572131,781.9937,367.8796,1
633262395,711.5148656998579,453.0074421574048,764.7252,266.3702,1
633262411,715.7683399833007,449.51956621514285,758.3955,274.4786,1
633262428,717.4926855653891,445.9965895288713,735.4451,270.1953,1
633262444,720.7893702507199,442.80221464963677,757.029,263.7763,1
633262461,724.9975712761599,439.6669865152869,773.001,253.9494,1
633262478,727.6291925986885,436.5028668191484,757.2189,249.9922,1
633262494,729.7288183857049,433.19963178460955,753.15,240.7305,1
633262511,731.3039453185346,430.9374647367218,748.2084,262.2788,1
633262528,732.6105229318271,428.7927617468691,746.3116,261.159,1
633262544,734.1012474960081,427.90084679294216,750.8094,290.1808,1
633262561,735.053786416496,426.6113522097579,744.3835,277.9192,1
633262578,734.5736089779465,424.8333291876364,723.2141,265.7981,1
633262594,727.175202906443,423.486851890267,612.2011,300.9979,1
633262611,723.5650720499926,423.3532168943881,670.8465,320.2606,1
633262628,719.9362384439848,424.25679980133873,669.0336,350.0933,1
633262644,715.5609208105346,425.06488639370156,654.9862,349.4792,1
633262661,713.1686464191331,425.3601971733738,686.8156,325.1864,1
633262677,710.496538912488,426.92102568629264,680.5643,364.9052,1
633262694,706.9012708339383,428.7464771479818,663.0164,377.0117,1
633262711,703.9032150924213,430.0531124914335,671.4818,358.6459,1
633262727,700.0616412196575,430.3963312206589,655.0726,335.1465,1
633262744,694.3426534794844,430.53729889212946,622.3102,338.3612,1
633262761,463.364545515873,399.82855041084235,467.0363,314.2544,0
633262777,638.2444791462093,434.0803763341791,641.4441,335.3683,0
633262794,637.9551820821013,443.71047547188635,640.7795,370.4122,0
633262811,597.2493747105102,428.3909094282075,519.9409,298.3127,0
633262827,602.0843243073045,435.9799699711789,620.1594,384.9562,0
633262844,610.444793105284,435.86301054631747,646.8984,336.4008,0
633262860,617.6744979464165,439.6218643889988,655.9272,375.0907,1
633262877,992.6044299109341,362.68318803992133,995.4896,122.6288,0
633262894,1209.2166736190236,316.3051652770241,1211.9221,-12.3766,0
633262911,1190.3764249922299,319.1079443706598,1174.332,6.6158,0
633262927,1192.8486502785786,319.8006190575301,1200.561,-0.8946,0
633262944,1197.0637271660476,321.8971402372219,1212.2666,8.913,0
633262961,1192.4526484028288,324.1663860054471,1176.9768,26.0934,0
633262977,1189.5247251023259,330.2098021005875,1192.2023,17.4789,0
633262994,1163.7267562839847,327.98069236417365,1166.4611,19.4885,0
633263010,1165.0065642494012,326.3355666090586,1169.0278,12.9251,0
633263027,1185.301986313359,333.561745432038,1228.16,41.1645,0
633263044,1203.1102599995281,334.9878749467949,1258.1096,18.1333,0
633263060,1211.092694809562,334.684320617611,1244.152,10.9621,0
633263077,1234.4815098602517,337.7022687253962,1349.3011,20.5246,1
633263094,1487.0124291875557,378.6008334693032,1488.9319,35.4755,0
633263110,1876.5740622308708,439.9284638954408,1877.5101,55.3388,0
633263127,1901.718733727467,441.32069978021957,1927.632,48.5974,0
633263143,1892.2419455157597,439.90236364724785,1874.2361,50.9363,0
633263160,1884.2843535885274,439.1969908014036,1861.6884,53.9657,0
633263177,1809.3923269388733,427.89700946493355,1517.572,37.7801,0
633263193,1491.1037237421742,372.0903877274739,1493.0455,22.7003,0
633263210,1931.921210197355,409.09701876549,1932.8979,-13.6034,0
633263227,1706.7307301755013,387.85343712172636,1484.0967,14.9627,0
633263243,1633.8549450360076,382.42887321775976,1492.1138,22.3133,0
633263260,1592.9355995045953,383.8475201480726,1475.7444,56.0601,0
633263276,1571.5635102116712,381.9658250043129,1493.0051,27.4815,0
633263293,1469.265502968768,378.12545804856785,1471.2192,38.7781,0
633263310,1466.385630584367,384.0733125335891,1468.3174,50.248,0
633263326,1489.6408523164303,376.8414931606213,1514.7507,13.1309,0
633263343,1490.3747491606182,376.9447842558583,1493.6324,31.8055,0
633263360,1482.9511206352784,376.9187950383521,1462.7909,38.4939,0
633263376,1502.1884416816563,381.3190807140294,1579.4502,50.5056,0
633263393,1517.8096856639434,386.03835353195984,1594.5146,65.4283,1
633263410,1298.4548831643783,427.30713347144064,1300.4928,168.1216,0
633263426,1370.9228769021322,453.2841201444548,1372.7114,198.2552,0
633263443,1269.6794734273703,447.95266548280756,1170.8962,226.3934,0
633263460,1248.581483179903,441.42400431020826,1209.3635,191.6698,0
633263476,1253.5246464303334,447.13161181415575,1270.924,241.9454,0
633263493,1237.8018432770764,446.780479382783,1178.9246,229.4375,0
633263509,1239.8571784033586,450.84127167560433,1253.1802,257.689,1
633263526,1235.5800463930495,448.64762259080686,1214.2368,203.5393,1
633263543,1239.6853897368935,451.54757681010926,1270.4823,253.9835,1
633263559,1241.967739477815,455.3243557500187,1261.903,278.5757,1
633263576,1244.1944964292456,459.56320579517086,1265.0225,296.9807,1
633263593,1246.3336503754329,463.06876071712907,1267.5752,295.1394,1
633263609,1247.8708437142966,465.9882445745718,1264.2219,294.0891,1
633263626,1251.3761460417734,468.08642558100894,1289.0327,278.839,1
633263643,1251.3155893166406,468.6899113845058,1250.446,260.3426,1
633263659,1250.8669833158385,470.99285517648246,1245.4022,302.7444,1
633263677,1248.7493210641958,472.4974953648094,1222.7942,294.1103,1
633263694,1249.2864868148633,473.3076679115965,1257.4021,272.0952,1
633263710,1249.3062282132644,480.0175780070039,1250.2024,429.4405,1
633263727,1292.433870067957,628.9532601538324,1293.5629,535.4758,0
633263743,1321.2298269550238,653.691986792673,1322.194,573.6123,0
633263760,1320.2937143660552,659.6943444185761,1320.2729,595.8092,0
633263777,1314.588336225197,652.4656636570073,1304.3223,549.4801,0
633263793,1316.584861650904,649.7731962287512,1323.6101,551.8383,0
633263810,1315.9366896169925,651.0006644423729,1314.3904,579.5906,0
633263826,1311.3942710387712,648.5423181542124,1290.4636,550.2213,1
633263843,1303.1485379939145,642.3734229456601,1257.2119,504.2354,1
633263860,1301.469498725505,641.0566272744131,1292.6038,543.3429,1
633263877,1302.3456965088678,640.1391263311856,1311.3745,540.9271,1
633263893,1302.4228112131996,640.9668347869564,1305.2491,569.038,1
633263910,1304.0986171387813,637.4543869857984,1321.6086,487.979,1
633263926,1304.4377347563545,637.959736666717,1309.4082,560.127,1
633263943,1305.251350858905,635.8652325631605,1315.4165,505.4903,1
633263960,1306.8374008141884,633.5160922674754,1325.8521,492.1711,1
633263976,1307.2017588548638,632.595267780407,1312.1254,522.9285,1
633263993,1307.8113801216184,633.5643067004795,1315.6919,565.5151,1
633264010,1306.1370769574291,632.4947114798557,1284.8779,522.9669,1
633264026,1306.1705539106968,629.9113280836244,1307.804,475.8837,1
633264043,1304.1924958273512,628.7088272783938,1278.0701,515.1594,1
633264060,1301.8451219084327,629.6003234016727,1270.688,572.0942,1
633264076,1301.6569760036994,629.2043727163623,1302.4049,528.8796,1
633264093,1300.2650116525544,627.9657016016257,1283.106,508.0462,1
633264109,1297.8958544311256,622.9062388468599,1266.5801,397.9446,1
633264126,1296.3064754275724,617.8401185063028,1277.7814,389.2372,1
633264143,1297.4021370312084,613.0568954423226,1321.1886,381.7543,1
633264159,1296.3371283854647,608.6974065375789,1284.8459,397.6494,1
633264176,1296.2058880134089,603.8296215546933,1299.9128,373.0422,1
633264193,1296.2071051922903,599.4262420782319,1301.6328,381.2892,1
633264209,1292.949101665904,592.7793499132597,1245.019,318.4115,1
633264226,1292.6468376281794,587.2287008872546,1295.0109,334.2478,1
633264242,1289.891334778892,582.6191702679927,1254.3909,379.7488,1
633264259,1288.5883344171793,576.25107369765,1278.4329,313.5101,1
633264276,1289.4520136570563,570.5770221437418,1313.2451,314.2994,1
633264292,1280.2813364360143,565.685540986108,1139.6052,372.9161,1
633264309,1280.8824975721734,559.7607057242271,1307.2712,295.2695,1
633264326,1424.3533478246586,456.84772112502196,1426.0291,192.1819,0
633264342,1273.6008869775567,506.868211386214,1275.3208,318.3399,0
633264359,1284.352626288914,521.9993917902864,1296.6204,368.1485,0
633264376,1292.042164277556,525.7149482330499,1308.8086,357.9014,0
633264392,1294.917543361698,529.0659908224479,1304.7928,369.4501,0
633264409,1298.8228702278964,532.1073157393444,1315.3767,375.932,0
633264425,1301.3258042299306,533.0966715175723,1314.5701,364.735,1
633264442,1311.16829052059,525.117958469289,1369.0847,245.0412,1
633264459,1323.165584122623,511.7712023245817,1403.3438,136.6758,1
633264475,1332.2431122019152,501.58337019966564,1399.1736,144.7927,1
633264492,1341.9339150716482,492.8791095682277,1419.9608,134.3896,1
633264509,1353.5797876838144,484.99438327124005,1455.1272,115.9964,1
633264525,1360.0564184224554,478.2049217023102,1416.9556,124.6282,1
633264542,1367.357793609271,472.0193783954681,1436.097,114.6399,1
633264559,1372.5868873403747,465.3650836788013,1421.3164,91.8944,1
633264575,1374.6452418165102,459.76057075882983,1388.1722,107.761,1
633264592,1379.9849271714352,455.209164897633,1435.2059,108.8331,1
633264609,1387.6713375145268,450.80813007327583,1474.501,92.6007,1
633264625,1395.8814997741933,446.3864465060571,1490.8933,78.0922,1
633264642,1546.2299238256614,427.18915533177847,1547.8208,109.7534,0
633264658,1437.9681542476187,396.2314858276725,1439.8958,78.982,0
633264675,1464.9374880945277,400.09371048262733,1493.6333,80.3387,0
633264692,1478.8640524498292,406.16822494636614,1508.1071,102.8247,0
633264708,1475.6424625001086,401.263784490703,1467.6692,55.0074,0
633264725,1476.6345144664772,398.53646128279973,1482.1775,53.8767,0
633264742,1469.8491527108026,400.11392978634456,1438.4503,100.5893,1
633264758,1472.1334281871318,399.05045055005104,1487.4087,61.8808,1
633264775,1472.2837658295334,398.1002935578648,1475.1654,62.8913,1
633264791,1478.1491537844431,399.8526036874846,1523.861,90.1659,1
633264808,1484.8461193716967,399.1221594551195,1541.3455,49.303,1
633264825,1490.6112121746542,396.79359654850117,1542.594,17.6583,1
633264841,1501.773405966497,395.68217391160874,1609.6035,19.4814,1
633267106,1238.8589178267525,291.8818789908998,1241.6222,-63.6564,0
633267289,1061.84594863976,258.9493207431123,1065.0792,-81.8755,0
633267339,594.1540426568595,225.65353950306215,1195.2435,-64.9769,0
633267372,394.4075203292047,205.79026056065067,0.0,0.0,0
633267422,293.5086912128425,195.7565936631131,0.0,0.0,0
633267489,455.04435837152863,211.40363926598425,1095.1891,-63.2594,0
633267522,1139.6855396626368,270.2142060124446,1142.7268,-79.7017,0
