timstamp,smoothx,smoothy,rawx,rawy,fixation
633220823,981.2574313243613,481.70663448142864,994.415,363.98,1
633220839,982.969235825414,482.5643579165092,997.8788,366.3202,1
633220856,983.7837104393719,482.52124577748805,985.3447,340.7491,1
633220873,985.9754430465673,483.5458453934646,1013.1639,366.8395,1
633220890,987.3233156707789,484.36531782633307,1000.0621,365.2709,1
633220906,988.7040344192066,484.10763311538085,1002.4071,331.1101,1
633220923,991.0903372034154,484.127843811784,1022.91,330.3254,1
633220939,989.895058600053,484.27704293357556,959.5393,354.5438,1
633220956,989.6375340206848,484.28594634765517,981.9967,343.7621,1
633220973,990.46818764484,485.2403153245977,998.6805,372.8544,1
633220989,991.6376430704519,485.57858287983885,1006.4542,347.8656,1
633221006,991.090325298121,486.18606623911506,977.5202,365.7202,1
633221023,991.8388211244073,486.56836066744444,1008.6231,350.9968,1
633221039,993.0912557846399,487.3953823889109,1014.2528,366.1706,1
633221056,994.6277949016352,488.7685789015323,1020.8126,383.7154,1
633221072,994.9365323791715,489.8822539025495,998.0054,377.1055,1
633221089,995.323066654569,489.75861367697655,1000.0318,338.9935,1
633221106,996.8297758635599,489.9093395284702,1024.2732,344.7685,1
633221122,995.1939174277356,491.004771528193,965.805,389.7531,1
633221139,995.8633921199205,493.07992834883163,1008.5549,410.4669,1
633221240,996.0185408785337,497.5235332882999,997.124,487.8753,1
633221256,997.8880201276662,497.545947469757,1025.9548,345.153,1
633221273,1001.7328915589424,496.3677869534973,1061.5483,299.9051,1
633221290,1003.4427017391919,495.38595449117497,1023.9127,315.8026,1
633221306,1006.6808569909095,494.6199129565111,1055.1724,319.7261,1
633221323,1010.3270696625232,493.2225364623365,1063.2876,294.5232,1
633221340,1012.1572724680775,491.84062915532576,1031.5698,302.7963,1
633221356,1014.5487369011609,491.23652411090114,1043.9336,326.9297,1
633221373,1016.3489832795129,490.84067595149094,1035.5873,331.9773,1
633221389,1019.5394105709411,489.40777139345107,1061.0911,298.9804,1
633221406,1015.4843194649306,486.45552095141306,936.7695,281.7378,1
633221423,715.3116564309128,418.90123316930436,718.4413,289.7336,0
633221439,792.8861171874904,400.73325812370354,795.9585,238.5558,0
633221456,773.9940542175859,408.06969478848384,758.2238,274.0064,0
633221473,774.9721348335465,414.27713154787983,779.9948,289.1802,0
633221489,733.3182587279916,403.1107582427384,613.4538,225.5039,0
633221506,742.1814204291602,406.0378701047525,781.309,272.8316,0
633221523,752.2594112550415,410.8580205357444,805.0222,297.4066,1
633221539,755.7702021844294,414.1354088161589,779.087,300.6245,1
633221556,761.261675676269,415.76954426956115,800.4843,283.38,1
633221573,764.6889791452118,416.47382475689545,792.394,276.069,1
633221589,766.5589355410268,417.0610558803915,783.5678,278.3357,1
633221606,769.4078771651406,417.34503782715007,796.4379,271.5166,1
633221622,770.5043305449144,418.9833423026903,781.7611,302.4429,1
633221639,773.7118560041711,419.7575584061798,807.7551,282.5936,1
633221656,773.4262752143329,420.22564714639634,769.7462,286.8091,1
633221672,773.7033860954276,420.490991940958,776.8124,281.7127,1
633221689,770.3203002920809,420.21154697485775,728.6683,280.644,1
633221706,769.609153845264,419.56220255739225,762.2985,263.1464,1
633221722,764.9132830125805,416.363918335669,704.9081,209.422,1
633221739,765.5998473272947,415.6457221720285,780.0354,253.1545,1
633221756,768.5889347049782,416.67348656184873,815.3529,291.8235,1
633221772,767.8793581059412,416.6746209565433,760.313,277.1794,1
633221789,769.7297393880024,415.76232506209897,800.5139,241.4279,1
633221805,767.4966352597904,414.23418457166616,735.9163,237.5069,1
633221822,772.5250712733007,409.3348269740791,854.0081,107.701,1
633221839,860.1630978115694,324.6694285901452,863.4609,84.7273,0
633221855,879.4950937384241,329.90366123916755,882.7341,89.6889,0
633221872,852.6397210609464,316.93330361165295,829.3069,55.2627,0
633221889,849.4584947310165,321.93633821701377,846.5673,101.8941,0
633221905,850.5426918301928,321.61594843847826,857.2661,78.9035,0
633221922,849.6567361963823,325.0897036962463,849.5824,113.4759,0
633221938,850.5521015397367,329.1999507983784,858.2844,130.0987,1
633221955,847.5630151956846,330.452477402286,833.7053,114.4838,1
633221971,845.6134958718033,333.6319119466327,836.2471,144.7236,1
633221988,848.6022452538359,335.79151253616334,874.8347,129.8673,1
633222005,851.7263199770864,335.57916405352955,881.0643,94.8433,1
633222021,848.9565443686205,333.4805598333491,826.6509,72.6136,1
633222038,850.5557585270709,334.3630657453228,869.6276,115.5061,1
633222055,851.6737719377729,334.2740205528592,866.3773,98.3303,1
633222071,850.8686516897596,332.24259563498197,844.613,60.4832,1
633222088,850.7557061251538,332.365030583004,852.3568,104.1239,1
633222105,853.7169724043644,331.18489364540187,893.266,63.3015,1
633222121,853.7440170873263,331.81976665263113,855.7496,115.5035,1
633222138,856.4618913710308,332.25050991452775,894.4087,102.2333,1
633222154,854.9132080598273,333.6128963275108,833.9897,142.1257,1
633222171,850.289774637437,331.8849381854094,786.5402,70.3013,1
633222188,850.4753032924574,333.4620233956275,857.5475,144.4625,1
633222205,861.852888246585,335.70538318210436,1034.7921,123.8955,1
633222221,1251.0804429205411,418.21681213706,1253.2454,162.7438,0
633222238,1310.8081718140288,424.3636072737591,1312.8372,159.8804,0
633222255,1302.5991956541022,422.86237467970045,1296.4834,158.287,0
633222271,1304.4803474467342,421.0106322332042,1310.3262,147.7291,0
633222288,1300.4441555828157,422.54508948828027,1290.5481,170.1377,0
633222304,1293.3522967359659,425.49422801204156,1267.7048,193.5147,0
633222321,1292.8502431475008,427.52289746489316,1292.8928,187.9081,1
633222338,1291.7773788880868,427.29790631526294,1288.1499,168.1064,1
633222354,1291.1771065130588,426.88397634683133,1289.8405,164.3754,1
633222371,1291.4624908453,428.67488312797553,1296.2245,195.626,1
633222388,1291.6289498793749,430.3757991527494,1295.5405,199.64,1
633222404,1290.8504153933322,430.4134755217532,1286.3083,176.2576,1
633222421,1289.9807786845174,430.44289619979827,1284.1199,176.7911,1
633222437,1289.1717599750689,431.85537338097566,1283.4708,206.0124,1
633222454,1286.9504085734386,431.58378899639627,1265.2583,176.618,1
633222471,1293.2948995805443,430.77927050780147,1371.7092,138.772,1
633222487,1294.421291012377,429.49820900746244,1309.4635,140.33,1
633222504,1293.221706008663,428.28844099445706,1278.498,147.0232,1
633222521,1292.2489710350992,427.52597129652685,1280.5884,156.042,1
633222537,1295.614024063436,427.0818901522477,1343.7061,148.4518,1
633222554,1295.7602485053233,427.05126345821253,1297.7231,169.8852,1
633222572,1297.818582548785,426.923204014896,1327.6301,159.9308,1
633222588,1298.3463928485655,426.8479766980634,1304.9684,166.4661,1
633222605,1297.376420540223,426.5804728412861,1281.4192,166.1083,1
633222621,1300.42881573565,425.56789911333897,1347.1313,128.0158,1
633222638,1301.4577389146143,426.0424465018822,1315.1812,179.2656,1
633222655,1302.5411493712584,426.7995580035721,1316.9634,187.5334,1
633222671,1302.9737705310959,426.2382403707166,1306.9233,149.4508,1
633222688,1301.8843607703839,426.44830013192495,1281.459,178.9224,1
633222705,1300.3649831193313,427.0110684025959,1274.2314,191.5705,1
633222721,1299.388786045374,426.8721423871859,1283.7893,167.2151,1
633222738,1297.9604076692053,424.088234743376,1277.4805,84.4668,1
633222755,1296.7170578144362,421.3030746869162,1279.0601,83.2295,1
633222771,1296.3528338084623,418.37273657043454,1295.8877,73.3139,1
633222788,1297.2889159721487,415.9592074349158,1316.2747,85.6624,1
633222805,1297.0243355734833,413.2401287036361,1293.2153,81.5755,1
633222821,1297.4988534924398,410.6664515700823,1309.0078,80.2251,1
633222838,1295.9614456624781,408.2919681705334,1273.4617,90.1959,1
633222855,1294.372167061637,405.59365594963526,1272.7239,77.2593,1
633222871,1293.1022741434808,402.7657191995408,1278.6941,72.264,1
633222888,1292.981145789649,400.5493321062632,1298.075,83.8513,1
633222904,1290.7026869565307,398.0186698084057,1259.1235,76.6933,1
633222921,1290.01764732696,396.2642959588049,1286.0754,91.3237,1
633222938,1289.821849828488,394.6761844654325,1293.9202,93.9571,1
633222954,1290.7958638401828,392.9123265192194,1311.8474,76.6495,1
633222971,1290.445840345127,391.05073791277937,1299.2297,71.6215,1
633222988,1289.610236475741,389.6488397589368,1282.6724,85.2765,1
633223004,1290.382911235351,388.0218833661155,1306.8064,69.146,1
633223021,1290.0846220291808,386.0157817303174,1288.1858,59.2225,1
633223037,1287.341478988786,383.2122119983398,1251.8323,39.8467,1
633223054,1287.08767680793,380.9006396284923,1289.2395,44.0353,1
633223071,1285.8844821874025,379.22979506455835,1275.1152,63.4394,1
633223087,1283.7592802611673,377.17708364692027,1255.834,52.2187,1
633223104,1284.5891605229729,375.7698392628855,1304.1191,56.9068,1
633223121,1282.0735992909918,373.3325502127934,1252.2515,30.6499,1
633223137,765.0327250108759,268.12161201594137,768.7603,4.4337,0
633223154,603.8928737014476,238.79436417602233,608.0453,-10.9681,0
633223171,629.8335834631774,243.56291741267356,659.7234,-5.8439,0
633223187,638.5084508079601,244.5707796902731,659.6401,-9.034,0
633223204,704.8085091810018,247.7046616353226,904.6348,-47.7647,0
633223220,709.4951301532321,245.85322681962106,729.587,-40.1609,0
633223237,721.7868127331886,248.78639552513337,782.8754,-8.1503,1
633223254,720.1160570793553,250.9924427091453,711.1002,9.5803,1
633223270,728.0980663190154,250.57383244594865,782.1176,-36.4219,1
633223287,724.3974147860247,252.0500194966975,696.6862,11.6298,1
633223304,724.9993175864697,249.64181685708235,730.9918,-57.649,1
633223320,728.231278844106,249.0330109361336,758.5881,-38.0039,1
633223337,737.2010816393549,247.8490911042857,825.702,-66.7019,1
633223354,735.3723344647241,249.15492349782738,714.3121,8.5015,1
633223370,740.6923398632408,252.11361112198446,799.0576,28.1941,1
633223387,748.5740101683247,251.6823545777456,838.9308,-53.0555,1
633223403,751.5404663315984,251.83529020931172,783.0854,-26.5745,1
633223420,752.4016405363644,253.0890160148989,757.7882,7.4579,1
633223437,742.8100014661482,254.0727735529262,609.8521,37.6023,1
633223453,746.6775149412747,254.25413311877475,800.5847,-26.9247,1
633223470,746.7939591556692,255.46736228727463,747.4534,14.5111,1
633223487,750.1682783180472,256.1302955206251,798.7596,-11.0989,1
633223503,751.6189893099014,255.49241220108397,771.3518,-40.8625,1
633223520,754.0765669758446,256.04890540008154,789.1447,-10.331,1
633223537,586.6196307101033,365.8771193114314,590.2236,223.7118,0
633223553,718.7094459065852,552.1429002633957,721.2252,530.7389,0
633223570,674.4317207973328,549.590501145684,632.9655,542.2448,0
633223587,653.5206473214013,529.3549512988482,615.1838,441.4291,0
633223603,634.1386877830381,515.1159189664791,580.3456,420.7231,0
633223620,628.471393294294,513.0206414381236,610.2612,472.2962,0
633223636,620.9447384271964,501.3004989761933,623.869,461.4176,0
633223653,709.1749491750465,533.0092772081764,711.7952,498.2536,0
633223670,641.3456253075392,514.7035280187268,576.7208,463.696,0
633223686,694.7375218381268,546.5257452810516,803.2903,616.1221,0
633223703,717.0788432959987,551.9549914713539,785.1726,543.8488,0
633223720,727.2681919037336,557.423343730906,768.44,567.1522,0
633223736,738.8296539537143,561.9785449116835,795.6873,569.7985,1
633223753,741.382829731504,563.6367970335974,756.0986,558.7555,1
633223769,745.5879399522806,565.5253361864253,773.3387,563.343,1
633223786,750.6282166178277,568.8515892649301,787.6932,588.1433,1
633223803,756.8041448495127,571.8709400331095,806.7,588.5701,1
633223819,802.0398125186867,604.3299274762809,804.167,605.8882,0
633223836,892.3087160783509,620.5847189862418,894.1987,614.2003,0
633223853,1052.079456589298,633.0224640411108,1212.6433,584.3835,0
633223869,1076.2891707999265,638.6529047892523,1124.9312,612.8981,0
633223886,1084.8238159324824,643.3507634229827,1110.2976,629.6733,0
633223903,1103.1582227340032,651.4598314289138,1174.8256,661.4205,0
633223919,1166.6695542393925,680.904491581954,1167.7888,659.2728,0
633223936,1150.540697226619,670.2009075456699,1151.7379,643.6338,0
633223952,1149.7336227943213,669.2984097358205,1150.137,640.7407,0
633223969,1152.4975778595924,662.6253352526888,1159.2731,604.0783,0
633223987,1147.1300930472853,658.8130160631766,1132.5146,607.1915,0
633224003,1144.8983128764685,658.210398993125,1137.5503,621.3268,0
633224020,1128.7389086327644,651.2794341335474,1052.0068,572.0731,1
633224037,1119.927891216928,645.6009181710931,1072.0455,559.6129,1
633224053,1107.0455116357946,643.4942793151113,1025.1249,601.8496,1
633224070,1107.180177400694,644.2226955105549,1113.3828,618.1791,1
633224087,1098.3711040829996,639.6711862719247,1030.4492,550.4733,1
633224103,1098.1401169305518,642.5717138809273,1102.5464,656.8317,1
633224120,1101.5922814780452,643.7618607639516,1141.7799,621.6442,1
633224137,1095.4043640284135,641.4292565835667,1035.6201,575.8411,1
633224153,1095.622259103382,644.4112022938929,1104.644,671.1387,1
633224170,1092.6305737049797,644.459162021015,1063.6997,619.2477,1
633224186,1100.0711489446453,646.6372039685211,1198.5981,639.0298,1
633224203,934.7658148977052,513.6419336541975,937.0669,410.159,0
633224220,866.4326468204581,488.86122364388984,868.9702,381.2259,0
633224236,885.0905491779306,488.773282506585,906.172,372.16,0
633224253,894.5684914068046,483.5601230989826,915.8337,341.8031,0
633224270,892.4331609714911,487.9945877885299,888.3132,399.0928,0
633224286,890.1157775433628,484.7066190828658,883.4437,346.7838,0
633224303,893.2095491408217,485.2290682924032,910.6752,369.6353,1
633224320,896.5170978511009,486.75802307886784,917.7699,382.072,1
633224336,899.9550133179562,489.6531012983071,924.6019,404.3767,1
633224353,904.5352806104356,490.48478461219446,940.282,377.8786,1
633224369,904.3222151843331,489.91903334699566,903.3226,365.4626,1
633224386,887.0420289508309,487.03136472679586,731.1992,361.8549,1
633224403,873.322284285159,485.8120930735964,743.9424,383.8481,1
633224419,857.7131368714228,484.4854508656026,702.7896,388.1502,1
633224436,847.3904144510275,484.05233947635713,745.971,394.483,1
633224453,837.5902647945861,483.4720746387765,739.2258,391.5923,1
633224469,831.2560766475597,481.22574565203865,773.2608,341.9312,1
633224486,824.2140650034643,479.89037039597736,755.4314,364.4938,1
633224503,818.3946299192753,477.84644476603165,764.562,341.2348,1
633224519,810.5226594873254,476.4980123816052,727.2153,364.907,1
633224536,804.491837473146,474.27758290608864,746.6254,333.7861,1
633224552,797.3160787648503,473.2917888052304,721.8826,370.7033,1
633224569,787.7526736803366,472.0136747274249,676.5576,370.9037,1
633224586,781.4042680909806,470.6022528380058,719.5353,354.5389,1
633224602,771.9890464796187,470.46763416882175,662.2762,403.5438,1
633224619,762.4667489795686,469.70107193370046,652.1733,385.5629,1
633224636,754.3698615641672,469.0518531491094,667.7701,383.6973,1
633224652,747.7310166779029,468.18531198951615,684.7885,371.3131,1
633224669,740.0713551603801,467.1274566207364,660.047,369.3723,1
633224686,734.6233229059592,465.7920897918491,690.7498,351.5596,1
633224702,727.8708288562229,464.3020674228902,661.1344,351.6174,1
633224719,722.5010638464353,463.6520054901765,692.5319,373.4447,1
633224735,715.9851222452877,463.11021431754557,668.4272,380.2729,1
633224752,710.5700114043533,462.9503841149528,680.2368,384.617,1
633224769,673.4183918474012,439.2269287422358,676.531,336.4526,0
633224785,691.7232215452885,450.1151160286837,694.7531,351.9159,0
633224802,684.933268908455,450.2494376411677,681.2138,355.5861,0
633224819,670.8831141062958,451.87733412190715,646.0906,372.4202,0
633224835,676.180940126716,449.43417260002406,695.1981,337.3939,0
633224852,656.7327446463235,445.80263879336906,583.8034,344.4203,0
633224868,654.8650618764201,445.7568175728441,649.95,354.552,1
633224885,653.5593586679651,444.9577870764982,650.3133,345.0464,1
633224902,648.3462465529416,441.49489652346193,618.1785,313.0073,1
633224918,644.2240089596103,440.0498578189716,618.3906,333.275,1
633224935,764.5058809818486,347.99132971347996,767.8701,149.5024,0
633224952,811.7607782529853,336.7086075595159,815.0911,117.9359,0
633224968,811.8080459900747,341.0456312790237,815.146,133.635,0
633224985,816.4736907920794,342.40858817034234,829.0121,129.8734,0
633225002,823.8799127006838,349.17059613952335,848.8868,168.874,0
633225018,823.4385075367385,347.6999952809857,824.7057,124.701,0
633225035,817.5814138035851,347.8724191971457,792.1556,144.799,1
633225051,817.9046553180948,348.7839219492966,823.1833,147.1722,1
633225068,824.1000118643059,350.09173755979856,868.6217,144.9549,1
633225085,823.7802832152564,350.10245959689684,823.9613,139.5409,1
633225101,824.431982095501,350.04143645952905,832.5016,136.39,1
633225118,824.5886661976197,349.80051017892976,828.5763,133.8877,1
633225135,825.6472989825204,349.9365422120836,838.5844,138.3338,1
633225151,828.8429182676255,350.8675857898918,864.6581,149.2114,1
633225168,831.6715929565879,349.67603145149553,864.6141,104.6544,1
633225184,824.7091517947064,345.05796508303365,743.5648,51.0949,1
633225201,816.9786897064946,342.208356505759,725.3898,88.4919,1
633225218,809.8424501461798,338.6898841731042,725.4126,65.9559,1
633225234,802.1815861130322,333.6637638284544,710.7766,23.5306,1
633225251,797.0468805687176,332.210166721256,740.4359,103.4525,1
633225268,789.349043413584,328.89270631464245,696.7458,59.3212,1
633225284,781.7119332689032,324.50478041098484,690.9807,24.8874,1
633225301,777.7322810144306,322.23273017066793,742.1609,66.8933,1
633225318,775.0282720853376,320.1665464954229,758.5236,64.7679,1
633225334,555.4008571753238,257.05221385597565,559.5576,33.547,0
633225351,602.2800328806082,254.3761080688555,606.3643,17.6877,0
633225368,535.2172291913147,258.76918053480296,472.6116,65.0521,0
633225384,541.6757570239703,247.14111343749067,559.1588,-26.2869,0
633225402,519.2849655102588,259.6496864816572,457.3008,129.8371,0
633225418,516.6878799275738,259.56325696720467,511.6284,48.3506,0
633225435,515.6914656586032,258.8366278439731,516.0906,40.2059,1
633225452,534.3351238841376,255.06147083838792,647.1467,-30.4816,1
633225468,535.2151816374279,257.35644905624144,544.3057,65.8138,1
633225485,537.9704085161399,257.80585411960624,561.7992,40.3686,1
633225502,530.5174413088794,260.50154212222526,471.2837,100.9737,1
633225518,520.2991682482079,262.23025734228776,431.7869,100.263,1
633225535,535.7174143344349,263.434897465421,693.6837,33.134,1
633225551,550.02341386646,264.25863496480065,702.5286,26.2826,1
633225568,548.0494553744704,263.9094453143359,523.8431,44.5355,1
633225585,544.7430605328072,264.8692216496693,504.6525,78.78,1
633225601,546.3155600530093,266.9649015545616,566.0638,94.0331,1
633225618,602.0470279333756,380.7039641185154,605.5555,246.9982,0
633225635,875.9918578339666,446.0975853840257,878.7072,301.3762,0
633225751,1017.9346308095156,490.9466177085022,1161.3103,397.4055,0
633225768,1090.5092614100706,475.49750942743634,1236.0938,214.5704,0
633225785,1085.3248883655187,490.5354058353467,1070.1162,417.8422,0
633225801,1075.3028889075397,489.2209044736639,1036.6255,332.3059,0
633225818,973.9520932607631,421.6923121885839,976.6018,234.0945,0
633225834,984.7988885116467,457.05561053808793,987.2677,295.7249,0
633225851,1033.185703297834,457.60572936591143,1083.7383,275.0348,0
633225868,1044.4818357099914,461.7333419825694,1068.9482,299.8755,0
633225884,1054.7854723080177,461.91403575222523,1087.1843,281.897,0
633225901,1055.9486481252434,464.8462573958243,1062.05,313.0179,0
633225918,1050.4926976251775,467.6974529796021,1025.5059,330.7985,1
633225934,1046.398266730772,466.3305654984632,1024.8309,288.65,1
633225951,1048.1073185336204,468.8878742773349,1061.8058,330.0664,1
633225967,1048.9167771106256,470.94790792893474,1057.1077,331.493,1
633225984,1046.852533045391,467.9190979722468,1031.9207,257.6025,1
633226001,1040.5792377233508,465.95401249793787,986.2636,279.2548,1
633226018,1042.8219859337696,466.5891264162398,1068.8473,305.629,1
633226034,1042.6202363945197,465.9127582302806,1043.8936,285.7244,1
633226051,1049.4101559283308,466.5165981178471,1128.4524,292.4917,1
633226067,1048.9257215992486,467.0297769263224,1044.0371,311.5942,1
633226084,1050.3464995948461,467.38308040532934,1068.918,302.9605,1
633226101,1050.514914568252,467.6265978991426,1053.1846,304.6139,1
633226117,1051.905233897763,467.167925185848,1070.9941,282.6432,1
633226134,1054.04729903286,467.0792934299854,1083.4515,288.9283,1
633226151,1054.3189836494644,467.0560209294879,1057.071,296.8203,1
633226167,1049.8800761130574,469.5796294384093,984.3113,385.6828,1
633226184,1047.4982679109771,468.1971815683865,1014.3985,269.407,1
633226200,1048.7123495213787,468.96199058234487,1070.8324,317.7015,1
633226217,1048.6710174191724,468.37938135893995,1051.006,283.1341,1
633226234,1048.904726682294,467.58729838927917,1055.5929,275.3818,1
633226250,1048.5071020369949,467.5639760853055,1045.022,300.8233,1
633226267,1047.1018076302785,467.37633234799597,1027.755,299.8157,1
633226284,1047.85253974308,466.3187322956781,1064.2661,264.021,1
633226300,1050.7050818494708,462.6551280963589,1100.9038,172.9504,1
633226317,1054.9259340138467,458.6930007072831,1125.4371,155.7404,1
633226334,1058.771017519128,455.74158357811905,1112.4901,188.7534,1
633226350,1061.7377190343448,451.716938180508,1108.5991,154.5611,1
633226367,926.7204789484829,342.94336567421954,929.8147,102.2689,0
633226384,1054.1594638514746,375.2983994576387,1056.8759,131.0752,0
633226400,1031.9269503224148,362.4175900030768,1012.6651,94.8062,0
633226417,1001.941527853294,369.90298811933934,945.3384,174.6135,0
633226433,1019.1386494765052,369.7181459867763,1073.399,115.9869,0
633226450,1032.627954681195,374.4182002798915,1088.1842,155.495,0
633226467,1031.6094723603292,372.172655932559,1028.8553,111.694,1
633226483,1046.3356157300373,372.3134467902142,1133.4241,108.9523,1
633226500,1054.1595968021356,377.54178820253065,1106.7002,186.3591,1
633226517,1040.6366685969515,376.57703598502684,939.1215,146.5134,1
633226533,1047.573384677382,379.3362769273564,1107.1927,167.1214,1
633226550,1053.4487806567151,383.4322187433021,1107.3706,199.4859,1
633226566,1059.1650906035743,386.6734298692901,1114.5548,192.2229,1
633226583,1059.4109829337299,389.1832884220629,1059.9164,198.2973,1
633226600,1065.652934722511,391.41432710841616,1133.3883,181.2276,1
633226616,1065.8234269280797,392.39743620574046,1064.0847,174.055,1
633226633,1069.3911556820553,392.85433447640963,1110.0161,153.1184,1
633226650,1072.2494194403453,393.00793502865923,1104.5457,148.2769,1
633226666,1074.5755036788182,393.7494864360554,1100.3243,165.4901,1
633226683,1076.1340714671555,394.96677889957914,1091.8025,182.1497,1
633226700,1076.7976737546294,396.8529979653272,1080.2913,205.8366,1
633226716,1078.1924933672283,396.58991837698994,1093.144,145.6505,1
633226733,1077.379150655526,397.9549984017702,1059.918,200.9122,1
633226750,1077.7643583090999,399.0756979626941,1079.6829,191.5442,1
633226766,1079.9249641161832,401.42217107991723,1109.7521,223.0869,1
633226783,1080.4180435248245,402.84473727992787,1084.0363,204.4435,1
633226799,1083.8391139780524,404.2019589470373,1134.4141,193.0186,1
633226817,1086.1153672659896,405.1099251986431,1117.2407,185.5311,1
633226834,1091.0739814841572,405.0785783198979,1165.1554,147.0448,1
633226850,1450.0391435849313,401.0293563736036,1451.9231,84.8559,0
633226867,1950.5477237437728,407.5331499088586,1951.4979,-20.8132,0
633226884,1769.6883274028264,408.6088543111757,1590.8828,67.8753,0
633226900,1733.1889779732937,394.7054345571736,1663.2258,-26.4205,0
633226917,1685.564640135179,395.7556616364147,1547.5475,58.8246,0
633226933,1614.060064187188,382.0948570649278,1338.6897,-19.7932,0
633226950,1586.5563624949928,397.30568843435236,1588.2107,46.057,0
633226967,1620.7702975028408,396.5671310651557,1622.3662,36.6865,0
633226983,1625.319238385148,390.87216784540215,1631.488,13.9103,0
633227000,1601.9539348257438,390.03979783892976,1557.2483,37.2112,0
633227017,1603.1078665992793,394.56645447033685,1608.4268,60.7486,0
633227033,1606.3364174694882,395.11867794585913,1620.8912,38.1637,0
633227050,1598.7763629929896,394.2421560612046,1563.8671,38.275,1
633227067,1591.2260888589456,396.0321426183414,1549.9683,71.3912,1
633227083,1899.2335045827176,400.3146449064681,1900.3093,-21.8694,0
633227100,1524.8524328241667,401.17123120918,1526.6006,67.5543,0
633227116,1553.9709203178768,400.20397901512115,1584.6671,50.3971,0
633227133,1575.100661763045,399.4526218804433,1618.5408,40.1201,0
633227150,1567.2712811973174,399.6416837164296,1545.3158,61.4254,0
633227166,1583.1272464267788,398.72596245384057,1646.6938,28.382,0
633227183,1736.9259275131894,359.1011584294619,1738.4829,-58.5679,0
633227366,1604.5635522884031,399.4019787199821,1606.1758,45.6349,0
633227383,1594.8970319006266,395.7716628461981,1586.9353,37.0071,0
633227399,1593.8154235433044,399.24557199866604,1593.3193,60.9288,0
633227416,1599.6840790196602,399.9590537011808,1618.7241,47.4688,0
633227432,1598.7996187511203,398.6299103634676,1596.8728,36.861,0
633227449,1599.3787157091328,397.3914146929363,1601.0095,43.2031,0
633227466,1566.4767921169705,405.1546344414326,1568.1316,65.0138,0
633227482,1562.390046034615,404.1540766984122,1559.9923,63.3028,0
633227499,1581.401902221557,399.6626398909821,1620.8301,26.4825,0
633227516,1587.1913778377914,399.4472516375643,1605.704,44.8016,0
633227532,1584.3522680936678,398.859433466222,1574.458,48.0653,0
633227549,1589.8228639212946,399.0378459929794,1617.7327,44.0199,1
633227566,1588.2191845173493,398.625125614763,1579.9637,46.2247,1
633227582,1588.7344889268466,397.8739249135453,1593.3491,37.0339,1
633227599,1595.0910163810247,396.3053007051897,1643.8986,10.1832,1
633227616,1594.77257861181,396.3792831399089,1592.2306,45.3899,1
633227632,1592.6983099795998,395.58527459448624,1574.1575,33.9165,1
633227649,1597.159890344315,395.58987916482124,1641.7678,31.5069,1
633227666,1596.4838501921422,395.62957009151995,1589.0408,44.5828,1
633227682,1597.346642276353,394.7380524142661,1607.0221,19.8179,1
633227699,1594.8178292842722,394.9474313937873,1564.9104,53.1458,1
633227715,1595.967994029978,394.0018836102075,1611.2041,14.6436,1
633227732,1595.5213923974761,393.76184211747074,1590.4041,35.3204,1
633227749,1595.5370224137423,393.828003970727,1596.6875,41.2196,1
633227765,1595.0558851136902,393.8130569187781,1589.4996,40.6755,1
633227782,1594.3532552625936,394.10669718465203,1585.818,49.8379,1
633227799,1595.8334361405564,393.64785418796487,1619.2722,21.0026,1
633227815,1595.5337462918508,393.54952827213606,1592.1279,37.0402,1
633227832,1594.8814623468377,393.6140574667654,1586.343,42.8859,1
633227849,1593.5983314017312,393.19463342276583,1575.7476,30.8602,1
633227865,1592.7276946608597,393.29021421320874,1581.9526,44.4047,1
633227882,1588.5153694940116,392.5851354448458,1525.3822,33.1281,1
633227898,1592.9405284378397,393.41064456068244,1670.2363,45.6445,1
633227915,1587.185402160309,392.46129029031965,1496.9773,31.3743,1
633227932,1580.4538419586663,392.43928618307353,1478.1112,64.2638,1
633227948,1577.6523281249454,391.3972083923623,1544.1869,16.2358,1
633227965,1579.107822958001,387.8599595407757,1615.9166,-77.4975,1
633227982,1575.2861168570905,387.1139831790523,1522.0784,31.4632,1
633227998,1565.9867267197192,387.7296454741331,1431.8071,92.2694,1
633228015,1560.241836195413,387.37601588763823,1489.761,48.6578,1
633228032,1558.5500932167727,386.2826748196275,1554.4512,8.6643,1
633228048,1552.7432887574635,386.41090750971074,1484.6099,63.3404,1
633228065,1550.6652914278427,385.3489996991486,1542.4307,10.3614,1
633228081,1547.865279493477,385.3152337201569,1528.1787,44.6242,1
633228098,1541.0282555221336,383.83020393602203,1459.9152,12.3659,1
633228115,1539.346047149109,383.83685872598335,1540.1273,42.2194,1
633228131,1535.751416428829,383.98212319626805,1501.5635,52.9074,1
633228148,1530.9643934799471,384.31630394656753,1484.3899,63.4227,1
633228165,1523.2260401297374,384.05873281453887,1423.4407,58.1723,1
633228181,1521.5866173632107,384.1768299215844,1527.5911,42.6439,1
633228198,1518.9857537702244,385.1490551568799,1502.4092,77.4538,1
633228215,1514.7185645389882,385.6136149013543,1474.7158,64.4662,1
633228232,1509.0430582664142,386.1717737087851,1443.9921,76.1781,1
633228249,1508.4726866259323,386.20656095322255,1529.6022,40.0755,1
633228265,1501.0529724006972,385.30520867845155,1405.8571,39.1874,1
633228282,1503.2327395622772,384.6539976497079,1568.6685,9.5187,1
633228315,1439.6926506891057,387.370216875538,1441.6576,62.4961,0
633228332,1174.7376670527524,376.0639155424923,913.4817,145.726,0
633228348,1131.0917137483243,393.3810922690363,1048.1874,228.4358,0
633228365,1103.38850217235,403.6263172462809,1025.7413,244.4897,0
633228382,1081.9847638428034,401.52716836307286,1003.4703,175.341,0
633228398,1046.2181482846638,428.3821576799058,1048.7068,229.2738,0
633228415,994.726892846424,408.37852252338683,997.3998,205.0571,0
633228432,1024.1894250798575,412.4368970969414,1056.1068,205.9561,0
633228448,1025.1080923503441,409.82968630535566,1029.4161,190.7262,0
633228465,1022.5546334927413,411.5734293111813,1017.4227,215.5543,0
633228482,1030.2323251120133,412.60881997378954,1062.8013,204.6618,0
633228498,1024.7123434406979,412.80384840561976,1000.0604,214.0264,1
633228515,1024.5679194751349,414.08351738475005,1026.2582,221.8497,1
633228532,1001.6498600947388,410.45286788269465,852.0938,198.7477,1
633228548,995.7867689616302,407.3177582729966,957.6246,170.281,1
633228565,986.6122660355271,401.8082931028665,917.188,130.2677,1
633228582,978.8081913301852,397.9546571378694,916.3826,144.9973,1
633228598,984.5485628291545,397.5604995291265,1050.7278,170.7556,1
633228615,982.6915427535157,397.32688718710165,971.0337,191.5846,1
633228631,985.2592388976574,397.6245845009276,1021.9299,190.4818,1
633228648,979.6676727460076,396.2728584747099,920.7086,176.3899,1
633228665,981.2716606508152,394.8895769871984,1009.678,151.5172,1
633228681,984.3742796186966,395.92315283871733,1031.4591,204.0463,1
633228698,986.2489279942064,398.01950275494596,1016.3811,236.5952,1
633228715,989.5094059210844,400.3846811422741,1038.1023,241.7094,1
633228731,994.0269802669499,402.33892397238685,1059.5604,228.6149,1
633228748,997.6138819183489,403.8127012498142,1048.418,220.2586,1
633228765,1001.005606912585,406.28968694138257,1047.7842,251.1629,1
633228781,1002.0312207087376,408.25429947377955,1012.059,247.5705,1
633228798,1004.728056010589,408.92598919441303,1040.5985,204.8589,1
633228815,1007.8493030497497,410.13373167241446,1049.5735,220.2681,1
633228831,1012.6870344845825,411.447530575588,1080.6248,218.0285,1
633228848,1014.8335484077119,412.28862851441954,1037.8816,215.44,1
633228864,1016.9312904573425,413.4621396452596,1039.1157,227.211,1
633228881,1018.9741706244923,413.81071008581347,1040.3868,202.9486,1
633228898,1021.2467727245833,414.24850234126126,1046.5698,205.8897,1
633228914,1023.3132350000949,413.77263420219924,1042.4531,178.4259,1
633228931,1024.039749708661,413.7950705621627,1027.3271,200.7462,1
633228948,1025.8833463678282,414.1604073943171,1045.5101,206.3356,1
633228964,1025.6427311719622,414.6689165299329,1009.9619,222.8907,1
633228981,1024.584946551422,414.6308028095686,1002.4269,208.4383,1
633228997,1027.0546555242165,415.4962870916298,1058.6088,224.2804,1
633229014,1027.9315888481387,416.42787745365297,1035.6296,234.2561,1
633229031,1031.8093497940738,416.9663652915976,1071.9829,207.7385,1
633229047,1034.3079358588884,416.60958766628033,1062.8574,183.0623,1
633229064,1038.5071066059702,416.32137862885935,1090.7755,175.3668,1
633229081,1040.1893528093583,417.1561032697792,1049.7958,224.076,1
633229097,1041.5964121469501,420.99661748417134,1061.196,323.8287,1
633229114,1043.5977165850557,424.10743665659237,1064.3446,301.1559,1
633229131,1043.368620989268,426.7422796647646,1032.7166,295.9783,1
633229147,1043.2553737519231,428.3552789526969,1025.7903,263.0293,1
633229164,1046.6897117655333,430.09476092999296,1098.9442,251.7614,1
633229181,1048.5190989764321,432.5464051836551,1074.2128,288.3805,1
633229197,1048.3557054764547,434.4979768093774,1038.927,285.5964,1
633229214,1047.6116788203362,436.6503026171198,1032.094,296.2628,1
633229230,1045.4893988020294,437.5609365616029,1011.0406,262.9977,1
633229247,1044.7376179250737,440.3840807413866,1033.7892,319.1915,1
633229263,1043.33263941995,442.0194652099689,1022.6652,289.9265,1
633229280,1041.50826264396,442.92245049172936,1011.9359,270.4559,1
633229297,1040.4198770766252,444.6720677223931,1027.9856,292.4948,1
633229314,1040.5609771961106,446.1070259280037,1050.0951,282.3629,1
633229330,1038.5070671732337,448.08019033092853,1014.5896,311.2604,1
633229347,1038.7495563537998,449.1218182238548,1049.3752,275.3646,1
633229363,1039.1764460065597,450.7043855039078,1052.3361,296.1935,1
633229380,1038.8026785901834,451.6926519655567,1038.2294,281.2847,1
633229397,1039.1188134737554,452.3424309958459,1050.5161,271.4185,1
633229413,1038.8099762515888,453.4869925758788,1038.7178,290.0058,1
633229430,1038.382854164185,453.54168396730734,1034.8459,261.634,1
633229447,1037.4150192048753,454.7723335458183,1026.9828,304.3939,1
633229463,1038.5524716657535,455.01300668937967,1059.605,268.6505,1
633229480,1037.865594630949,455.4654535853885,1027.1223,283.4716,1
633229497,1039.0971721799272,456.55129880399386,1066.2332,299.3721,1
633229513,1038.7145778862018,457.7344817455002,1035.1252,311.8092,1
633229530,1039.577318185154,459.3309331240986,1060.1755,318.6767,1
633229546,1038.6314728242414,460.2217382927815,1027.1447,303.2364,1
633229563,1039.418940308064,460.6920036400539,1059.6731,284.3457,1
633229580,1040.1208622901438,460.79154512905427,1053.3066,280.0905,1
633229596,1040.4662860005965,461.7999783041896,1048.1692,321.6159,1
633229613,1041.3966237439995,462.29483764064645,1058.6285,300.4731,1
633229630,1041.1671282718148,462.7155724162558,1035.2437,302.6324,1
633229647,1041.464328777947,462.83914438333017,1044.2456,288.1947,1
633229664,1042.2042938227837,463.19614510656555,1059.8689,293.5701,1
633229681,1042.8331039617733,462.66433348456246,1055.0601,270.6381,1
633229697,1043.1494712459535,462.94842099102596,1046.0637,297.8237,1
633229714,1041.980027751485,462.8320014580549,1020.1993,292.674,1
633229730,1040.306506233781,462.3280891123447,1009.9902,279.3327,1
633229747,1040.1886574652308,462.4517634429225,1040.0718,299.1244,1
633229764,1039.4585976337164,462.46468583063563,1028.5393,294.9239,1
633229780,1039.0024182103991,461.0494266890633,1032.6763,246.8895,1
633229797,1038.0472805600573,460.69595140996483,1025.8665,285.1122,1
633229814,1036.9463957939056,461.37643302450095,1025.4459,317.2558,1
633229830,1037.3346767615637,461.7665828295195,1047.3269,304.9297,1
633229847,1037.2701691571176,462.07547056440376,1042.9729,300.2882,1
633229863,1037.694608839026,462.44224914547186,1051.2427,302.5062,1
633229880,1038.0960641855613,462.73386963094,1048.9164,298.7137,1
633229897,1038.75129427621,462.4371298118533,1054.3652,278.3262,1
633229913,1038.3445656816714,462.59193670583585,1034.2948,299.1782,1
633229930,1038.1796856766146,463.23163361909843,1037.9335,310.6984,1
633229947,1037.6451808051247,462.8941519566596,1030.6863,286.103,1
633229963,1038.0405132489916,463.70934496841653,1050.0366,315.0164,1
633229980,1037.7100857921027,464.49189489534797,1033.6465,318.884,1
633229996,1037.9414135497416,464.55983404814384,1047.4613,295.8875,1
633230013,1038.453732920053,464.29541686821347,1048.7075,285.6141,1
633230030,1038.9365651140536,464.8785894576685,1050.6776,313.1906,1
633230046,1040.3050963377136,465.5711854762408,1062.4786,311.3882,1
633230063,1041.5505764524862,465.9505290102085,1063.9567,300.3451,1
633230080,1041.3720825173057,466.32947902200414,1038.5001,306.3299,1
633230096,1040.4575258210327,467.1396367760323,1025.2921,327.8262,1
633230113,1039.735041461376,467.01263938961745,1029.9485,295.3958,1
633230130,1039.0860094173077,467.32842004731395,1028.8284,309.8538,1
633230146,1037.7499063786674,467.5938035586046,1018.0597,310.1273,1
633230163,1037.1556765913062,468.12953644621024,1032.5535,316.9456,1
633230180,1036.9176396320925,468.2814739981328,1038.0117,301.7465,1
633230196,1036.5287547720698,467.93455740096107,1034.288,290.3651,1
633230213,1035.7335558364382,467.8770088228713,1024.4825,301.2068,1
633230229,1035.6855114367588,467.9520727933333,1036.6365,301.556,1
633230246,1035.2676024977782,467.43598194348175,1033.5135,287.0576,1
633230263,1034.070415333406,466.3124854225813,1018.557,270.9096,1
633230279,1032.7182012459173,466.362590043149,1015.9943,304.0408,1
633230296,1034.4896422597299,465.53849950789595,1069.3413,268.2409,1
633230313,1033.920427139369,464.752119442453,1028.304,282.2766,1
633230329,1033.8581733253275,464.34842536262965,1039.0789,290.4496,1
633230346,1034.507057673839,465.09650786219845,1050.3564,323.012,1
633230363,1033.6604530291918,465.6061582504317,1024.7732,321.4114,1
633230379,1031.4670503555078,465.39995945811694,1000.6492,303.5717,1
633230396,1028.6817111634332,464.6528483675592,990.3898,286.6279,1
633230413,1027.937168351536,463.99560305171144,1023.0795,283.2966,1
633230429,1027.041229332665,464.45148402746906,1020.136,319.954,1
633230446,1027.666453401204,464.669552259729,1045.1907,303.2575,1
633230463,1030.9407408147358,464.61973453798913,1092.699,286.8356,1
633230479,1028.6622977689763,463.9779653551311,993.8416,290.7559,1
633230496,1027.731335255884,463.54369411237167,1018.3762,288.9674,1
633230512,1027.6956425086591,463.0990218145403,1033.4913,283.7587,1
633230529,1025.6453360342741,462.76954857954064,998.0424,298.3378,1
633230546,1023.7484979260779,463.3370050834688,1001.189,325.3795,1
633230562,1020.4840182614153,464.56851729801866,976.5784,350.4913,1
633230579,1019.0623263437703,465.39640332608707,1005.0439,330.812,1
633230595,1019.1918588527526,466.3826459058231,1029.871,331.8169,1
633230612,1018.1813860893465,467.31496138907397,1009.8668,331.5706,1
633230629,1017.2552704855086,469.0595011723671,1010.4221,359.121,1
633230645,1017.6628652135445,467.6034281789131,1032.0261,253.2057,1
633230662,1017.7061895012198,468.0081456075775,1026.3965,315.0336,1
633230679,1017.1011679550908,468.659577615493,1014.8865,324.5495,1
633230695,1017.981497164659,468.82159159580493,1039.5846,302.7375,1
633230712,1017.7292413837479,469.08465228513506,1018.2054,312.7264,1
633230729,1016.3757769670084,470.52733483265865,999.7389,355.4423,1
633230745,1015.9525734373234,471.308025002172,1015.0289,330.1809,1
633230762,1015.4918307831491,471.80999607798304,1012.2959,321.1758,1
633230779,1015.8442063913928,472.2131904253928,1025.8364,319.5769,1
633230795,1014.6546820216565,472.1966111280558,1004.111,309.9812,1
633230812,1015.4924313576114,472.7087558742255,1034.146,321.2773,1
633230829,1014.7669807736974,474.47577628198667,1007.5878,369.333,1
633230845,1012.8875315997253,474.90237805556274,988.286,336.0233,1
633230862,1012.5111647105822,475.3875444716342,1011.207,332.2936,1
633230878,1013.4401076912885,474.6125297876494,1031.2632,286.1129,1
633230895,1013.7985824467586,474.92542694332,1020.3038,322.1533,1
633230912,1014.1361193059871,474.40520723459883,1023.5503,296.6525,1
633230928,1015.2470536588941,474.45509905232655,1036.4387,316.2134,1
633230945,1015.5454640122794,474.3611137691053,1024.749,313.6023,1
633230962,1014.6747817333508,474.9728977652652,1008.7661,339.5341,1
633230978,1015.7017171124144,475.6920677905313,1030.8313,336.2452,1
633230995,1014.1901803898908,475.1425951860538,989.8235,306.9447,1
633231012,1014.6416020031468,475.47280315215005,1025.5876,326.7946,1
633231028,1016.046717045926,475.7965843107112,1038.4979,324.7167,1
633231045,1018.1689303329276,476.1867688184476,1051.7881,326.9002,1
633231061,1019.6165985387303,475.3433969421455,1038.2195,293.0422,1
633231079,1020.8517589639891,475.5690447917013,1038.3064,325.2092,1
633231096,1022.4538127974272,474.96831274311734,1047.8838,297.3982,1
633231112,1022.8612607651373,475.01478157258424,1025.3787,322.4159,1
633231129,1024.9656273368835,474.96331816659296,1055.7097,314.791,1
633231145,1024.0300769277223,474.8404492873001,1005.8048,313.5549,1
633231162,1022.761016715802,474.4748075715559,999.9562,314.2861,1
633231179,1023.5309558753479,474.52925459619985,1034.7214,319.9595,1
633231195,1023.2645851724903,474.18077014779317,1019.8182,308.8723,1
633231212,1015.54747910727,469.650029630528,888.5801,207.9894,1
633231229,1005.3356597577472,466.5647504870135,843.3723,267.6772,1
633231245,1003.7583533580938,465.675269506547,994.5741,297.7001,1
633231262,1001.8886677740442,465.93655629028694,987.9039,333.1044,1
633231279,1002.3202620675017,465.67668701969956,1027.9886,305.9391,1
633231295,1001.5253741693357,464.481402686508,1002.9275,279.3797,1
633231312,1000.9904967770672,464.93934621228294,1009.067,330.8165,1
633231329,1000.3494416865898,464.4795856506193,1002.8646,305.9595,1
633231345,785.2412664229442,398.79494673642705,788.3363,236.8325,0
633231362,813.7093378845989,448.0897221670195,816.5281,319.6095,0
633231379,755.5584844806393,423.44525128090623,700.809,257.5372,0
633231395,768.692955865351,433.8470348618752,797.9117,335.8729,0
633231412,774.9711067262599,432.051497194082,796.6273,285.4838,0
633231428,753.3721459358505,422.5706796250766,671.871,239.8885,0
633231445,532.718949265376,380.62832780818735,536.353,263.1326,0
633231462,751.0171323170802,391.4259720067897,754.2076,231.4921,0
633231478,767.5372910156123,410.5471259083308,786.9719,293.0598,0
633231495,711.7973627632691,395.9809966056411,604.515,222.2736,0
633231512,721.9062439270665,394.16583793518384,755.8328,226.5452,0
633231528,730.7478775223695,404.43975315930464,768.8083,325.1133,0
633231545,741.0031686892991,414.03490016214397,793.6673,347.241,1
633231561,819.7271339670734,449.82730368740727,822.5271,321.3504,0
633231578,791.9579868564406,455.4430260792796,794.7825,338.0592,0
633231595,790.6296830173994,455.61745061258677,792.1326,339.3141,0
633231611,801.6191707098641,449.28947551831703,826.3184,296.6736,0
633231628,798.1373852580646,445.2344716517358,790.5892,298.8981,0
633231645,796.4591642791977,443.5925061604591,792.7316,305.7483,0
633231661,795.1144747533983,442.8338387781875,791.5128,309.792,1
633231678,799.9723711917212,441.3038219562205,831.0206,288.4745,1
633231694,798.0375092328726,443.43769071591316,787.623,344.5928,1
633231711,798.2618267737641,444.6681223174978,802.6703,333.7259,1
633231728,797.9317586256714,446.84472572624355,797.8374,354.5067,1
633231744,795.5040234396816,450.40738283690615,776.1095,391.1907,1
633231761,796.920005748152,451.55278428068567,814.1407,344.4503,1
633231778,799.7361988490312,450.89637837119096,832.3062,305.5638,1
633231794,801.3290484075484,449.77218545315856,821.2031,296.4171,1
633231811,800.0544818723035,450.1088964862212,786.5647,336.0331,1
633231828,799.1038370363771,450.16861687990956,789.4952,329.4753,1
633231844,798.4481449928157,451.5700659711132,792.5294,362.7579,1
633231861,797.7189934467531,451.95714802890177,790.9178,339.4265,1
