timstamp,smoothx,smoothy,rawx,rawy,fixation
633140993,988.7890164479525,583.3843985849318,1096.3767,509.5473,1
633141010,998.2617311467903,583.7139699051725,1103.1672,491.7785,1
633141027,1006.6638018336823,583.0767039923786,1088.8541,467.2486,1
633141044,1016.9959426442892,583.2470328518858,1131.186,486.7397,1
633141060,1025.8945387799297,585.224941902145,1110.5642,547.4383,1
633141076,1030.3280660725543,583.0147272128298,1043.1917,432.5468,1
633141093,1037.9156282655179,585.5701719034691,1108.5908,570.2704,1
633141110,1045.6362043606998,586.3220912625379,1117.9246,512.7305,1
633141126,1048.6247517118732,585.0612294332107,1044.9026,471.6474,1
633141143,1047.5621324928647,578.9445802034539,982.9717,333.1583,1
633141160,1022.7504398318687,468.148114929734,1025.1001,306.9478,0
633141176,986.8318990073449,461.580241770883,989.2764,303.4589,0
633141193,999.7082472188542,463.3096889366383,1014.9341,303.6915,0
633141209,994.2030994493159,459.53808556564076,985.692,286.9877,0
633141226,991.728782903487,463.16712420765896,986.8046,326.5184,0
633141243,992.8498136025478,463.891851230102,999.7448,310.2379,0
633141259,994.9935939707334,463.0385503532133,1007.8781,294.0308,1
633141276,994.5109500827582,463.85585623301455,994.0059,314.979,1
633141293,993.6681671927787,460.99251273845135,990.5203,267.3257,1
633141310,995.0183193442384,460.6446379338348,1007.6237,293.1998,1
633141326,993.7589599962167,459.13531140737996,985.6179,277.686,1
633141343,999.0503272057896,451.4420499575348,1049.9542,145.0032,1
633141359,998.5226562144226,447.0095577771734,994.8354,201.1039,1
633141376,999.7628305799449,445.24121949422903,1014.3694,240.6114,1
633141393,1003.5598250101706,443.7582063284287,1047.131,234.5862,1
633141409,1003.5010955654859,442.2841978679037,1002.7588,241.4287,1
633141426,1002.2382557461495,438.9827877211987,986.9425,197.2827,1
633141443,1000.2892039389671,437.35362528953215,976.1863,234.7749,1
633141459,999.4858159840543,437.58673527058716,990.697,276.0313,1
633141476,998.4595137018109,437.9488318654699,986.7738,279.842,1
633141493,999.3286133907037,438.8542268227602,1014.6609,287.8221,1
633141509,1000.2957408227679,439.52956908807255,1016.8777,281.1259,1
633141526,1000.8667469093671,439.5020824485857,1011.3645,262.1896,1
633141542,1002.265706001859,439.9914247616478,1025.1172,273.3016,1
633141559,1001.6186067481918,440.6424843485775,992.4662,285.5674,1
633141576,1003.0024186462108,440.90824159939854,1026.082,266.0143,1
633141592,1003.77630332166,441.6945869575183,1016.5328,283.8958,1
633141609,1003.2210169055935,442.26825317555466,994.4772,282.703,1
633141626,1005.1558044894208,442.0254700079962,1037.2914,247.3448,1
633141642,1004.7812809584163,441.861701113067,998.1886,258.8031,1
633141659,1008.0981235121501,441.1055607427274,1062.6843,224.7809,1
633141676,1011.2121984699072,440.9410712587887,1057.7329,248.1812,1
633141692,1012.8059324901058,440.58045099241906,1034.8511,247.3921,1
633141709,1016.2842581213032,439.9320383699202,1065.4528,228.1086,1
633141726,1018.1445751662166,439.92251987371293,1038.7401,258.3611,1
633141742,1018.6911627915974,440.11989324356944,1018.6854,267.4855,1
633141759,1015.4169775223842,435.8950191406864,954.7072,140.8169,1
633141776,1021.4604987448181,298.0616506347245,1024.5883,-1.417,0
633141793,1009.743087469071,315.2180331225401,1012.8138,32.468,0
633141810,1007.1147332704257,313.04619220205115,1007.593,25.8275,0
633141827,1001.2062485270957,319.6645833741927,992.5046,69.1829,0
633141843,1016.2425416272295,314.0152107496232,1063.9817,-12.2822,0
633141860,1009.3323549027565,312.52347394991045,985.0228,23.6454,0
633141877,1010.4657307038134,314.0205294913733,1019.0073,42.322,1
633141893,1010.8602661964873,313.4993608335997,1016.1426,23.1821,1
633141910,1010.3170429594526,314.30133787669877,1009.6381,41.3999,1
633141926,1011.8350486384629,314.9729849068197,1026.2148,37.9819,1
633141943,1013.7717592507887,314.29601486657486,1032.6639,15.6749,1
633141960,1000.1670491076567,309.9036658598356,879.287,-18.214,1
633141976,808.0221593761153,237.46758898391684,811.8119,-61.2861,0
633141993,898.452332519451,277.811762177545,901.8947,-9.2952,0
633142010,902.7891805364189,264.68252875689944,910.6614,-58.9207,0
633142026,881.6826201920859,267.32792402655883,843.2876,-4.874,0
633142043,854.376931332941,262.446812229893,777.5267,-34.1189,0
633142060,840.8495358105195,255.2865873849079,792.7372,-75.1407,0
633142076,852.1392841973377,257.71018189579274,912.2437,-25.8714,1
633142092,854.5701707710091,256.810310520489,873.0858,-49.4466,1
633142126,741.0549367688562,243.02446465206907,744.9403,-35.4841,0
633142142,831.6602910195766,252.84310007315383,925.5038,-42.3694,0
633142159,817.2404520369113,252.60388963165437,791.8838,-30.1002,0
633142175,811.7746592715505,255.55933541041742,799.0283,-9.6581,0
633142192,803.4577453339996,253.89525363630483,774.5683,-34.8194,0
633142209,708.6418842180789,257.0332968041207,712.5219,-2.4538,0
633142225,869.5733585167329,257.53074763549336,873.1604,-39.3225,0
633142242,901.5853576536431,268.26742485524926,936.8895,-15.4105,0
633142259,841.8251427211685,257.006410083275,726.8584,-46.5608,0
633142276,830.5907685326398,248.15350877488578,801.9056,-86.9655,0
633142292,818.4914513444462,240.81760171301497,776.0392,-98.329,0
633142309,835.011146299438,247.12152356761538,920.3784,-12.3805,1
633142325,842.8586814238463,247.4195546996059,892.14,-58.5513,1
633142342,838.6141640810787,246.57547435976096,813.6765,-55.0289,1
633142359,830.7258783876431,244.87937819301442,775.4876,-61.8558,1
633142375,834.768281719719,244.7042446633276,873.4308,-64.2827,1
633142392,826.014580342407,244.39977637115982,750.7675,-38.3712,1
633142409,834.7271849177363,244.80891606735307,926.4373,-66.5565,1
633142425,840.531286939888,246.6324285966296,905.0503,-31.0026,1
633142442,828.960622165433,244.97420303699525,701.7894,-55.755,1
633142459,1173.8156600197144,369.39000647995164,1176.3429,92.2689,0
633142475,1169.1865685041876,365.196098543368,1171.7413,85.7444,0
633142492,1188.525551237182,359.09011877537455,1210.3558,54.5444,0
633142508,1191.5994522056526,357.41258282796633,1200.1637,58.9542,0
633142525,1121.8553899351002,333.45498373655204,918.4327,-40.9803,0
633142542,1220.1960830627131,352.1233013917036,1609.574,93.3663,0
633142558,1372.948440064403,378.0429031407158,1375.0765,61.2344,0
633142575,1170.3377036737472,296.67483907128695,1173.2029,-38.876,0
633142592,1296.7306191642465,330.4154942472908,1424.9034,24.1763,0
633142608,1322.5715539533912,343.93275696574403,1375.446,47.6931,0
633142625,1344.6507184647915,344.73974436469535,1411.2939,-4.0182,0
633142642,1354.2818654525356,344.6847955008091,1392.6788,-4.4985,0
633142658,1338.6702242551237,343.1193430497794,1263.205,9.7179,1
633142675,1340.8652191224623,339.7277130605465,1355.1113,-39.5247,1
633142691,1120.6795439889372,287.1473264958572,1123.6779,-44.5112,0
633142708,1174.7358758732828,293.9623024437551,1177.6055,-44.8309,0
633142725,1290.1989847524806,328.78530904756667,1407.5035,27.2689,0
633142741,1344.077847685282,340.12788570956604,1452.6256,14.7969,0
633142758,1287.9223516626737,325.77724619230764,1123.0752,-52.093,0
633142775,1318.2375329052227,334.00305105896274,1439.6023,24.9082,0
633142791,1316.9604521669396,344.5979355228565,1311.7494,108.3459,1
633142808,1326.8361394252065,349.9139719583307,1384.9454,61.6356,1
633142825,1395.4567879151775,370.8933558578402,1397.5768,42.9768,0
633142841,1302.4795218779682,393.05543877031045,1304.6664,105.0181,0
633142858,1191.240425747052,380.45923304965373,1082.9878,111.5083,0
633142874,1137.384476362786,425.607927045893,1033.0391,390.7739,0
633142958,1101.8281807065337,454.15980673621914,999.8586,439.9106,0
633142974,1083.5191334669498,471.79217753569196,1016.0996,438.5347,0
633142991,1032.82592411151,528.2374703715982,1034.8833,413.6313,0
633143007,1019.5947604665444,519.7611146571295,1021.7147,401.3541,0
633143024,1010.3760562225305,524.9676310740876,1003.2866,424.5491,0
633143041,1011.0901496863662,527.8842573535723,1014.6252,428.2187,0
633143057,1005.6478144696855,526.852916700853,991.7047,415.6005,0
633143074,999.7738854594738,529.1508727135504,979.0308,444.7095,0
633143091,997.002512366366,529.3554410941151,986.1432,428.6531,1
633143107,993.7492278978852,528.8275705294313,977.8011,422.306,1
633143124,985.6795585382202,528.8730895183563,935.1573,438.6025,1
633143140,987.9846184204835,529.7053221749909,1009.3423,433.4514,1
633143157,988.430369065783,527.873694607662,995.8521,394.0926,1
633143174,988.2349876492253,527.1001209823694,989.9684,409.6453,1
633143191,986.8138187963494,527.7355432135616,976.2676,438.4435,1
633143208,986.7371376350845,528.0988967401746,989.633,431.2216,1
633143225,986.0525563119342,528.396028406672,982.0181,432.4133,1
633143241,985.521968793839,527.6880969703213,983.0532,409.5452,1
633143258,984.9964600260532,527.302350987698,982.3392,416.0303,1
633143275,982.5443236430692,526.4896692417265,954.9783,410.954,1
633143291,982.7598480115388,525.138083450842,990.5991,387.0589,1
633143308,983.2840201307274,524.8586130572106,995.0269,412.4277,1
633143325,983.1412009563597,525.1302067046523,985.0734,429.3304,1
633143341,981.1514853950722,526.4190230866235,956.0258,464.9853,1
633143491,981.4849415119093,525.181159348369,991.3953,385.3947,1
633143508,982.7828828639975,523.6896377594138,1006.866,372.8333,1
633143524,982.2724671863468,522.7483070955338,977.6572,394.3655,1
633143541,984.2128370272831,521.0743828045062,1017.9717,361.5739,1
633143557,983.8784165135348,520.1938350919512,980.3284,392.867,1
633143574,983.696229336952,520.2687976661136,982.6414,420.5696,1
633143591,984.0876793580436,519.9493494072705,992.3699,405.3242,1
633143607,985.372831556289,519.9341584544633,1007.8541,410.3609,1
633143624,984.0783222160882,518.6251054699001,963.4155,379.182,1
633143641,981.6889564728997,516.443782259754,947.9177,354.4223,1
633143657,979.0136136763188,514.512286889114,940.4647,364.9379,1
633143674,972.9523562733241,512.0330677401467,882.2745,360.3573,1
633143690,969.4043382392332,508.9398696778657,922.7771,327.6804,1
633143707,967.703592533493,505.74482086647,952.6599,318.0698,1
633143724,965.6700447063007,503.7334434793079,946.464,352.7245,1
633143740,962.6353380124456,501.60140209582175,926.9342,349.8556,1
633143757,962.6114990687116,499.7168668814233,973.6636,344.4573,1
633143774,961.7576488086944,498.8601167629429,965.7656,376.9294,1
633143790,959.2662626329675,497.7451308197014,933.9563,368.6417,1
633143807,956.2904266398336,496.41645210724903,923.1528,363.2178,1
633143824,956.1206100456653,494.70424646783925,968.8016,340.0638,1
633143840,953.4076806222841,493.68944004775074,924.1821,368.9176,1
633143857,950.7081646058772,492.5845660492276,921.7831,363.4182,1
633143874,949.3685258003134,491.6157811937114,943.676,357.2552,1
633143890,949.0307248421552,491.0697150392722,959.0769,365.0335,1
633143907,946.5666825498895,491.5539511284516,917.409,403.6635,1
633143924,945.3677601077135,490.2918654265028,941.7252,339.0047,1
633143940,944.3431770982627,490.21903245202105,943.1156,377.153,1
633143957,941.8703966389809,489.3171683814036,915.0222,356.9376,1
633143973,942.7325661015028,489.0567250665169,968.2916,365.4774,1
633143990,941.4542421598383,488.96578822749024,933.3359,369.5341,1
633144007,940.2603542879135,489.09048086907916,934.6697,374.0994,1
633144023,941.1752033523403,490.03243014055164,966.545,393.1506,1
633144040,940.0728941409931,490.59849808418784,934.3484,385.716,1
633144057,939.860052950745,489.59949741270543,944.5273,335.9172,1
633144073,939.393954337713,489.67477104696314,939.3479,373.4779,1
633144090,939.2872455296205,489.6054811536956,945.7316,365.2682,1
633144107,938.5364978387971,489.7169529995472,935.1692,373.8593,1
633144123,935.4587981489129,489.18197996703964,889.2371,359.5378,1
633144140,935.1789594821628,488.8239290082972,935.9468,351.4753,1
633144156,935.0962856441898,489.2351087386124,938.2844,376.6501,1
633144173,933.7148833416115,489.65013559425165,909.6561,382.0092,1
633144190,931.3894182831925,490.27181334745336,897.8743,389.6161,1
633144206,932.1378040176725,489.66537238094986,954.1813,338.2514,1
633144223,931.2643354076486,489.1412241751498,924.5295,352.0386,1
633144239,931.8784124270875,489.5287816458864,947.7167,374.8458,1
633144256,930.5322266217681,489.4292334968467,917.9922,367.2318,1
633144273,929.3081060833599,489.6025848162097,918.2508,379.0092,1
633144289,928.9732332547408,490.3550243724298,929.5405,392.7368,1
633144306,933.069652901296,491.2801843086734,1005.0727,379.6311,1
633144323,935.0470878461366,491.9736139794073,972.6948,378.9144,1
633144339,938.6110095433808,492.62778615357126,995.3036,374.738,1
633144356,942.6634129442061,493.0844946880114,1004.0532,366.16,1
633144373,942.6346000554615,492.67652940769887,936.152,355.1878,1
633144389,941.0259295826452,492.77198876443066,910.8553,378.6952,1
633144406,943.8628352164893,492.65822030173183,984.4402,357.966,1
633144423,946.7894038230006,493.44354413516663,989.4764,379.1361,1
633144439,940.0158863735265,491.36477763278265,822.007,332.6483,1
633144456,942.6734761187511,491.86663239154035,983.807,373.5718,1
633144473,941.2312072531607,490.42765653571735,918.9204,329.9244,1
633144489,942.892942309286,490.6541966727908,969.4033,370.1932,1
633144506,944.8925908233792,488.14094384244385,976.298,282.3085,1
633144522,947.3642688923403,489.04272044362887,988.1895,389.7419,1
633144539,945.8727161697409,487.3198697124392,916.6139,321.171,1
633144556,950.6825084419886,488.241520817398,1027.9918,373.1234,1
633144572,954.8412373604423,488.79325808727305,1017.0094,367.616,1
633144589,957.332673037028,489.34906064834223,989.8934,372.9241,1
633144605,957.9921601807157,489.12891415418443,958.3943,356.1093,1
633144623,958.2366627956608,490.69885878230406,947.9865,412.2664,1
633144640,960.247226987655,491.1444197055251,985.6857,368.2952,1
633144656,961.0459853559553,491.7836046870916,966.2142,381.8277,1
633144673,966.7699073578452,492.9855400420634,1050.3518,379.6453,1
633144690,970.672346205045,494.1232734799931,1019.4466,385.5257,1
633144706,978.8180271571773,496.2206395699298,1101.2549,393.1052,1
633144723,981.1576075690118,497.9425736721941,999.1884,407.0732,1
633144740,983.0141241335009,499.11833474176956,995.8664,394.7345,1
633144756,986.374024745255,499.08135274271064,1021.5192,349.9663,1
633144773,988.2250530411603,501.55535757624057,998.0072,437.4476,1
633144939,985.3336632980858,500.51030731511526,919.8405,347.5735,1
633144973,612.9501891769726,492.3977311668134,615.9295,447.1375,0
633144989,364.17610741,275.98925845905495,368.5919,112.7948,0
633145006,439.40649642734195,308.2156640932451,518.2961,194.3437,0
633145022,455.0235230107445,360.4633740905875,489.0164,425.7133,0
633145039,505.6553162750799,383.1834327271009,658.2469,359.5486,0
633145056,532.5760469033996,395.24174005353444,639.2938,348.3502,0
633145072,663.2724007019135,465.80645286768964,666.2821,387.0696,0
633145089,826.8427695283689,461.68406501958776,829.5758,341.1976,0
633145106,813.9587882162291,444.60379394001865,804.0428,285.3232,0
633145122,872.1185071390133,467.50522198927547,989.972,396.7432,0
633145139,893.2800670274563,476.61097228023976,957.5138,386.6766,0
633145156,898.0870307488404,479.85139635727774,917.9573,375.4745,0
633145172,891.0924330437663,491.5010538665383,893.5734,380.2288,0
633145189,872.6050497012393,499.11123367065665,875.0847,398.3786,0
633145206,877.5194178385831,489.79165808243465,884.968,362.2921,0
633145222,887.1580203119121,485.97504474311467,908.8008,352.9551,0
633145239,884.7855523457083,484.9265745708748,880.1312,366.0161,0
633145255,888.3484522748545,481.71780783333696,904.799,337.2465,0
633145272,889.0255635632918,481.8248306074773,894.5709,363.908,1
633145289,890.1245893038434,483.2148961169695,898.6361,379.0577,1
633145305,895.9949920146087,482.68839049999184,937.1326,347.8591,1
633145322,906.5507687721172,485.3431070658623,986.8853,383.5861,1
633145338,914.5801587442525,488.2339109454968,980.7716,396.9279,1
633145355,920.3504620057278,490.42185963178554,970.7593,394.671,1
633145372,927.7027043066297,491.838409295135,996.7125,379.4063,1
633145389,932.5044872051635,490.8318916767166,978.1809,336.8725,1
633145405,935.537703051108,491.93611605739665,963.4027,384.6872,1
633145422,938.2214478804293,491.7600544471519,963.3535,357.6787,1
633145438,940.953744139375,491.532192992321,967.7849,355.2236,1
633145455,942.9330280194517,492.89332984536964,960.9692,396.5491,1
633145472,943.0755754298052,491.9703231988644,937.6523,345.2844,1
633145488,946.5770659262498,492.81776910072034,988.1677,379.6237,1
633145505,950.0691620868306,493.36324541094126,991.9216,371.9486,1
633145521,953.708446957868,493.65064249889195,997.9536,364.2983,1
633145538,953.7133692158908,495.2101556245932,944.04,414.2571,1
633145555,953.8049000453093,496.4741641067456,946.8115,407.0505,1
633145571,957.15142139941,496.622417756325,1001.5906,362.7141,1
633145588,959.9735401382127,497.0216235070168,995.8105,372.3677,1
633145605,962.5931044097872,496.1079121524763,995.1661,333.3202,1
633145621,963.2318112002978,496.7553268659897,963.9296,388.815,1
633145638,965.3307580367713,496.2412854259452,990.8518,347.1996,1
633145655,965.5362571635526,497.0147348918567,960.2144,395.0731,1
633145671,965.0661228296281,497.30301244227456,950.1138,382.9265,1
633145688,966.7697177712381,496.5833849133794,980.1252,344.9035,1
633145705,967.9476405903587,495.705347099034,974.6874,338.1595,1
633145721,972.3450874812228,494.47836071202755,1035.4943,313.1532,1
633145738,976.1735026425711,492.81205948932467,1024.7212,302.9114,1
633145754,980.2949054926037,490.3254694712562,1034.8823,272.3215,1
633145771,983.756862953728,489.3178144997814,1024.5027,323.9211,1
633145788,988.3118409410404,488.166801093587,1046.4337,315.0747,1
633145804,990.3729509899189,487.39659447630254,1009.4452,332.3589,1
633145821,994.330927411867,485.9335746677841,1049.5903,304.7537,1
633145838,997.1954977282836,484.46376163604964,1031.4403,308.1017,1
633145854,998.8594905717791,483.95667095844146,1011.307,340.6058,1
633145871,999.5910710402898,482.106079954808,999.9073,297.7502,1
633145888,998.9396309251206,480.2944458987605,975.7114,297.9028,1
633145904,1000.7948057976196,478.6992116976642,1019.7443,297.3205,1
633145921,1003.1240805047775,477.4423532797556,1030.0289,300.4906,1
633145938,1004.1006683976261,477.05294288297665,1008.9427,330.6657,1
633145954,1005.4562994658671,476.19403095439765,1016.8643,315.9043,1
633145971,1009.0787687667539,474.9280912292455,1055.9978,285.5337,1
633145988,1008.3694247475912,473.70854903353785,988.0721,305.9156,1
633146004,1010.4106680834526,472.120407329845,1037.8584,279.4105,1
633146021,1010.6947566247721,471.01882167523036,1009.2534,298.5319,1
633146038,1012.1795280677132,470.18338928198153,1025.9873,304.4955,1
633146055,1013.9598506482282,469.8340615360579,1033.3844,314.711,1
633146072,1013.329778252938,469.7607842641185,998.8215,325.9347,1
633146088,1013.0248063337796,469.2957781169851,1004.8566,311.1823,1
633146105,1013.2781049049579,469.41438856217405,1015.3413,321.4686,1
633146122,1013.7481472615717,468.44827160987865,1016.8376,290.6541,1
633146138,1011.4713239572761,467.50325722447354,972.9039,296.4311,1
633146155,1012.7181418521616,467.4957271599473,1031.5894,315.2686,1
633146171,1012.2390377491873,467.1145500341249,1001.4004,307.4613,1
633146188,1013.2772661050669,467.08230218591854,1031.6531,307.0217,1
633146205,1014.5064561785105,466.8125693420624,1034.7363,297.3098,1
633146221,1015.3993485766119,465.9530473167693,1035.4573,276.9257,1
633146238,1016.5220942098564,466.04458200500983,1037.8439,304.78,1
633146255,1017.7963401934561,466.55851653565236,1041.3196,314.265,1
633146271,1016.2870461159731,465.5790311532649,991.8151,283.8906,1
633146288,1020.7634040365942,464.4109067267273,1098.2324,251.9942,1
633146305,1019.3428165758888,463.3319705909977,991.7764,280.1116,1
633146321,1020.5260456992046,462.69437414414404,1041.7207,279.6511,1
633146338,1020.8461557598099,462.74519688254964,1024.819,304.6416,1
633146355,1019.0211105334841,462.6687972460982,985.8682,311.9224,1
633146371,1024.1874546991742,463.6360104121741,1106.9021,310.8586,1
633146388,1025.7587156160246,464.6275325591305,1042.7996,325.9502,1
633146404,1026.758057446537,466.12637429350445,1038.6838,343.9767,1
633146421,1027.9141885941801,466.8592226045923,1043.313,319.3228,1
633146438,1028.1554173120073,467.80039920677035,1025.9735,332.7209,1
633146454,1027.3834788271672,468.5142213888452,1010.2282,327.9296,1
633146471,1026.80144330748,469.6796555661114,1018.27,338.5578,1
633146488,1027.0190940931768,470.56923668135454,1025.5453,329.4308,1
633146504,1026.1277663587118,471.66155271709454,1012.3873,338.3755,1
633146521,1023.7059036327087,473.0234763866725,983.1169,356.2994,1
633146538,1022.5791210617101,474.7889568102065,1007.806,365.4706,1
633146554,1021.3189238623401,476.4067527703639,1006.261,363.6494,1
633146571,1018.5821496325327,477.3427756265972,976.9113,350.6475,1
633146587,1017.1599175220367,477.8770557268954,1000.4821,332.5271,1
633146604,1016.1831594249919,478.6238450708473,1008.9771,340.2601,1
633146621,1217.7379894242104,516.21049723971,1219.5162,348.4053,0
633146637,1323.4499911938972,534.0661408014602,1324.9558,355.998,0
633146654,1288.9248387082664,523.545716936778,1256.2139,334.0482,0
633146671,1279.3616573261602,525.2104865020648,1262.176,360.7949,0
633146687,1287.674595625395,526.5307045234964,1314.1766,352.0133,0
633146704,1274.696327272735,525.253755191432,1225.5703,354.2703,0
633146720,1258.9326093541772,520.4431542628353,1184.8987,321.8834,1
633146737,1256.7679832719173,519.9792664119598,1247.806,344.4516,1
633146754,1251.3850247646808,513.4603034906743,1219.5061,265.4873,1
633146770,1255.0943477333828,514.6710350519415,1287.1484,348.4959,1
633146787,994.8929858443273,477.2831699257237,997.2513,330.0641,0
633146804,984.085291576032,485.5766121785573,986.4253,347.6514,0
633146820,967.6946564591218,485.1540967289652,953.7489,353.8039,0
633146837,965.3806261117269,483.36724896580307,963.2729,342.6513,0
633146854,970.6687778892704,483.95903621899294,988.7977,347.3949,0
633146870,963.8464393855847,481.52228545564674,939.5133,334.0024,0
633146887,977.5674293455589,478.2785593384908,1046.917,291.8195,1
633146903,982.7661672777272,478.1573157537481,1014.3969,327.006,1
633146920,981.5202143420855,477.5648811419159,974.4211,329.4461,1
633146937,978.5533030198588,478.1892860801678,957.6718,350.2849,1
633146953,962.5113833087062,476.6016332128483,831.2863,344.4368,1
633146970,944.5950321556962,472.00046160360637,787.3871,295.0145,1
633146987,948.0995630211002,471.8251399072128,991.9275,321.3132,1
633147003,938.1854644752981,468.1880419630564,842.3999,283.5157,1
633147020,926.4129411542137,462.65065644659927,806.4689,241.0566,1
633147037,917.6318779878948,457.49834006517676,829.484,231.759,1
633147053,916.8004242783902,457.39929352999945,924.1046,320.4164,1
633147070,916.9678551135555,456.594340657888,935.9995,298.8766,1
633147087,912.5837932831535,452.79222360359097,870.0417,234.1224,1
633147103,902.3253373935997,451.53706999911964,778.0354,316.7984,1
633147120,903.7903012285167,452.4178626057415,945.5726,333.1034,1
633147136,906.3265791012376,453.184394358979,961.5242,326.0408,1
633147153,907.9165781511037,453.54106855214116,946.587,317.4785,1
633147170,909.2029886642167,454.34934094554984,941.0565,331.2526,1
633147186,912.2082608169056,455.8716029290902,968.432,345.8058,1
633147203,915.1317064546697,457.20122044436886,967.2838,340.7011,1
633147219,916.6306449554186,458.9180282453827,943.5692,358.4763,1
633147236,919.4751983952432,459.66673617511583,966.3701,323.9888,1
633147253,921.6524328157484,461.0921016209869,955.3534,347.9536,1
633147269,924.7987583710038,461.868651941048,972.6305,324.3281,1
633147286,929.4717481743482,462.7562445670461,1000.125,322.0342,1
633147303,932.2459338179176,463.0575589619098,973.6858,314.5627,1
633147319,933.7247327783186,463.1074726810258,948.0771,312.5564,1
633147336,937.925742109496,463.30931597280227,997.4386,305.1189,1
633147353,940.2204893821856,462.3889722311016,968.1811,278.1214,1
633147369,945.1371609869963,463.0664517711491,1009.951,316.6675,1
633147386,947.1043108272062,463.6576017467753,971.8051,321.9772,1
633147402,949.3163776131938,463.8923885187682,973.8794,314.0919,1
633147419,950.3577647825612,464.66103698231825,951.2906,336.2866,1
633147436,954.541335302977,466.6151737694631,1006.7478,363.292,1
633147453,959.1874824369431,468.33714273264354,1005.0078,353.5723,1
633147470,962.7975896491463,470.5922022918074,987.4346,370.113,1
633147487,965.8786910281286,471.9812227706244,1004.3075,348.8754,1
633147503,968.8240369901821,473.5433989417209,989.0984,352.1706,1
633147520,972.0788209111121,474.64057183627847,995.3926,333.642,1
633147537,973.5153813672432,475.75110921802576,970.8827,342.8771,1
633147553,974.7670525126331,476.9810588078431,981.3177,358.6626,1
633147570,977.0821054133899,477.96126924522605,1003.4969,345.2102,1
633147586,977.4385623190981,478.46836549688567,965.0035,333.1019,1
633147603,981.3416910874184,479.49399754388304,1020.4478,345.5826,1
633147620,984.798968585595,479.19414722935437,1033.8362,308.0409,1
633147636,991.5489263666306,478.8794791960727,1094.3005,294.0016,1
633147653,995.7672887574788,478.38452443706166,1050.4043,298.3246,1
633147670,997.5870005335853,478.74071084205207,1010.2816,336.8744,1
633147686,998.1896688562515,479.4816590195964,994.2505,355.5815,1
633147703,998.4246793888632,479.7636003268011,989.7358,341.9641,1
633147720,1000.3396394308888,479.43493643749963,1018.5146,317.6263,1
633147736,1001.7287943915775,480.25611111511313,1013.7516,352.4464,1
633147753,1002.7629815990488,480.3479846204765,1008.3394,333.5287,1
633147769,1004.2860451766346,481.052245791502,1020.4736,348.4666,1
633147786,1003.5138401546619,481.8831283278624,984.9141,361.946,1
633147803,1002.5011899701976,482.7554851702596,979.1931,363.9078,1
633147819,1003.3348429944415,483.2262133797214,1010.1086,344.0715,1
633147836,1002.3359402114138,483.38003591843864,984.7671,341.494,1
633147853,1001.014156486752,484.8278627166237,976.7432,381.8174,1
633147869,999.3218835128547,485.4601277660005,975.4438,362.6626,1
633147886,998.4310266007105,486.1293102175231,985.5415,361.841,1
633147903,997.7073637674964,486.79675212975013,989.0565,361.0768,1
633147919,996.2758653692841,486.77207672032176,974.6902,345.2778,1
633147936,994.4309345085546,487.47403131789565,973.3213,373.3391,1
633147953,994.1269177495356,487.2399770433961,999.2596,336.8019,1
633147969,995.0625539439519,486.3292816545893,1018.2966,312.5807,1
633147986,995.0904785576666,485.9509160662824,1003.6233,331.2498,1
633148003,995.3628102560568,485.4773116743098,1005.6135,328.0411,1
633148019,995.6360448594716,486.4509507911042,1005.6758,372.2708,1
633148036,995.0912226258629,486.96877297048366,988.495,362.7215,1
633148052,995.7168613499889,487.4091270337678,1009.7584,357.5825,1
633148069,995.5438377484198,487.91094887035115,997.7813,361.7501,1
633148086,995.438547697617,488.83177589834423,994.4645,374.061,1
633148102,995.0300706942866,489.63437321079505,994.8008,373.6076,1
633148119,993.2094614281334,490.66028560723925,970.7571,383.3429,1
633148136,991.3947975496782,490.7072276300025,976.0388,352.2604,1
633148152,989.1917573228764,489.92659634668763,963.0609,329.6156,1
633148169,989.666169625551,489.23716793733803,1004.4421,326.6923,1
633148186,990.2324704905302,489.385789524174,1003.8519,355.1784,1
633148202,990.0472324015287,488.72731636110757,990.1841,331.4437,1
633148219,989.1357810291051,487.3669652117817,980.4135,310.0002,1
633148235,990.4734670764544,487.469932564107,1018.3926,350.9805,1
633148252,990.0147810503039,487.610801216992,986.1853,357.3306,1
633148269,989.5313261193259,487.74637255979724,986.7365,358.7481,1
633148285,990.1052356873988,488.0692785273622,1001.1281,361.4677,1
633148302,989.3631025306975,487.80782229578256,977.8475,348.1722,1
633148319,989.6168562779756,487.80680692146274,998.4711,349.9604,1
633148335,991.7588431135066,487.89835331204233,1028.4751,344.8302,1
633148352,992.4424130030684,488.4322161332001,1002.4658,368.781,1
633148368,993.9677665358163,487.2260063238379,1017.5453,307.7413,1
633148385,996.0704267308291,486.1872541778348,1029.0962,310.2476,1
633148402,1000.7366395247956,484.67096409127004,1074.5787,284.0599,1
633148418,1002.2426136203454,483.8934875055966,1018.7935,318.0225,1
633148435,1004.0809886460751,483.4011251030806,1025.5856,327.7743,1
633148452,1006.1437638934792,483.21456914804344,1033.3613,331.5954,1
633148468,1006.5239369084729,482.90462801246724,1007.0239,331.3882,1
633148485,1004.6842862775452,482.3066588368696,967.772,332.7763,1
633148502,1005.8979177805732,482.40294971780605,1022.025,341.1028,1
633148518,1005.6531310693298,482.6124239740074,997.5393,354.3177,1
633148535,1006.8785982102995,482.8653066669054,1022.2662,347.3388,1
633148552,1001.8941663698523,481.9383717919067,917.5679,333.8316,1
633148568,1002.5963527923757,482.0300125847422,1015.7775,342.298,1
633148585,1003.4421584959848,481.1701315641887,1018.4892,311.9604,1
633148601,1004.001715565933,481.15835649128405,1013.9884,338.877,1
633148618,1004.5280866069065,480.35161008033464,1011.5399,313.8616,1
633148635,1006.9286208528335,480.6142429925508,1045.3879,335.8146,1
633148651,1006.653058173561,481.1700295872414,998.2062,353.192,1
633148668,1008.3372679217383,481.7109761794331,1037.3617,344.2738,1
633148685,1007.8129008222047,481.6408450858599,999.1582,336.8349,1
633148701,1009.4161463800841,482.7697990671447,1034.9644,363.2888,1
633148718,1009.7874708333854,483.28581628652813,1013.071,346.8722,1
633148735,1010.9038793033108,482.97708649502795,1030.5669,322.3828,1
633148751,1010.4315909792738,483.21053305553954,999.7361,346.5679,1
633148768,1010.2166740429454,481.77919779540974,1004.999,292.8373,1
633148784,1008.2290270149765,480.648689327124,976.076,309.6665,1
633148801,1006.710225900798,479.45218929330855,982.0365,303.9403,1
633148818,1006.6141526066525,478.3999069139536,1009.1545,302.5684,1
633148834,1004.5653781240932,478.1864592589062,977.9966,336.1116,1
633148851,1007.6056886311878,477.2039519889134,1063.3188,292.9259,1
633148869,1003.8332112068374,475.9185978619696,946.1289,304.1905,1
633148885,1001.3664741422418,475.3527096581376,969.5036,321.7407,1
633148902,999.6987852430753,473.9109195259912,987.2178,287.8224,1
633148919,998.145135668706,473.1122227868609,981.9119,311.0287,1
633148935,997.914592333048,471.8347542066989,1004.8585,290.6434,1
633148952,996.4399112192491,471.26095354260053,983.0027,317.2864,1
633148968,993.5633511423506,471.29079553980176,954.8514,340.8662,1
633148985,990.6341629502866,471.6422476540271,949.1578,350.2329,1
633149002,990.5582014610982,472.0754001172657,1003.7768,340.9659,1
633149018,988.0068166583779,472.51913531385077,956.8127,351.7976,1
633149035,986.4251668482108,472.54265265152924,975.1039,332.8896,1
633149052,985.241688379822,473.0160636806314,969.8473,343.4977,1
633149068,984.2535795377264,473.64660454418953,983.0074,348.2529,1
633149085,981.8439739844289,473.17461760945156,956.9082,315.9351,1
633149102,978.8812510919741,472.8301843935854,945.0357,325.2985,1
633149118,968.2092182725504,472.2042743205118,808.8677,345.3886,1
633149135,958.7148942851694,472.53893548718736,830.4481,373.6183,1
633149151,957.8012799122162,469.5432751044848,971.8074,235.2357,1
633149168,798.8368479624876,382.20365912581144,801.983,203.5322,0
633149185,974.2231677054116,398.6033189364894,976.9777,192.1297,0
633149201,921.3107936205827,387.0509303792553,871.584,175.0592,0
633149218,925.8619631103948,412.01068889607166,937.7117,315.7491,0
633149235,910.0890592413932,414.3977796202009,866.3746,259.0386,0
633149251,901.9758761272142,419.65343265566764,873.5481,291.3407,0
633149268,907.876291936065,420.0825553961859,940.3254,242.3439,1
633149285,923.148880232545,428.8958868947842,1014.2427,329.4588,1
633149301,931.1831177676652,437.78036865153433,985.9797,365.6321,1
633149318,942.0244101469495,444.5347883206626,1023.6251,351.7187,1
633149334,950.7324685683219,447.96108035623234,1021.7706,316.3033,1
633149351,956.9716948007004,451.85379672483737,1010.6794,337.5621,1
633149368,963.428082356699,456.57282725206613,1022.5266,361.9907,1
633149384,969.3921972808716,458.6208069057763,1026.4484,317.9011,1
633149401,973.8258996505211,460.6363329295734,1016.2561,325.2432,1
633149417,977.4779173210858,463.20594313631415,1012.3952,344.3829,1
633149434,982.166277525735,465.0017549224625,1031.2346,327.5856,1
633149451,1006.4281216744905,476.7786739859808,1008.7679,326.4412,0
633149467,1022.0049839832627,482.65957342533596,1024.2898,333.4577,0
633149484,1017.2298909547567,475.6073023709267,1014.8333,310.1324,0
633149501,1014.7895193665415,480.24124443141494,1012.2391,348.6719,0
633149518,1002.9487606665517,480.5109824462436,970.295,343.6438,0
633149534,999.9849223722997,480.3828513160772,991.1243,336.1378,0
633149551,1000.4247803464272,480.5502208549981,1005.4366,335.4773,1
633149567,1002.5670434681995,481.4476357925486,1017.7155,342.1221,1
633149584,1006.1296119951485,481.01642566731823,1032.4006,323.1201,1
633149601,1012.7641997814147,481.93790542483816,1064.5275,335.1031,1
633149617,1013.0296459036057,483.0925439388721,1016.1709,353.1781,1
633149634,1012.5570965210047,481.6245826947756,1009.3074,310.0884,1
633149651,1012.10778001196,482.30315027741943,1008.8152,348.426,1
633149667,1007.9414662483485,481.20964682170927,965.5833,323.3151,1
633149684,1005.0175785827473,481.1644886008693,975.1641,341.6035,1
633149700,1006.0836435250376,480.18651868535983,1022.483,308.7587,1
633149717,1005.4365798724805,479.92457385673833,1000.8029,329.1259,1
633149734,1006.0720969541075,479.5012466808859,1017.8187,320.5089,1
633149750,1006.2722831192626,479.15584986339223,1012.1387,323.0428,1
633149767,1003.3347027328762,478.87654951612717,965.9711,335.0024,1
633149784,818.0971824477476,403.25978908528697,821.1125,237.2237,0
633149800,871.8892030348461,471.4537042167858,874.4963,348.3546,0
633149817,915.4803272188165,458.82160515577914,961.5253,282.1283,0
633149834,927.6998281464523,450.014355437223,954.403,259.0533,0
633149850,896.172241640712,431.78801443860755,805.464,194.9985,0
633149867,879.4654217456438,422.614955704473,817.5428,209.2079,0
633149884,865.4423431879816,424.92847954936605,801.5107,303.6562,1
633149900,871.514477247114,429.568719693824,911.5343,314.0247,1
633149917,867.7886746799027,426.6370149804724,847.5894,238.817,1
633149933,873.7183047868093,428.57043800173693,922.9425,286.9616,1
633149950,881.3832539394729,435.34557416688506,948.5117,368.4807,1
633149967,938.3552317076428,580.1656558670695,940.3464,530.0417,0
633150100,938.8718813051388,568.746987448623,940.9142,509.1982,0
633150134,954.6457106474004,523.7673659260053,972.7745,338.756,0
633150150,963.2404554652954,509.32388808167036,982.6094,339.9725,0
633150166,972.8390090762439,499.921879285441,1003.4555,319.9122,0
633150183,975.0548927911593,493.3625189156337,985.6813,316.5491,0
633150200,976.4686191429184,482.35081623790734,985.355,246.7702,1
633150216,981.9487961730541,481.2058912395627,1015.2605,324.1761,1
633150233,986.250114162205,477.18248096453067,1016.1378,280.1628,1
633150250,984.6016111975298,476.23425408533683,972.9592,325.0639,1
633150266,986.7162393660589,475.9072229953884,1005.3197,324.8984,1
633150284,989.2203127003767,475.8743367612816,1012.6399,327.3684,1
633150300,991.4858159925118,474.6051530883766,1013.9731,302.3936,1
633150317,984.341360928036,464.3998067598802,986.7775,309.1603,0
633150334,967.7112844950709,474.32335031398134,970.1322,331.0724,0
633150350,937.2074719938719,467.3054280341576,909.3762,319.9337,0
633150367,940.5539458286435,469.28487330181895,949.8214,333.9088,0
633150384,931.0053487515523,469.40576715876887,905.3575,338.0428,0
633150400,932.4579286293092,469.308414845191,941.0405,328.1264,0
633150417,931.7096207373343,468.30953714619613,930.9128,320.5868,1
633150433,929.2090308847548,468.9951334081328,917.6326,341.0756,1
633150450,927.1902035331286,468.7801586977761,916.8765,330.9568,1
633150467,926.3244501010674,469.19900173431404,923.1542,338.5881,1
633150483,935.6743035256063,468.6868479574315,1016.7643,302.0884,1
633150500,943.0122257994308,469.2715774774271,1011.0754,322.048,1
633150517,951.5556345535721,470.51596908876155,1035.0387,330.9497,1
633150533,956.8229652052224,469.73017741584965,1009.6212,297.6941,1
633150550,963.4278535315782,469.74274199885184,1033.0731,307.9461,1
633150567,975.0999655235644,468.082588469213,1106.3831,251.9883,1
633150583,978.1799443779424,469.64250487188,1005.8278,350.0824,1
633150600,983.6811797686352,470.67248126169534,1043.5239,330.8865,1
633150617,994.2171735098792,468.0332205339216,1122.2886,218.8068,1
633150633,996.6043604695305,467.5015192453374,1012.7709,296.7626,1
633150650,998.5756777896365,467.57964407422514,1010.0474,313.3068,1
633150666,1002.0882796656136,467.8332444760562,1037.2037,311.8486,1
633150683,1003.0303828608362,468.0527857265843,1000.7918,319.6229,1
633150700,1004.576630600863,468.89785904282434,1013.0957,335.1921,1
633150716,1007.5087547284298,469.03544400659507,1038.7545,308.8661,1
633150733,1008.9514225647416,468.87360610788636,1017.5721,304.9232,1
633150750,1010.8924723047625,469.869697085232,1028.6571,337.5694,1
633150766,1011.7018396047608,471.05473129075034,1012.3138,347.9658,1
633150783,1014.9778385150632,471.8837042832816,1057.052,327.2317,1
633150800,1014.6781361673457,472.3307355698029,998.3625,329.7777,1
633150816,1017.3653747740132,472.7877133882066,1052.354,317.9974,1
633150833,1020.810194537819,473.13785017196454,1062.8601,312.9901,1
633150849,1022.9882713449523,474.0240822280683,1037.4714,333.8419,1
633150866,1022.3783408427382,473.7327757173093,996.746,309.4999,1
633150883,1023.2412809258917,473.75059426974946,1020.5667,313.6378,1
633150899,1020.5291547821581,473.2842812468193,965.0175,311.8901,1
633150916,1019.82068629129,472.91405151155817,1000.8752,306.0913,1
633150933,1020.762098109251,473.44268878912743,1029.903,330.0554,1
633150949,1021.4511431961647,473.1796924236551,1027.1323,304.9648,1
633150966,1022.7547791520118,472.6932227538228,1039.8965,296.2759,1
633150983,1023.1243224220887,472.38097010759924,1034.1973,301.8749,1
633150999,1020.0338483021469,472.4266781815391,973.0636,329.764,1
633151016,1017.6960084420862,472.77377301495375,988.1812,337.1735,1
633151032,1016.4034304106837,473.5974181185433,1002.8243,344.6236,1
633151049,1014.3657896200115,474.98737781396795,991.4918,367.2278,1
633151066,1013.1858693715226,475.9106176435328,1012.6762,343.9213,1
633151082,1013.1202055202696,477.2161221001471,1019.6615,362.8952,1
633151099,1011.6350842145125,478.19422717415296,998.1342,356.5952,1
633151116,1010.8932246367563,479.2642158206492,1017.7626,345.8882,1
633151132,1009.2734225817953,480.0806417177259,989.1335,351.7861,1
633151149,1009.2142382174364,480.83099038652455,1015.4003,346.2604,1
633151166,1007.3818814857473,481.3907512069456,986.6801,348.4483,1
633151182,1008.0304902782636,481.64005676631194,1025.1377,330.4656,1
633151199,1008.9836460173749,481.9763589651515,1031.1641,334.6455,1
633151215,1009.3120689606035,482.0267139177168,1022.3054,326.3699,1
633151232,1007.201494682996,482.64896253675954,976.8346,355.2672,1
633151249,1008.0109520726945,482.97676406253487,1028.2581,338.5471,1
633151265,1007.8119670391881,483.1684673980672,1008.3981,340.1866,1
633151282,1009.3320820114374,483.8193928110408,1042.433,346.2101,1
633151299,1009.636814040204,487.27929540228587,1014.2837,441.2333,1
633151398,1005.180106334639,491.4322699841639,936.9874,482.5859,1
633151415,1002.0547735613912,491.9612454814141,960.7263,363.8669,1
633151432,1001.7201516364792,492.7466693487204,1005.5559,364.9421,1
633151448,1002.4439465961887,494.27858842032794,1019.0069,383.7554,1
633151465,1000.3578775601707,495.08959472952824,972.4396,375.2651,1
633151481,999.3142019814802,496.25367923903724,984.3869,384.3618,1
633151498,999.348725500235,497.1221111405662,1006.9163,372.4244,1
633151515,997.5550986991336,497.32231652093725,977.5767,363.6587,1
633151531,995.8122685135222,497.2166549149468,977.2131,353.2882,1
633151548,994.5062527345588,497.3796350816946,985.0524,361.403,1
633151565,992.2255702081146,498.0674428646977,966.2126,384.7823,1
633151581,989.4484664745746,498.2237158225897,950.2339,374.8161,1
633151598,987.3879663604048,498.14083464714207,963.7445,366.5813,1
633151615,987.2238747444821,498.3391998062291,997.2436,369.7826,1
633151631,979.9296160606714,496.89609527249024,870.9308,350.4094,1
633151648,978.9918148843244,496.1929715161482,982.2561,346.1039,1
633151665,974.5107911350455,495.178065370459,919.3685,353.4644,1
633151681,975.2507880401939,494.1608453396575,1005.864,331.744,1
633151699,974.448468655129,494.6716495840901,978.986,385.5531,1
633151716,974.632809087356,494.8267468675566,991.224,371.1374,1
633151732,974.9957546055346,494.9779976808406,995.4479,369.8835,1
633151749,977.0805251521664,494.7159292904155,1020.777,350.1782,1
633151765,979.9995121545201,493.6447742058088,1038.1421,319.4147,1
633151782,980.8665932632765,493.14377832818246,1001.6952,346.3586,1
633151799,980.430935752686,493.5887105109942,977.0372,380.566,1
633151815,981.2687394959777,492.97272941520936,994.005,344.5484,1
633151832,981.563199363004,493.48310375497795,989.7719,380.0743,1
633151849,983.7263794906394,492.7974568938331,1019.8773,334.3531,1
633151865,984.3745081942498,492.371683132406,996.9477,348.9071,1
633151882,984.6945340067359,491.8559764322908,988.1686,356.3001,1
633151899,984.640878192452,492.1061497753708,974.1632,384.1451,1
633151915,985.1368759130676,492.566932107685,987.6099,374.1682,1
633151932,984.5078039598055,492.69066884112215,973.629,367.8482,1
633151948,984.2266106325842,492.7157973667502,981.3809,364.9072,1
633151965,985.2345924649692,492.72917571457475,999.2384,357.9101,1
633151982,984.5777722128619,492.10790685722316,972.3722,345.2627,1
633151998,984.8454013884839,492.2494753094511,991.2738,363.9924,1
633152015,986.4958437537741,491.95592130837287,1012.6244,343.4759,1
