timstamp,smoothx,smoothy,rawx,rawy,fixation
633105217,1312.1509253788452,490.00930916917963,1313.8781,278.697,0
633105232,1300.2660708399258,492.5555637202817,1290.1582,293.4987,0
633105250,1340.440822188376,492.7484941732565,1421.8579,258.9479,0
633105266,1344.9735800897547,492.23766425952573,1359.5059,269.2352,0
633105282,1326.3612533163682,490.4167651276597,1254.5093,280.4343,0
633105299,1347.7683967337814,489.7313710584395,1453.6226,239.4531,1
633105316,1336.5123028670282,491.03343022205473,1271.9773,304.2942,1
633105332,1327.8429720878794,492.24568554288044,1271.7629,307.2978,1
633105349,1331.1283033339173,491.894172063295,1358.4771,266.5561,1
633105365,1338.9673318507341,491.03216732443354,1406.2478,245.6525,1
633105382,1338.4890969560445,491.3235299824475,1334.6877,281.1427,1
633105399,1347.101106889234,493.6152733998752,1432.1904,298.2907,1
633105415,1351.6281576411398,495.3632773405015,1397.4231,300.9748,1
633105432,1344.8539856413358,495.2459436015591,1266.3868,294.8748,1
633105449,1351.5721514857323,496.1075899458511,1430.2933,278.8765,1
633105465,1345.9458770795368,495.425510653202,1273.9249,280.2289,1
633105482,1341.7321199562125,495.7663305342699,1287.7031,301.5494,1
633105499,1335.2606297622503,496.4678566169688,1251.3787,320.2368,1
633105515,1322.0155733397569,496.92153213520703,1145.6472,339.7891,1
633105665,1048.6067048317836,451.7620030692355,1050.9844,271.1422,0
633105682,1052.6871637722018,447.28694467616646,1055.0779,262.0633,0
633105698,1048.6997480099683,454.76009222015966,1047.0597,291.0221,0
633105715,1050.5670618204967,455.62404170982336,1056.6399,279.8622,0
633105732,1044.3309670850176,455.5297905548739,1028.2388,282.7263,0
633105748,1040.2920560612224,455.3949229245173,1027.0256,282.3208,0
633105765,1038.0725983515858,456.87510163125125,1030.0122,298.3336,1
633105781,1039.3280638110652,456.1949401107724,1049.4799,272.1516,1
633105798,1040.3187915558135,457.8694947423417,1049.5929,302.6393,1
633105815,1041.9141230180453,456.1484116477285,1056.527,253.8452,1
633105831,1040.5016250282745,455.54628489349966,1031.1133,273.6136,1
633105848,1041.0499440797232,456.3198785254579,1048.5876,292.9809,1
633105865,1046.2688573754822,457.741826416258,1099.8398,295.7596,1
633105881,1047.0110912080809,459.2530418552091,1055.6824,311.6589,1
633105898,1046.4022092267771,458.81849178024436,1040.4078,275.9841,1
633105915,1047.8566155910157,459.6908657408339,1065.9773,299.3753,1
633105931,1045.1271249347687,460.006539217158,1012.0533,300.5068,1
633105948,1034.5898704275291,461.8656475913614,901.1125,366.1462,1
633105965,1025.0262260761547,464.3060485094837,904.6219,383.9391,1
633105981,1016.564283251783,466.37625075067785,911.9236,376.6002,1
633105998,1006.9602719848567,467.78755383250655,886.9973,367.8847,1
633106014,997.7072835060952,469.0648381023172,884.1748,367.3033,1
633106031,989.4589315296744,470.4345823407626,892.2626,370.3725,1
633106048,982.8666503075557,472.36979179806144,911.8676,384.7093,1
633106064,975.1407580483918,473.940346238058,887.2534,382.5702,1
633106081,968.8765287388995,475.252774052371,904.9037,373.2064,1
633106098,963.7121042753613,475.75800796668085,917.4369,347.9664,1
633106114,958.9760821502554,475.10752877257005,919.1827,313.6612,1
633106131,950.6648256737369,474.8569208659691,852.3382,342.8591,1
633106147,948.5760328020699,475.68570393387,953.146,354.2188,1
633106164,945.7098270337326,475.94258878126897,934.6217,342.1198,1
633106181,939.9576985592698,475.10118414810086,890.414,313.8578,1
633106197,935.0093513824191,474.3100623316514,897.4045,318.3752,1
633106214,929.2702282443528,475.7666656506038,878.4022,394.1192,1
633106231,924.4024228219679,475.9612913721643,884.6682,353.513,1
633106247,920.4838628313333,477.8288538243463,895.2904,405.0082,1
633106264,917.7179401083746,478.4369333053872,910.2309,364.544,1
633106281,913.9928269372814,477.80461930149653,890.2604,328.8383,1
633106297,910.1557704158034,477.8209975783808,882.8849,355.328,1
633106314,915.1468727734832,478.4318952298872,1031.9895,334.8552,1
633106331,925.6239547514723,478.3784591558336,1120.2961,295.658,1
633106348,936.481948291087,477.9136218093886,1125.6787,284.6051,1
633106365,945.9531568032712,477.71626447986205,1104.8104,299.8049,1
633106381,957.6526959959575,478.5943616051552,1137.8201,326.6192,1
633106398,967.3851118540382,479.5667439649405,1102.8804,333.8275,1
633106415,977.5601491968741,480.1273854175375,1115.537,321.4622,1
633106431,1153.925032771378,469.36273956817075,1156.0322,278.3647,0
633106448,1140.8542558636007,494.62630382443785,1142.8698,327.28,0
633106465,1126.657531214214,489.5882807797372,1114.6096,315.6732,0
633106481,1120.5558325931975,487.5325912650817,1110.6266,314.6322,0
633106498,1116.7555521339461,487.5510808492921,1107.7633,322.9036,0
633106514,1114.6218191017645,485.9114787120571,1108.666,307.9437,0
633106531,1104.433625810213,482.40600556303957,1057.5625,294.4983,1
633106548,1107.4383652942563,483.61438452327945,1127.9482,324.1694,1
633106564,1114.7490240680784,482.46401730562786,1166.239,286.287,1
633106581,1125.0170062829482,482.2522818072323,1203.825,288.3249,1
633106598,1131.8579223104987,482.0020563607052,1188.832,290.5287,1
633106614,1136.983672429519,482.13162679516074,1182.3391,298.2518,1
633106631,1141.895039463941,483.358297593103,1187.7539,318.8264,1
633106648,1147.9413626773483,483.4681758829345,1208.0076,293.8139,1
633106664,1153.5321791751314,482.15654513648053,1210.8904,261.993,1
633106681,1156.095067914433,482.19143850271394,1179.5989,297.5801,1
633106698,1161.061393407388,481.56756969643254,1215.2183,273.274,1
633106714,1163.1684594828987,482.3699527157557,1181.6079,315.7546,1
633106731,1165.8157050357747,482.1865807675734,1192.3632,288.939,1
633106748,1167.0298940006157,482.66795153236006,1174.5618,310.5874,1
633106764,1176.987710035655,484.8007588232466,1308.995,325.102,1
633106781,1184.1658972053735,485.96722058196957,1274.634,308.8674,1
633106798,1191.1579041974405,488.32986937594217,1278.0798,344.0718,1
633106814,1199.138629018413,490.2171722714427,1300.2584,327.855,1
633106831,1205.108613844858,491.8177547458987,1273.9985,327.8971,1
633106847,1211.7175772086812,494.05945018262275,1290.1592,345.5967,1
633106864,1216.6584609057575,496.0673378261797,1267.9861,346.3593,1
633106881,1221.6501442075064,497.74808893927434,1274.064,337.413,1
633106897,1225.5912343526593,498.8159906939389,1261.3102,323.7555,1
633106914,1230.7956279309299,499.4281890976954,1288.0742,305.316,1
633106931,1235.4178532824817,501.2206273429776,1283.0615,345.7773,1
633106947,1240.1389209686868,502.3474152894024,1279.9441,326.4271,1
633106964,1243.768126169072,503.1255825520113,1263.7498,319.5044,1
633106981,1249.0581846457349,504.44156549173647,1298.1448,330.6574,1
633106997,1253.6815897519414,505.61523439435325,1292.1069,330.8079,1
633107014,1258.7408066919136,506.9477595459711,1305.5437,333.5511,1
633107030,1260.9560477969887,510.66152728185284,1256.3462,420.4368,1
633107047,1189.4181642183125,694.1282266149648,1190.436,677.9316,0
633107064,1339.9152708585234,660.5082123391109,1340.8146,581.5966,0
633107080,1280.6343922737956,670.989035697723,1222.5225,647.3802,0
633107097,1256.234662180304,674.068302204007,1209.093,648.1647,0
633107114,1271.0548842235473,664.4988080614779,1316.7087,542.8694,0
633107130,1268.1445142709367,669.5604018758731,1257.843,653.8965,0
633107147,1254.2880008293946,674.7380892396837,1188.2378,688.8325,1
633107163,1245.5010523287851,677.2646138569514,1197.1018,671.447,1
633107180,1239.0447121778577,681.1500478746315,1199.1663,698.0264,1
633107197,1235.157616252998,682.8438056673624,1209.873,673.8504,1
633107213,1231.5348246197,684.3022902536885,1205.7917,675.9868,1
633107230,1227.188058684124,684.5403874654768,1192.6665,661.0216,1
633107247,1225.26177055949,686.2047265407109,1212.0303,685.2958,1
633107263,1222.3702453979952,687.4758770735787,1197.9088,684.8573,1
633107280,1219.9507749214404,687.7608928412826,1199.4907,666.0307,1
633107297,1217.0272526966774,688.519190146152,1189.5868,680.2754,1
633107313,1213.999828906149,687.7617094020702,1184.4076,646.7433,1
633107330,1212.3131684827229,687.977952953726,1199.0625,666.6758,1
633107347,1211.0908681533954,688.0015480981449,1203.3651,661.3878,1
633107363,1209.6820187681656,689.9298578005778,1198.6226,713.947,1
633107380,1211.893301182968,686.8798266301785,1251.845,567.6696,1
633107397,1213.7728876753795,681.6381380724816,1247.7053,503.1494,1
633107413,1216.3577218623182,676.4345399489838,1259.4495,495.1588,1
633107430,1218.3777948541124,671.9235081793059,1251.3123,511.2475,1
633107446,1219.9735003571122,667.1491914395494,1245.0916,499.5388,1
633107463,1222.4188720458558,662.4694438392642,1259.7476,493.3387,1
633107480,1224.9535868302053,658.35570192915,1262.2021,504.433,1
633107496,1227.6945936569182,654.2462128041875,1266.8359,498.1169,1
633107513,1230.4787187738098,651.5267743123898,1268.7656,535.4433,1
633107530,1232.2444384519044,648.7052153131904,1252.6306,531.0957,1
633107546,1236.4419037229336,643.9659700525206,1296.3882,455.0592,1
633107563,1237.098599308644,641.8414180030538,1246.5476,547.2324,1
633107579,1159.0569622101311,537.8434253253813,1160.8425,401.4368,0
633107596,1277.4241885531137,604.0987671678564,1278.6937,493.8935,0
633107613,1248.529956333364,584.2714296768579,1221.2639,435.5672,0
633107629,1249.849210538,597.6385539107724,1253.8391,536.3824,0
633107646,1254.0166920140568,597.496789096949,1267.8174,483.5278,0
633107663,1257.2994045546272,602.4038997507918,1271.382,527.2916,0
633107679,1250.2046426225781,596.3647946156519,1217.0878,440.4783,1
633107696,1250.9421260925476,597.6914603796166,1256.8567,501.5084,1
633107713,1251.465464191012,602.5130837640004,1256.3859,554.4459,1
633107729,1250.7977573119135,601.8990581731169,1247.3319,487.7394,1
633107746,1253.872061047823,603.1597452343732,1280.96,509.735,1
633107763,1255.2477089244564,601.3319483155012,1268.7887,459.6953,1
633107780,1254.9940525008806,602.2092864006634,1253.1145,511.6371,1
633107797,1256.2769862325526,604.8875405579286,1270.3542,547.512,1
633107813,1256.6989149215788,604.6390399176884,1261.7721,491.4465,1
633107830,1255.679419343878,604.8025974521184,1243.9385,504.7838,1
633107847,1256.7747599480265,606.2412284286278,1270.9141,529.7982,1
633107863,1257.0890211673013,606.6782862435064,1261.3916,509.8371,1
633107880,1256.1932988173419,606.3704063568752,1244.511,495.463,1
633107896,1256.7681705914588,606.5969506308069,1265.4457,504.6374,1
633107913,1257.3920260270984,605.9893371114501,1266.7908,481.9689,1
633107930,1256.7690641785875,606.2663353077727,1247.9539,510.7714,1
633107946,1255.4609928988937,606.2206483971888,1236.8181,504.6848,1
633107963,1255.5129770579845,605.1223270093265,1258.0874,469.0341,1
633107980,1256.1057625563278,605.4763280062621,1266.8813,509.3067,1
633107996,1256.3877383713466,606.7186248669142,1261.9587,537.7008,1
633108013,1257.0167033203854,607.4264955226154,1267.9888,521.0815,1
633108030,1258.2391268597112,607.7587192728495,1278.3933,507.782,1
633108046,1259.6560779033152,607.3402999598648,1282.3044,483.9842,1
633108063,1258.4612938479033,607.4223368360542,1237.7214,510.2645,1
633108080,1252.5595976898824,608.8396201327303,1155.6387,572.0721,1
633108096,1247.1785486753092,610.9818436149694,1166.4377,592.201,1
633108113,1241.4205639037684,611.8843118309042,1153.3169,549.5623,1
633108129,1236.5985298189269,612.47107725304,1172.4067,547.9513,1
633108146,1230.8009712866958,613.0222675114271,1155.3242,546.1586,1
633108163,1225.519322781559,613.2397991109815,1162.5298,539.5532,1
633108179,1220.6089498436932,613.6337941646161,1160.8831,535.9858,1
633108196,1216.2527674479957,613.4335378911247,1172.3772,523.5549,1
633108213,1210.1986179613868,612.2028902696413,1139.7147,504.754,1
633108229,1206.2359293914249,613.5993418263655,1171.5028,573.2541,1
633108246,1202.5698380500596,614.2638614105351,1176.4868,552.8639,1
633108262,881.2134178762469,595.9083347910486,883.236,572.0225,0
633108279,704.8942714926419,590.9656519066493,707.2579,604.4357,0
633108296,709.3327739099119,597.7367303028785,716.0459,626.8994,0
633108312,704.048572994664,598.0753246921291,695.8737,621.1653,0
633108329,697.7254992378513,596.6827732612205,681.4409,613.3174,0
633108346,700.7526867761644,599.5370749343186,715.1377,638.453,0
633108362,702.5419922267746,598.5665706141463,713.6732,607.9064,1
633108379,705.947402861598,600.2895824977884,727.8087,634.4507,1
633108396,704.2651153943979,597.0561443516955,695.1348,578.8701,1
633108412,702.967311348211,596.4730389041408,695.4497,609.6299,1
633108429,703.2635958439221,595.6288207632916,708.1653,600.4747,1
633108445,706.6768150343689,595.9913465544669,739.989,612.6583,1
633108462,707.8373215724777,595.1604840731259,720.7878,594.6805,1
633108479,709.067853589728,596.3683033118359,723.1676,634.5593,1
633108496,709.0159770070806,596.6789899355857,709.3208,620.8588,1
633108512,709.1800971443018,598.4599993990078,712.0138,654.975,1
633108529,710.2728690900839,601.0684749780606,724.6063,675.7603,1
633108545,709.9199268391754,602.4705615933358,705.9425,654.961,1
633108562,711.2800703395574,603.3007130956718,730.2864,637.0814,1
633108579,713.3681747975553,603.0666827093846,742.4622,607.3578,1
633108595,713.8388322901683,602.3228775163794,719.9166,598.6395,1
633108612,715.2606754480141,603.6766116340731,735.1389,653.5132,1
633108629,714.2575688536051,603.6558738041747,698.1056,624.6932,1
633108645,714.7476125049533,603.887923130848,721.8881,626.9203,1
633108662,722.8554569342317,605.5757160802398,847.1487,641.4696,1
633108678,1190.960629956811,667.9248979250635,1192.0952,630.0166,0
633108695,1277.0670372328002,720.6218806818777,1277.8057,705.4398,0
633108712,1280.0781934964061,736.4764286733827,1283.6653,761.4995,0
633108728,1271.0903425859874,723.2092291823811,1254.1038,667.7399,0
633108745,1267.503251706513,723.6233266431167,1257.7449,718.0471,0
633108762,1262.4839021073801,716.765004132738,1243.9504,657.7809,0
633108778,1255.8792702183187,709.9902878576788,1225.2593,639.5631,1
633108795,1254.07422466808,708.9412539807794,1245.457,682.5447,1
633108812,1255.6441514598837,707.4922923131694,1268.0305,668.233,1
633108828,1255.2072588300575,702.6025551184417,1253.7803,613.901,1
633108845,1253.807360599326,700.5264977851933,1243.9688,649.0461,1
633108861,1251.6389735749624,700.5988311067674,1233.887,684.6472,1
633108878,1252.412969140664,701.4313674953139,1262.3499,692.8452,1
633108895,1249.2605420213472,702.1038548602558,1218.1798,701.7583,1
633108911,1250.4290470095518,700.3925369758743,1266.5255,639.1293,1
633108928,1250.779883422039,700.7439003278562,1257.2813,684.9969,1
633108945,1249.514358836163,702.0070227474852,1235.9608,712.4987,1
633108961,1250.3759848434647,702.5922919612166,1263.9376,691.0391,1
633108978,1249.474610891586,703.9853858115309,1239.3267,718.6526,1
633108995,1248.6607284993684,704.0923292316216,1239.741,686.1985,1
633109011,1248.4500267760818,703.3642182889874,1248.0874,661.3283,1
633109028,1248.8577447271693,704.6974977391242,1257.1841,716.2252,1
633109044,1250.004684205748,705.2384993575029,1269.0231,692.2391,1
633109061,1248.597013665403,704.508936528804,1228.4668,665.2169,1
633109078,1249.6127304387073,707.1577559581742,1267.019,756.1052,1
633109095,1248.3770805471488,707.3511616264901,1230.1511,693.1586,1
633109111,1248.9549840472998,707.473842273115,1260.0032,684.5149,1
633109128,1250.4569380297921,707.0662511369035,1275.8147,664.9271,1
633109144,1248.989880970883,708.5993800494327,1225.178,737.4832,1
633109161,1248.2653731546823,709.432684262993,1237.6055,713.8615,1
633109179,1247.8535030413304,710.5231439790123,1242.7563,721.7931,1
633109195,1247.039527749495,710.6536045563702,1238.5822,695.2399,1
633109212,1246.5284153653377,710.480601360876,1243.8761,690.7508,1
633109228,1246.5344774980508,711.8510917724328,1249.1141,727.9384,1
633109245,1246.6152645705529,711.2243237530588,1250.762,670.973,1
633109262,1246.8975526955614,711.1756974394311,1252.6221,683.054,1
633109278,1246.705278716818,710.0736683271101,1242.5859,651.3,1
633109295,1248.6872650981584,710.0092427882527,1282.6416,681.0238,1
633109312,1250.522294922185,711.9418259855913,1282.2156,743.9097,1
633109328,1251.5955383938438,710.9782297152651,1267.6155,650.7234,1
633109345,1283.5202183115364,562.3380520192392,1284.9692,416.6767,0
633109362,1261.6571235071842,518.1833936858787,1263.347,341.6776,0
633109378,1273.5047904923888,513.725309536103,1287.01,319.963,0
633109395,1275.454722192066,516.0951209943805,1280.9153,342.3416,0
633109412,1273.3532854965893,519.3747579612183,1268.666,360.1974,0
633109428,1265.1142061149708,520.3401951612,1234.4706,359.0489,0
633109445,1265.6747343887132,523.2594980616062,1270.3745,374.6958,1
633109461,1264.9017805159276,523.882653958809,1262.4233,358.0989,1
633109478,1266.833735718009,521.3976758236523,1281.814,312.4092,1
633109495,1267.2809230599214,519.9462274384872,1272.4827,322.8392,1
633109511,1269.6986946798547,520.4294646338697,1291.4656,346.7576,1
633109528,1266.4192922829277,521.3111237146001,1237.8282,368.0425,1
633109545,1267.1445391882953,522.5030769865521,1276.2142,367.5043,1
633109561,1267.4631509837577,523.7168295209084,1272.5342,371.9004,1
633109578,1265.890239720637,524.8853694851856,1249.9556,379.1825,1
633109595,1265.6516797434851,523.8047405869918,1265.1406,326.2142,1
633109611,1266.2369809315596,523.9678320498929,1275.7277,351.6881,1
633109628,1266.3001704674095,523.7651235017826,1269.1119,344.4728,1
633109644,1266.0171492190627,524.4864129893072,1264.1208,369.4296,1
633109661,1266.1605749846462,524.6106507518962,1270.1653,353.3069,1
633109678,1268.160061911749,520.5493007723156,1298.6501,231.7389,1
633109694,1272.9268016383232,515.07476155117,1343.1604,176.0152,1
633109711,1419.5001476226143,451.1402319819736,1421.2107,182.9632,0
633109728,1340.9462172447438,429.4727750965548,1342.8975,162.0788,0
633109744,1390.9050078926464,430.7981724011659,1442.4956,143.4619,0
633109761,1373.936755960184,433.691964430456,1341.8701,180.3907,0
633109778,1368.3289410910297,436.39187715766957,1353.5757,186.5431,0
633109794,1378.0412829278152,439.43873267687235,1418.0511,183.9357,0
633109811,1385.666687186308,441.11146517661655,1424.1589,178.3329,1
633109827,1382.3297698594065,440.87259617551285,1364.0764,174.5666,1
633109844,1388.32363125867,439.41119246532134,1429.5372,141.4511,1
633109861,1375.0069656523726,438.4661732937423,1275.8541,181.0311,1
633109877,1363.146745931753,439.01524853513536,1267.4972,205.4514,1
633109894,1355.8589418779486,440.3001034979891,1294.8845,214.063,1
633109910,1340.8446842168817,439.3056379491497,1200.4583,194.9995,1
633109927,1338.6889700971792,440.3974260427956,1326.8285,206.38,1
633109944,1335.6370050027977,440.71487030367996,1312.6299,195.2797,1
633109960,1326.8839480297897,439.6963997779778,1235.6127,183.1987,1
633109977,1321.6938027636534,438.82606605318523,1272.2388,176.1013,1
633109994,1319.3336773801186,439.8428713637854,1304.7703,214.2291,1
633110010,1316.490350305152,441.07259090552463,1294.365,224.0271,1
633110027,1315.4868982208293,442.7082180218395,1317.6378,231.5016,1
633110044,1309.1660107758523,442.23259519550226,1235.0154,195.3974,1
633110060,1004.3427856082058,392.42304397128765,1007.0711,173.8447,0
633110077,940.1949838392596,373.97957610082705,943.1233,155.4299,0
633110093,927.3767148278388,388.7968849887668,917.4305,215.1507,0
633110110,924.0984761846485,386.71043717779037,920.5788,176.1642,0
633110127,929.3600823366112,386.9081078253928,947.9298,178.7344,0
633110143,922.502792293313,389.99867183983645,898.4249,216.9079,0
633110160,931.2475132941372,388.64479761696884,976.8934,161.7899,1
633110177,928.2682713075894,387.5792381939874,913.6564,175.6967,1
633110193,931.59472697149,387.874502594065,956.5246,181.0815,1
633110210,931.7979234644448,388.0782703368795,935.7107,185.4876,1
633110227,930.3375573985658,388.05019207330866,920.5955,185.7377,1
633110243,931.4861836703164,388.3245458500522,944.6005,185.5594,1
633110260,932.1634815779327,388.91088254520685,941.2181,193.2342,1
633110277,932.5298005757405,388.94536462026804,938.6485,183.8197,1
633110293,931.2137706831774,388.9995979325678,918.7341,189.051,1
633110310,931.171969577803,389.03783369790096,933.4019,185.3855,1
633110327,932.4693128880681,390.3751355460951,951.134,212.7672,1
633110343,934.0821676741796,389.90187707960365,957.0245,168.5084,1
633110360,934.7665507204509,390.37253120580885,945.3284,195.0629,1
633110376,934.6458041884043,391.0678596540839,934.1652,204.5727,1
633110393,934.2354742572229,392.03497663383973,929.791,214.25,1
633110410,933.318390866442,393.6295358031063,921.7112,235.3314,1
633110426,932.0027342164587,394.1600764829433,914.9573,208.5453,1
633110443,929.9485741480762,394.8727171881834,902.2938,217.8384,1
633110460,934.4168831656218,396.634834779168,1007.917,225.4007,1
633110476,1177.6585695708654,489.7002015289391,1179.6301,309.7021,0
633110493,1164.9691634522821,504.26102855253345,1166.8972,339.1049,0
633110510,1174.7875279598327,510.88827689433145,1186.4131,358.525,0
633110526,1171.0773437893165,506.2224478016685,1165.6182,326.0848,0
633110543,1171.77529671348,505.1903124016471,1175.7732,333.2216,0
633110559,1168.561374810996,503.14783464836034,1157.9204,324.7811,0
633110576,1166.9784125941617,498.8282591487142,1161.4836,292.7294,1
633110593,1167.7280738996753,499.2902185838432,1174.2375,334.0653,1
633110610,1169.1725201476793,498.66254573025566,1180.9092,318.8275,1
633110627,1168.4728462297123,499.1865149749184,1165.1296,338.3159,1
633110644,1169.3715887160768,498.0944966526476,1178.9111,309.2794,1
633110660,1170.7520339924033,497.3823384427089,1185.1633,311.6032,1
633110677,1169.8016068333002,497.97201684227235,1161.9652,340.63,1
633110694,1168.2549469103117,498.3302393023178,1153.7935,339.1394,1
633110710,1167.9991994060063,497.5003123532432,1167.5012,310.4734,1
633110727,1161.4984702102608,494.2586012751519,1087.6503,271.4087,1
633110743,1158.4084165531938,491.7874035612337,1125.4976,274.2416,1
633110760,1151.5202422987684,491.0570126024153,1069.3521,326.1545,1
633110777,1150.2349698199532,490.98011013866085,1142.417,324.2862,1
633110793,1149.71919385776,490.55385449319016,1152.1099,312.0842,1
633110810,1150.1183540946745,490.2555161600308,1164.9537,311.489,1
633110827,1150.6997508424313,488.7310555136396,1167.5376,275.4285,1
633110843,1148.1883580855908,488.5214216085467,1118.2579,322.4228,1
633110860,1150.0775420978678,488.712466010686,1187.0139,317.1203,1
633110877,1152.291752023158,488.34199817291284,1192.72,298.6137,1
633110893,1152.0957283417238,488.52405567467,1153.1536,323.6426,1
633110910,1144.9597168224254,488.1467297499453,1035.9636,333.6288,1
633110926,1142.4411007711433,489.0968055637904,1111.0588,356.1067,1
633110943,1139.6446725159844,489.36497402512583,1104.634,336.4028,1
633110960,1135.856839884228,490.1344252763249,1085.6172,356.3441,1
633110976,1131.1636506547582,491.8200308934141,1067.6313,389.5829,1
633110993,1128.6688662578035,494.0172594029105,1107.2169,398.9738,1
633111009,1124.7611903874988,495.7235641289706,1082.423,391.6448,1
633111026,1120.5205704263485,497.0478125640219,1071.9218,378.2831,1
633111043,1117.4487955631469,498.664458655444,1090.7478,384.9754,1
633111059,1115.0138948378963,501.8209582899731,1097.0791,431.9357,1
633111076,1112.38312948147,504.7558481407292,1091.438,424.7441,1
633111093,1110.995409970719,506.748110514059,1111.6912,397.1747,1
633111109,1107.4952825517032,508.1720947945963,1072.759,389.1668,1
633111126,1106.5699135227228,511.0885059417444,1112.8738,431.1018,1
633111143,1103.7697417396525,512.4009516126889,1079.0781,388.3611,1
633111159,1101.8688486944945,514.4268576655433,1092.4614,411.3735,1
633111176,1101.5734313273965,515.4169916745216,1115.2734,378.8892,1
633111192,1098.5924630737195,518.3803179622366,1065.207,455.6503,1
633111209,1096.0359554902127,520.7942205256301,1071.8503,437.305,1
633111226,1093.4317344437195,520.0451308771047,1060.8433,337.8105,1
