timstamp,smoothx,smoothy,rawx,rawy,fixation
619284889,952.4976793426348,558.0269042197767,1019.4088,483.7716,1
619284905,955.8786972789843,554.5601498710375,997.8461,500.6298,1
619284922,960.0500332956856,550.5707468497169,1013.0514,490.0579,1
619284938,962.4956719140637,546.6633403613456,989.5928,486.8926,1
619284955,966.016946394662,542.0510408843322,1009.2233,472.9531,1
619284972,969.1790598291225,538.3228777917747,1006.1848,484.4905,1
619284989,972.4184612627796,534.9203076935255,1010.1619,487.3488,1
619285004,975.5059682397624,532.2427442959054,1010.3068,497.2351,1
619285022,977.9825560401243,528.9497730600888,1003.0182,483.1751,1
619285038,980.7246406997338,526.3951627273751,1009.9486,493.9009,1
619285055,983.6449353260766,522.5536753037131,1016.0146,468.1204,1
619285072,985.7522881278696,520.3814448877824,1004.4732,494.7744,1
619285089,988.0082432751349,517.186614756059,1004.6957,477.4532,1
619285105,990.2784135615394,513.5016028342238,1008.3855,465.7744,1
619285122,991.5099631644642,509.8679438499604,994.7733,461.3549,1
619285138,992.4330616063284,508.7495504280082,991.486,505.0085,1
619285155,1005.5987874955908,488.1371985429485,1006.516,479.5951,0
619285172,1000.9768890847016,492.9308435327938,1001.9028,484.3598,0
619285188,997.9131281962731,494.80725545411354,995.8306,487.9471,0
619285205,999.1614272471633,492.91929856678894,1002.6248,480.4462,0
619285222,1000.0285939086165,488.80804193087505,1003.7222,467.3896,0
619285238,1005.3338588661607,491.7679898154556,1026.4939,496.8417,0
619285255,1003.8736392861721,493.04722172121797,997.3934,490.7396,1
619285272,1006.8408263367919,494.1479249099603,1024.251,493.4431,1
619285288,1009.7341821500509,490.1266942190324,1029.4224,454.6895,1
619285305,1009.564671197392,490.0729734845554,1008.3271,481.6432,1
619285322,1011.2400929474268,488.2970819575989,1025.2285,465.666,1
619285338,1011.2747982661447,487.4370033637366,1011.4802,471.6395,1
619285355,1011.3983392906038,488.0357711782398,1012.3374,486.8643,1
619285372,1012.8518903306251,489.36974748407977,1027.5237,497.4295,1
619285388,1013.7575865357072,488.14215995920085,1023.3457,466.3345,1
619285405,1013.3067567898196,487.4389617558242,1007.4362,470.8367,1
619285422,1014.0414646469562,487.4769567038393,1022.4777,481.1399,1
619285438,1014.6449968644387,487.77837031408706,1021.5375,484.8859,1
619285455,1013.6539981147815,488.8325350695889,999.6229,495.2117,1
619285471,1013.262105506505,488.93301005259315,1007.7811,481.8444,1
619285488,1014.4267975591508,488.82526293458255,1030.8723,479.8929,1
619285505,1014.2795065308449,487.94153484834527,1011.9655,466.0984,1
619285521,1015.0369396279737,487.02706590990937,1026.1453,465.7295,1
619285538,1011.5005981169736,484.15923209004524,958.968,428.2528,1
619285555,1001.4515506361171,480.16129311583154,852.3209,401.0569,1
619285571,991.7006699507803,476.71023776195864,852.1155,408.2281,1
619285588,982.1580676003371,471.92039381163517,851.0033,382.4131,1
619285605,972.5261876647788,467.53166837608484,844.4845,386.478,1
619285621,963.2120497335724,463.62194628694806,844.5646,392.4247,1
619285638,954.8855753518498,459.7524644621025,856.0313,391.1587,1
619285654,945.4789110162909,455.8989935082238,832.1151,387.3546,1
619285672,937.5139484013989,451.8294074932417,857.3079,386.2438,1
619285689,929.9334478268892,447.2056392917626,857.9983,373.6589,1
619285706,922.3048156016746,443.51332611491813,851.8308,386.3254,1
619285722,914.7821474303921,439.63665827460716,847.5179,378.0938,1
619285739,907.9585970088225,436.2790744018752,855.054,387.5583,1
619285755,901.1483597752215,433.00750267348656,845.1401,384.2935,1
619285772,893.2990606454106,429.4684354201762,823.2253,374.4931,1
619285789,885.293838065861,426.18960162737517,813.5823,370.9162,1
619285805,878.3204737627744,423.96307281919286,821.2787,390.0831,1
619285822,873.248866636665,421.5602816386169,848.2717,382.9238,1
619285839,867.9873108776018,420.63512455460216,835.7375,406.4842,1
619285855,863.2594247764688,418.52116678348654,838.1348,383.0499,1
619285872,857.9045739109856,417.01541741333557,821.8219,390.7971,1
619285888,853.2227729539015,417.07555409630146,825.627,413.1238,1
619285905,849.2306660793437,416.4919957360324,829.379,399.4703,1
619285922,845.6255986568059,415.7163477750869,831.4775,394.5735,1
619285938,843.5564176446007,414.9006912469055,851.7196,392.9996,1
619285955,840.6796966674349,414.44652824734743,829.9969,397.3643,1
619285971,838.4804460905546,412.8435503681268,837.8649,373.3203,1
619285987,836.9992925297192,412.46219929490076,847.589,394.153,1
619286004,835.4977794806279,411.259099616261,840.995,375.9967,1
619286020,833.9149108161394,415.0084777636159,836.0061,464.9052,1
619286037,835.3210616568913,422.1364013381769,876.0309,524.6255,1
619286054,837.4043060772201,428.5059304458401,874.8928,508.8745,1
619286070,837.822902791748,434.58742883696254,846.1868,504.0213,1
619286087,839.5194094547555,440.8180315667242,867.8954,507.1338,1
619286104,842.0983617440164,447.2037620420187,882.4402,513.9108,1
619286120,844.2284208667669,453.612940943248,875.1677,517.6381,1
619286137,845.7146656654484,460.9773045281538,865.6713,537.8531,1
619286154,847.3999369675591,467.865724153476,867.4251,533.0361,1
619286170,849.4509585718849,475.1702634627624,877.2407,545.467,1
619286187,850.9913265798081,480.98430843446897,869.7782,521.5636,1
619286204,847.2032081692274,485.136888998909,779.1896,492.9769,1
619286220,839.1953840627081,489.6775679825563,707.2667,500.6984,1
619286237,831.3297463526172,493.8707821936817,711.003,501.1161,1
619286253,823.4382904633559,496.7913972277203,709.4713,483.0357,1
619286270,815.9898960135588,499.6571652224554,713.8797,486.9159,1
619286287,808.2725726850599,502.50538971602367,706.9058,491.3432,1
619286303,801.2903121785108,503.92099888954925,718.6472,473.0061,1
619286320,793.7390661992603,506.60882482005417,708.496,499.5249,1
619286337,786.6006883322175,508.6017348791375,710.6772,493.9774,1
619286353,778.9871645382326,510.1848591958724,698.7045,487.4257,1
619286370,772.8810809640847,512.1966548607254,718.0955,501.2757,1
619286387,766.5540658179073,513.3362403997191,710.0013,490.749,1
619286403,760.1087050421045,513.9281630749358,703.189,481.994,1
619286420,754.5297196785458,514.5308055552084,712.5994,485.1501,1
619286436,748.7391331351563,515.733821109635,704.9784,498.0945,1
619286453,743.3865958089335,516.7287864251277,704.0439,497.2277,1
619286470,736.9571869056729,518.4131434407714,680.171,508.1044,1
619286486,731.3110155309765,518.8942201422042,688.6584,490.8911,1
619286503,727.6064584826512,519.5015778532207,714.8591,494.5873,1
619286519,723.3088459345594,518.8155934466191,698.325,480.7584,1
619286536,719.150140487125,518.5569106525357,698.7236,494.5622,1
619286553,716.9377553670844,518.0742566187481,725.7333,489.6753,1
619286569,996.4520818699348,493.15881312920214,997.4486,484.349,0
619286586,1186.8898407907693,483.9365499011494,1184.9095,485.1935,0
619286603,1199.4537632342908,495.73449836367536,1209.2683,511.2538,0
619286619,1207.2880324893779,495.77985182698546,1220.0627,499.6065,0
619286636,1210.6025505010773,496.36767386479806,1217.5273,501.8126,0
619286653,1213.8200215190022,492.2120062860172,1223.6638,478.8683,0
619286669,1216.7245363934076,489.9005779087504,1227.8042,482.208,1
619286686,1219.654512667541,489.01628513909293,1233.1702,488.1822,1
619286703,1214.1074419153183,506.0570454569328,1211.3757,509.8574,0
619286719,1234.6835479422675,493.2650870684393,1231.7942,497.5972,0
619286736,1233.7002814083012,497.47652438055223,1229.7452,506.2975,0
619286753,1225.7563954763434,492.8196545859561,1207.6233,486.0552,0
619286769,1227.2024567454407,491.09260872160826,1228.8754,489.8433,0
619286786,1227.1423126633322,488.26919184681225,1224.4436,480.4429,0
619286802,1223.977740051437,488.1128650852564,1206.282,490.2193,1
619286819,1223.3413340948948,489.21816630978407,1217.2867,499.4844,1
619286836,1221.8448790071259,491.9539496499258,1209.4797,514.1841,1
619286852,1222.2482321544137,492.369330597673,1223.0427,499.177,1
619286869,1221.6832602984869,490.3587433417755,1215.0986,475.7592,1
619286886,1220.9850349289331,490.9023270399031,1212.5591,499.332,1
619286902,1218.0274442789178,482.0670234640736,1188.8296,392.4138,1
619286919,1213.9940523667417,474.97479296267585,1172.375,399.4585,1
619286936,1210.4852720918295,467.9154820504324,1173.4229,389.9346,1
619286952,1207.8039003050544,461.6412447153919,1179.3506,391.3055,1
619286969,1205.6414403635338,456.44212297240256,1182.7677,398.4603,1
619286986,1203.5430597481625,452.4176088575081,1180.8887,408.9202,1
619287002,1200.822915612377,448.7076558162881,1169.6699,408.0014,1
619287019,1199.4810906608277,445.2814256748851,1186.7859,408.801,1
619287035,1197.70739878811,440.8466428927253,1178.9135,388.1453,1
619287052,1196.8213832882905,436.11003541041526,1190.6349,379.0145,1
619287069,1196.5098887289496,433.30443900907545,1197.9104,406.5416,1
619287086,1195.4937037833747,430.2543256934352,1185.8535,398.1136,1
619287103,1194.9876042755104,426.75610367405244,1192.9099,387.0921,1
619287120,1194.0991012785198,424.0799260794213,1185.459,397.1113,1
619287136,1193.6410270852764,421.13125561879144,1191.5112,389.1797,1
619287153,1193.0097672083407,418.22847256708394,1187.658,386.2416,1
619287169,1192.798888326061,415.7159169629365,1193.7014,390.1254,1
619287186,1191.5659614334484,413.1829811759643,1175.501,385.4274,1
619287203,1186.3410408187542,411.01650672020963,1105.9231,384.9577,1
619287219,873.9866286383636,411.70382971090106,878.1127,392.3019,0
619287236,777.5916008318084,387.9738730400777,783.6194,362.138,0
619287253,775.1171030311343,384.6192286377771,778.8505,354.849,0
619287269,773.007286138961,393.419803561579,774.6786,385.6887,0
619287286,767.2395703480263,401.53317546066245,756.1376,399.8898,0
619287302,765.197316056252,402.7013374806492,763.4913,380.8736,0
619287319,762.0423181109443,402.80521921061444,753.3293,376.0879,1
619287336,759.6951878006297,403.58471104113386,752.9292,381.0765,1
619287352,760.5219893827568,403.38483823588945,772.7847,375.8057,1
619287369,759.0197791164345,404.1746517585267,754.5499,383.2706,1
619287386,757.7729184382414,404.0645949586399,754.5201,375.8724,1
619287402,755.2682834888323,403.5255158943607,740.1118,370.3789,1
619287419,754.1695773149904,403.6124072443692,751.2613,377.3027,1
619287436,753.5770871535519,404.30780537594666,755.276,385.035,1
619287452,754.539734272935,404.2323765732086,773.1185,377.2072,1
619287469,754.0629181083522,405.4158912855568,755.8394,393.0415,1
619287485,754.4439547384504,406.1151249719642,766.4999,388.3562,1
619287502,753.3549264066745,406.36165876393187,746.7903,381.5331,1
619287519,753.0667696871199,405.8469087101024,757.0437,371.0204,1
619287535,751.6893693347147,406.1315484274136,740.6318,382.0932,1
619287552,751.7274618584813,407.1290366303518,760.3101,394.8719,1
619287569,751.9722534689008,407.02838178826,763.5101,378.0641,1
619287585,752.3312453082231,406.527778943725,765.3325,371.5844,1
619287602,753.1252694911552,407.2740234479691,771.9941,392.8688,1
619287619,754.3098548305059,407.0058406188647,778.7961,376.3457,1
619287635,756.6324942506235,402.1856365423056,798.9476,298.0879,1
619287652,755.3184954982391,393.0118520313062,740.7318,215.8313,1
619287669,756.1533423917672,383.5654223110092,776.4441,208.9355,1
619287685,759.1008509212061,378.38427202178997,811.5317,283.3516,1
619287718,758.7273253454645,368.8105742850939,757.1133,197.398,1
619287735,759.8896549392246,358.8854468634315,783.8369,187.7854,1
619287752,759.8830608570757,349.6532217628154,765.8838,198.3691,1
619287785,761.6785833074952,344.6013052802099,795.5159,271.4346,1
619287802,763.6448992116697,340.5926997954954,798.1876,289.0768,1
619287818,766.6588132424073,337.2972168837652,814.7648,299.1606,1
619287835,769.379008954009,333.6616582682081,811.6893,285.1289,1
619287852,770.4498224629081,330.8970068376597,783.3951,293.6372,1
619287868,771.2701099072838,335.2124863950376,778.8252,417.9268,1
619287984,779.0025896016548,332.98334879512976,902.408,299.7444,1
619288018,786.3967458082074,327.52496088358595,897.0247,236.9785,1
619288034,794.523145023751,323.5697503465901,911.5376,260.0999,1
619288051,802.0259275905069,319.5247595265326,902.2997,253.1615,1
619288068,808.3167977465729,311.77987251026843,887.1748,181.1806,1
619288084,814.4022566198712,303.0669363803012,888.1535,159.9043,1
619288101,822.0838863498284,298.47047394978665,920.4886,231.1842,1
619288118,829.2286422255663,294.59885502359623,913.6526,240.8634,1
619288134,834.203236731658,292.1527237040302,882.1432,259.5426,1
619288151,834.0016866472364,284.230890868162,797.7839,149.4227,1
619288168,834.0443097912357,275.186690235243,808.5239,123.6774,1
619288184,831.778404779451,266.17935259137965,772.0058,118.5968,1
619288284,833.309763004679,260.10222104758265,842.891,171.7728,1
619288301,833.8127912181862,250.87811112350423,830.1152,105.9587,1
619288317,833.1806553188901,243.8288961476949,813.7584,138.2232,1
619288434,302.36076246472,124.72355390891754,319.7981,60.2749,0
619288467,257.2950177861116,98.3152502729669,275.8344,30.1369,0
619288484,269.68782544397385,107.48671957397767,299.93,50.6849,0
619288501,282.28233216688386,123.15955934960037,324.1956,91.4727,0
619288535,286.16727273874716,119.65729071661337,315.1695,43.5307,0
619288551,286.2308394076984,118.58081912690004,303.9669,48.3441,0
619288568,758.2128616458202,166.37247471314163,767.6383,129.024,0
619288602,286.5649385672533,68.21186547206038,305.0457,0.2288,0
619288618,235.07902659920586,76.58725026121193,203.6492,12.0757,0
619288634,225.19065229051213,73.10370788821156,225.6268,-6.396,0
619288651,225.23413593987854,73.5621059214869,245.1467,3.9129,0
619288684,216.8978156518786,75.0006039506462,204.5456,7.6225,0
619288701,221.7595318045503,102.329510844754,240.8225,32.3808,0
619288817,172.72192127208243,92.71179571454493,192.7182,19.6057,0
619288901,484.2788135851447,195.65221447209098,802.0319,269.2319,0
619288950,594.5824128710296,235.78408767371556,818.689,287.6517,0
619288967,647.4293489695934,259.00092190856896,807.3859,299.2737,0
619288984,679.218057161196,273.7129107324095,805.7466,302.2785,0
619289000,814.823121448348,305.3538471783338,821.3928,277.6772,0
619289017,809.2319887184607,323.54922074217893,815.6398,296.4218,0
619289034,810.0235409892634,320.7336677268189,817.2736,290.6201,0
619289050,809.2896555933361,319.99160965428814,814.3275,291.0896,0
619289067,798.4067693101239,309.1807422148622,773.9056,245.4666,0
619289083,797.2917159165211,312.1454066502949,799.9088,296.1467,0
619289117,797.0397225425038,312.9015649907983,802.9072,288.6057,1
619289133,800.2760465512947,315.32890321728127,825.5117,303.1871,1
619289150,828.3040058767178,320.35974185331264,1017.5808,339.3708,1
619289167,1074.7124896266225,343.0018032558711,1076.5211,331.4307,0
619289183,1075.4066178249843,352.5233783610115,1077.0715,341.4393,0
619289200,1079.3357227526321,348.8876636155946,1084.8926,334.2676,0
619289217,1078.401831894568,346.0642290327681,1078.3403,328.8812,0
619289233,1076.5862270296925,347.0061552188681,1072.9685,338.4174,0
619289250,1078.279914207673,344.0558081193555,1086.7637,321.0083,0
619289266,1075.913073603647,342.031623075611,1066.4935,319.7206,1
619289283,1074.3907612376101,341.9747491574137,1067.7061,329.8481,1
619289300,1076.1616325365264,341.4855527533481,1089.8877,327.5042,1
619289316,1075.846213978459,339.9843950331626,1075.5448,316.7828,1
619289333,1068.3452284649688,333.87343297684964,1009.7801,265.4604,1
619289350,1067.8839426850502,326.2823354469853,1068.4119,242.9797,1
619289933,1275.9397195275665,579.1672412248175,1271.1831,589.8229,0
619289950,1273.5595577896588,587.3107893355566,1268.7285,598.219,0
619289966,1281.7334318987412,580.6158817526442,1284.9751,585.1163,0
619289983,1283.585098153165,577.8455395698849,1282.3774,583.3318,0
619290000,1284.7331695038229,572.4272909057414,1283.4296,566.6925,0
619290016,1281.4697059013656,574.4729390929151,1263.8752,593.1538,0
619290033,1278.973600282876,574.8392203994653,1262.3221,586.7915,1
619290050,1277.8066480545094,574.3628226769687,1266.7344,581.756,1
619290066,1276.2330511777852,575.0647163372003,1261.5062,590.0219,1
619290083,1276.022612959619,574.4457903837696,1270.3789,580.0013,1
619290100,1275.436611093239,575.1543122131187,1266.4146,591.6675,1
619290116,1274.854722835057,575.377195179703,1265.5706,587.6414,1
619290133,1275.2202163430961,573.3517968453456,1275.104,563.0059,1
619290149,1275.1703598251984,571.0691274537818,1270.9414,556.6672,1
619290166,1272.5278462332158,571.009648145571,1239.4464,580.0485,1
619290183,1044.582903722516,604.2766685261213,1043.2494,603.3579,0
619290199,996.8883972137285,585.9654131987775,996.5872,581.5536,0
619290216,990.7896748805867,588.4835397555121,984.5339,586.1487,0
619290233,981.2162930605423,593.8345580874956,962.2291,599.0038,0
619290249,979.2299793516636,594.371962705696,973.4579,590.6382,0
619290266,978.0728912931239,594.1618701753043,973.7371,587.8851,0
619290283,973.1988489513202,594.322186302203,950.1191,588.4247,1
619290299,974.9714719870029,593.9209478750395,985.635,586.7428,1
619290316,976.1345086289064,593.7464385211132,984.1135,587.7321,1
619290332,976.1342046666902,593.1065146526419,976.38,582.84,1
619290349,975.0803128213156,592.0272932373822,966.7716,576.9102,1
619290366,974.9640034064824,591.9760232795996,974.3096,586.4267,1
619290382,975.896536077287,591.6400351553425,985.3259,583.7225,1
619290399,1168.4585584361803,676.398362880649,1164.1023,685.7096,0
619290416,1196.307401500535,720.2319211102,1190.8875,733.1447,0
619290432,1198.0550858648671,706.510722572883,1194.7026,704.6381,0
619290449,1199.2344007079762,702.5906428952145,1196.416,706.8771,0
619290466,1198.664266145907,702.3074298361792,1191.7766,713.6652,0
619290482,1200.9544648208143,703.5483558846461,1204.4539,721.6647,0
619290499,1199.7588159382196,706.4280683899646,1188.441,733.2874,1
619290515,1202.4749354556552,706.6821187495608,1212.5247,721.5427,1
619290532,1203.6460133295122,706.7959753934841,1205.6594,720.5092,1
619290549,1202.7469632491227,709.0833491054428,1190.0652,739.2203,1
619290565,1201.691426948058,708.5853266824553,1187.5027,715.8296,1
619290582,1202.478953628612,708.1097150972886,1204.1936,716.2085,1
619290599,1202.3085961178592,707.8882469186149,1195.1306,717.8621,1
619290615,1202.6433000201298,707.8772103237362,1200.6025,720.4025,1
619290632,1203.7000978221927,707.9323367060914,1209.6956,721.7644,1
619290649,1206.8435552856388,707.5298638457998,1237.3169,717.2748,1
619290665,1211.9213150435648,706.0892537956523,1266.5314,703.9329,1
619290682,1216.4099221077427,705.2205767043386,1263.8932,710.4824,1
619290698,1221.1568340342687,702.2013121522034,1272.6215,677.7224,1
619290715,1225.8322208369432,699.2209579173606,1276.2809,675.5818,1
619290732,1229.5384340114817,698.3064831905864,1265.8491,705.0671,1
619290748,1233.0592825014733,697.5831229674293,1266.5677,707.1797,1
619290765,1236.7209869406179,696.3750402421753,1272.2417,698.5534,1
619290782,1239.928405082718,694.7298110042819,1268.5454,689.7391,1
619290798,1242.7630711133966,692.8994612817744,1265.7036,684.9478,1
619290815,1245.3496988277695,692.2560493322466,1264.3083,704.0214,1
619290832,1248.8992530835794,690.6149584706511,1283.3091,686.4863,1
619290848,1251.9396184789346,689.4710156662024,1277.8611,693.6379,1
619290865,1254.0357929330023,688.2914192007129,1264.9359,691.0314,1
619290881,1256.5524598279894,687.5674612389007,1274.7356,698.5931,1
619290898,1258.6658198187326,687.3877909596117,1270.511,707.1602,1
619290915,1260.785364888547,687.9404645248808,1266.7344,722.8302,1
