timstamp,smoothx,smoothy,rawx,rawy,fixation
633246245,969.4081558324964,483.8176547774597,963.7734,359.5703,1
633246262,968.6497503988747,483.963347345182,962.7688,355.9489,1
633246279,968.003185491869,482.9336004802255,956.0215,317.1684,1
633246295,968.8502435021653,483.7289685672542,990.018,363.0622,1
633246311,969.0480656785229,484.8174434388199,976.9261,383.4633,1
633246328,969.5229321452919,484.49048914032596,981.3747,336.8126,1
633246345,968.6346376869208,485.0188830669389,959.829,365.7835,1
633246361,966.4964589501964,486.04571281760957,949.8964,379.6063,1
633246378,967.5465684564838,485.96077977432117,989.6282,346.0875,1
633246395,968.5634913829454,485.21229704378027,991.5551,318.8868,1
633246411,970.2798442288216,485.2676412839269,1002.7708,341.3206,1
633246428,970.7339204992577,483.8548848134217,977.9243,306.9725,1
633246445,970.9271102961029,484.34615555130534,974.6938,361.7159,1
633246461,971.5575759999283,484.6808944445373,981.345,361.4639,1
633246478,972.5617596748042,484.78387571059164,988.4827,349.606,1
633246494,972.0409815624826,485.67455166432046,962.6719,379.7991,1
633246511,973.5734680397111,486.4239489528514,994.3938,370.6751,1
633246528,973.1591945099201,486.11149468345,965.9902,342.9415,1
633246544,973.4152973771088,486.449173392829,974.6956,357.5782,1
633246561,972.4098501607417,487.341252075484,956.936,381.8562,1
633246578,972.0498746760761,487.09456048360926,962.6483,345.8422,1
633246594,972.8281155471611,486.4445366337468,986.8555,326.6224,1
633246611,973.2301921275734,486.34593974591917,980.7742,347.2349,1
633246628,973.5158730978621,486.16285899202796,981.896,344.8415,1
633246644,974.6293550098065,485.5644576080035,988.6387,326.7966,1
633246662,975.6918355471234,486.0821378191814,992.0825,363.7418,1
633246678,975.8395381029816,486.98884662044316,979.8378,378.0026,1
633246695,974.7049051616971,487.847521282063,955.4355,379.7485,1
633246712,972.0338946086391,482.5232057059833,933.2436,194.8786,1
633246728,968.371346643105,477.34220371987783,911.236,200.6831,1
633246745,962.127765512948,471.83874629312913,866.8937,203.0807,1
633246762,956.4211721914975,467.0626730218289,875.4872,221.673,1
633246778,950.4188650270207,463.73802147765684,868.4218,262.4346,1
633246795,657.0953110261371,331.42920495753424,660.7291,144.6558,0
633246812,742.2667623256231,330.35456912399536,745.7516,122.7154,0
633246828,739.4487899003475,342.8550105157657,740.019,169.3495,0
633246845,734.7644902308684,338.5057893015503,728.9873,125.6502,0
633246861,709.9407849791484,340.7937652417567,640.0305,178.8155,0
633246878,711.8473484707092,335.0978764034064,723.7603,95.8282,0
633246895,725.1576007919361,335.6040488371917,793.9543,125.7616,1
633246911,721.6203224242621,338.56623509453374,704.3507,178.6888,1
633246928,740.5112489712309,345.2753548857335,869.3375,201.4995,1
633246945,731.0220301750132,339.6239622681151,661.161,80.6496,1
633246961,737.1601811976594,340.53667159401266,790.7819,144.3035,1
633246978,746.7439279598375,343.8986185792517,835.0613,181.3541,1
633246995,753.7510412883153,344.831633522558,821.7033,145.9271,1
633247011,761.3955929720013,346.52910416439556,839.0888,160.3034,1
633247028,765.5628293777451,348.4822305184791,807.2994,177.6454,1
633247045,769.1893054644182,349.12355358378636,806.1531,152.1178,1
633247061,772.7556929664462,348.8703806766677,810.2352,131.1456,1
633247078,777.2979530705934,348.70704975261833,828.3197,128.9892,1
633247095,781.5610866945058,350.4023512522465,829.6041,177.0731,1
633247111,783.6921149875974,351.3842745598005,803.1303,167.3144,1
633247128,785.305843661988,349.4141337585209,798.504,89.0731,1
633247144,776.2039828755023,345.3540267323364,635.0256,66.419,1
633247161,765.6161134734031,342.42862422816654,606.5623,101.0441,1
633247178,761.1363879015514,338.5627234015884,699.504,48.3442,1
633247194,762.1477262135678,337.732130617314,787.109,113.8759,1
633247211,768.5579178517696,336.1124780072235,877.4008,67.358,1
633247228,770.6220329544784,333.9609961956164,807.2256,65.4393,1
633247244,769.9725059396922,334.2342280804774,762.0396,148.2956,1
633247261,1178.2054496303804,425.242809271771,1180.47,192.5985,0
633247277,1338.8055475684257,431.1164413031464,1340.7532,165.5641,0
633247294,1387.401510825012,438.1933916837405,1437.5815,168.4351,0
633247311,1373.415020753411,435.53514500106013,1347.3137,162.3895,0
633247327,1370.3747925766254,432.4578613287062,1363.2731,146.1646,0
633247344,1381.213460907242,433.4421147547093,1425.5786,157.019,0
633247361,1389.7624239697996,435.2004582175028,1432.5872,166.9702,1
633247378,1384.002561382934,432.5788181134924,1351.6511,138.0431,1
633247394,1376.344093425637,428.93208163286283,1326.9856,121.135,1
633247411,1371.1688759351582,430.5173799363068,1334.7911,188.6484,1
633247427,1377.4759649445393,429.5079987082138,1433.1924,126.3436,1
633247444,1384.3034591786163,432.3714761208789,1448.1228,190.8246,1
633247461,1379.241757328857,433.58639258790777,1329.8452,193.9599,1
633247477,1374.0776693622197,434.0994947111174,1321.6267,184.3316,1
633247494,1368.8040734500323,435.0488496772561,1313.4319,197.1549,1
633247510,1364.9908662061532,435.17620494720984,1325.4775,177.4675,1
633247527,1360.742979094742,435.6993563572379,1315.0566,189.858,1
633247544,1355.9128886079525,436.34271804547865,1302.1343,197.052,1
633247560,1351.1250613546229,436.76396842832133,1297.5171,193.6684,1
633247577,1346.8867833562829,437.06607528460324,1300.6588,190.6296,1
633247594,1343.4871725745245,437.13847767801576,1309.031,183.0239,1
633247610,1341.2115047444383,438.41946138488794,1322.7856,214.205,1
633247627,1339.1962474199936,438.6349756920025,1324.2439,185.08,1
633247644,1338.2538766243222,438.3349487993339,1339.0256,167.1176,1
633247660,1336.0603474227378,438.7149241164555,1316.559,192.7326,1
633247677,1333.778812854478,438.75587254225854,1312.5869,184.1375,1
633247693,1333.3157745056676,438.7773752737532,1340.6265,177.3705,1
633247710,1330.1073548614709,438.59672806694556,1292.2078,182.9082,1
633247727,1328.823366066875,436.38914131221674,1322.6594,112.8334,1
633247743,1329.632447446556,433.17071185134034,1356.8228,72.1138,1
633247760,1330.9914651210624,430.59747373537607,1364.8914,88.9982,1
633247777,1330.9520984338515,428.0114471462801,1340.0266,93.4178,1
633247793,1330.4163496124893,425.0778260928036,1339.7617,84.025,1
633247810,1331.5451843576143,422.8406500513987,1356.9324,97.385,1
633247827,1332.478583535012,420.47576088819636,1354.16,90.8921,1
633247843,1333.3143815473954,418.45620089511124,1357.7444,101.5101,1
633247860,1334.0281355759419,416.89188114003844,1354.6737,115.0653,1
633247877,1334.7573194691902,415.76647217410436,1345.4172,123.2194,1
633247893,1336.8447604132725,414.48836606079556,1366.7297,108.6471,1
633247910,1338.654964994529,413.07092050847814,1363.396,109.7665,1
633247926,1339.6537924200863,411.91404017082044,1359.9316,111.4951,1
633247943,1340.0386595026334,410.0882041464272,1350.2852,96.6684,1
633247960,1721.1196471339808,428.5492914045473,1722.3884,71.1742,0
633247976,1474.5859475405634,402.3804726131354,1476.4194,81.5466,0
633247993,1487.7119294502456,414.2129662216819,1502.4828,118.2847,0
633248010,1451.6230154156615,409.64772454885775,1381.8499,100.4,0
633248026,1523.8840703902163,415.7695231826299,1739.8014,76.8358,0
633248069,1512.910863949894,412.9009099514894,1470.004,81.4037,0
633248094,1440.5183141359826,379.8661674324884,1442.516,48.6842,0
633248110,1205.2469152040221,378.72468468145286,1207.6748,101.8321,0
633248127,1041.6943546575915,354.735651929522,881.7952,91.5494,0
633248144,997.4575377448753,345.6355864288035,913.5669,78.3925,0
633248160,961.3481563207047,343.1683513162964,859.0325,106.5191,0
633248177,945.1278863428921,339.1190843283715,887.2529,77.1055,0
633248193,800.8407208958789,290.26731490157755,804.4026,36.2187,0
633248210,850.4848014329935,321.6629036405946,853.8138,81.5427,0
633248227,761.6736660089597,314.49216108475,676.8036,97.1851,0
633248243,746.0484340597798,306.20354262648317,719.1644,55.3551,0
633248260,711.1955688107018,300.7648601268313,612.4819,71.4325,0
633248277,739.2628617246273,308.8968838088133,854.3569,116.7253,0
633248293,704.0146590870758,306.25933670347126,536.9127,104.6928,1
633248310,778.870849613864,302.19707702425774,782.418,63.0249,0
633248327,849.410355414608,306.51249836684326,852.8104,54.3004,0
633248343,810.8443149009453,300.4450846283122,775.9709,50.3868,0
633248360,779.1642339213145,309.4218877399009,719.9473,123.2287,0
633248377,752.5128467073631,303.05428772189146,677.9905,54.7048,0
633248393,739.992604616438,302.6759660476976,696.0148,81.6747,0
633248410,758.678593179224,307.1559309692395,854.8647,94.6851,1
633248427,761.2130986227126,306.5699397905256,779.9924,64.9801,1
633248443,759.4369135488766,304.14154192881915,751.5752,44.1906,1
633248460,759.1431671065967,304.37923405167425,760.9902,75.5556,1
633248476,750.6125266078625,304.08746906249905,683.8477,85.4468,1
633248493,760.9030392076979,305.34236030702664,859.9843,71.5106,1
633248510,772.8151587373117,308.2366340063556,892.6499,99.4164,1
633248526,778.1569313131729,310.67526018184316,833.8611,111.1417,1
633248543,782.4792138327692,313.10326260864014,828.6919,118.084,1
633248560,783.8753373282349,313.6516948117743,797.1,87.5985,1
633248576,777.4480626820682,317.2988184462843,694.7279,188.0791,1
633248593,766.6258038154074,320.87027084953996,627.4706,209.427,1
633248609,760.7440149554095,327.17025538195645,687.6118,273.2039,1
633248626,758.2792350262818,329.7950547964174,732.8924,175.2186,1
633248643,752.0492205938024,334.1665121465536,673.4533,242.4236,1
633248659,539.5413222259604,341.48336038318666,543.3416,190.4923,0
633248676,469.7238177266061,321.29454103649493,473.7423,170.2408,0
633248693,514.3725909132213,323.33783219783913,562.7463,156.7156,0
633248709,511.3540931939498,321.5521183677792,509.0991,155.9395,0
633248726,498.8362511792907,314.28882113831713,465.7124,120.399,0
633248743,509.46250738771687,317.7661450527333,555.1933,169.8653,0
633248759,527.5411638698909,315.639402792645,618.9602,107.1844,1
633248776,512.5729337194352,313.6023265121778,428.6902,145.924,1
633248793,530.3954680972403,314.7949535479328,652.6608,131.5166,1
633248809,535.2159331280101,307.9234921271731,573.1434,29.4797,1
633248826,550.7252856909165,316.3940635476545,680.0186,243.1244,1
633248842,568.473854920381,321.9645162060877,727.1697,202.9986,1
633248859,570.2348950460146,325.28792927815755,581.2068,208.2877,1
633248876,571.9624358332177,326.8489343692162,583.9276,179.4583,1
633248892,576.5022677794564,329.77163349839844,620.9426,204.813,1
633248909,837.6804877395338,437.3796806604929,840.5048,294.5471,0
633248926,801.6250244363036,448.15890370624396,804.4653,322.5713,0
633248942,843.794622186541,462.3924134517281,888.4153,354.3969,0
633248959,808.290401795664,448.73704847098634,740.5967,289.2878,0
633248975,832.2032272418946,449.839704329982,906.0546,307.9071,0
633248992,836.3208044043997,451.27334002213775,854.7952,326.7722,0
633249009,847.5712774325818,455.25254996507294,904.231,347.1224,1
633249025,855.1969553123711,454.72702092211733,900.4976,305.9179,1
633249042,849.3672675997228,460.65584428864935,811.043,414.9074,1
633249059,960.0126851177164,673.0413689219413,961.5411,693.5065,0
633249159,1003.7792682408633,584.9571008087407,1005.6304,523.3817,0
633249192,968.5439447705678,542.9129971090584,935.7596,387.4941,0
633249225,966.9952941765893,528.7386401400342,966.403,379.9388,0
633249242,967.1797942262992,521.2553732926649,970.2308,376.6998,0
633249258,968.9624799832109,508.9266964041901,978.6127,305.2368,0
633249275,850.132868031039,439.56907217626457,852.9247,295.5977,0
633249292,984.9252047887658,496.20872979077456,987.2152,366.7491,0
633249308,959.7955350331345,497.70486287259814,937.0968,383.9536,0
633249325,961.4567952868607,496.4463036958978,967.2221,367.3309,0
633249342,958.612959831107,483.20474523731355,952.8726,280.0613,0
633249358,959.9614260776661,483.69372886284344,967.8076,352.8329,0
633249375,953.8765566705098,485.32096085726647,926.8082,376.2343,1
633249391,958.6340786162702,488.9225856938559,988.8799,391.3056,1
633249408,963.7342311771127,490.6413352086178,999.9795,374.1642,1
633249425,966.0854061232133,490.2089566673925,985.4452,349.7447,1
633249441,967.9645893196055,491.3903492966016,984.875,375.8803,1
633249458,969.610931188508,492.8960537743486,985.4911,385.0583,1
633249475,969.9804616778139,493.91834986760824,974.2242,382.3348,1
633249492,970.7207056138228,495.783347601403,979.0505,401.5083,1
633249509,971.5967113421756,496.5557894476904,981.8359,381.3408,1
633249526,973.1240227703213,496.7646138660877,991.3873,367.9595,1
633249542,975.8308219334276,498.91524626489246,1008.9014,411.4962,1
633249559,977.3628733089558,498.604782677705,995.8951,357.1263,1
633249576,977.1289182663866,498.7730628360476,972.3784,374.9169,1
633249592,979.3781371541743,499.17994858057915,1009.1195,373.3226,1
633249609,979.5752398676633,499.8478910999152,980.2181,388.3044,1
633249625,980.5079828465292,500.64987750217654,992.1924,390.603,1
633249642,981.4151563056072,501.3152066385962,992.8719,387.9779,1
633249659,981.9389546229199,501.6554914772022,987.7471,380.9313,1
633249675,981.2389383448443,500.83296370713646,968.5804,351.7401,1
633249692,980.8525342100612,501.07277883098845,973.8888,382.3992,1
633249709,980.4747519456374,500.15201814916384,974.4073,347.49,1
633249725,981.6823505204081,500.0023184465391,1001.545,364.725,1
633249742,982.2692920796769,500.6559325346567,991.629,392.3193,1
633249758,984.7842183314503,499.99456240848804,1025.63,343.6779,1
633249775,984.0269222785214,499.6157034270765,969.7754,365.7194,1
633249792,984.7568771170268,499.6236516671093,996.1495,371.2121,1
633249808,986.0112606023567,499.2767260709199,1000.7261,359.6421,1
633249825,989.5008730865143,494.9158559337963,1044.2126,221.587,1
633249842,1087.0264416889418,402.967687170153,1089.5573,173.5745,0
633249858,1103.9119993286158,398.0251441271919,1106.4349,160.6418,0
633249875,1105.773059045469,400.23898047323996,1110.1251,167.7943,0
633249892,1058.1122123435334,394.96577352398964,966.2251,169.0338,0
633249908,1059.1581096434957,398.6945563418255,1065.511,191.6516,0
633249925,1059.375748489605,400.32693038378136,1063.4551,186.4618,0
633249942,1064.3820839289906,395.01964906232405,1092.0404,111.5419,1
633249958,1044.0030138949965,396.651331435492,929.3593,217.3586,1
633249975,1039.2941300949963,391.5918433022264,1013.0824,110.0035,1
633249991,1045.591636718656,388.3977486747825,1098.3436,102.9619,1
633250008,1047.7337653827021,390.4496185491712,1069.7153,188.7682,1
633250025,1053.5771271855965,391.0648857640682,1110.3179,158.6711,1
633250041,1048.6713240037125,391.1435086599541,1002.7584,174.9994,1
633250058,1062.4031511969206,391.91569068586614,1210.1201,140.8534,1
633250075,1065.996625307382,392.3723368966817,1105.0724,160.362,1
633250091,1067.7782321190025,392.83022033175723,1086.5531,165.7092,1
633250108,1069.0447813295962,393.5452237751758,1081.9705,173.9227,1
633250125,1071.9391881816346,394.9655329936472,1106.1226,187.349,1
633250141,1073.910420830983,395.6609156897135,1096.1924,173.4051,1
633250158,1076.3366357900777,395.49259963688297,1105.2487,149.3861,1
633250174,1081.4143811631573,396.2540044027114,1147.9633,164.8495,1
633250191,1088.4251328516218,397.82977568037717,1182.4391,180.916,1
633250208,1091.0664467627444,398.23375568302066,1119.0867,164.3164,1
633250224,1087.6760783636787,398.07062898998396,1024.792,170.7166,1
633250241,1089.2600467570205,397.699488349379,1105.8079,145.7449,1
633250258,1084.0573357058638,396.18392121762054,995.1777,137.3022,1
633250274,1080.8986457386234,396.1435518570169,1028.3948,173.7169,1
633250291,1079.5319321919205,396.74760972665734,1058.4613,186.7231,1
633250308,1075.2020770106415,397.8802392447384,1007.7791,215.6838,1
633250324,1072.296666594793,397.71315732168506,1031.6251,170.1428,1
633250341,1070.6165183857333,398.98183729245596,1052.1211,210.9864,1
633250357,1067.9165095893468,398.75568934140256,1037.3837,167.6593,1
633250374,1064.798899915315,399.3305178784345,1029.4167,196.1258,1
633250391,1065.1663630111336,399.46190957408237,1074.2885,168.6217,1
633250407,1064.341824675873,399.07848686173827,1064.2166,160.1946,1
633250424,1061.2719374404367,397.9073630569923,1023.9204,144.2803,1
633250441,1062.0847418767112,396.99450251289767,1093.0891,129.3732,1
633250457,1059.584907929165,395.30237257460493,1017.3959,130.1936,1
633250474,1051.50332343202,395.08620719566,929.1666,188.3078,1
633250491,1041.8720877677213,392.86360890327,909.6215,131.4201,1
633250507,1043.3230632684765,393.5551855646639,1095.9854,187.7757,1
633250524,739.8873007159383,334.15539989874856,743.3591,130.1715,0
633250541,751.5080108867415,352.04922029291845,754.8772,159.9172,0
633250557,790.1971515761336,373.43643510442683,831.8224,219.306,0
633250574,814.3136060343583,384.330473663145,864.9683,231.6496,0
633250590,820.9530768136406,387.635974351549,843.0839,221.0029,0
633250607,835.7920425255478,391.33246943827737,896.1564,223.5992,0
633250624,840.9310454086145,393.1784078341492,867.4116,223.3653,1
633250640,844.0164676000325,395.31568580422305,862.984,234.1807,1
633250657,845.6311695708135,397.94328211676225,857.2701,249.2933,1
633250673,848.3835967955101,400.345081067734,869.7872,251.1295,1
633250690,845.9147329853547,402.3392443901744,825.8604,261.8557,1
633250707,846.7766414282144,405.0909972692181,855.6508,274.564,1
633250723,842.0536508419815,408.03775849866133,796.6823,299.9208,1
633250740,840.4560915268229,409.33706719444615,826.1986,266.3785,1
633250757,838.9785376690492,409.71309884329975,825.6832,249.6213,1
633250773,830.153678504977,409.1829813254676,730.2485,252.3464,1
633250790,819.5644579441833,408.24195473292264,696.5972,249.6795,1
633250806,812.1604847751771,409.97421359669704,728.9474,307.9199,1
633250823,805.1839127381644,410.02472256342463,727.3213,268.1061,1
633250840,796.8822292013876,410.4221018936032,700.6026,284.2865,1
633250856,791.0808316194208,409.3877449808314,730.5638,238.9456,1
633250873,787.863653430681,409.6142815707695,764.6816,265.553,1
633250890,456.3288772033056,332.68521569905647,460.3196,194.0561,0
633250907,723.9682287179454,388.56653342272966,727.2206,232.6514,0
633250924,616.0347465940928,379.81635264876877,512.0977,251.5333,0
633250941,574.501071140085,371.1237448662169,496.3362,224.0522,0
633250957,569.4776323862121,364.2913431574613,559.507,191.6378,0
633250974,545.7562375967365,363.09767281076114,457.8207,241.9861,0
633250991,521.3490174674565,375.0831122762044,525.0289,255.7379,0
633251007,637.7585130266508,355.22339837472987,641.3187,192.3752,0
633251024,667.0721965778545,358.43117653751926,699.7365,190.2604,0
633251041,611.9031498752148,355.0790885848034,505.9534,211.8304,0
633251057,615.0551184053509,385.9640658188172,628.1111,417.3626,0
633251074,613.139335383054,409.6367579323045,609.1487,465.519,0
633251090,610.7965708965129,423.88002977593527,603.0686,447.8248,1
633251107,611.0152242222159,437.7924484798061,615.954,488.3602,1
633251124,404.11106829163646,447.3498732197782,407.6731,414.4017,0
633251140,623.0156491653416,493.13827524836216,625.9734,446.119,0
633251157,637.887081297609,491.61863394327736,655.6385,433.6386,0
633251174,618.5897559363314,489.65277265778735,583.2335,442.7748,0
633251190,623.8587990753884,489.08827749296427,642.6503,431.8847,0
633251207,633.9572991222786,490.8549329959176,676.4904,442.7713,0
633251224,636.9030937909688,492.1864490643069,639.8401,441.1322,0
633251240,624.1453947631076,498.9052682593174,627.0748,456.3196,0
633251257,624.003832456555,505.7001705607871,626.7307,481.0168,0
633251274,571.3393678807668,491.99085985896465,470.0497,431.2247,0
633251290,575.6451543353018,488.59455369042547,592.2899,427.8503,0
633251307,581.5160200584594,491.52370024465955,608.1506,468.7227,0
633251323,585.0563365155592,495.4527032089426,605.5085,489.998,1
633251340,591.9433750291753,499.0257892361303,634.6007,491.881,1
633251357,596.4152724144958,499.24927652397236,628.4675,458.3548,1
633251373,608.2513775975156,501.95127172253723,698.5833,480.8357,1
633251390,624.5093287545577,507.2530642985413,759.1033,518.6681,1
633251407,637.9412771656682,510.16563883445474,756.3615,490.7793,1
633251423,649.7515365852682,510.9823984477058,759.2495,457.0094,1
633251440,662.0401127903398,510.56107366426096,781.955,428.1508,1
633251456,758.6653654046755,561.7330839299414,761.0652,538.765,0
633251473,827.1115302180593,510.1080816590482,829.6232,429.0129,0
633251490,800.291078499463,520.8060852451291,776.05,480.3659,0
633251506,794.4007133467087,538.93153799673,785.1267,556.9847,0
633251523,779.5635066337545,533.6249272558819,738.4419,463.9794,0
633251540,782.9155340286477,526.0990297489642,799.3604,411.2696,0
633251556,1009.1131388382257,522.9646685302392,1011.2374,409.6279,0
633251573,984.2260564859971,507.393024842948,986.4663,387.2101,0
633251590,989.6194012697241,521.4027711843072,997.092,435.4658,0
633251606,996.0337953619525,525.876780879425,1010.8252,431.0038,0
633251623,998.5933951127298,522.3856752108674,1008.238,390.2626,0
633251640,1003.82889347357,521.1230892746852,1026.3071,393.7042,0
633251656,996.9112297583057,521.8755754347948,965.019,425.22,1
633251673,1003.7629543910767,524.0784104538743,1045.4005,426.6531,1
633251689,1005.0359302056962,525.2132516682851,1014.9706,426.0993,1
633251706,1004.3925673273201,525.5638745569208,1000.9276,420.8549,1
633251723,1002.175025672699,525.2052235115696,985.2872,413.621,1
633251739,1001.705739866018,524.6926270912697,999.4705,406.4848,1
633251756,1003.9624588768957,525.5788909620247,1028.1921,425.8568,1
633251773,1006.7452972521849,526.261042276477,1037.4495,421.7198,1
633251789,1005.6096184633784,529.3024496429906,993.4399,485.8479,1
633251806,1004.3018255965567,530.4577232722295,990.0239,449.8818,1
633251823,1005.7422860217038,529.9005081697408,1025.2853,402.7729,1
633251839,1004.9869020995034,528.5589086388263,996.5494,388.9806,1
633251856,1007.4786675472307,528.2003121399196,1042.3103,401.6211,1
633251872,1008.5027335215905,529.1027157498661,1022.9111,439.5697,1
633251889,1008.5666983413067,530.2316271725607,1009.3499,450.5116,1
633251906,1010.1610639635403,529.0226608121847,1033.4835,380.7282,1
633251922,1010.7340964276667,529.2632389997964,1018.5022,424.73,1
633251939,1010.7888712222982,529.4771814022507,1010.7681,426.2274,1
633251956,1011.7169344217043,529.6496669203902,1025.406,421.9609,1
633251972,1011.6130015549228,528.4120470257011,1009.13,383.5892,1
633251989,1011.9037403255165,527.7134664087796,1016.0269,397.637,1
633252006,1011.8244266226264,528.3338125663468,1010.0743,439.3007,1
633252022,1013.2575706699673,527.7101332328567,1036.4158,394.7047,1
633252039,1012.3780976486337,528.1081912163587,997.127,435.675,1
633252055,1012.8368804475064,527.6815686009708,1020.6187,404.1925,1
633252072,1011.3619751619597,528.0672001706095,984.4168,434.5156,1
633252089,1012.4220083845387,527.4573677490441,1030.3285,397.7945,1
633252105,1013.1115556718205,528.1592976973468,1025.5496,439.8627,1
633252122,1012.335374464774,527.0019193331897,1000.1523,382.5498,1
633252139,1012.3042927713782,527.3690212351268,1015.0469,428.2637,1
633252155,1011.9636684633886,527.6301309565148,1003.3984,429.3813,1
633252172,1004.1914506714601,526.8018268812059,883.0444,425.073,1
633252189,1002.9284681060391,526.9331226318942,992.2957,428.4014,1
633252205,996.9811120940583,525.6368275109909,908.7289,401.6309,1
633252222,995.091465569445,526.3530566566061,976.7266,447.8074,1
633252238,995.1892919782254,526.8681969484693,1011.738,432.6116,1
633252255,994.452251672217,526.6031564132371,998.8367,413.532,1
633252272,993.2348214566064,527.210210575814,989.6076,442.6477,1
633252288,993.0546948238895,527.0126224734507,1001.4346,419.5248,1
633252305,992.7976149627652,527.1407721599518,998.5745,425.7956,1
633252323,993.9278578152617,527.141033297651,1025.1921,411.2636,1
633252339,993.0155898998973,526.7420214944048,985.3009,406.2627,1
633252356,991.0071641454558,523.8047388318129,970.0959,332.489,1
633252372,989.5386729604435,523.0508892010109,975.7338,403.4277,1
633252389,986.3102322073747,520.5934782733739,942.5471,357.2417,1
633252406,983.9134317278424,522.3975973220408,957.9124,480.6933,1
633252422,980.7223520034981,519.3906776405335,941.2726,336.3178,1
633252439,788.9358478243529,475.0472281457744,791.6764,374.3456,0
633252456,868.4309456762523,460.8403553593224,871.0927,329.9055,0
633252472,870.2648055594824,471.30831124872236,874.6537,366.9912,0
633252489,871.6803225446678,462.17928412468314,877.2119,297.8945,0
633252506,861.2640857439942,461.999291350203,833.0811,340.1328,0
633252522,874.088424759616,462.4976686341195,927.2431,323.4189,0
633252539,869.4111808796212,461.66567623842826,849.0271,329.3667,1
633252556,884.9684940245263,460.87873437455886,977.2953,296.9794,1
633252572,882.9212023959452,461.73520172226586,870.357,342.3963,1
633252589,883.280167920052,460.68661126772173,887.3989,311.6496,1
633252605,879.2009286862879,458.50070227152634,846.8146,298.8211,1
633252622,878.2416990243288,457.47096419443074,871.8798,307.8336,1
633252639,868.679171394235,459.4103436848194,777.35,385.5269,1
633252655,862.6705910480977,458.43989196056776,804.913,323.1144,1
633252672,860.3072463328072,457.9629223850146,841.1058,323.1071,1
633252689,862.0295500667056,459.2767173408162,889.9598,351.9642,1
633252705,867.8684362435379,464.8538568819293,946.2089,444.5599,1
633252722,877.9063228180255,470.083584251715,1010.275,431.5819,1
633252738,886.9824421211298,473.8817065325175,1006.3627,404.9011,1
633252755,897.5915526893585,476.85156948063076,1037.4244,382.2201,1
633252772,905.6793060204411,479.5139134674467,1008.5596,385.8625,1
633252788,1086.9717721324546,548.7228456276683,1088.8379,438.0992,0
633252805,1262.468670253311,571.9799384356375,1263.9117,439.1154,0
633252822,1275.0874815458833,588.7552467650743,1288.9187,494.0085,0
633252838,1276.3228773402097,594.8860308915716,1279.9679,498.8285,0
633252855,1280.1331023246203,592.9879263661342,1292.6687,459.9308,0
633252872,1282.2748411472285,591.1836065734547,1291.8246,454.3299,0
633252888,1275.4843022201912,592.63658806366,1243.5239,494.1503,1
633252905,1272.1612138739358,592.310901230492,1254.5601,474.5522,1
633252921,1272.1969510490712,593.4668545731732,1274.2676,489.454,1
633252938,1273.091491462212,593.801086357319,1281.6292,478.6588,1
633252955,1271.2036212268827,593.1740680807123,1257.2332,469.1669,1
633252971,1267.5418614504913,594.698816751876,1236.2789,511.7318,1
633252988,1266.1245038689656,593.8005417150126,1255.1489,463.8569,1
633253005,1266.4609388930755,593.9599907357128,1273.1897,479.4732,1
633253021,1263.8840191298593,594.6254108544341,1238.0925,499.3133,1
633253038,1263.824133916668,594.4550555863759,1266.925,474.7085,1
633253054,1262.2185198519862,594.1231972717521,1246.104,475.4033,1
633253071,1259.0146735507665,593.3429547894474,1222.1022,469.1886,1
633253088,1258.7540235430786,594.9041038269988,1260.6724,519.6578,1
633253104,1259.128070418625,595.9501274754265,1269.4785,506.3633,1
633253121,1257.7683905197446,596.6903188713629,1243.1814,505.8014,1
633253138,1257.5589922737042,597.3217234520715,1259.6387,500.05,1
633253154,1257.6590756799828,598.3746346688139,1263.9487,512.1769,1
633253171,1257.461878235057,598.9794593256979,1258.8369,501.7245,1
633253188,1256.54160050658,601.0588463268764,1246.3694,549.5421,1
633253204,1255.9713122984958,600.6514942997944,1251.5149,475.6117,1
633253221,1255.1569657710722,599.9772312227141,1246.7511,468.901,1
633253238,1255.734198395737,602.7374067175107,1269.3718,569.7412,1
633253254,1256.5196349071264,601.930111487169,1272.9602,460.043,1
633253271,1256.6357241299654,601.7721556628746,1261.2039,483.5717,1
633253288,1254.6494911150558,601.9815050828829,1224.3228,504.4868,1
633253304,1253.8451437170563,603.2762242029023,1245.045,529.1606,1
633253321,1251.3278939371141,604.0210510656524,1217.2893,525.9438,1
633253337,1250.7758913549837,604.3267881953275,1249.6492,505.3819,1
633253354,1015.2917703134428,516.9510954691211,1017.4323,397.2645,0
633253371,1062.6335363337103,538.3592035166437,1064.5909,425.0039,0
633253387,1075.6068641930526,525.4007505330641,1090.5757,371.9485,0
633253404,1078.6495052868884,522.5605115367488,1086.6458,381.0459,0
633253420,1080.881637938764,528.7431145868441,1089.2605,435.2001,0
633253437,1084.8460723814296,531.2145997975742,1102.1089,420.6713,0
633253454,1089.703878123668,530.4759118538432,1114.8821,392.0013,1
633253470,1091.9761063109459,532.4323067610673,1106.2518,424.6925,1
633253487,1089.406137634537,536.1754921640803,1073.2281,463.6057,1
633253504,1091.3934694142574,535.4173443051258,1107.7052,397.7385,1
633253520,1090.6680035383029,534.9667244947962,1085.7627,405.89,1
633253537,1092.0189385574604,534.3516992191246,1105.6111,396.9934,1
633253554,1089.066237533259,532.6268982982527,1061.2102,384.0322,1
633253570,1076.3716365454293,527.9418989464234,945.2375,345.0804,1
633253587,1070.928449393648,525.8471719914567,1016.4174,374.252,1
633253604,1064.2640742994333,522.5944355138461,993.9731,347.8314,1
633253620,1057.000240905114,519.9390226123352,977.9344,358.9887,1
633253637,1049.9828180971256,516.8375659580264,973.078,343.34,1
633253654,1047.3672847336272,515.2571553622035,1028.299,363.7764,1
633253670,1038.7443510605337,512.591830486468,936.353,352.925,1
633253687,1033.708449486804,510.4203400506322,982.3239,350.7599,1
633253704,1030.6800324368098,509.2262564408316,1008.0497,368.1313,1
633253720,1032.2800912024393,509.70165711017864,1077.3481,397.0457,1
633253737,1033.9514281079496,510.0563423002229,1077.5635,392.5581,1
633253754,1035.931238037499,509.0990696385115,1081.7914,351.4769,1
633253771,1035.89229242032,511.82303100788766,1047.2439,468.5126,1
633253788,1037.5285549644357,513.5564969506135,1073.923,432.8165,1
633253804,1031.7132962722894,512.0319104134646,946.749,362.3677,1
633253821,1027.2447925779127,513.1868890463718,966.3315,439.537,1
633253838,1022.5652560564425,511.0858432655796,960.045,338.6183,1
633253854,1022.1542247768888,511.9433238860612,1031.1014,413.8176,1
633253871,1020.0088507713162,512.5574901088584,1003.0568,417.0303,1
633253887,1018.2373451782922,513.4770665663721,1009.6902,419.2403,1
633253904,1015.6748046621774,514.8338006965585,992.745,437.7025,1
633253921,1013.7598364469535,516.0595476523847,1001.6705,436.9527,1
633253937,1011.1754972560653,518.4117717017701,988.6597,473.9594,1
633253954,1008.0463829025394,519.6478414926889,977.8825,438.7534,1
633253971,1006.009968467894,520.100374636157,993.2729,414.3722,1
633253987,1003.6334134097332,521.5337310792125,981.3522,451.9844,1
633254004,1000.6592961815364,522.839329648098,972.3782,444.696,1
633254021,998.3932883574156,522.6169079554893,980.0368,396.5194,1
633254037,996.5116697863884,524.7392030633732,986.3151,470.3765,1
633254054,993.0077491505056,525.7057789788394,951.2306,441.5148,1
633254071,991.7907731543938,525.5791343804337,977.6022,396.3644,1
633254087,990.0357701675429,522.9411073259929,975.3671,325.2393,1
633254104,983.5175958538211,521.121453967323,888.6816,370.236,1
633254120,979.955003494399,520.3197213748489,936.9601,393.6218,1
633254137,977.9398030884322,521.6658004734455,961.6017,455.2698,1
633254154,975.3666526883701,522.6737902878527,955.709,450.6019,1
633254170,975.3524672943204,522.90184726385,988.3367,415.7389,1
633254187,969.0803726811616,520.6733572891419,882.9478,364.8573,1
633254204,967.6009152713492,519.2735443649649,966.6088,374.3787,1
633254220,967.218888401717,518.344685553208,989.818,388.2005,1
633254237,967.2553453725327,517.2246289895019,993.4413,379.766,1
633254253,965.9124682539431,515.349855266321,966.6024,357.0225,1
633254270,964.8316204730759,513.9477587247806,964.547,382.614,1
633254287,962.9061131661531,512.7355784159504,950.1763,386.3803,1
633254303,964.6487915480457,512.2380029504449,998.5647,385.2736,1
633254320,966.0554360802115,512.0414747548132,994.2017,403.286,1
633254337,965.8494807142729,513.777101760259,964.7843,458.945,1
633254353,966.0038801902174,512.4004183704286,978.098,366.3774,1
633254370,967.0648968248845,510.75614590939114,989.7563,353.1989,1
633254387,958.8415245630888,508.2529789910704,828.3055,362.719,1
633254403,951.0858122471348,505.70929022822764,833.8196,359.6981,1
633254420,951.7100924801648,504.55885248447936,979.1658,367.3645,1
633254436,951.5540102974539,503.8133946964769,962.6547,385.0227,1
633254453,948.0822241331048,501.9904920087381,902.697,358.3923,1
633254470,949.6955407014359,501.596366711861,991.4349,378.3618,1
633254486,651.5942589102166,494.45053578247206,654.4944,441.7929,0
633254503,576.9069289095912,474.18965573103463,580.0344,422.5536,0
633254520,667.9632011132222,487.9333828874526,761.4612,429.6851,0
633254536,657.1412291896178,474.57676274120655,638.3155,361.2837,0
633254553,686.850061892371,481.3877793382153,777.28,426.0939,0
633254569,709.4040559161687,486.924099992188,799.3246,433.364,0
633254586,722.1261986026698,487.6172205667595,784.4287,404.3373,1
633254603,734.671468154419,487.7724140973593,806.6774,394.8251,1
633254619,744.3497933488479,491.81565903294904,807.0663,449.2612,1
633254636,743.5662653681399,489.51090328259875,735.2344,380.8403,1
633254653,746.9295422952898,492.47093851739373,772.5891,454.2375,1
633254669,751.300605946138,492.748886633764,788.433,409.9099,1
633254686,753.4832084101903,492.9812403514181,771.6583,413.8227,1
633254703,756.3200946572722,495.2967599632163,782.5885,455.5093,1
633254719,760.1127294160632,497.2224883518821,798.468,448.8953,1
633254736,763.4401268999075,498.8858176397144,797.8102,447.5347,1
633254752,763.3814959533066,498.88032879105566,757.3163,420.4764,1
633254769,765.1233180063427,500.804273778577,782.7919,463.3784,1
633254786,764.6986882124382,502.5663371968065,754.262,469.7472,1
633254802,765.7278900092605,504.3734321840594,776.1201,469.2557,1
633254819,765.4018997378507,503.6496419992893,757.3896,407.3737,1
633254836,766.8529150290021,504.9857137275189,785.35,458.6304,1
633254852,767.9088810504063,505.72202844295236,780.882,444.8296,1
633254869,768.7059646719661,506.76203971853096,778.1033,456.0419,1
633254886,769.5432726247259,506.87065993849905,780.0433,429.8,1
633254902,772.1064096373408,507.83683367504074,809.8301,449.7371,1
633254919,771.4008265861303,508.3611407564845,756.7977,450.4293,1
633254936,772.3474544262667,508.4089035989273,785.4661,430.3536,1
633254952,772.4528515968393,509.1557962601772,772.0642,456.3245,1
633254969,772.4855082964388,508.87028584664967,771.6549,425.3792,1
633254985,773.766630935776,508.9817525048702,794.0292,433.5032,1
633255002,776.2881404548124,508.906046684263,796.6573,421.5129,1
633255019,777.5511616405979,509.63822694903223,796.5082,453.7999,1
633255035,779.5293625685557,510.5431325090789,797.1705,450.1234,1
633255052,775.5311647017119,508.96998532725183,709.8379,404.3714,1
633255069,768.5360214047955,506.51292443161515,660.0497,389.8731,1
633255085,761.7315727630498,503.7599343467329,661.1685,376.8931,1
633255102,760.9632677145726,505.0277405726403,767.0403,478.6011,1
633255119,759.4845810537336,506.2520534948348,753.022,485.7739,1
633255135,757.7227076673062,506.25408081024676,739.2524,440.8806,1
633255152,751.4677699807172,505.14938532061484,664.1873,432.2744,1
633255170,751.4719480040733,506.3925635093546,772.8322,475.934,1
633255186,748.7550406536252,506.15150116061926,721.7937,440.7306,1
633255203,750.0795276014812,505.8433428504162,791.327,426.5045,1
633255219,759.7816179743276,504.19130365059414,936.7767,348.6267,1
633255236,770.3524182035889,503.7978220885602,950.0975,384.2183,1
633255253,780.892818243747,502.2982296949045,945.0249,345.7927,1
633255269,970.2553216042701,498.01006244895433,972.5636,373.4612,0
633255286,955.1241663545861,494.16849188119846,957.4773,370.041,0
633255303,943.9472122376706,499.5915034173279,935.1428,394.9387,0
633255319,952.2567688062741,492.49836524642967,971.2273,338.1629,0
633255336,958.438382011477,488.5623573674053,979.0871,333.7737,0
633255352,957.833338093238,487.301531547016,957.6112,348.9361,0
633255369,953.3368035409825,489.18432809097203,933.6293,383.6738,1
633255386,952.0218000578676,488.80547084608486,946.9531,359.0152,1
633255402,954.8124236305141,488.977048619731,975.9768,358.5988,1
633255419,958.4475240091194,491.7907282081552,987.826,397.0972,1
633255436,961.6843747591769,494.1812291522614,990.103,397.8044,1
633255452,962.5043715566263,497.47319590617815,970.8032,425.6851,1
633255469,965.9566697848979,499.92032481672584,1000.5653,411.0802,1
633255485,965.9742629576077,502.1919254275718,966.0089,421.9478,1
633255502,968.5296602342784,505.3667464193599,996.9376,440.3125,1
633255519,971.2753900346105,506.1713323169488,1002.8119,391.4797,1
633255535,972.5858637530315,509.4174626439361,986.9404,456.4449,1
633255552,976.5067156165089,508.97225126809667,1024.9734,361.5548,1
633255569,977.7346992120409,509.9512269213743,990.5608,406.6061,1
633255585,978.539568709893,510.1081103361249,985.9634,387.995,1
633255602,979.2792223372346,511.8439243476602,986.063,432.4692,1
633255619,979.8854731049702,512.5796050867,985.193,407.697,1
633255635,980.9103243126807,512.4699701296746,992.8976,383.4295,1
633255652,982.4198208178123,513.4060601756194,1001.8958,412.8099,1
633255669,984.1997090354462,512.6328205359004,1007.9539,362.4092,1
633255685,987.2479596140536,512.9056048302596,1030.5598,388.9699,1
633255702,988.9964331558346,512.6458338873581,1010.9066,378.4169,1
633255719,986.2236683704659,512.743156281143,935.6885,407.7844,1
633255735,987.097408992228,514.4010930965298,998.1323,442.5356,1
633255752,986.7145110442342,515.8028321420367,977.504,440.9757,1
633255769,987.0850788659625,512.7331701838409,991.6539,297.8074,1
633255785,988.3348771749285,508.138112548265,1004.635,243.2576,1
633255802,990.4464807953772,504.277181727361,1018.488,265.7281,1
633255818,991.4774655853582,500.3139089889013,1004.8374,260.2801,1
633255835,990.3201934780826,496.8101464714396,968.4617,282.5163,1
633255852,991.8489934519489,492.850367195328,1013.808,257.1351,1
633255868,993.066887187421,488.74926338084913,1006.9689,255.0181,1
633255885,995.5253225826998,485.19641771427445,1031.1741,261.191,1
633255902,996.0326626996083,481.8692028890439,1001.2584,272.4549,1
633255918,997.0517160269532,478.3203078674444,1012.0801,262.9229,1
633255935,999.0581839751783,474.8878196345084,1030.0342,257.3639,1
633255951,1001.2754132040062,471.45107012748394,1032.3776,253.5775,1
633255968,1002.6767486773351,467.79071384590964,1022.2439,242.1041,1
633255985,1004.3750761184738,465.06331709977525,1024.5557,265.2567,1
633256001,1004.4287057130055,461.5626982108155,1000.4418,242.8658,1
633256018,1003.9423821628445,459.7989235490944,992.3492,288.2971,1
633256035,1004.1938283694318,455.91667393904805,1004.467,218.834,1
633256051,997.0659315236917,451.1765350775994,880.8727,205.4525,1
633256068,998.5906759200476,448.58737037242577,1027.7697,237.1136,1
633256084,995.1199033073449,445.99970781472905,940.6215,249.4694,1
633256101,990.5948202293714,441.9199253575423,922.5573,205.2263,1
633256118,989.3986355652019,440.05117415777056,979.943,252.6628,1
633256135,990.8425173779099,437.6337785409337,1026.1284,216.2388,1
633256151,990.7673126520848,435.7551637414818,999.8464,237.1956,1
633256168,991.373091461375,434.56789354156746,1011.4518,245.688,1
633256184,992.9250321779408,433.9183608823589,1029.3123,257.0299,1
633256201,994.3223395445376,433.25698469846907,1023.6182,251.6584,1
633256218,993.9855139534817,433.62592722598964,985.2675,290.2569,1
633256234,986.2143856727034,432.29064703152426,862.9827,266.2275,1
633256251,985.9100861666832,432.7620456261474,989.9706,288.6683,1
633256268,987.3322185239756,434.1571447317447,1020.6289,292.9973,1
633256284,987.2370508720926,434.53078118102405,994.7387,260.6844,1
633256301,987.9468465101738,435.1256740018067,1009.1722,266.9959,1
633256317,987.6147374099631,435.2771270714682,988.6658,256.7986,1
633256334,988.8598462209482,436.1013829221725,1011.6794,274.1777,1
633256351,983.1502139700483,436.66736115925255,895.1987,292.0137,1
633256367,981.7116874454495,436.33237094040766,967.9846,246.5247,1
633256384,983.2765640851442,436.9133181696964,1021.58,264.6587,1
633256401,984.794420497039,437.6399942389475,1016.4788,271.3358,1
633256417,985.9345417967339,436.9958307662907,1010.5341,229.1982,1
633256434,988.3188981770319,437.64242613673173,1033.3584,265.131,1
633256451,991.0619730893491,437.77831896243396,1039.3302,247.8866,1
633256467,993.3274377955415,438.25458709882685,1029.7418,260.2267,1
633256484,994.5890170237975,439.109681975739,1012.7146,279.5064,1
633256500,996.3911072003306,440.125822598212,1020.1121,280.6365,1
633256517,998.4740192081073,441.27669685356955,1025.1356,289.2202,1
633256534,999.407197275749,441.9985089067488,1007.6111,273.6396,1
633256550,1006.362813690756,442.18526524876773,1101.1436,232.1193,1
633256567,1008.4727412112027,442.8684438598397,1034.7942,272.2472,1
633256585,1010.7876096450029,443.45750617038664,1030.7981,270.4313,1
633256601,1012.1815681544446,444.1679380270003,1015.5874,274.1182,1
633256618,1012.3224139537921,443.37679427340476,1002.5361,237.6879,1
633256635,1018.8751422801366,445.1069100444559,1120.4092,287.8482,1
633256651,1020.6517889994064,446.2332180457145,1036.0671,291.184,1
633256668,1022.8321291367148,446.387032279834,1046.411,260.1347,1
633256684,1024.5419509791445,446.2627762775779,1041.9987,254.7913,1
633256701,1024.8732827586832,445.89736619717723,1019.2292,252.4059,1
633256718,1023.9943225235287,445.48684740915667,996.1722,259.9666,1
633256734,747.1948915635755,407.6854013982678,750.3181,261.8963,0
633256751,1010.5397530341727,427.18817296855565,1013.0983,235.4809,0
633256768,993.8014154344964,417.8702487204478,979.8096,209.5515,0
633256784,995.25063104432,425.2580442184902,1000.7376,261.6003,0
633256801,1012.1317798491211,424.9850583514709,1064.7185,217.7619,0
633256818,999.4229668807704,422.5392781601692,951.8353,223.943,0
633256834,911.8003462533575,402.5361277799643,914.6497,213.9178,0
633256851,969.4897537209731,433.93038316867245,972.0917,257.3511,0
633256867,976.029055773325,428.6225482095469,985.1783,235.0449,0
633256884,971.3225086717691,431.2873227111332,964.5393,263.9867,0
633256901,986.061174700925,430.4196318385618,1032.3145,232.1328,0
633256917,986.6724528302432,427.91461268360644,991.309,224.1134,0
633256934,970.336228630111,427.58256085373984,893.2534,261.6924,1
633256951,1000.6193042932372,433.53979241707026,1178.3599,270.8222,1
633256967,1209.9358693836134,490.35667697673546,1211.8461,303.3178,0
633256984,1236.9057868326095,471.6117408505598,1238.8528,262.9701,0
633257001,1246.7912779708631,477.88938810958814,1258.5056,281.0916,0
633257017,1254.76316651176,483.95966317055934,1272.3307,299.3154,0
633257034,1260.4501989135017,484.060379172554,1278.9569,276.4373,0
633257050,1258.9898934641615,485.273293487315,1254.7583,292.4188,0
633257067,1271.777967051642,486.1663152223419,1335.397,274.2194,1
633257084,1270.6579970435275,483.0867142450571,1264.9462,244.9609,1
633257100,1273.3335795551986,479.80898111539653,1292.0376,225.9022,1
633257117,1273.2484308294738,479.9854858050529,1273.125,273.4338,1
633257134,1272.3320142618086,480.0597719979598,1265.3208,274.0401,1
633257150,1270.4379449508765,480.53159638693575,1254.0897,284.1376,1
633257167,1271.9773568374376,480.6480343879319,1288.4709,270.3116,1
633257184,1278.27182041082,482.57585246358076,1345.2944,295.0669,1
633257200,1286.7026409532125,483.7577980701687,1379.7111,275.1171,1
633257217,1295.5562339465334,486.65171240528883,1395.6548,313.7328,1
633257233,1296.275479916391,486.79349952005896,1298.0825,276.2308,1
633257250,1294.6192891847759,486.81564194746585,1266.5938,281.1051,1
