timstamp,smoothx,smoothy,rawx,rawy,fixation
629801698,982.1160177201701,521.6319983907382,892.6553,470.2004,1
629801714,975.2843652588206,522.1273859548222,856.3015,520.7914,1
629801731,969.2167979320833,521.59008994862,873.9761,499.0413,1
629801748,964.4315468225873,520.4083750132788,887.3608,494.949,1
629801764,960.4399147611546,520.748111686261,897.3539,517.5645,1
629801780,955.3482563827339,517.7507452533506,879.9357,456.6155,1
629801797,949.6719980246037,516.165298210081,866.5139,482.9004,1
629801814,944.4919880723853,514.9503468127529,870.9025,491.2828,1
629801830,940.2968194452673,513.0008312174663,883.4062,482.5559,1
629801847,941.1820659318365,511.9188431438736,959.0322,494.8809,1
629801864,936.4855842481285,507.58522384293417,854.6454,432.9236,1
629801880,931.7658411047902,508.8390916780662,857.7142,531.5402,1
629801897,929.0275239891613,507.8210492919826,884.2893,490.2687,1
629801914,925.7596660504577,508.09057774431113,875.4961,512.4113,1
629801930,922.810843361737,509.05085708863993,878.9455,523.1992,1
629801947,920.5805741674858,509.4989670059732,885.6686,512.6745,1
629801963,807.1533198169393,797.0795594219145,791.0129,806.2439,0
629802163,878.6643870473533,428.48369887160607,855.4824,411.111,0
629802180,902.561965724698,422.87644023018015,903.3213,401.168,0
629802196,892.1909335130583,429.60990437115424,848.5245,426.4948,0
629802213,883.8470882991971,435.2746869871488,836.3112,435.6375,0
629802230,893.0956367158443,435.7469682441937,907.0358,423.0139,0
629802246,929.8405149667133,377.01070323067114,905.9633,357.7977,0
629802263,981.5524535277198,401.7002089165603,958.5421,386.8237,0
629802279,1030.2617125019865,413.3150027395794,1056.9916,416.3043,0
629802296,982.8322072453101,407.63817054434907,864.5562,376.7626,0
629802313,978.0089067265181,401.83861556197155,940.7029,367.6348,0
629802329,965.9431551665724,393.649503765237,894.9342,340.7806,0
629802346,949.7731911320607,405.7831649595437,849.8566,450.708,1
629802363,945.3179323631254,412.5239149472358,899.4996,437.5675,1
629802379,940.601113430304,422.7293297010408,890.188,478.7773,1
629802396,929.3174650571367,424.93702526968576,824.6191,421.3255,1
629802413,924.6798166240744,430.7719127509794,868.8694,463.8483,1
629802429,916.4504475644364,433.4711706860695,824.287,437.7067,1
629802446,906.7344132514868,434.2576751098344,795.0127,418.5853,1
629802462,904.241342250793,438.03606208669646,865.2654,460.4381,1
629802479,900.4870611285481,438.8053493276669,845.1903,425.7107,1
629802496,897.0540019203172,440.3190532185879,844.1089,437.3638,1
629802512,898.2521540182516,447.6974498816826,903.1226,526.8405,1
629802529,893.8183508556364,451.4614915269332,823.9864,478.2349,1
629802546,891.0320984523717,452.5240460967427,841.6979,441.9443,1
629802562,890.6501503835544,452.9746444632456,873.6844,435.528,1
629802579,887.3572715744764,453.53232843606725,827.7485,436.5421,1
629802597,882.5148897163543,456.8094119052792,800.6973,482.353,1
629802613,876.62129312191,457.82203199385845,778.5858,445.9694,1
629802630,873.5407467720439,458.3202066798223,819.0424,440.5986,1
629802646,780.2757315433532,528.0122453497106,758.442,514.2236,0
629802663,680.5283165220529,570.8646239080218,658.8737,556.0201,0
629802680,702.3098564443382,546.5502890410213,701.692,505.5004,0
629802696,721.5422407640706,528.0854718863242,736.9274,473.8425,0
629802713,701.4010676977799,523.6354466707782,618.1351,489.3722,0
629802730,718.0733013820649,528.8089375332149,762.3505,537.75,0
629802746,722.2287499648039,533.9986996237202,720.3678,546.5005,1
629802763,723.5256825804812,533.402244150711,707.9741,513.9045,1
629802780,728.8670402895239,534.0025409121039,741.6877,524.1639,1
629802796,736.1731192145259,533.3730034086788,767.6139,515.1422,1
629802813,740.6853764218544,532.8540639030122,753.6005,514.5045,1
629802830,743.9958727325062,532.2797272627098,748.6424,512.7941,1
629802846,744.2898313778935,532.9485826313239,721.1898,525.1638,1
629802863,739.9031106017842,529.459140251388,666.5979,471.9789,1
629802879,738.0014613435238,529.7988256690163,692.3342,518.4554,1
629802896,736.659915671733,532.1022129199512,697.9147,546.1935,1
629802913,732.1014786327141,533.4619249297994,653.1228,533.4027,1
629802929,724.0829757694248,531.3157543878756,599.0843,480.0583,1
629802946,721.9702572560564,533.4024710869581,677.5824,546.8685,1
629802963,721.0556984726612,531.2107428861932,691.9674,481.2583,1
629802979,716.5231043692983,534.9934508785427,637.3598,574.7841,1
629802996,714.0562730908414,534.2791741972753,664.3934,503.6121,1
629803012,713.1026817167207,535.0641506955259,686.6589,529.8873,1
629803029,712.4578417994799,531.6160951050284,688.8723,456.7844,1
629803046,710.4509368780459,529.7022883496468,665.5751,480.9911,1
629803062,707.7951519494043,530.3161779361831,653.5836,524.7949,1
629803079,703.3769441884695,530.8005503272786,621.3856,521.1229,1
629803096,699.8007611848784,532.8188724143708,633.3703,549.9313,1
629803112,697.7752578670624,535.3491107303853,657.6543,561.1831,1
629803129,696.4095970596404,535.9069022437383,666.1702,525.5843,1
629803146,694.9957024738652,537.0106731552573,663.3928,536.1268,1
629803162,692.4916445637637,538.8323259283421,641.1456,552.7664,1
629803179,691.9515451707708,542.2475034101017,678.7892,579.108,1
629803196,688.6603991560496,546.0482305572673,631.8251,581.9093,1
629803212,683.3630048909363,548.5626322403948,581.3511,559.3024,1
629803229,679.3312456825996,548.5166456326327,615.9218,518.5272,1
629803246,673.5715671119744,549.492380238894,578.0245,538.1906,1
629803262,669.9123585115863,551.3937131368348,610.8097,554.818,1
629803279,667.4575027952058,550.3490807571492,631.14,502.7047,1
629803295,663.5865761674784,549.1859544162061,605.2036,499.6587,1
629803312,660.0229811838369,553.3314683451117,607.101,600.9965,1
629803329,654.660003141342,553.8343353877343,570.0011,531.9709,1
629803345,653.1785194065084,553.9538752156437,631.5429,530.3815,1
629803362,650.8083753433315,555.250107365622,607.6044,547.5469,1
629803379,645.0449196365506,554.0315699331684,547.354,503.951,1
629803395,642.7185472966668,554.6006594360341,605.9336,544.0344,1
629803412,642.6710544980158,554.3184108873318,637.9606,528.864,1
629803428,642.1839918025896,552.4548143587376,621.8703,493.8684,1
629803445,639.9363818084453,550.32052045798,597.3045,495.2125,1
629803462,640.2876835454865,549.4379088067315,642.1662,514.0139,1
629803478,639.2163495024876,546.5605660329319,608.2811,485.2728,1
629803495,637.3754188866006,544.1660729271946,595.9946,485.4688,1
629803512,638.1516206258345,542.0825306829098,642.2424,495.7445,1
629803528,638.8272702145325,544.0631340962839,639.9683,563.9033,1
629803545,638.9877263788378,544.4502917967517,626.1174,535.9845,1
629803562,639.2236918427772,544.2149187345178,624.7522,528.4252,1
629803578,640.0978296602934,545.7372523915534,632.4608,560.688,1
629803595,636.1663639359203,542.7248550160757,547.4833,473.5518,1
629803612,630.5417268821909,542.1764001157517,520.6157,518.5147,1
629803628,627.7414954081247,542.0404083381524,570.0519,523.4592,1
629803645,628.8232066535223,540.7756840960536,636.0024,505.4521,1
629803661,628.1139645613515,539.6566066106961,600.9827,507.4453,1
629803678,629.8071770144753,539.4486222740634,646.3429,527.8927,1
629803695,630.214506856947,537.2405462908728,616.9982,487.9146,1
629803711,629.3640748603773,533.4029682365731,588.8435,452.4276,1
629803728,632.137030543107,531.1180596391466,656.8049,479.1259,1
629803745,637.9935083886935,527.5140568086844,706.4896,457.8165,1
629803761,641.866573837067,525.1165223060273,676.191,479.2669,1
629803778,644.6835807774837,520.6733654594103,659.6438,432.8489,1
629803795,647.2594269504405,517.5765695477461,653.9484,456.4897,1
629803811,649.3816025883691,513.5093155841488,647.1479,446.5384,1
629803828,653.7838223604523,511.99857869720756,685.7866,486.3043,1
629803844,657.2869842500451,509.94760165945746,678.2247,473.0159,1
629803861,661.1446465593633,505.6200728698755,682.7614,429.8958,1
629803878,664.6853502848771,503.8621242451617,674.2294,471.0249,1
629803894,669.3659464026546,504.70597243845873,704.3268,522.878,1
629803911,673.89436714063,504.124641007945,706.9186,491.7852,1
629803928,679.1972034564413,504.3041725122799,721.533,501.0708,1
629803944,680.3058772516407,502.9049889775553,647.8338,466.7022,1
629803961,682.091447946805,500.9813177353896,667.4843,457.8382,1
629803978,684.3793929872144,498.44729882684595,675.3733,442.1355,1
629803994,687.0791202923829,495.62187079204637,684.4691,435.66,1
629804012,687.7641126213465,493.7801265832713,657.4732,452.162,1
629804028,690.0692124470118,492.45941757027913,688.4246,468.4028,1
629804045,692.7723911121304,488.24716331983893,695.5214,408.7503,1
629804062,694.839904016256,485.228017165331,687.3783,427.727,1
629804078,696.1897315819715,484.0418999231105,678.9192,462.7074,1
629804095,700.3525686077387,484.176122190514,722.7007,478.3496,1
629804112,705.740557903783,483.3611358927392,744.8566,464.7657,1
629804128,711.4101477291916,484.0675913372893,759.3905,492.3752,1
629804145,715.0976961977246,483.06367975939236,734.0107,455.1324,1
629804162,717.4574202699582,482.79834217698385,709.951,467.0012,1
629804178,719.1196907619135,483.24812379046386,705.6152,480.8495,1
629804195,723.8651486549193,482.94267637607464,758.8471,463.7621,1
629804211,729.0310743797888,482.5488271980316,766.22,458.3536,1
629804228,731.0276709156855,480.2291857136891,720.2024,422.3209,1
629804245,733.2900741656302,479.1868249980864,732.8185,444.0128,1
629804261,734.0727635995072,477.5268707895228,705.3776,433.1353,1
629804278,733.5770555176005,475.6684478775537,683.5051,423.062,1
629804295,738.0874675589725,478.6663922878776,774.9278,520.7828,1
629804311,736.5019081511731,478.83498327373496,668.6904,461.2502,1
629804328,738.7236592017891,477.81884537549183,741.4513,445.8414,1
629804345,737.8138060959348,478.36706645693965,687.9799,470.8021,1
629804361,738.892929196346,480.5971436401949,725.67,499.2695,1
629804378,738.2468578121295,484.5896805551417,696.6479,535.6095,1
629804394,738.5896597679235,487.04806288510025,717.9667,512.738,1
629804411,737.673632267475,487.885500240107,696.4119,477.7256,1
629804428,741.0762014627458,488.2389458439996,774.2073,473.3457,1
629804444,739.97880775075,489.2491415761217,688.5355,479.0894,1
629804461,740.7568433271975,492.5834531580458,725.8522,524.4686,1
629804478,738.5470234325924,493.31540750707194,674.3442,472.8039,1
629804494,738.0547663827693,493.9507757569973,706.1063,473.3491,1
629804511,738.1789612553507,497.10004761980514,715.4635,524.5493,1
629804528,737.2291723780078,497.6734437148749,699.4309,478.3196,1
629804544,738.1481044282539,497.4994784490184,732.6902,461.0662,1
629804561,739.0170800946216,496.12838193547157,730.4116,442.5308,1
629804577,739.9744767131008,496.4659519489829,731.7366,479.9022,1
629804594,740.1145661252524,500.27963196689666,723.2161,547.202,1
629804611,740.7442804006273,503.69501216967376,733.4532,539.4858,1
629804627,739.4068399191417,504.9508372841415,698.9581,501.2821,1
629804644,736.4265322116212,505.18314900485194,666.4049,477.9417,1
629804661,732.7256960235146,508.3512366882428,651.8908,535.4122,1
629804677,723.881081004882,510.046096095447,560.259,506.3749,1
629804694,716.7872857333329,511.68886848820443,595.4604,506.3397,1
629804711,709.9639873881921,512.1054442414269,598.1967,484.4788,1
629804727,704.8951679291339,514.6895619856462,622.231,524.6578,1
629804744,700.239785781141,517.516629276383,628.2418,533.8201,1
629804760,694.9072586724296,518.9791914483459,609.9902,508.2616,1
629804777,691.0559750481923,519.3907683630248,630.3893,490.5709,1
629804794,686.9186153464724,521.321205641807,632.0917,530.7702,1
629804810,682.431153210018,522.4428358354327,610.3773,509.7303,1
629804827,680.2120040622252,524.435472704726,654.7113,527.829,1
629804844,675.8493922422413,526.3281610784647,607.3281,528.4484,1
629804860,671.5032272950499,526.4241452827712,607.2151,498.8041,1
629804877,667.5948832402432,527.9822852243188,608.228,531.2477,1
629804894,669.1332177576653,526.3257330046717,700.9366,473.0652,1
629804910,664.9106013990192,527.0320203963992,594.4625,510.2343,1
629804927,665.7194661845193,527.7053909069539,687.1079,514.2749,1
629804944,659.7611969840829,529.18353428521,555.538,525.8024,1
629804960,658.0633906670815,530.702614224656,631.1331,535.5114,1
629804977,658.3156040135976,533.4015657423631,657.0461,554.4563,1
629804993,658.5322090061418,536.1912966552425,657.1594,557.4921,1
629805010,653.3098903836642,539.409448099717,560.1085,567.8446,1
629805027,650.4653283243688,543.1071703482564,597.7128,574.936,1
629805043,647.8096808333846,543.9879906122522,600.8834,522.0762,1
629805060,641.1187512289038,546.5161908877727,527.4884,550.168,1
629805077,639.3976347448967,548.4542784244901,611.7,549.0789,1
629805093,637.8834214574792,548.3860673970752,610.7479,520.0126,1
629805110,634.8826407763961,549.1763338416565,583.2727,535.0114,1
629805126,632.4085834787707,555.7822474479763,588.3513,642.0751,1
629805143,630.625282904971,557.9656355243698,593.3998,558.7372,1
629805160,631.6352065712714,560.9622265101525,639.5318,584.4653,1
629805176,632.2742053898235,564.4045127054281,622.5391,591.295,1
629805193,631.2019579746491,566.5866020708585,595.6687,568.5129,1
629805210,629.1977560208237,565.4048373422519,577.8461,504.6293,1
629805226,630.4147022150838,566.790024143623,637.0173,562.1965,1
629805243,632.2335863681947,566.8581439829646,646.6538,540.6121,1
629805260,632.9666630492749,567.5128543374902,625.0376,549.8705,1
629805276,635.8485441220544,568.6937399628368,664.5523,561.6108,1
629805293,636.8857006940528,572.485835413751,632.7549,615.4757,1
629805310,636.0044700648945,574.7093289271281,596.0742,583.8074,1
629805326,638.8199399123042,574.5449916332884,664.7379,545.5378,1
629805343,639.1465065853904,577.12794611687,616.9083,597.0159,1
629805359,637.9501460256961,578.0139559978262,590.1672,562.4525,1
629805376,638.9552959623823,576.0795011565287,628.4725,516.3525,1
629805393,640.5993563510876,574.6494624733559,649.7419,521.8035,1
629805409,640.9998784640056,576.2416067835062,617.6049,583.3347,1
629805427,643.9381215726296,574.9955890079245,671.5771,533.3406,1
629805444,644.8436722790651,572.8605486466573,622.2087,517.0134,1
629805460,644.9791222300032,571.0669999215908,618.4556,524.231,1
629805477,653.8222663014814,573.945836471754,776.375,621.0192,1
629805493,850.4583051475614,604.0279969746279,830.6708,599.5586,0
629805510,871.1151631595427,577.0279548308462,850.9197,571.313,0
629805527,837.4575073242199,547.7705707451433,782.024,505.1072,0
629805543,841.4603415219284,543.2090679217943,828.365,524.1497,0
629805560,837.8241103180939,546.9853025364588,806.2675,549.1832,0
629805577,828.8457138759272,549.1062044931139,772.6861,546.7349,0
629805593,826.4892033935059,550.205525946782,794.6547,545.5763,1
629805610,821.2319976582932,552.9755573054434,770.751,558.9057,1
629805627,817.6279737141588,557.3660152814934,774.386,577.7994,1
629805643,816.5978624942184,550.0014876758204,788.2524,478.5964,1
629805660,814.1795420756085,550.3697635636814,774.6541,542.7422,1
629805677,816.0652869666355,549.5372129170797,814.2367,532.052,1
629805693,817.1916881235945,546.2636425522845,808.0909,501.8794,1
629805710,819.0779611631312,544.808834925402,818.7123,519.9747,1
629805726,817.0988824933374,546.5106889123849,774.4861,557.3181,1
629805743,817.9676984921032,547.8648489366964,808.5142,556.2308,1
629805760,818.3547660472362,547.3871110809356,802.4625,531.1783,1
629805776,820.5600430659804,550.6273797848788,829.205,587.4276,1
629805793,830.3157095030773,545.1680582519149,937.8678,461.0017,1
629805810,1088.7635074200296,476.70556107245204,1068.0377,472.7437,0
629805826,1258.26934070721,445.15096764293077,1238.0835,446.317,0
629805843,1232.964325883233,455.38075376527996,1187.6024,466.112,0
629805859,1239.4420474397523,441.2547030711766,1231.5618,411.4456,0
629805876,1245.4905153214595,441.705640295949,1243.2599,444.4482,0
629805893,1245.595821446493,440.0858225151761,1225.3518,433.5672,0
629805909,1248.2182034033572,436.5657148167115,1240.124,418.8923,1
629805926,1246.1255829908932,430.7524913937807,1212.3678,393.8663,1
629805943,1238.9318680870333,435.4068113945035,1170.717,467.3432,1
629805959,1233.1433124223365,436.5428076467406,1169.8645,443.5753,1
629805976,1230.4703559736552,441.6038283829286,1190.2581,485.9898,1
629805993,1229.628080177204,439.2415997848744,1203.1877,414.223,1
629806009,1225.8767068504692,437.7955165895047,1170.2168,419.6665,1
629806026,1226.2708040703835,434.5525408149992,1212.3787,397.0034,1
629806043,1235.6604021223488,431.55299390347744,1322.9272,400.5103,1
629806059,1242.3320771968208,433.52068054623834,1300.7268,463.9497,1
629806076,1251.0327895058156,429.646488558604,1334.1836,383.6111,1
629806092,1261.570411167948,428.2865012986512,1369.9946,418.2539,1
629806109,1266.4554852653011,428.0107331237292,1299.5764,430.1949,1
629806126,1275.7823056547456,424.39130447808947,1369.9058,379.4481,1
629806142,1283.6683676807968,425.5926016879487,1358.1489,454.3588,1
629806159,1289.7191775350166,424.5353655619077,1336.1772,416.0059,1
629806176,1293.6862580928253,423.01889899821805,1308.7354,405.7002,1
629806192,1299.6526124629534,421.8857224554978,1345.9777,412.5773,1
629806209,1328.7569944677643,435.61686012928294,1308.8691,439.2051,0
629806225,1347.2169408516581,425.4186376392168,1327.2495,429.0191,0
629806242,1350.2896223761575,430.44420241676585,1333.6355,440.1463,0
629806259,1347.854143475472,413.0505898943275,1322.0405,378.0746,0
629806275,1330.0030156514326,419.12496974315053,1256.8894,438.7612,0
629806292,1322.6916069582128,410.9066898358896,1273.2605,376.1454,0
629806309,1315.9605449610845,410.5421851599263,1263.3904,408.6576,1
629806325,1318.034020699035,414.89791441548556,1311.6021,444.6205,1
629806342,1322.5294661575508,413.0852458686343,1333.1375,402.9442,1
629806359,1324.7801607906154,411.3190851853783,1321.5763,399.4794,1
629806375,1325.6160933004055,410.28884987079124,1312.0731,403.2974,1
629806392,1322.4823134110086,414.4430923519494,1274.0469,456.3228,1
629806409,1324.7927155544155,415.0607581036956,1328.0261,424.0527,1
629806425,1328.3810453965675,416.27634538253886,1346.249,433.2531,1
629806442,1326.8991339674228,414.9409376326883,1288.2817,398.8766,1
629806458,1331.0069172558474,412.39875746477543,1358.0471,383.6082,1
629806475,1328.3828426347102,413.84682465517153,1273.4597,434.1307,1
629806492,1327.392116230519,413.7909114498647,1293.1488,414.1441,1
629806508,1322.578818281621,402.30375706047147,1233.6854,234.3889,1
629806525,1159.6042154260747,259.7291900433609,1134.9344,241.448,0
629806542,1193.6057327585238,199.8272380502176,1167.9481,178.247,0
629806558,1216.0814988360405,219.5493270970842,1213.9623,222.8566,0
629806575,1207.9405238335096,229.57420598504032,1166.9912,231.7321,0
629806592,1202.106013170964,240.32257990513358,1160.5759,255.7848,0
629806608,1208.3254538769984,240.47202850985568,1208.37,223.9796,0
629806625,1208.595831950937,241.37281598720094,1185.1707,228.0147,1
629806641,1205.8156135614354,234.44562225046909,1163.8103,171.5963,1
629806658,1210.9195807326403,234.78448916932032,1220.5085,220.9277,1
629806675,1206.2509495358254,231.26485357943957,1144.959,182.7233,1
629806691,1211.0058588720174,228.4024344761958,1225.6827,186.7136,1
629806708,1217.249573544616,232.2299624290391,1249.6318,255.8375,1
629806725,1213.175061475672,237.54799762009895,1146.9856,274.7772,1
629806741,1209.175950096548,239.93221641239006,1141.6333,246.1274,1
629806758,1205.7114437954153,240.5743513157617,1142.5337,226.7523,1
629806775,1207.8922286942043,241.65748608628175,1210.9734,236.8885,1
629806791,1209.0146140676277,242.93134851596332,1199.3071,240.6085,1
629806808,1205.0416457057795,244.43945692402994,1129.4607,242.6299,1
629806824,1200.966769840922,242.83039116871325,1123.1333,195.9155,1
629806841,1198.0048326039596,243.443971394873,1136.4666,230.6911,1
629806859,1196.070363642783,243.70786574479237,1149.3002,226.3316,1
629806875,1192.5692582791614,247.50018144856767,1124.0195,284.8747,1
629806892,1187.8950766273954,243.97513438658325,1100.0239,161.5603,1
629806909,1182.9520686205121,240.85606679246777,1092.1168,166.3779,1
629806925,1177.2267224662064,237.90366757606222,1075.4729,166.9648,1
629806942,1171.1918694324331,237.31050308612248,1066.9484,207.4565,1
629806959,1166.8408803522827,234.5061960587596,1090.4559,167.8747,1
629806975,1161.6654836279874,236.09439282165684,1074.1531,246.4759,1
629806992,1155.4944874696696,236.62510560870965,1052.5283,226.0764,1
629807008,1145.6296130459327,236.52118130002967,983.4601,210.9536,1
629807025,1138.5624081206583,236.063525453642,1026.813,205.9061,1
629807042,1135.0598986613056,231.4648433185316,1088.8867,126.4199,1
629807058,1131.1144799224724,226.51461873606596,1080.7825,123.6994,1
629807075,1128.8954783452352,222.60577981656672,1101.1555,144.1609,1
629807092,1124.7946199907083,221.14158768052758,1063.5612,189.229,1
629807108,1120.0526552199153,221.06984678192956,1052.9702,209.3145,1
629807125,1114.4081518979442,221.58710182800067,1029.6062,218.1841,1
629807142,1108.854421666797,221.68853641621936,1023.8414,202.869,1
629807158,1104.789727057673,221.64087661707998,1050.8003,205.2607,1
629807175,1099.6209907371033,221.39595411151177,1018.0814,195.1769,1
629807191,1097.7354056254298,221.01345151572892,1079.3215,194.5747,1
629807208,1092.4967374310497,221.24852163558853,1017.5379,209.4764,1
629807225,1089.9142200203567,222.04911101786615,1048.3792,222.1622,1
629807241,1085.185975538055,223.20331489680814,1006.3591,222.274,1
629807258,1077.3433328015444,224.79160387742004,948.1266,224.8313,1
629807275,1069.6662339087547,225.30946619328267,953.5077,205.1747,1
629807291,1063.8825242983266,223.49933590237242,979.412,162.6037,1
629807308,1059.1227370843142,225.10139025672711,986.3246,227.3145,1
629807325,1053.410112996263,229.6506208927365,965.7881,276.8765,1
629807341,1045.5004618714247,233.0119181673159,923.8703,256.8224,1
629807358,1039.1624404859758,237.305615471021,948.3633,275.6075,1
629807375,1034.63640379141,240.24264201287352,971.9691,258.2579,1
629807391,1030.4888357906152,244.14171222804418,971.6831,264.674,1
629807408,1026.9236231245263,245.0336302372625,975.4869,211.5775,1
629807424,1023.3947669759713,245.89080803016262,970.0146,213.5972,1
629807441,1022.5247587470076,245.60213057250462,1011.2358,200.6603,1
629807458,1020.2858708757699,247.06579284492506,986.2635,230.3385,1
629807474,1015.4477135067247,248.67362948396044,934.9358,241.164,1
629807491,1014.942109513254,248.6853791496274,1004.4267,213.518,1
629807508,1010.4280443475169,248.79478346245227,923.7555,212.0519,1
629807524,1010.6130616581867,247.52350035648485,1007.7694,190.7404,1
629807541,1008.2401340306894,245.97052243727154,966.0298,176.7786,1
629807557,1007.4718161443243,246.86940627121552,990.5525,226.1707,1
629807574,1006.7039677583891,245.39434039329294,988.4504,185.39,1
629807591,1007.0641599170547,243.44370296845426,1001.0096,183.1131,1
629807607,1007.1467621261276,242.12508225563008,992.9402,197.0385,1
629807624,1010.0668071414223,242.5615728836095,1039.1323,232.8897,1
629807641,1009.6297190053461,243.36043521164308,978.6122,234.9688,1
629807657,1012.9024576725244,243.5398216312192,1045.4667,226.1761,1
629807674,1016.2849661320402,244.31852293365594,1043.4756,236.224,1
629807691,1017.093709035473,244.6068994135724,1004.4225,224.76,1
629807707,1017.424331908182,244.55140816586646,989.2399,219.304,1
629807724,1018.1726449612853,244.27541242927902,1000.3065,216.435,1
