timstamp,smoothx,smoothy,rawx,rawy,fixation
624630998,964.2087012444181,626.1245407407345,954.5062,617.2839,1
624631031,957.3271439925096,624.5355167863729,900.8203,614.8782,1
624631065,950.3431531719012,624.384936776041,888.991,626.5057,1
624631098,946.0015729563976,625.9426866189228,907.317,644.2189,1
624631132,942.4543318326093,631.2144917623434,910.6962,687.7496,1
624631165,943.7997044113936,626.3864027869672,963.836,575.7534,1
624631198,941.2662488039908,635.396373121296,917.6395,740.9937,1
624631231,942.4510134711711,633.1070858311534,962.1723,605.4125,1
624631265,938.0510148920771,629.8873553928919,885.0733,590.6639,1
624631298,937.4896081507488,625.2573988914379,935.1345,568.2997,1
624631331,935.2990082482103,622.6250187267513,910.1924,592.8394,1
624631364,939.1164037225423,619.389451140558,999.0513,581.9692,1
624631398,937.7245898905867,619.0186933903279,920.6029,622.3445,1
624631431,938.6477306248717,617.7493768861643,955.7384,608.0629,1
624631464,936.9159531271015,614.0177783905912,912.1683,568.4066,1
624631498,935.8984977286947,612.6637596819202,922.948,603.7137,1
624631531,935.0037040504661,611.4319426612996,923.9423,604.3857,1
624631564,932.3730541286296,610.428762665387,893.6754,606.8011,1
624631597,853.6200965952709,352.8947217406567,849.3908,365.2756,0
624631631,849.6902904183576,426.85366742422224,846.4338,436.7975,0
624631664,838.1066784725178,433.7145903735835,823.4016,450.0114,0
624631698,853.3644915815478,429.1596373493267,880.5118,430.2988,0
624631732,856.272415077974,435.0314101706747,861.8558,461.6014,0
624631765,843.7250437450185,447.7641529267261,791.7265,505.1167,0
624631798,829.6997159155892,447.9534072220102,758.5995,457.2011,1
624631831,824.2535624762754,469.1920718934175,792.9319,595.5408,1
624631864,824.136620341611,480.9643996866436,823.6329,562.1255,1
624631898,818.0171972250055,495.0778103779609,772.6609,600.9646,1
624631931,811.5648102050453,507.6365154837632,759.4568,609.6098,1
624631964,811.2517717552457,516.0969605792394,811.0261,589.1041,1
624631998,808.9386693748595,519.9392432119205,788.1124,553.3839,1
624632031,807.252421809556,521.3475565008312,791.5375,532.1205,1
624632064,808.6292986592708,522.1374112822652,826.3301,527.4279,1
624632097,808.197511818413,522.7470970801968,804.5022,526.9009,1
624632114,809.2988030405165,526.1553699632772,824.7014,564.5742,1
624632130,805.0960265233055,532.329051758744,752.3386,605.9469,1
624632147,803.9336487714594,538.379486678875,791.644,611.2045,1
624632164,802.4551730563952,540.540573168366,784.7752,562.0994,1
624632180,801.6769763380692,539.279801596074,793.0685,514.9869,1
624632197,802.9319940668832,544.7555410287019,825.043,616.7722,1
624632214,798.2189278341598,547.1328683913232,729.7927,574.0781,1
624632230,800.6513765906701,550.691254601766,842.4715,595.7056,1
624632247,798.6868713340417,552.8336745160237,770.4872,576.6476,1
624632263,799.198186847746,555.3900841165274,810.4349,586.1418,1
624632280,798.7068328676808,560.3556008839024,793.6871,628.2411,1
624632297,798.0647728202767,563.9340013007974,790.1064,609.1378,1
624632313,803.3593864769255,564.678231227306,891.0618,565.4766,1
624632330,608.6153090354695,737.9287197873659,608.7013,737.231,0
624632347,562.1184750582646,793.947847798634,562.7961,791.3284,0
624632363,592.647486381662,746.8704540003921,622.7263,700.4897,0
624632380,576.9418192720075,753.1843851315635,545.825,764.2414,0
624632397,594.1307016839197,743.0848806348862,645.0532,713.4584,0
624632413,587.2622810530058,745.825707299809,560.0547,755.6086,0
624632430,592.7350810788131,763.3898067765631,620.8715,844.7576,1
624632446,579.5391588013481,774.3457976123683,503.9072,832.4886,1
624632463,585.315719877873,769.8498005229603,624.7791,737.173,1
624632480,589.9115868951059,758.7099517961366,623.7827,675.1081,1
624632496,584.5381375333533,758.6782727571828,539.2904,757.3934,1
624632513,578.2107565208258,758.8952254351386,521.2047,759.746,1
624632530,575.9798979949028,755.7147041763993,555.7267,724.5336,1
624632546,576.5725554682153,751.3912068741439,584.8821,707.4968,1
624632563,709.0475109961436,383.10693929678104,704.7386,394.2432,0
624632580,815.0155854797965,339.73806923034203,810.4821,352.484,0
624632596,824.6991763528374,345.7918165990924,830.0504,364.2124,0
624632613,795.0166262425416,343.1201431707857,731.156,350.4527,0
624632629,808.3616047887065,356.3825800575487,844.6478,406.6754,0
624632646,810.0987846776458,352.25854271681493,812.3275,348.5692,0
624632663,799.34589372515,362.8707819292172,743.1957,424.4797,1
624632679,790.4113119837656,365.578210959645,735.2565,391.5575,1
624632696,786.472845067493,369.029477067799,757.7833,401.8039,1
624632713,784.009642007629,369.0085819985878,763.2118,379.0306,1
624632729,781.9722297277046,365.6186424846021,762.6094,348.7019,1
624632746,785.4417828743252,362.6008362955742,815.0304,347.3527,1
624632779,787.4866402765208,359.2341484666234,804.4827,339.384,1
624632813,785.7544981601127,360.8260750188216,764.2816,390.0053,1
624632846,785.0891197552904,364.2841627364652,775.2192,414.0232,1
624632879,783.7989005486646,367.57163279936407,766.2604,416.0594,1
624632896,788.5296214260557,368.3214280375738,844.803,387.1988,1
624632912,789.8994678421628,369.56541736415755,803.0802,394.6653,1
624632929,779.0235318067942,373.67800033092675,628.7537,435.5012,1
624632946,522.5323898337855,655.9468763784754,521.2383,657.793,0
624632962,556.9893265261435,747.6080147773059,557.0321,746.5023,0
624632979,544.0640387015522,722.7638867156325,530.4669,698.4631,0
624632995,558.807014120908,735.586640501757,588.4987,759.6971,0
624633012,559.028865266903,745.684352230977,559.952,773.5305,0
624633029,557.3096038065987,746.7418972285392,550.4599,749.3085,0
624633045,555.4331707206684,746.4038589268367,546.1992,743.3289,1
624633062,561.3944401908471,736.0548162295506,595.1057,677.2287,1
624633079,569.914270430381,744.4523035405849,627.092,798.2964,1
624633095,561.8592965977367,746.2113369738291,499.7671,757.399,1
624633113,554.2490249023339,746.1860655872042,490.4879,744.1204,1
624633130,553.1346928997758,748.6728186455683,544.6324,768.7343,1
624633146,551.5967700890305,748.4668295467528,537.9799,744.1533,1
624633163,549.551004036389,753.4772292880522,530.6609,802.0532,1
624633179,554.1938101534859,756.3355616018372,609.2589,783.3702,1
624633196,552.7230042780645,753.966065416263,535.684,722.2341,1
624633213,552.4431381133019,750.8304195910315,549.6771,709.9435,1
624633229,553.3482300147381,750.416956821811,566.2103,743.4008,1
624633446,560.8721813680013,385.1257328864809,556.0958,395.9375,0
624633529,768.0614789196113,575.3212452285939,766.5118,580.2444,0
624633546,777.5195452117835,563.0095188917542,785.1391,556.4933,0
624633596,817.2444722229138,579.7703481216091,895.5234,617.0449,0
624633629,809.2403342391798,576.5554559773728,783.2584,572.0644,0
624633645,827.9533941392431,573.6752119009348,899.7214,567.8625,0
624633662,786.985876372859,592.9394877252242,785.7342,597.3167,0
624633679,827.1026933618267,539.966259790282,825.2787,546.154,0
624633695,838.7265384896252,561.4785761005807,849.1472,587.7524,0
624633712,836.0583496949448,547.4800506155641,828.6128,526.4163,0
624633728,853.0545701916872,546.0751765263956,901.8817,548.2682,0
624633745,861.476159693724,541.8302200161005,892.2067,532.1009,0
624633762,853.0142429552147,548.3677788476452,809.6016,585.3363,1
624633778,847.8590978850583,549.9539810328921,816.2062,564.525,1
624633795,839.1177202617147,559.7992127735394,780.3329,628.3619,1
624633812,826.6567590533397,553.5381935854489,731.9191,512.1365,1
624634278,1220.97927948213,712.7158653076407,1222.7723,713.9135,0
624634294,1181.8077813974223,659.2068729263339,1182.7568,662.0945,0
624634329,1140.5513389345394,559.3159608414333,1097.4143,468.9798,0
624634344,1133.9668479084603,516.8692877860893,1118.8213,443.2349,0
624634361,1203.287080157082,463.23206204397,1406.0891,320.2667,0
624634377,1214.978242467429,520.028451845051,1261.4446,745.8271,0
624634394,1377.8504969813112,256.7792460628052,1374.089,273.2317,0
624634444,827.5455981920105,794.1419864125044,829.1114,791.9786,0
624634460,733.4626357416774,777.4711185148875,640.1143,759.446,0
624634494,714.9370896982656,779.1406535001663,679.512,780.5012,0
624634528,682.6292903029241,784.3837225070754,588.4399,797.2115,0
624634561,656.0821746301763,801.913997259786,555.2606,865.459,0
624634578,655.7221981828944,839.1274109217284,657.3144,835.1865,0
624634595,647.1243792602481,806.9087245090628,648.2584,804.0115,0
624634611,632.2240891311608,819.0165320449371,618.7189,827.3498,0
624634628,619.320928783591,838.896441690042,595.6619,873.0046,0
624634645,611.368658961225,835.6784575803355,589.2507,822.1581,0
624634661,613.5897378442514,828.2602343135912,623.7533,796.2146,0
624634678,610.3043970201794,818.3058701743463,595.1721,768.2424,1
624634694,923.1006488923991,360.5708988465606,919.2055,372.8206,0
624634711,484.4949949631322,602.2738170700867,482.3585,605.8173,0
624634728,509.18670417229964,677.004660504109,533.8335,750.2696,0
624634744,526.1354958028262,696.0855042593918,559.5583,732.9847,0
624634778,556.9025167926957,719.7772827796102,648.638,787.0351,0
624634811,565.5349279571913,735.6945650571431,598.9602,794.1616,0
624634844,611.9041900872409,820.4490036342697,613.1012,817.0455,0
624634861,855.9432190499871,411.64121085202703,852.5048,422.0958,0
624634877,851.8503016809902,446.4163081901691,845.228,489.2607,0
624634894,830.4741866091856,461.2945306234523,785.403,498.4251,0
624634927,827.5629786140704,468.19752653795445,816.7357,496.1372,0
624634944,790.7098535432102,458.29432709611956,642.4572,428.6872,0
624634961,847.770794265843,418.459489417407,844.396,428.6758,0
624635027,784.9965565880299,499.23462847902425,782.4891,506.6874,0
624635077,775.7957366964752,507.44266446684185,764.2682,522.512,0
624635110,789.669594327033,512.8852286208712,815.2135,530.3659,0
624635144,815.5679163314118,484.86468710970314,888.7322,412.5172,0
624635177,839.8660368738058,442.4892495174585,929.3184,291.9182,0
624635210,857.7407853959988,419.227970528927,938.0367,322.882,1
624635243,868.9691349781723,402.26606066767795,925.9076,322.6764,1
624635277,879.546361652581,391.8826464098854,941.3751,342.0336,1
624635310,890.0629356696679,378.5477559880426,958.7084,300.2804,1
624635343,890.3526283884661,366.7809072551317,880.6407,292.681,1
624635377,895.7994071836433,354.6020350060642,933.4115,270.3696,1
624635410,897.8842508992786,349.6885517364159,906.2852,328.1785,1
624635443,899.8592457929943,329.19553578227027,895.4683,342.4357,0
624635476,919.9819239636424,305.92452041176864,915.3479,319.9644,0
624635510,1009.5010473535223,371.93042769956827,1096.5122,447.7874,0
624635526,1016.1801197325603,375.63191743160684,1025.7526,394.3622,0
624635543,1040.7978024720985,393.97175139734117,1111.1377,457.6674,0
624635559,1050.4950653011044,406.57301829507634,1085.1984,464.5356,0
624635576,1067.1312979722907,409.0831123802728,1143.9625,430.4673,1
624635593,1080.3349265354,415.0256735203795,1151.7667,457.4879,1
624635610,1083.1715758086045,417.5526651696731,1095.6337,442.4066,1
624635626,1080.694051607829,428.36165148529517,1056.3472,514.7776,1
624635643,1075.7090168933253,435.75569576400807,1028.8472,501.3067,1
624635659,1070.6688267754207,431.4503073281469,1019.2422,398.5339,1
624635676,1070.6006270891153,437.46857907408537,1067.3335,500.821,1
624635693,1066.73659344917,437.62805124588834,1022.7454,443.9669,1
624635709,1063.7082882700342,435.2057329452547,1027.5476,414.1748,1
624635726,1064.4934434006836,436.47538416853763,1073.3405,457.3759,1
624635742,1068.616226195573,436.0224173208407,1118.6565,437.0293,1
624635759,1072.92979510078,435.8828148393058,1125.8099,441.1787,1
624635776,1197.4128303805253,582.840170141109,1197.3959,588.2643,0
624635792,1217.2564283977513,730.7174615105248,1219.277,731.3171,0
624635809,1188.693541445822,743.1014475963077,1162.3638,755.1415,0
624635826,1212.3671265416147,741.790837254807,1261.8319,739.5204,0
624635842,1234.534896849323,758.1192466725589,1303.3448,804.7391,0
624635859,1241.1747482902983,762.8073227372272,1269.2098,779.7207,0
624635876,1237.857362542695,767.3573093559648,1223.351,787.4362,1
624635892,1241.4141501770303,765.4553153844024,1263.5265,753.3492,1
624635909,1240.7553812183758,771.4015489654454,1238.2958,808.1884,1
624635926,1242.1509146954197,773.4352422279605,1254.4481,785.952,1
624635943,1228.458358999211,760.8206999176984,1113.9541,656.9899,1
624636027,1229.3760228419114,761.4264037934845,1241.9209,767.1877,1
624636043,1226.1443573962754,769.261588592581,1199.2365,843.7101,1
624636060,1151.0317980175466,260.19785220202334,1146.5591,276.1428,0
624636076,1222.5053844439524,483.94187773151646,1221.2538,492.6594,0
624636093,1205.0271315881105,431.0237038436651,1184.8164,390.3702,0
624636143,1220.5492922662233,408.06527492929513,1248.7136,375.4595,0
624636159,1207.2057092526222,391.3971282219414,1164.1809,355.8586,0
624636176,1205.6766677752814,375.7596645875992,1196.3575,329.6952,0
624636193,1213.5074894853851,366.8441692452417,1248.6432,339.3016,1
624636209,1212.8348620520949,361.3809257435778,1205.373,345.9247,1
624636226,1221.7506373334966,354.45532562256955,1277.5635,325.707,1
624636243,1225.634144313069,356.2208732809153,1250.8138,385.5224,1
624636259,1229.6871803609765,352.5107002036149,1258.2252,338.8072,1
624636276,1233.418088372715,352.01139342754095,1261.8026,364.3147,1
624636293,1237.4897393382432,357.5298285052878,1272.092,426.3899,1
624636309,1239.505767849949,360.6838534146394,1254.0355,407.279,1
624636326,1231.0328692762423,361.53663672550374,1128.5808,383.8134,1
624636342,1223.3093436241602,363.9517506830889,1128.2303,403.9898,1
624636359,1220.183387744297,356.8767201776943,1179.3269,284.2066,1
624636376,1218.201893049133,353.26892476745195,1192.417,323.3006,1
624636392,1217.948187280172,348.95946324009134,1215.0118,309.9328,1
624636409,1205.5882531601044,351.5904482365462,1036.3884,404.7019,1
624636426,924.7345155075833,357.1563545629319,920.7993,369.5211,0
624636442,874.7407174876239,396.5919612756536,871.1644,407.5738,0
624636459,834.1386099198887,384.00252717013376,789.4579,383.1121,0
624636476,801.5052766212093,341.7248921014342,730.9716,273.0734,0
624636492,810.7692363672687,345.3504844174486,834.7009,369.0261,0
624636509,827.2758000141384,352.48164698184326,888.7343,392.5693,0
624636525,840.2923828194334,353.83100713022225,899.2018,372.8135,1
624636542,845.0578972696503,368.2553710706078,868.3533,460.8176,1
624636559,839.7142653189599,373.46599565993455,798.6445,417.3116,1
624636575,839.4323135258817,376.04596135476896,832.5233,404.4214,1
624636592,840.18317849533,380.6316326145631,842.0778,426.7026,1
624636609,844.8091712032267,391.9569074220219,883.5787,499.6573,1
624636625,855.0173779599806,728.2606447355573,855.7966,728.3099,0
624636875,874.6067330006587,385.0569692165227,870.8762,396.4176,0
624636891,867.3146464475927,384.6381106876597,856.2509,395.5831,0
624636908,875.2489752562492,393.83488155241145,887.7387,422.6139,0
624636925,869.1019031361922,406.1735237290003,847.752,452.0437,0
624636941,854.1028513630104,430.7257101460929,793.231,533.1534,0
624636958,890.5076590556448,499.7419723975887,888.359,507.3619,0
624636975,925.6378110030238,450.15965353746174,922.9454,459.47,0
624636991,910.5221476246035,462.73944511615696,892.9869,483.7193,0
624637008,879.1684300402856,463.2291626557979,814.0671,472.8003,0
624637025,869.923358516859,465.008331150422,840.3627,478.7203,0
624637041,871.6377618360765,472.01300924112576,876.9872,506.9944,0
