timstamp,smoothx,smoothy,rawx,rawy,fixation
619368581,918.9810336090037,509.2539789798526,892.2473,434.5036,1
619368598,917.9639228141369,506.6992685672595,905.0448,464.7882,1
619368615,916.3310517778945,503.7763660840724,893.4636,458.4554,1
619368631,914.8308051881183,499.8511871353052,897.4788,435.7095,1
619368647,913.3814044944489,495.5245260662869,899.0043,427.7439,1
619368664,911.3819231392733,491.6069197745195,888.9028,432.6786,1
619368681,910.0590587118647,489.45718341410986,898.4674,461.0087,1
619368697,908.4622400916027,486.5748794801605,893.2651,443.2018,1
619368714,906.4617369682494,483.6780220254873,883.6246,440.0472,1
619368731,904.5792775491494,481.2787062751109,884.9935,445.1991,1
619368747,902.2104430761517,478.7035960746354,878.2684,439.2272,1
619368764,900.5823358641508,476.3046376138068,891.415,440.444,1
619368781,899.7284980756659,474.2037359223447,901.3757,443.5,1
619368797,899.0994537695722,472.0760983814339,903.1873,439.3033,1
619368814,898.2359237607811,470.57677881483806,895.8724,447.4044,1
619368830,896.9747121515567,469.5666341751474,890.1401,453.5772,1
619368847,895.8778365985407,468.53179147978096,891.7239,453.494,1
619368864,895.3217501874849,467.3079358836454,897.6475,448.6929,1
619368880,894.977830901642,466.6671030087123,901.1332,453.8959,1
619368897,894.8664746229516,465.7005947526332,906.4277,445.438,1
619368914,893.8376394528348,464.9124722431672,888.6125,444.6101,1
619368930,893.2288397932251,463.9867715140186,893.8422,440.9929,1
619368947,891.8130718281933,462.6504234950378,879.3444,432.8745,1
619368964,890.8029254665662,461.44408097041617,884.8744,434.8074,1
619368980,890.4488572426081,461.1208397680199,895.4177,447.3659,1
619368997,890.388018030092,460.5421672712736,899.8085,443.3333,1
619369014,890.420891709562,460.5089213682907,895.261,448.1624,1
619369030,890.8461201655391,460.87530524818555,900.4474,451.7058,1
619369047,890.2699113093996,460.5147712534659,884.2708,437.3788,1
619369063,890.8019742032457,460.657695477388,902.9468,445.9122,1
619369080,891.1949690561738,460.36912460109124,900.3032,438.7367,1
619369097,891.3150853550624,460.1144057698945,896.9722,442.2622,1
619369113,891.0729142717796,460.3644742964801,889.3777,450.1318,1
619369130,882.1798821690353,460.06746516141925,741.6655,429.3177,1
619369147,870.7823822676323,460.32903551231664,698.3698,436.4122,1
619369163,860.7181333066247,460.3182230364883,719.007,433.3658,1
619369180,850.4220134124541,459.64654316644646,714.1165,423.9255,1
619369197,841.4913369150239,460.4259775013787,733.6157,449.4255,1
619369213,831.6628747054671,459.9651709680684,713.8232,425.3553,1
619369230,821.3811584192281,459.37753583591626,701.927,422.8933,1
619369246,811.672653958074,459.57842876665035,705.8184,436.8368,1
619369263,802.8349836708785,460.1270142332959,716.3317,443.7795,1
619369281,793.8201772188347,460.7872075716655,707.8399,445.5737,1
619369297,785.7974917885259,460.4510495452719,718.2315,427.524,1
619369314,779.1485929176641,460.31529134830697,733.5869,432.9829,1
619369331,771.0495264633913,460.81791383081827,700.4777,443.3713,1
619369347,761.0206356514383,456.86513496829497,661.0366,359.6327,1
619369364,752.7081596057128,451.3755367015699,683.5514,332.0416,1
619369381,743.3128075866823,445.4962193230284,657.2303,323.3515,1
619369397,734.4462038415967,440.0790634173113,658.33,329.786,1
619369414,726.1682006372096,435.71921931092396,657.7751,347.5426,1
619369431,720.0595969348636,431.79998131841984,687.0245,354.866,1
619369447,714.675234472345,427.76801879206533,689.6331,349.9789,1
619369464,709.0402446571098,423.39514381083615,678.0437,340.8229,1
619369480,702.1421130625275,419.1699621604453,649.6323,340.3635,1
619369497,698.0061305387412,415.182941498903,689.6511,343.2905,1
619369514,693.9067612565273,411.9089949420242,682.1417,353.0179,1
619369530,689.3225112186618,408.9101222795873,667.2545,353.9194,1
619369547,685.2782359293396,405.24755327597137,668.316,336.7738,1
619369564,660.5450385251983,375.19508965393624,668.659,342.3026,0
619369580,676.9072150813836,372.2604312725129,684.7952,340.1319,0
619369597,680.887322584482,370.0608210053396,692.6768,335.9695,0
619369613,675.002246712182,366.6796958508022,671.5674,326.5128,0
619369630,667.6027614061045,361.8232135604685,654.4762,312.4725,0
619369647,665.5973947231371,359.30860887119013,666.5264,315.4096,0
619369663,662.6136345045661,343.9624046623099,658.2631,231.1292,1
619369680,658.0123662034106,331.8856095017933,642.1552,223.8457,1
619369730,656.0904558699132,333.10998596879836,653.1329,308.59,1
619369746,653.6526778337451,335.0997373570062,645.4067,317.0777,1
619369763,651.2544798977735,337.0200774862582,641.721,319.5074,1
619369780,649.4220939719496,337.6450661828875,643.6862,308.9539,1
619369796,647.0658181493375,335.59157953368174,635.6859,278.9665,1
619369813,646.0831891670736,336.58342006788297,647.3884,313.2335,1
619369830,648.6939137323357,336.2710762191754,689.1393,300.1689,1
619369846,967.2322584789313,377.1117507076045,970.319,361.2214,0
619369863,1215.647115996864,396.5005964573485,1214.4138,395.2225,0
619369880,1210.4169807488106,391.8079663170969,1204.2676,384.8314,0
619369896,1214.3228181700674,391.4449916222047,1220.8523,389.5544,0
619369913,1213.3957951747052,390.04938531457867,1209.6106,383.8878,0
619369929,1216.150331917943,389.1162679784643,1225.6912,384.3517,0
619369946,1237.7251987055165,372.9859691465984,1236.4589,371.8171,0
619369963,1230.4545351516579,388.40233166243155,1229.0924,387.5591,0
619369979,1230.9166584934073,381.29682825222017,1230.1978,372.7481,0
619369996,1233.832867019712,382.72491319695047,1238.1533,385.1294,0
619370013,1231.801237893429,387.4131877359152,1224.2668,400.831,0
619370029,1230.0716017832788,389.30194930992127,1221.9402,395.7357,0
619370046,1227.6614450462553,389.90894625699264,1214.8545,391.2054,1
619370063,1228.89326086443,388.0918582875438,1234.9785,376.3002,1
619370079,1228.258117306203,386.9565872238655,1223.0369,377.7188,1
619370096,1227.5739755924878,387.7341661913072,1221.3474,392.6381,1
619370112,1229.7100127686278,387.02289935723985,1246.2573,380.8366,1
619370129,1231.0644161750004,384.96051233065606,1241.9918,365.1368,1
619370146,1228.8536725265096,385.4425043753973,1205.6606,388.7423,1
619370162,1229.6765435507193,385.67650024812104,1237.0211,388.1931,1
619370179,1228.6162828232316,386.28966835689494,1215.4684,392.121,1
619370196,1229.0964798228251,387.91966737503986,1233.342,407.5142,1
619370212,1228.5628172323343,387.70673100974705,1220.887,383.0179,1
619370229,1229.0407439238907,390.3051155758663,1233.5679,424.3504,1
619370246,1228.617784393836,391.52303878530256,1221.5415,405.6588,1
619370262,1229.1057436073902,392.2135857861822,1234.4862,399.4926,1
619370279,1228.3922773640957,395.66286556187663,1216.3406,443.114,1
619370296,1228.13848580382,400.4553906231331,1222.4949,468.2766,1
619370312,1227.4421606103492,404.4915650579089,1215.5035,459.1376,1
619370329,1227.3622285099923,407.37306862037326,1225.0469,443.3632,1
619370345,1227.2415821946022,410.3803876708661,1224.1921,448.0038,1
619370362,1226.2465722052568,413.97685582228286,1209.5697,460.0489,1
619370379,1225.8333573671118,416.7182414666874,1218.843,448.364,1
619370395,1224.7163140655798,419.326416827904,1206.741,447.8737,1
619370412,1224.930651373236,421.5155256470562,1228.7427,444.1223,1
619370429,1224.144616754168,423.2040889966458,1211.6084,436.5378,1
619370445,1223.5397234087318,424.6832334169496,1214.2959,435.1995,1
619370462,1222.546217831879,427.106128657398,1207.7407,450.3725,1
619370478,1221.894495980925,428.9113857963676,1213.3865,440.4953,1
619370495,1221.555784541655,432.2416112641649,1218.6307,472.6486,1
619370512,1219.5887274012775,434.86026550010104,1188.8115,462.2736,1
619370528,1219.0030766640032,436.5500227142479,1211.9669,448.5643,1
619370545,1218.1766447574864,439.0627702238863,1206.3452,465.4048,1
619370562,1216.710159113704,441.04931239686823,1197.0181,456.2352,1
619370578,1216.3971277941953,443.2909275647875,1214.645,464.8809,1
619370595,1216.5828770981263,445.2914985437202,1222.3647,465.1077,1
619370612,1215.8001104614664,446.81572673900695,1207.7118,456.6605,1
619370628,1215.6583736069906,448.4174538140859,1217.2429,459.5804,1
619370645,1215.358105147019,443.5295755244633,1211.564,345.9319,1
619370662,1214.815544751418,436.8266027763656,1210.719,314.322,1
619370678,1214.0560262392194,429.88484758495866,1204.1287,311.2036,1
619370696,1213.201318032962,423.3934178195938,1203.7783,321.0424,1
619370712,1212.293690145305,418.1491289518038,1200.6122,340.4305,1
619370729,1212.0355208276355,409.968705573269,1213.233,290.4582,1
619370746,1211.9481945842037,403.2737516934014,1213.902,313.3505,1
619370762,1211.7358927335745,396.41787369890585,1212.646,306.7567,1
619370779,1211.7675395060921,391.1563043588081,1214.0347,337.0385,1
619370796,1212.4808172275375,384.77415978785217,1226.3462,315.1911,1
619370812,1212.0171683259418,379.22352627127793,1204.9927,323.0403,1
619370829,1211.5933532688325,373.5710939177073,1206.5371,314.225,1
619370845,1211.9085156240128,367.4676669663502,1218.9775,301.7826,1
619370862,1211.830076848456,362.631040721509,1210.239,320.0546,1
619370879,1211.8606310184591,358.34925480882947,1212.9685,323.1212,1
619370895,1211.766414737335,353.2451067909271,1209.7405,302.1249,1
619370912,1212.6024536485038,348.1544265140937,1228.0281,297.0753,1
619370929,1212.6394204081819,343.7869266546651,1212.2734,302.9804,1
619370945,1212.0109475947722,339.6862463587485,1201.2329,301.4541,1
619370962,1210.5226441264301,341.7833795310055,1184.4309,409.7655,1
619371078,114.63425222137492,270.96533148057847,133.0988,203.0571,0
619371095,169.32420571126394,215.84866362007628,187.6635,148.3586,0
619371112,158.04768907874907,250.5485000685669,164.5425,219.6943,0
619371128,11.318574243386074,252.5201349512944,-255.1119,165.8881,0
619371145,43.02862433272204,256.5912610936117,157.4033,201.7921,0
619371162,167.33325430718236,280.266083030741,664.667,339.6342,0
619371178,669.5989915034414,362.6704065558207,677.7395,329.6869,0
619371195,629.5234998334014,369.97953315192956,638.2158,335.1306,0
619371211,640.7178108892498,371.6181139407821,660.1658,339.7909,0
619371228,640.7383039964568,373.77245079750145,649.12,344.1942,0
619371245,638.9326095033092,368.26040380678853,642.4021,316.3973,0
619371261,642.5946761042702,367.37995962975486,665.2936,330.4343,0
619371278,644.4883296645118,362.91993616013656,662.2158,306.5246,1
619371295,645.5434685826651,364.6554576338075,659.5901,341.7611,1
619371311,646.1875168458132,362.69570495951547,658.7039,315.2831,1
619371328,645.3640756556736,363.80923226958595,647.2147,338.4909,1
619371345,646.5597431931899,362.6926242860294,664.678,319.5848,1
619371361,646.0930785552605,365.2701786460864,649.5491,355.9515,1
619371378,645.9640529083949,382.3543242488294,650.2562,524.6166,1
619371395,655.0188068877146,591.8855843305008,660.2095,568.9009,0
619371411,651.1957644810369,570.5926292034442,656.7449,546.3936,0
619371428,643.1829807772338,594.8955926799597,640.3257,596.3429,0
619371444,640.5536367165294,596.0553261217074,640.7916,574.4682,0
619371461,643.4506591780378,595.7379327847563,657.3181,571.6445,0
619371478,643.4944672795452,595.7015325804737,648.9843,571.9899,0
619371494,643.7937633188538,596.1341397368973,650.501,574.8887,1
619371511,646.8757666405796,596.5980245629956,669.5735,577.02,1
619371528,646.1052481690365,597.27720417195,645.9233,578.297,1
619371544,646.8235086342949,596.676698385001,657.2251,568.7556,1
619371561,646.4092958284392,596.9097556299904,647.9235,575.3535,1
619371578,646.5976252571069,596.6479111185281,653.3459,570.8203,1
619371594,646.5556005276477,595.9691196925731,651.2533,565.5763,1
619371611,648.8672054712604,596.1570906975253,677.7639,576.5375,1
619371628,650.806259398522,595.9800102091898,676.4048,572.0687,1
619371644,652.4342758902384,595.970771113054,674.8989,574.0071,1
619371661,654.700499699975,595.9400514033703,685.2373,574.2749,1
619371678,656.2154929720621,594.6450426416454,677.7805,555.4534,1
619371694,658.443094926244,594.262532429715,689.364,568.4657,1
619371711,658.9361216871237,594.628401916764,666.2756,578.3441,1
619371727,668.3097852580763,594.7308757256992,799.6672,581.8909,1
619371744,1065.5060217100133,640.0059853273298,1063.3345,641.9249,0
619371761,1283.9899451981298,624.899289443785,1278.4661,638.1542,0
619371777,1297.9952181390142,625.4613021939616,1305.9692,640.8722,0
619371794,1308.447795064091,619.589639725928,1323.1252,622.8629,0
619371811,1313.3850488282285,621.9232023377103,1321.5007,644.787,0
619371827,1314.7926961893727,622.2392829713724,1313.8562,638.6659,0
619371844,1309.2264026914675,617.7208785806561,1303.3909,632.0291,0
619371860,1329.4532294659346,631.1195272639358,1323.1016,647.1746,0
619371877,1326.9544337592915,637.4365984348534,1318.0162,660.112,0
619371894,1325.1682279110419,636.8626462315985,1315.3438,651.5293,0
619371910,1329.8914600675366,630.6726240721924,1337.6077,628.2654,0
619371927,1329.9446106335226,634.518632252347,1323.4297,666.7429,0
619371944,1350.760080455964,626.4770892257965,1444.1396,608.0856,1
619371960,1347.658013027155,621.7463080181284,1322.3,609.26,1
619371977,1340.3571683847608,598.7925061651277,1287.3423,452.2172,1
619371994,1258.2002320665536,358.53831650316846,1256.801,357.8176,0
619372010,1275.5715536234686,375.6945349049133,1273.6505,376.7403,0
619372027,1270.6533078410016,364.8611189987076,1264.2877,353.5394,0
619372044,1266.8756775902903,363.6289045618797,1257.9368,360.7072,0
619372060,1267.5181045219604,361.9355844285571,1267.9426,356.8174,0
619372077,1267.1045442081254,365.2565726723217,1263.7461,379.0323,0
619372093,1263.5091897530199,364.3050767521689,1244.8872,358.2954,1
619372110,1266.13272218523,365.7904031153712,1279.6196,375.7097,1
619372128,1267.2740670938902,365.5556301221256,1273.1884,364.3175,1
619372144,1268.5767486198597,364.7316304914012,1276.5398,358.8335,1
619372161,1267.41852319015,367.1880299216453,1255.6781,388.2825,1
619372178,1266.4402992658192,367.93057666751827,1255.8715,374.2115,1
619372194,1266.200337112299,368.83307463317834,1262.2578,377.5695,1
619372211,1265.8032957009332,369.6192182363763,1260.1422,377.413,1
619372227,1262.1173101584252,366.83738322135673,1220.8159,330.8454,1
619372244,1259.0185509145088,365.70598216314744,1223.4197,349.5341,1
619372261,1255.548183417255,362.30589519476376,1215.3542,316.0089,1
619372277,1254.4627785036573,360.644260440913,1243.7468,339.0095,1
619372294,1252.9884673788067,358.74783684690857,1236.9874,333.262,1
619372311,1251.6753644028634,357.1735418709814,1237.6404,336.2972,1
619372327,1251.1620606001495,355.53153443032517,1248.1401,334.1666,1
619372344,1248.3766273010758,348.38972381235726,1213.777,241.049,1
619372361,1245.1099039819928,343.2295589943805,1203.5232,267.825,1
619372377,1242.0954609962264,336.8589312168961,1205.2444,243.2857,1
619372394,850.2439428228869,243.58935614291258,857.095,214.955,0
619373126,966.973286911772,566.0362892321552,967.437,559.0356,0
619373143,933.1607996120212,533.5280301647398,934.6279,523.1307,0
619373159,849.75333195185,449.5735528304225,773.074,338.3452,0
619373176,754.1569579875471,363.4786900370588,576.8151,146.0283,0
619373192,707.7139112044345,316.03359183743436,584.2004,129.9761,0
619373209,694.0885839108334,302.12160670477516,653.937,210.9324,0
619373226,574.7438056203928,174.17650026229498,587.0522,127.0787,0
619373260,595.5392824696547,269.9388227799468,606.1769,228.501,0
619373292,565.7475047897241,218.48609342455333,549.0687,117.6014,0
619373359,575.9680877679043,238.8678119925648,606.9185,238.7011,0
619373392,566.108527834012,232.36727071191197,549.2584,165.6896,0
619373409,555.4467009872551,225.01921239610652,526.8834,146.9134,0
619373426,563.4120967097944,232.58547737062923,613.4691,228.8461,1
619373459,569.7733773048581,224.87384060444106,618.4127,135.2225,1
619373475,569.9332835238382,222.04771695463185,582.5081,158.008,1
619374558,1181.2882286035035,454.1028914592524,1179.8141,453.6449,0
619374574,1185.0492787537873,469.3352009919808,1183.302,469.8025,0
619374591,1187.9114387666493,464.0996223085292,1189.0713,459.167,0
619374607,1186.0850025694754,456.012959746521,1181.1442,438.9084,0
619374624,1188.0126679904045,449.39257763005037,1192.4,429.0022,0
619374641,1189.9083353916835,447.6565616662884,1195.7484,441.0026,0
619374658,1188.4500818991626,447.90993355009374,1179.812,448.8851,1
619374674,1188.8812486477914,449.3507522642046,1189.6515,458.3396,1
619374691,1180.8886061108724,451.1972689342034,1126.8766,460.7484,1
619374707,854.898699585927,438.68441995383995,858.9608,419.5015,0
619374724,721.8812164167617,451.1377491531383,727.939,425.2067,0
619374741,721.2958892400703,443.4158560464169,727.0034,408.9913,0
619374757,717.819543897028,439.90931581922763,717.403,405.5881,0
619374774,715.0083474085731,439.8834539017976,713.1906,412.6019,0
619374791,713.9825277437385,439.7113331756505,716.512,411.9784,0
619374807,712.9672053865021,436.7366187716676,714.8958,394.3257,1
619374824,710.3625955423133,435.87791639892316,702.3363,402.9067,1
619374841,708.5897934462249,433.41886889467474,704.2181,388.554,1
619374857,708.6326797817395,434.0219796118467,716.092,412.0727,1
619374874,708.6231417479679,433.5198698172243,715.7766,402.2679,1
619374891,709.2074299136581,432.6973167370722,721.6777,398.3456,1
619374907,708.3776881148841,432.8689811280593,707.298,407.4928,1
619374924,708.903096535593,433.08770012398736,721.4553,409.0508,1
619374940,709.2118127297047,433.5898120849232,719.4421,412.7988,1
619374958,709.4661461723132,433.53850531672003,719.1825,405.9729,1
619374975,709.1945114327928,431.9992296861394,712.8054,384.7023,1
619374991,703.3822722767818,428.30523355099575,637.3765,347.3942,1
619375008,699.0484653422367,424.6850335034581,652.5579,345.4251,1
619375024,694.6324695463433,420.8455981162624,647.3627,338.0732,1
619375041,689.4247440212669,417.96827737951895,631.399,348.7766,1
619375058,684.8055836723903,414.9952134386112,636.0135,344.671,1
619375074,679.1201604269085,411.82962077420245,615.5349,337.5168,1
619375091,674.4456051462806,409.89984187429263,626.8655,356.1868,1
619375108,672.7416378448323,407.0246130468042,671.1722,340.2828,1
619375124,670.7602348009415,404.055029882074,664.272,335.6325,1
619375141,668.0569651095085,400.78367534329146,649.8718,326.8319,1
619375158,665.2720073488681,399.0327673021415,645.3501,350.891,1
619375174,662.8274431694131,395.71016225254874,648.6407,320.5107,1
619375191,658.7686592351496,393.78262205476625,618.08,341.3108,1
619375208,656.657815633003,391.99019764852153,648.2635,343.0329,1
619375224,653.1684903404732,389.0468310223103,628.7262,324.9373,1
619375241,649.7489902688197,387.1739618486474,626.2238,339.7224,1
619375257,647.5252284190827,385.239364697759,642.4194,336.4635,1
619375274,643.8102845209847,383.1704279233327,613.2797,330.448,1
619375291,642.3539833212943,383.87111056401534,648.5743,380.2128,1
619375307,649.1394378043682,388.7478002954245,785.6143,459.8763,1
619375324,655.0352366533341,395.13820780766264,766.1635,485.6042,1
619375341,660.532786390598,399.97136861900054,758.3369,454.0947,1
619375357,667.6687361653414,406.1338327510732,786.4525,482.0209,1
619375374,675.2836138802887,411.13272578509196,794.6567,460.3636,1
619375391,683.0149457935983,415.77605472793937,797.9402,454.5852,1
619375407,689.6165543136585,421.31802781653965,778.2762,472.5047,1
619375424,696.4085440545351,427.3473347576188,785.202,483.8842,1
619375440,702.8423626291976,433.036426714812,781.7272,480.461,1
619375457,709.0418919016498,439.2814379397774,780.9841,492.9901,1
619375474,715.8057604474064,445.29904690330517,794.0378,491.1812,1
619375490,723.3162502195074,450.1047989173476,804.0669,470.7712,1
619375507,727.5171939335985,455.8177929202914,754.696,489.56,1
619375524,733.1877373360878,460.936649520525,785.494,485.2,1
619375540,739.5514449212324,465.91615040234376,801.8939,490.4657,1
619375557,743.7441672330433,469.96894245256897,771.7588,477.0304,1
619375574,754.9491608035673,473.57844535602607,896.3345,480.9975,1
619375590,1008.7295294359427,508.22836919056186,1009.3163,500.8058,0
619375607,977.6873868315645,504.4173533882881,978.8333,495.1034,0
619375623,985.0514302184704,491.7592460573505,993.6544,469.4389,0
619375640,992.910224100077,485.68687327205157,1009.5615,464.6193,0
619375657,991.3723600720798,486.50024268765014,987.8713,479.5235,0
619375674,991.6824204750421,488.21922966474966,993.8231,486.1718,0
619375690,990.5273100914525,490.1481186865565,985.8905,490.4149,1
